0.0,-7.1190476,-3.9809523
16.666666,-7.1884923,-3.914484
33.333332,-7.2579365,-3.8480158
50.0,-7.2452383,-3.8244047
66.666664,-7.177778,-3.829365
83.333336,-7.120635,-3.8488095
100.0,-7.104762,-3.9261904
116.666664,-7.088889,-4.0035715
133.33333,-7.104762,-3.9920635
150.0,-7.1285715,-3.9583333
166.66667,-7.149206,-3.925397
183.33333,-7.1650796,-3.8936508
200.0,-7.1809525,-3.8619049
216.66667,-7.149206,-3.7984128
233.33333,-7.1174603,-3.7349207
250.0,-7.172619,-4.617857
266.66666,-7.285714,-6.131746
283.33334,-7.383135,-7.464286
300.0,-7.417857,-8.071428
316.66666,-7.4525795,-8.678572
333.33334,-7.496825,-8.67619
350.0,-7.5434523,-8.521428
366.66666,-7.5626984,-8.415873
383.33334,-7.540873,-8.384127
400.0,-7.5190477,-8.352381
416.66666,-7.5111113,-8.368254
433.33334,-7.503175,-8.384127
450.0,-7.447619,-8.505953
466.66666,-7.360317,-8.698413
483.33334,-7.332143,-8.85873
500.0,-7.5404763,-8.890476
516.6667,-7.7488093,-8.922222
533.3333,-8.688889,-9.044444
550.0,-9.811905,-9.189285
566.6667,-10.502381,-9.2722225
583.3333,-10.544047,-9.262301
600.0,-10.585714,-9.252381
616.6667,-10.538095,-9.260318
633.3333,-10.490477,-9.268254
650.0,-10.414286,-9.213096
666.6667,-10.319048,-9.115873
683.3333,-10.2650795,-9.031746
700.0,-10.37619,-9.0
716.6667,-10.487302,-8.968254
733.3333,-10.479365,-8.933333
750.0,-10.441667,-8.897619
766.6667,-10.4317465,-8.861508
783.3333,-10.463492,-8.824801
800.0,-10.495238,-8.788095
816.6667,-10.4942465,-8.733532
833.3333,-10.493254,-8.678968
850.0,-10.501785,-8.644048
866.6667,-10.516666,-8.622222
883.3333,-10.518849,-8.610714
900.0,-10.470238,-8.640476
916.6667,-10.421627,-8.6702385
933.3333,-10.342857,-8.7
950.0,-10.256548,-8.729762
966.6667,-10.19881,-8.770635
983.3333,-10.1839285,-8.828175
1000.0,-10.169047,-8.885715
1016.6667,-10.207738,-8.820238
1033.3334,-10.2464285,-8.754762
1050.0,-10.303572,-8.654762
1066.6666,-10.373015,-8.531746
1083.3334,-10.426984,-8.430555
1100.0,-10.419047,-8.416667
1116.6666,-10.411111,-8.402778
1133.3334,-10.41746,-8.420635
1150.0,-10.427381,-8.446428
1166.6666,-10.447619,-8.457143
1183.3334,-10.483334,-8.445238
1200.0,-10.519048,-8.433333
1216.6666,-10.50119,-8.389683
1233.3334,-10.483334,-8.346032
1250.0,-10.513095,-8.339286
1266.6666,-10.574603,-8.357142
1283.3334,-10.623015,-8.3714285
1300.0,-10.619047,-8.3714285
1316.6666,-10.615079,-8.3714285
1333.3334,-10.6,-8.320635
1350.0,-10.582143,-8.257143
1366.6666,-10.531746,-8.270635
1383.3334,-10.43254,-8.399603
1400.0,-10.333333,-8.528571
1416.6666,-10.321428,-8.456151
1433.3334,-10.309524,-8.38373
1450.0,-10.339286,-8.369643
1466.6666,-10.396826,-8.394444
1483.3334,-10.432143,-8.42619
1500.0,-10.3785715,-8.485714
1516.6666,-10.325,-8.5452385
1533.3334,-10.303175,-8.534921
1550.0,-10.289286,-8.507143
1566.6666,-10.330159,-8.465079
1583.3334,-10.453175,-8.4015875
1600.0,-10.576191,-8.338096
1616.6666,-10.57123,-8.423412
1633.3334,-10.56627,-8.50873
1650.0,-10.569048,-8.583928
1666.6666,-10.576984,-8.652381
1683.3334,-11.015278,-8.602182
1700.0,-13.175,-8.077381
1716.6666,-15.3347225,-7.5525794
1733.3334,-15.865079,-7.419048
1750.0,-15.988095,-7.383333
1766.6666,-16.057142,-7.402381
1783.3334,-16.045238,-7.5035715
1800.0,-16.033333,-7.604762
1816.6666,-16.011507,-7.650397
1833.3334,-15.989682,-7.6960316
1850.0,-16.0,-7.749405
1866.6666,-16.031746,-7.8079367
1883.3334,-16.05734,-7.8555555
1900.0,-16.058332,-7.859524
1916.6666,-16.059326,-7.863492
1933.3334,-16.050795,-7.825397
1950.0,-16.03988,-7.776786
1966.6666,-16.064285,-7.740476
1983.3334,-16.141666,-7.722619
2000.0,-16.219048,-7.704762
2016.6666,-16.195238,-7.627381
2033.3334,-16.171429,-7.55
2050.0,-16.161905,-7.517857
2066.6667,-16.161905,-7.515873
2083.3333,-16.16131,-7.525397
2100.0,-16.158333,-7.580952
2116.6667,-16.155357,-7.636508
2133.3333,-16.126984,-7.646032
2150.0,-16.092262,-7.6440477
2166.6667,-16.068254,-7.6603174
2183.3333,-16.060318,-7.703968
2200.0,-16.052382,-7.747619
2216.6667,-16.060318,-7.763492
2233.3333,-16.068254,-7.779365
2250.0,-16.086905,-7.7821426
2266.6667,-16.112698,-7.7761903
2283.3333,-16.137302,-7.767857
2300.0,-16.157143,-7.75
2316.6667,-16.176985,-7.732143
2333.3333,-16.194445,-7.718254
2350.0,-16.21131,-7.705357
2366.6667,-15.031349,-7.650397
2383.3333,-12.05615,-7.5323415
2400.0,-9.080953,-7.4142857
2416.6667,-9.104762,-7.404365
2433.3333,-9.1285715,-7.3944445
2450.0,-9.119643,-7.390476
2466.6667,-9.088889,-7.390476
2483.3333,-9.052381,-7.4
2500.0,-8.992857,-7.447619
2516.6667,-8.933333,-7.4952383
2533.3333,-8.919047,-7.568254
2550.0,-8.916072,-7.6476192
2566.6667,-8.911111,-7.7007937
2583.3333,-8.903174,-7.7146826
2600.0,-8.895238,-7.7285714
2616.6667,-8.899206,-7.720635
2633.3333,-8.903174,-7.7126985
2650.0,-8.9125,-7.679167
2666.6667,-8.925397,-7.6285715
2683.3333,-8.949008,-7.555357
2700.0,-9.015476,-7.391667
2716.6667,-9.081944,-7.2279763
2733.3333,-9.126985,-7.163492
2750.0,-9.166667,-7.1238093
2766.6667,-9.220634,-7.088095
2783.3333,-9.296032,-7.0583334
2800.0,-9.3714285,-7.0285716
2816.6667,-9.347619,-7.0474205
2833.3333,-9.32381,-7.06627
2850.0,-9.270833,-7.1
2866.6667,-9.198413,-7.143651
2883.3333,-9.130357,-7.177976
2900.0,-9.0797615,-7.175
2916.6667,-9.029166,-7.172024
2933.3333,-8.966666,-7.106349
2950.0,-8.901191,-7.025
2966.6667,-8.856349,-6.9658732
2983.3333,-8.842461,-6.940079
3000.0,-8.828571,-6.9142857
3016.6667,-8.840476,-6.8765874
3033.3333,-8.852381,-6.838889
3050.0,-8.854167,-6.795238
3066.6667,-8.849206,-6.747619
3083.3333,-8.838294,-6.6980157
3100.0,-8.803572,-6.640476
3116.6667,-8.768849,-6.5829363
3133.3333,-8.739682,-6.5079365
3150.0,-8.711905,-6.428571
3166.6667,-8.699206,-6.3468256
3183.3333,-8.709127,-6.261508
3200.0,-8.719048,-6.1761904
3216.6667,-8.722024,-6.0492063
3233.3333,-8.725,-5.922222
3250.0,-8.725595,-5.8154764
3266.6667,-8.724603,-5.7222223
3283.3333,-8.724802,-5.6234126
3300.0,-8.729762,-5.502381
3316.6667,-8.734722,-5.381349
3333.3333,-8.646031,-5.3650794
3350.0,-8.533929,-5.375
3366.6667,-8.465079,-5.393651
3383.3333,-8.461111,-5.425397
3400.0,-8.457143,-5.457143
3416.6667,-8.469048,-5.4650793
3433.3333,-8.480952,-5.473016
3450.0,-8.492857,-5.4619045
3466.6667,-8.504762,-5.438095
3483.3333,-8.519048,-5.404762
3500.0,-8.542857,-5.3333335
3516.6667,-8.566667,-5.2619047
3533.3333,-8.576191,-5.242857
3550.0,-8.582143,-5.2369046
3566.6667,-8.596429,-5.231746
3583.3333,-8.623215,-5.227778
3600.0,-8.65,-5.2238097
3616.6667,-8.656944,-5.277381
3633.3333,-8.663889,-5.330952
3650.0,-8.670834,-5.367857
3666.6667,-8.677778,-5.393651
3683.3333,-8.680754,-5.413889
3700.0,-8.667857,-5.411905
3716.6667,-8.654961,-5.4099207
3733.3333,-7.8444443,-3.6
3750.0,-6.8345237,-1.3380952
3766.6667,-6.286508,0.103968255
3783.3333,-6.4313493,0.31626984
3800.0,-6.5761905,0.5285714
3816.6667,-6.554365,0.5424603
3833.3333,-6.53254,0.5563492
3850.0,-6.4934525,0.5607143
3866.6667,-6.4428573,0.5587302
3883.3333,-6.3994045,0.56031746
3900.0,-6.384524,0.5761905
3916.6667,-6.3696427,0.5920635
3933.3333,-6.3714285,0.6238095
3950.0,-6.377381,0.6595238
3966.6667,-6.3809524,0.68650794
3983.3333,-6.3809524,0.70039684
4000.0,-6.3809524,0.71428573
4016.6667,-6.3531747,0.74603176
4033.3333,-6.325397,0.7777778
4050.0,-6.304762,0.7803571
4066.6667,-6.288889,0.76349205
4083.3333,-6.2704363,0.7448413
4100.0,-6.241667,0.7190476
4116.6665,-6.212897,0.693254
4133.3335,-6.188889,0.68015873
4150.0,-6.1660714,0.6702381
4166.6665,-6.172222,0.6718254
4183.3335,-6.2218256,0.6906746
4200.0,-6.2714286,0.7095238
4216.6665,-6.2892857,0.6996032
4233.3335,-6.3071427,0.68968254
4250.0,-6.3065476,0.68214285
4266.6665,-6.2936506,0.6761905
4283.3335,-6.2795634,0.67142856
4300.0,-6.260714,0.67142856
4316.6665,-6.241865,0.67142856
4333.3335,-6.2777777,0.7015873
4350.0,-6.327381,0.7392857
4366.6665,-6.3515873,0.76349205
4383.3335,-6.3376985,0.76746035
4400.0,-6.3238096,0.7714286
4416.6665,-6.331746,0.80714285
4433.3335,-6.3396826,0.8428571
4450.0,-6.3178573,0.825
4466.6665,-6.2761903,0.7714286
4483.3335,-6.234524,0.72380954
4500.0,-6.1928573,0.7
4516.6665,-6.1511903,0.6761905
4533.3335,-6.1079364,0.6793651
4550.0,-6.0642858,0.6892857
4566.6665,-4.6666665,0.7888889
4583.3335,-1.2380953,1.0230159
4600.0,2.1904762,1.2571429
4616.6665,2.172619,1.3246032
4633.3335,2.1547618,1.3920635
4650.0,2.1607144,1.4571428
4666.6665,2.1825397,1.5206349
4683.3335,2.1998017,1.5793651
4700.0,2.1988096,1.6190476
4716.6665,2.1978176,1.6587301
4733.3335,2.2285714,1.6444445
4750.0,2.267262,1.6166667
4766.6665,2.284127,1.6087302
4783.3335,2.268254,1.6305555
4800.0,2.2523808,1.652381
4816.6665,2.2940476,1.6702381
4833.3335,2.3357143,1.6880952
4850.0,2.352381,1.6821429
4866.6665,2.352381,1.6603174
4883.3335,2.3646824,1.6404762
4900.0,2.4261904,1.6285714
4916.6665,2.4876983,1.6166667
4933.3335,2.479365,1.652381
4950.0,2.4535713,1.7
4966.6665,2.4261904,1.7452381
4983.3335,2.3964286,1.7869048
5000.0,2.3666666,1.8285714
5016.6665,2.3478174,1.838492
5033.3335,2.3289683,1.8484128
5050.0,0.4375,0.7095238
5066.6665,-2.702381,-1.1952381
5083.3335,-5.2559524,-2.7412698
5100.0,-5.464286,-2.852381
5116.6665,-5.672619,-2.9634922
5133.3335,-5.7063494,-2.9920635
5150.0,-5.696429,-3.0
5166.6665,-5.697619,-3.0253968
5183.3335,-5.715476,-3.0769842
5200.0,-5.733333,-3.1285715
5216.6665,-5.7075396,-3.1861112
5233.3335,-5.681746,-3.2436507
5250.0,-5.6565475,-3.329762
5266.6665,-5.631746,-3.4349205
5283.3335,-5.599405,-3.5289683
5300.0,-5.536905,-3.5785713
5316.6665,-5.474405,-3.6281745
5333.3335,-5.447619,-3.6484127
5350.0,-5.429762,-3.6613095
5366.6665,-5.4031744,-3.663889
5383.3335,-5.363492,-3.6509922
5400.0,-5.3238096,-3.6380951
5416.6665,-5.2900796,-3.6103175
5433.3335,-5.256349,-3.5825398
5450.0,-5.2357144,-3.577381
5466.6665,-5.2238097,-3.5873015
5483.3335,-5.2198415,-3.584524
5500.0,-5.247619,-3.5309525
5516.6665,-5.275397,-3.477381
5533.3335,-5.288889,-3.4333334
5550.0,-5.2988095,-3.3916667
5566.6665,-5.259127,-3.3785715
5583.3335,-5.1450396,-3.4083333
5600.0,-5.0309525,-3.4380953
5616.6665,-4.960516,-3.4440477
5633.3335,-4.8900795,-3.45
5650.0,-4.865476,-3.4464285
5666.6665,-4.8714285,-3.436508
5683.3335,-4.8797617,-3.4146826
5700.0,-4.8976192,-3.3452382
5716.6665,-4.9154763,-3.2757936
5733.3335,-4.906349,-3.273016
5750.0,-4.890476,-3.2869048
5766.6665,-4.891667,-3.2876985
5783.3335,-4.9184523,-3.2688491
5800.0,-4.945238,-3.25
5816.6665,-4.9650793,-3.2450397
5833.3335,-4.9849205,-3.2400794
5850.0,-4.981548,-3.245238
5866.6665,-4.9626985,-3.2571428
5883.3335,-4.950397,-3.2674603
5900.0,-4.964286,-3.2714286
5916.6665,-4.9781747,-3.2753968
5933.3335,-5.0126987,-3.279365
5950.0,-5.052381,-3.2833333
5966.6665,-5.0785713,-3.2849207
5983.3335,-5.0845237,-3.2829366
6000.0,-5.090476,-3.2809525
6016.6665,-5.11627,-3.2323413
6033.3335,-5.1420636,-3.1837301
6050.0,-5.1845236,-3.147024
6066.6665,-5.2380953,-3.118254
6083.3335,-5.286508,-3.0928571
6100.0,-5.3142858,-3.0809524
6116.6665,-5.3420634,-3.0690477
6133.3335,-5.3690476,-3.0698414
6150.0,-5.3958335,-3.0738096
6166.6665,-5.410714,-3.088889
6183.3335,-5.407738,-3.120635
6200.0,-5.404762,-3.152381
6216.6665,-5.406746,-3.1742063
6233.3335,-5.40873,-3.1960318
6250.0,-6.016667,-3.7964287
6266.6665,-7.0285716,-4.78254
6283.3335,-7.836111,-5.5757937
6300.0,-7.8261905,-5.597619
6316.6665,-7.81627,-5.6194444
6333.3335,-7.8142858,-5.649206
6350.0,-7.8142858,-5.6809525
6366.6665,-7.8134923,-5.7150793
6383.3335,-7.8115077,-5.7527776
6400.0,-7.8095236,-5.7904763
6416.6665,-7.797619,-5.8579364
6433.3335,-7.785714,-5.925397
6450.0,-7.775,-5.989286
6466.6665,-7.7650795,-6.0507936
6483.3335,-7.7555556,-6.1087303
6500.0,-7.747619,-6.152381
6516.6665,-7.7396827,-6.1960316
6533.3335,-7.7380953,-6.230159
6550.0,-7.7380953,-6.2619047
6566.6665,-7.748016,-6.294048
6583.3335,-7.7728176,-6.3267856
6600.0,-7.797619,-6.359524
6616.6665,-7.7847223,-6.406151
6633.3335,-7.7718253,-6.452778
6650.0,-7.7642856,-6.5035715
6666.6665,-7.7603173,-6.5571427
6683.3335,-7.759524,-6.603968
6700.0,-7.7714286,-6.6238093
6716.6665,-7.7833333,-6.643651
6733.3335,-7.8174605,-6.7095237
6750.0,-7.857143,-6.786905
6766.6665,-7.883333,-6.8373017
6783.3335,-7.8892856,-6.8472223
6800.0,-7.895238,-6.857143
6816.6665,-7.9091268,-6.9007936
6833.3335,-7.923016,-6.9444447
6850.0,-7.9857144,-6.927381
6866.6665,-8.080953,-6.869841
6883.3335,-8.165079,-6.8242064
6900.0,-8.2047615,-6.8261905
6916.6665,-8.244445,-6.8281746
6933.3335,-8.271428,-6.866667
6950.0,-8.2952385,-6.9142857
6966.6665,-8.290476,-6.9619045
6983.3335,-8.242857,-7.009524
7000.0,-8.195238,-7.0571427
7016.6665,-8.139683,-7.264484
7033.3335,-8.084127,-7.4718256
7050.0,-8.016666,-7.589881
7066.6665,-7.94127,-7.6484127
7083.3335,-7.8861113,-7.7103176
7100.0,-7.911905,-7.785714
7116.6665,-7.9376984,-7.861111
7133.3335,-8.05873,-7.8142858
7150.0,-8.203571,-7.7369046
7166.6665,-8.821428,-7.619841
7183.3335,-10.148809,-7.443254
7200.0,-11.476191,-7.266667
7216.6665,-11.479167,-7.2369046
7233.3335,-11.482142,-7.207143
7250.0,-11.4875,-7.2095237
7266.6665,-11.494445,-7.233333
7283.3335,-11.503968,-7.2388887
7300.0,-11.523809,-7.1714287
7316.6665,-11.543651,-7.103968
7333.3335,-11.51746,-7.0285716
7350.0,-11.479762,-6.9511905
7366.6665,-11.444445,-6.8738093
7383.3335,-11.412699,-6.7964287
7400.0,-11.380953,-6.7190475
7416.6665,-11.454365,-6.6873016
7433.3335,-11.527778,-6.6555557
7450.0,-11.5452385,-6.6238093
7466.6665,-11.525397,-6.5920634
7483.3335,-11.515476,-6.559921
7500.0,-11.5452385,-6.5261903
7516.6665,-11.575,-6.4924603
7533.3335,-11.56508,-6.4619045
7550.0,-11.5452385,-6.4321427
7566.6665,-11.535317,-6.4051585
7583.3335,-11.5402775,-6.3823414
7600.0,-11.5452385,-6.359524
7616.6665,-11.55119,-6.265278
7633.3335,-11.557143,-6.171032
7650.0,-11.551785,-6.0869045
7666.6665,-11.538889,-6.009524
7683.3335,-11.526389,-5.9367065
7700.0,-11.515476,-5.882143
7716.6665,-11.504563,-5.8275795
7733.3335,-10.395238,-3.731746
7750.0,-9.01131,-1.1255952
7766.6665,-8.215476,1.3309524
7783.3335,-8.301785,3.5630953
7800.0,-8.388095,5.795238
7816.6665,-8.289881,5.731746
7833.3335,-8.191667,5.668254
7850.0,-8.219048,5.6654763
7866.6665,-8.330159,5.7031746
7883.3335,-8.425794,5.734524
7900.0,-8.459524,5.740476
7916.6665,-8.493254,5.7464285
7933.3335,-8.50635,5.7492065
7950.0,-8.514286,5.7511907
7966.6665,-8.5265875,5.744841
7983.3335,-8.545437,5.725992
8000.0,-8.564285,5.707143
8016.6665,-8.562302,5.704167
8033.3335,-8.560317,5.7011905
8050.0,-8.547024,5.702381
8066.6665,-8.526191,5.7063494
8083.3335,-8.512301,5.7063494
8100.0,-8.526191,5.6904764
8116.6665,-8.540079,5.674603
8133.3335,-8.593651,5.6507936
8150.0,-8.657143,5.625
8166.6665,-8.646826,4.6119046
8183.3335,-8.525794,2.1178572
8200.0,-8.404762,-0.37619048
8216.667,-8.420635,-1.6698413
8233.333,-8.436508,-2.9634922
8250.0,-8.475,-3.5142858
8266.667,-8.528571,-3.5698414
8283.333,-8.576588,-3.6287699
8300.0,-8.602381,-3.7011905
8316.667,-8.628175,-3.773611
8333.333,-8.642858,-3.7936509
8350.0,-8.654762,-3.8005953
8366.667,-8.674603,-3.7980158
8383.333,-8.706349,-3.7811508
8400.0,-8.738095,-3.7642858
8416.667,-8.836309,-3.8109126
8433.333,-8.934524,-3.8575397
8450.0,-8.993452,-3.8833334
8466.667,-9.026191,-3.8952382
8483.333,-9.042262,-4.1571426
8500.0,-8.991667,-5.419048
8516.667,-8.9410715,-6.6809525
8533.333,-8.9777775,-6.95873
8550.0,-9.036309,-6.990476
8566.667,-9.090476,-6.9873013
8583.333,-9.138095,-6.931746
8600.0,-9.185715,-6.8761907
8616.667,-9.25119,-6.858333
8633.333,-9.316667,-6.840476
8650.0,-9.391666,-6.7880955
8666.667,-9.473016,-6.7126985
8683.333,-9.5545635,-6.62123
8700.0,-9.636905,-6.465476
8716.667,-9.719246,-6.3097224
8733.333,-9.746825,-6.2158732
8750.0,-9.760715,-6.1375
8766.667,-9.765476,-6.0575395
8783.333,-9.756548,-5.9751983
8800.0,-9.747619,-5.892857
8816.667,-9.75754,-5.7708335
8833.333,-9.76746,-5.6488094
8850.0,-9.772619,-5.570238
8866.667,-9.774603,-5.520635
8883.333,-9.763095,-5.470238
8900.0,-9.697619,-5.4166665
8916.667,-9.632143,-5.3630953
8933.333,-9.534921,-5.301587
8950.0,-9.429762,-5.2380953
8966.667,-9.33254,-5.211111
8983.333,-9.247222,-5.2388887
9000.0,-9.161904,-5.266667
9016.667,-9.048809,-5.2309523
9033.333,-8.935715,-5.195238
9050.0,-8.836309,-5.1238093
9066.667,-8.746032,-5.0285716
9083.333,-8.669246,-4.9468255
9100.0,-8.646428,-4.919048
9116.667,-8.623611,-4.8912697
9133.333,-8.620635,-4.8984127
9150.0,-8.622619,-4.9142857
9166.667,-8.6285715,-4.9142857
9183.333,-8.640476,-4.890476
9200.0,-8.652381,-4.866667
9216.667,-8.610714,-4.779365
9233.333,-8.569048,-4.6920633
9250.0,-8.513095,-4.65
9266.667,-8.447619,-4.6380954
9283.333,-8.388095,-4.6539683
9300.0,-8.352381,-4.7809525
9316.667,-8.316667,-4.9079366
9333.333,-8.285714,-4.9507937
9350.0,-8.255953,-4.972619
9366.667,-8.253175,-4.9738097
9383.333,-8.290873,-4.9440475
9400.0,-8.328571,-4.9142857
9416.667,-8.360317,-4.906349
9433.333,-8.392063,-4.8984127
9450.0,-8.399405,-4.9136906
9466.667,-8.390476,-4.9444447
9483.333,-8.598611,-4.989881
9500.0,-9.675,-5.0940475
9516.667,-10.751389,-5.198214
9533.333,-10.966666,-5.2055554
9550.0,-10.966666,-5.1886907
9566.667,-10.9777775,-5.171032
9583.333,-11.005555,-5.1521826
9600.0,-11.033334,-5.133333
9616.667,-11.047222,-5.1353173
9633.333,-11.061111,-5.1373014
9650.0,-11.067857,-5.1190476
9666.667,-11.069841,-5.0873017
9683.333,-11.071627,-5.1005955
9700.0,-11.072619,-5.294048
9716.667,-11.073611,-5.4875
9733.333,-11.133333,-5.479365
9750.0,-11.207738,-5.420833
9766.667,-11.288889,-5.3761907
9783.333,-11.380158,-5.3523808
9800.0,-11.471429,-5.3285713
9816.667,-11.578571,-5.320635
9833.333,-11.685715,-5.3126984
9850.0,-11.7535715,-5.3142858
9866.667,-11.7952385,-5.322222
9883.333,-11.849008,-5.330952
9900.0,-11.951191,-5.3428574
9916.667,-12.053373,-5.354762
9933.333,-12.166667,-5.353968
9950.0,-12.282738,-5.35
9966.667,-12.376985,-5.34127
9983.333,-12.438492,-5.325397
10000.0,-12.5,-5.3095236
10016.667,-12.488095,-5.327381
10033.333,-12.476191,-5.345238
10050.0,-11.673809,-4.608333
10066.667,-10.344444,-3.368254
10083.333,-9.271826,-2.3472223
10100.0,-9.226191,-2.202381
10116.667,-9.180555,-2.0575397
10133.333,-9.213492,-2.079365
10150.0,-9.266071,-2.142857
10166.667,-9.301984,-2.211111
10183.333,-9.312897,-2.2865078
10200.0,-9.32381,-2.3619049
10216.667,-9.296032,-2.362897
10233.333,-9.268254,-2.363889
10250.0,-9.266666,-2.3232143
10266.667,-9.282539,-2.254762
10283.333,-9.296429,-2.197619
10300.0,-9.302381,-2.1857142
10316.667,-9.308333,-2.1738095
10333.333,-9.303175,-2.204762
10350.0,-9.2952385,-2.2464285
10366.667,-9.280952,-2.2603176
10383.333,-9.257143,-2.2325397
10400.0,-9.233334,-2.204762
10416.667,-9.256151,-2.1789682
10433.333,-9.278968,-2.1531746
10450.0,-9.302977,-2.1636906
10466.667,-9.327778,-2.1984127
10483.333,-9.337301,-2.239484
10500.0,-9.285714,-2.3059523
10516.667,-9.234127,-2.3724205
10533.333,-9.225397,-2.379365
10550.0,-9.227381,-2.3714285
10566.667,-9.226984,-2.3603175
10583.333,-9.223016,-2.3444445
10600.0,-9.219048,-2.3285713
10616.667,-9.207143,-2.3265872
10633.333,-9.195238,-2.324603
10650.0,-9.1702385,-2.2875
10666.667,-9.136508,-2.226984
10683.333,-9.105159,-2.1642857
10700.0,-9.083333,-2.0928571
10716.667,-9.061508,-2.0214286
10733.333,-9.036508,-1.9888889
10750.0,-9.010715,-1.9660715
10766.667,-8.984127,-1.9563493
10783.333,-8.956349,-1.9662699
10800.0,-8.928572,-1.9761904
10816.667,-8.9087305,-1.9583334
10833.333,-8.888889,-1.9404762
10850.0,-8.865477,-1.9369048
10866.667,-8.839683,-1.9428571
10883.333,-8.818651,-1.9535714
10900.0,-8.816667,-1.9833333
10916.667,-8.814683,-2.0130951
10933.333,-9.18254,-2.8492064
10950.0,-9.642858,-3.8869047
10966.667,-9.920635,-4.5150795
10983.333,-9.924603,-4.5289683
11000.0,-9.928572,-4.542857
11016.667,-9.9375,-4.5329366
11033.333,-9.946428,-4.523016
11050.0,-9.951786,-4.5047617
11066.667,-9.9547615,-4.4809523
11083.333,-9.963691,-4.463095
11100.0,-9.9964285,-4.4690475
11116.667,-10.029166,-4.475
11133.333,-10.0912695,-4.4531746
11150.0,-10.160714,-4.4244046
11166.667,-10.204365,-4.398016
11183.333,-10.209326,-4.3751984
11200.0,-10.214286,-4.3523808
11216.667,-10.18254,-4.461508
11233.333,-10.150794,-4.570635
11250.0,-8.363095,-5.2714286
11266.667,-5.404762,-6.366667
11283.333,-3.023016,-7.218254
11300.0,-2.947619,-7.095238
11316.667,-2.8722222,-6.9722223
11333.333,-2.892857,-6.9071426
11350.0,-2.9375,-6.856548
11366.667,-2.954365,-6.8329363
11383.333,-2.9295635,-6.8498015
11400.0,-2.9047618,-6.866667
11416.667,-2.8015873,-6.8408732
11433.333,-2.6984127,-6.815079
11450.0,-2.6547618,-6.822024
11466.667,-2.6507936,-6.850794
11483.333,-2.6420634,-6.8710318
11500.0,-2.6142857,-6.857143
11516.667,-2.586508,-6.843254
11533.333,-2.5920634,-6.831746
11550.0,-2.6059523,-6.820833
11566.667,-2.615873,-6.8285713
11583.333,-2.6198413,-6.864286
11600.0,-2.6238096,-6.9
11616.667,-2.6436508,-6.8523808
11633.333,-2.663492,-6.804762
11650.0,-2.6785715,-6.7285714
11666.667,-2.6904762,-6.633333
11683.333,-2.7,-6.5494046
11700.0,-2.7,-6.510714
11716.667,-2.7,-6.472024
11733.333,-2.7333333,-6.4396825
11750.0,-2.775,-6.4089284
11766.667,-2.8079364,-6.379365
11783.333,-2.8277779,-6.3515873
11800.0,-2.847619,-6.3238096
11816.667,-5.9091268,-5.7603173
11833.333,-8.970634,-5.1968255
11850.0,-10.222024,-4.964881
11866.667,-10.266666,-4.953968
11883.333,-10.310913,-4.958135
11900.0,-10.353572,-5.0226192
11916.667,-10.39623,-5.0871034
11933.333,-10.428572,-5.106349
11950.0,-10.458333,-5.114286
11966.667,-10.49127,-5.115873
11983.333,-10.528968,-5.1079364
12000.0,-10.566667,-5.1
12016.667,-10.578571,-5.101984
12033.333,-10.590476,-5.103968
12050.0,-10.583333,-5.097619
12066.667,-10.563492,-5.0857143
12083.333,-10.543651,-5.0730157
12100.0,-10.523809,-5.0571427
12116.667,-10.503968,-5.04127
12133.333,-10.487302,-5.020635
12150.0,-10.471429,-4.9988093
12166.667,-10.464286,-4.945238
12183.333,-10.470238,-4.8440475
12200.0,-10.476191,-4.742857
12216.667,-10.517858,-4.711111
12233.333,-10.559524,-4.679365
12250.0,-10.585714,-4.6761904
12266.667,-10.601587,-4.6920633
12283.333,-10.621032,-4.7079363
12300.0,-10.654762,-4.7238097
12316.667,-10.688492,-4.7396827
12333.333,-10.715873,-4.7555556
12350.0,-10.741667,-4.7714286
12366.667,-10.764286,-4.7785716
12383.333,-10.782143,-4.7726192
12400.0,-10.8,-4.766667
12416.667,-10.80992,-4.755754
12433.333,-10.819841,-4.744841
12450.0,-10.825595,-4.7375
12466.667,-10.828571,-4.7325397
12483.333,-10.830754,-4.730159
12500.0,-10.8297615,-4.7380953
12516.667,-10.82877,-4.7460318
12533.333,-10.806349,-4.742857
12550.0,-10.778571,-4.7369046
12566.667,-10.75873,-4.726984
12583.333,-10.750793,-4.711111
12600.0,-10.742857,-4.695238
12616.667,-10.754762,-4.6873016
12633.333,-10.766666,-4.679365
12650.0,-10.767858,-4.6755953
12666.667,-10.761905,-4.674603
12683.333,-10.75,-4.667262
12700.0,-10.714286,-4.634524
12716.667,-10.678572,-4.6017857
12733.333,-10.712698,-4.633333
12750.0,-10.764286,-4.6809525
12766.667,-10.780159,-4.7166667
12783.333,-10.74246,-4.734524
12800.0,-10.7047615,-4.752381
12816.667,-9.383333,-4.847619
12833.333,-8.061905,-4.9428573
12850.0,-5.764881,-5.1089287
12866.667,-2.8174603,-5.322222
12883.333,-0.45337301,-5.49623
12900.0,-0.42261904,-5.5130954
12916.667,-0.39186507,-5.52996
12933.333,-0.3809524,-5.542857
12950.0,-0.375,-5.554762
12966.667,-0.38650793,-5.5555553
12983.333,-0.42420635,-5.5396824
13000.0,-0.46190476,-5.5238094
13016.667,-0.42619047,-5.4940476
13033.333,-0.3904762,-5.464286
13050.0,-0.36785713,-5.425
13066.667,-0.35396826,-5.379365
13083.333,-0.34761906,-5.3357143
13100.0,-0.37142858,-5.3
13116.667,-0.3952381,-5.2642856
13133.333,-0.41269842,-5.285714
13150.0,-0.42857143,-5.321429
13166.667,-0.43888888,-5.365873
13183.333,-0.44087303,-5.423413
13200.0,-0.44285715,-5.4809523
13216.667,-0.49444443,-5.5226192
13233.333,-0.5460318,-5.5642858
13250.0,-1.647619,-6.1392856
13266.667,-3.4492064,-7.0698414
13283.333,-4.904762,-7.8218255
13300.0,-4.9761906,-7.859524
13316.667,-5.047619,-7.897222
13333.333,-5.111111,-7.9206347
13350.0,-5.172619,-7.9404764
13366.667,-5.2055554,-7.963492
13383.333,-5.195635,-7.99127
13400.0,-5.1857142,-8.019048
13416.667,-5.115278,-8.057738
13433.333,-5.0448413,-8.096429
13450.0,-4.9666667,-8.097619
13466.667,-4.883333,-8.07381
13483.333,-4.816865,-8.050992
13500.0,-4.8178573,-8.032143
13516.667,-4.818849,-8.013293
13533.333,-4.8777776,-7.9666667
13550.0,-4.9511905,-7.9130955
13566.667,-5.035714,-7.849603
13583.333,-5.1369047,-7.77123
13600.0,-5.2380953,-7.6928573
13616.667,-5.280754,-7.6214285
13633.333,-5.323413,-7.55
13650.0,-5.3529763,-7.4982142
13666.667,-5.3738093,-7.4595237
13683.333,-5.3900795,-7.438095
13700.0,-5.3880954,-7.4857144
13716.667,-5.3861113,-7.5333333
13733.333,-5.322222,-7.5857143
13750.0,-5.242857,-7.6392856
13766.667,-5.184127,-7.7325397
13783.333,-5.156349,-7.8853173
13800.0,-5.1285715,-8.038095
13816.667,-5.118651,-7.9785714
13833.333,-5.1087303,-7.919048
13850.0,-5.109524,-7.9166665
13866.667,-5.1174603,-7.952381
13883.333,-5.1242065,-7.9876986
13900.0,-5.1261907,-8.021428
13916.667,-5.128175,-8.055159
13933.333,-5.1444445,-8.020635
13950.0,-5.1642857,-7.9690475
13966.667,-5.1904764,-7.890476
13983.333,-5.2261906,-7.7714286
14000.0,-5.2619047,-7.652381
14016.667,-5.2738094,-7.5928574
14033.333,-5.285714,-7.5333333
14050.0,-5.267262,-7.5625
14066.667,-5.2285714,-7.6507936
14083.333,-5.1986113,-7.7184525
14100.0,-5.2035713,-7.7035713
14116.667,-5.208532,-7.6886907
14133.333,-5.2126985,-7.6555557
14150.0,-5.2166667,-7.617857
14166.667,-5.224603,-7.588095
14183.333,-5.238492,-7.570238
14200.0,-5.252381,-7.552381
14216.667,-5.2642856,-7.5424604
14233.333,-5.2761903,-7.53254
14250.0,-5.991071,-6.757738
14266.667,-7.174603,-5.473016
14283.333,-8.128373,-4.400992
14300.0,-8.163095,-4.179762
14316.667,-8.197818,-3.9585319
14333.333,-8.239682,-3.8714285
14350.0,-8.283334,-3.817857
14366.667,-8.316667,-3.7833333
14383.333,-8.334524,-3.777381
14400.0,-8.352381,-3.7714286
14416.667,-8.36627,-3.7515874
14433.333,-8.380158,-3.731746
14450.0,-8.411904,-3.6940477
14466.667,-8.455556,-3.6444445
14483.333,-8.495238,-3.5996032
14500.0,-8.519048,-3.5738096
14516.667,-8.542857,-3.5480158
14533.333,-8.550794,-3.5015874
14550.0,-8.554762,-3.45
14566.667,-8.614682,-3.2119048
14583.333,-8.758532,-2.6940477
14600.0,-8.902381,-2.1761904
14616.667,-9.0660715,-1.2873015
14633.333,-9.229762,-0.3984127
14650.0,-9.297619,-0.030952381
14666.667,-9.301587,-0.011111111
14683.333,-9.310317,0.0055555557
14700.0,-9.338096,0.00952381
14716.667,-9.365873,0.013492064
14733.333,-9.377778,0.007936508
14750.0,-9.385715,-1.5456386e-15
14766.667,-9.39127,-0.0023809525
14783.333,-9.393254,0.0035714286
14800.0,-9.395238,0.00952381
14816.667,-9.3922615,0.0035714286
14833.333,-9.389286,-0.0023809525
14850.0,-9.372619,1.8995222e-16
14866.667,-9.346826,0.007936508
14883.333,-9.330556,0.013095238
14900.0,-9.352381,0.007142857
14916.667,-9.374207,0.0011904762
14933.333,-9.411904,0.00952381
14950.0,-9.453571,0.021428572
14966.667,-9.495635,0.046031747
14983.333,-9.538294,0.08968254
15000.0,-9.580953,0.13333334
15016.667,-9.571032,0.1452381
15033.333,-9.561111,0.15714286
15050.0,-9.564881,0.14285715
15066.667,-9.577778,0.11111111
15083.333,-9.584326,0.07619048
15100.0,-9.565476,0.028571429
15116.667,-9.546627,-0.01904762
15133.333,-9.542857,-0.11746032
15150.0,-9.542857,-0.22857143
15166.667,-9.57381,-0.48650792
15183.333,-9.651191,-0.9646825
15200.0,-9.728572,-1.4428571
15216.667,-9.73254,-1.5182539
15233.333,-9.736508,-1.5936508
15250.0,-9.726191,-1.6654762
15266.667,-9.706349,-1.7349206
15283.333,-9.69008,-1.7952381
15300.0,-9.688095,-1.8190476
15316.667,-9.686111,-1.8428571
15333.333,-9.695238,-1.8730159
15350.0,-9.707143,-1.9047619
15366.667,-9.724603,-1.9357142
15383.333,-9.750397,-1.9654762
15400.0,-9.776191,-1.9952381
15416.667,-9.792064,-2.0170634
15433.333,-9.807937,-2.038889
15450.0,-9.814285,-2.0880952
15466.667,-9.814285,-2.1555555
15483.333,-10.2,-2.6460319
15500.0,-12.1285715,-4.8285713
15516.667,-14.057143,-7.0111113
15533.333,-14.519048,-7.5738096
15550.0,-14.614285,-7.731548
15566.667,-14.685715,-7.8083334
15583.333,-14.721429,-7.7636905
15600.0,-14.757143,-7.7190475
15616.667,-14.776984,-7.7329364
15633.333,-14.796825,-7.746825
15650.0,-14.800595,-7.740476
15666.667,-14.793651,-7.720635
15683.333,-14.789881,-7.7
15700.0,-14.798809,-7.6761904
15716.667,-14.807738,-7.652381
15733.333,-14.766666,-7.626984
15750.0,-14.713096,-7.6011906
15766.667,-14.657936,-7.616667
15783.333,-14.600397,-7.6940475
15800.0,-14.542857,-7.7714286
15816.667,-14.493254,-7.7555556
15833.333,-14.443651,-7.7396827
15850.0,-13.407143,-6.885714
15866.667,-11.712698,-5.473016
15883.333,-10.199405,-4.02996
15900.0,-9.410714,-2.4654763
15916.667,-8.622024,-0.90099204
15933.333,-8.501587,-0.46190476
15950.0,-8.548214,-0.30416667
15966.667,-8.6,-0.2
15983.333,-8.659524,-0.17619048
16000.0,-8.719048,-0.15238096
16016.667,-8.762698,0.04404762
16033.333,-8.806349,0.24047619
16050.0,-8.82381,0.32380953
16066.667,-8.82381,0.33174604
16083.333,-8.822222,0.34761906
16100.0,-8.814285,0.3952381
16116.667,-8.806349,0.44285715
16133.333,-8.780952,0.42539683
16150.0,-8.75119,0.39166668
16166.667,-8.720634,0.35396826
16183.333,-8.688889,0.31031746
16200.0,-8.657143,0.26666668
16216.667,-8.657143,0.25277779
16233.333,-8.657143,0.23888889
16250.0,-8.634523,0.18095239
16266.667,-8.596826,0.093650796
16283.333,-8.575198,0.013095238
16300.0,-8.617857,-0.04047619
16316.667,-8.660516,-0.09404762
16333.333,-8.712698,-0.11904762
16350.0,-8.7672615,-0.13690476
16366.667,-8.805555,-0.15158731
16383.333,-8.819445,-0.16150793
16400.0,-8.833333,-0.17142858
16416.666,-8.813492,-0.17936508
16433.334,-8.793651,-0.18730159
16450.0,-8.739285,-0.18095239
16466.666,-8.661904,-0.16507937
16483.334,-8.592064,-0.16190477
16500.0,-8.552381,-0.20952381
16516.666,-8.512698,-0.25714287
16533.334,-8.498413,-0.2920635
16550.0,-8.490477,-0.32380953
16566.666,-8.496825,-0.34126985
16583.334,-8.524603,-0.33730158
16600.0,-8.552381,-0.33333334
16616.666,-8.592064,-0.33333334
16633.334,-8.631746,-0.33333334
16650.0,-8.6214285,-0.3595238
16666.666,-8.577778,-0.4031746
16683.334,-8.536904,-0.4484127
16700.0,-8.507143,-0.5
16716.666,-8.477381,-0.5515873
16733.334,-8.4547615,-0.5984127
16750.0,-8.4339285,-0.6440476
16766.666,-8.419444,-0.6674603
16783.334,-8.414484,-0.65753967
16800.0,-8.409524,-0.64761907
16816.666,-8.411508,-0.5940476
16833.334,-8.413492,-0.5404762
16850.0,-8.238095,-0.8857143
16866.666,-7.9444447,-1.4968253
16883.334,-7.6813493,-2.1253967
16900.0,-7.5404763,-2.8238096
16916.666,-7.3996034,-3.5222223
16933.334,-7.331746,-3.779365
16950.0,-7.2821426,-3.9261904
16966.666,-7.25873,-4.015873
16983.334,-7.2746034,-4.019841
17000.0,-7.2904763,-4.0238094
17016.666,-7.4353175,-3.875
17033.334,-7.5801587,-3.7261906
17050.0,-7.6684523,-3.6577382
17066.666,-7.7190475,-3.642857
17083.334,-7.7434525,-3.646627
17100.0,-7.6630955,-3.725
17116.666,-7.582738,-3.803373
17133.334,-7.5396824,-3.8650794
17150.0,-7.5059524,-3.922619
17166.666,-7.496825,-3.959524
17183.334,-7.5246034,-3.9654763
17200.0,-7.552381,-3.9714286
17216.666,-7.5404763,-3.9337301
17233.334,-7.5285716,-3.8960319
17250.0,-7.5226192,-3.8595238
17266.666,-7.520635,-3.8238096
17283.334,-7.525397,-3.7865078
17300.0,-7.5571427,-3.7428572
17316.666,-7.588889,-3.6992064
17333.334,-7.6126986,-3.6825397
17350.0,-7.634524,-3.672619
17366.666,-7.661905,-3.663492
17383.334,-7.697619,-3.6555555
17400.0,-7.733333,-3.647619
17416.666,-7.729365,-3.6615078
17433.334,-7.7253966,-3.675397
17450.0,-7.7273808,-3.6916666
17466.666,-7.733333,-3.709524
17483.334,-7.723611,-3.7172618
17500.0,-7.6511903,-3.6845238
17516.666,-7.5787697,-3.6517856
17533.334,-7.595238,-3.6857142
17550.0,-7.633929,-3.7363095
17566.666,-7.6603174,-3.7380953
17583.334,-7.668254,-3.6666667
17600.0,-7.6761904,-3.5952382
17616.666,-7.7099204,-3.5119047
17633.334,-7.743651,-3.4285715
17650.0,-7.8011904,-3.322619
17666.666,-7.8746033,-3.2015872
17683.334,-7.9384923,-3.105754
17700.0,-7.964286,-3.1107142
17716.666,-7.9900794,-3.1156745
17733.334,-7.996825,-3.0944445
17750.0,-7.9988093,-3.0666666
17766.666,-7.997619,-3.038889
17783.334,-7.991667,-3.011111
17800.0,-7.9857144,-2.9833333
17816.666,-7.9658732,-2.9545634
17833.334,-7.9460316,-2.9257936
17850.0,-7.9011903,-2.9654763
17866.666,-7.8396826,-3.0507936
17883.334,-7.7880955,-3.120635
17900.0,-7.7761903,-3.1285715
17916.666,-7.7642856,-3.136508
17933.334,-7.7507935,-3.073016
17950.0,-7.7369046,-2.9916666
17966.666,-7.734127,-2.9345238
17983.334,-7.748016,-2.9136906
18000.0,-7.7619047,-2.892857
18016.666,-7.8055553,-2.9494047
18033.334,-7.8492064,-3.0059524
18050.0,-7.875,-3.0583334
18066.666,-7.888889,-3.1079366
18083.334,-7.9011903,-3.1642857
18100.0,-7.9071426,-3.2476192
18116.666,-7.9130955,-3.3309524
18133.334,-7.890476,-3.4603174
18150.0,-7.8607144,-3.6011906
18166.666,-7.8293653,-3.688492
18183.334,-7.7956347,-3.6954365
18200.0,-7.7619047,-3.702381
18216.666,-7.8075395,-3.669643
18233.334,-7.8531747,-3.6369047
18250.0,-7.892857,-3.5821428
18266.666,-7.928571,-3.5126984
18283.334,-8.052778,-3.3535714
18300.0,-8.530952,-2.8357143
18316.666,-9.009127,-2.317857
18333.334,-10.085714,-2.268254
18350.0,-11.311905,-2.3357143
18366.666,-11.863492,-2.3579366
18383.334,-11.403174,-2.3123016
18400.0,-10.942857,-2.2666667
18416.666,-10.417064,-2.5742064
18433.334,-9.89127,-2.881746
18450.0,-9.677977,-3.0809524
18466.666,-9.673016,-3.2079365
18483.334,-9.675595,-3.3079364
18500.0,-9.708333,-3.3
18516.666,-9.741072,-3.2920635
18533.334,-9.714286,-3.347619
18550.0,-9.672619,-3.4190476
18566.666,-9.642858,-3.523016
18583.334,-9.630953,-3.6757936
18600.0,-9.619047,-3.8285713
18616.666,-9.615079,-3.8920634
18633.334,-9.611111,-3.9555554
18650.0,-9.546429,-4.0684524
18666.666,-9.44127,-4.214286
18683.334,-9.355556,-4.342262
18700.0,-9.347619,-4.3988094
18716.666,-9.339683,-4.455357
18733.334,-9.3,-4.4857144
18750.0,-9.252381,-4.509524
18766.666,-9.195238,-4.538889
18783.334,-9.12381,-4.576587
18800.0,-9.052381,-4.614286
18816.666,-9.012698,-4.606349
18833.334,-8.973016,-4.5984125
18850.0,-8.978572,-4.580952
18866.666,-9.014286,-4.5571427
18883.334,-9.06131,-4.529762
18900.0,-9.153571,-4.4880953
18916.666,-9.245833,-4.446429
18933.334,-9.276191,-4.496825
18950.0,-9.291072,-4.570238
18966.666,-9.319841,-4.626984
18983.334,-9.369445,-4.65873
19000.0,-9.419047,-4.6904764
19016.666,-9.363492,-4.6845236
19033.334,-9.307937,-4.678571
19050.0,-9.272619,-4.7035713
19066.666,-9.250793,-4.7492065
19083.334,-9.232142,-4.7738094
19100.0,-9.226191,-4.714286
19116.666,-9.220238,-4.654762
19133.334,-9.222222,-4.633333
19150.0,-9.226191,-4.6214285
19166.666,-9.243254,-4.603968
19183.334,-9.279961,-4.5781746
19200.0,-9.316667,-4.552381
19216.666,-9.329563,-4.5424604
19233.334,-9.342461,-4.53254
19250.0,-9.342857,-4.5416665
19266.666,-9.334921,-4.5634923
19283.334,-9.330159,-4.584127
19300.0,-9.338096,-4.6
19316.666,-9.346032,-4.615873
19333.334,-9.385715,-4.6349206
19350.0,-9.433333,-4.654762
19366.666,-9.473809,-4.6825395
19383.334,-9.5035715,-4.7222223
19400.0,-9.533334,-4.7619047
19416.666,-9.547222,-4.7738094
19433.334,-9.561111,-4.785714
19450.0,-9.6,-4.7714286
19466.666,-9.655556,-4.7396827
19483.334,-9.692857,-4.7214284
19500.0,-9.657143,-4.757143
19516.666,-9.6214285,-4.792857
19533.334,-9.611905,-4.785714
19550.0,-9.608929,-4.767857
19566.666,-9.627778,-4.768651
19583.334,-9.679365,-4.7974205
19600.0,-9.730952,-4.8261905
19616.666,-9.688293,-4.9085317
19633.334,-9.645635,-4.990873
19650.0,-9.635715,-5.0386906
19666.666,-9.647619,-5.0634923
19683.334,-9.670635,-5.0744047
19700.0,-9.738095,-5.029762
19716.666,-9.805555,-4.985119
19733.334,-9.853969,-4.945238
19750.0,-9.897619,-4.9065475
19766.666,-9.925794,-4.8853173
19783.334,-9.930754,-4.890278
19800.0,-9.935715,-4.895238
19816.666,-10.02004,-4.8714285
19833.334,-10.104365,-4.847619
19850.0,-9.802381,-5.6
19866.666,-9.242857,-6.869841
19883.334,-8.797222,-7.888889
19900.0,-8.807143,-7.904762
19916.666,-8.817063,-7.9206347
19933.334,-8.798412,-7.885714
19950.0,-8.772619,-7.838095
19966.666,-8.75635,-7.7968254
19983.334,-8.754365,-7.7650795
20000.0,-8.752381,-7.733333
20016.666,-8.7722225,-7.7630954
20033.334,-8.792064,-7.792857
20050.0,-8.792857,-7.838095
20066.666,-8.780952,-7.893651
20083.334,-8.763095,-7.947222
20100.0,-8.721429,-7.992857
20116.666,-8.679762,-8.038492
20133.334,-8.64127,-8.069841
20150.0,-8.603572,-8.097619
20166.666,-8.570635,-8.1285715
20183.334,-8.544841,-8.164286
20200.0,-8.519048,-8.2
20216.666,-8.469444,-8.209921
20233.334,-8.419841,-8.219841
20250.0,-8.414286,-8.233334
20266.666,-8.438095,-8.249207
20283.334,-8.459127,-8.268651
20300.0,-8.469048,-8.302381
20316.666,-8.478969,-8.336111
20333.334,-8.436508,-8.385715
20350.0,-8.380953,-8.439285
20366.666,-8.328175,-8.501985
20383.334,-8.279564,-8.578373
20400.0,-8.230952,-8.654762
20416.666,-8.259722,-8.681547
20433.334,-8.288492,-8.708333
20450.0,-8.294047,-8.686905
20466.666,-8.284127,-8.633333
20483.334,-8.275397,-8.590873
20500.0,-8.271428,-8.592857
20516.666,-8.26746,-8.594841
20533.334,-8.228572,-8.736508
20550.0,-8.180952,-8.913095
20566.666,-8.128175,-9.020635
20583.334,-8.067658,-9.024603
20600.0,-8.007143,-9.028571
20616.666,-7.9982142,-9.04246
20633.334,-7.989286,-9.056349
20650.0,-8.002381,-9.070833
20666.666,-8.030159,-9.085714
20683.334,-8.044047,-9.105357
20700.0,-8.002381,-9.144048
20716.666,-7.9607143,-9.182738
20733.334,-7.890476,-9.2047615
20750.0,-7.813095,-9.222619
20766.666,-7.7444444,-9.231746
20783.334,-7.688889,-9.2277775
20800.0,-7.633333,-9.223809
20816.666,-6.145238,-9.481746
20833.334,-4.6571426,-9.739682
20850.0,-4.053571,-9.792262
20866.666,-4.0396824,-9.707936
20883.334,-4.0111113,-9.638293
20900.0,-3.9238095,-9.627381
20916.666,-3.836508,-9.616468
20933.334,-3.8095238,-9.577778
20950.0,-3.797619,-9.532143
20966.666,-3.797619,-9.532143
20983.334,-3.797619,-9.532143
