0.0,-7.4214287,-4.4738097
16.666666,-7.3926587,-4.468849
33.333332,-7.3638887,-4.463889
50.0,-7.357143,-4.4619045
66.666664,-7.3650794,-4.4619045
83.333336,-7.3734126,-4.461508
100.0,-7.383333,-4.4595237
116.666664,-7.393254,-4.4575396
133.33333,-7.4166665,-4.4666667
150.0,-7.4434524,-4.4785714
166.66667,-7.4658732,-4.5015874
183.33333,-7.481746,-4.54127
200.0,-7.497619,-4.580952
216.66667,-8.286309,-6.3329363
233.33333,-9.075,-8.084921
250.0,-9.404762,-8.791667
266.66666,-9.428572,-8.801587
283.33334,-9.439683,-8.811905
300.0,-9.4,-8.82381
316.66666,-9.360317,-8.835714
333.33334,-9.321428,-8.87381
350.0,-9.282738,-8.918452
366.66666,-9.261508,-8.968651
383.33334,-9.266468,-9.027183
400.0,-9.271428,-9.085714
416.66666,-9.273413,-9.10754
433.33334,-9.275397,-9.129365
450.0,-9.348809,-9.504762
466.66666,-9.469841,-10.115873
483.33334,-9.564485,-10.612302
500.0,-9.553572,-10.65
516.6667,-9.542659,-10.687698
533.3333,-9.533334,-10.674603
550.0,-9.524405,-10.648809
566.6667,-9.512698,-10.635715
583.3333,-9.496825,-10.641666
600.0,-9.480952,-10.647619
616.6667,-9.475,-10.665476
633.3333,-9.469048,-10.683333
650.0,-9.463096,-10.666667
666.6667,-9.457143,-10.626985
683.3333,-9.374603,-10.51627
700.0,-8.985714,-10.1214285
716.6667,-8.596826,-9.726587
733.3333,-8.4777775,-9.426984
750.0,-8.42619,-9.151191
766.6667,-8.384921,-8.98254
783.3333,-8.359127,-8.974603
800.0,-8.333333,-8.966666
816.6667,-8.347222,-8.944841
833.3333,-8.361111,-8.923016
850.0,-8.360714,-8.917857
866.6667,-8.350794,-8.923809
883.3333,-8.339286,-8.931349
900.0,-8.321428,-8.945238
916.6667,-8.303572,-8.959127
933.3333,-8.290476,-9.004762
950.0,-8.278571,-9.058333
966.6667,-8.2047615,-8.677778
983.3333,-8.038095,-7.646032
1000.0,-7.8714285,-6.614286
1016.6667,-7.881349,-6.483333
1033.3334,-7.8912697,-6.3523808
1050.0,-7.902381,-6.286905
1066.6666,-7.9142857,-6.2650795
1083.3334,-7.920238,-6.246627
1100.0,-7.902381,-6.241667
1116.6666,-7.884524,-6.2367063
1133.3334,-7.8619046,-6.21746
1150.0,-7.838095,-6.194643
1166.6666,-7.8345237,-6.165873
1183.3334,-7.8613095,-6.128175
1200.0,-7.8880954,-6.090476
1216.6666,-7.855357,-6.003175
1233.3334,-7.822619,-5.915873
1250.0,-8.688095,-6.075
1266.6666,-10.152381,-6.3984127
1283.3334,-11.3412695,-6.6603174
1300.0,-11.428572,-6.6761904
1316.6666,-11.515873,-6.6920633
1333.3334,-11.537302,-6.6650796
1350.0,-11.542262,-6.627381
1366.6666,-11.573413,-6.598016
1383.3334,-11.643849,-6.581151
1400.0,-11.714286,-6.5642858
1416.6666,-11.724206,-6.523611
1433.3334,-11.734127,-6.4829364
1450.0,-11.729762,-6.4857144
1466.6666,-11.715873,-6.5174603
1483.3334,-11.707936,-6.566865
1500.0,-11.723809,-6.686905
1516.6666,-11.739682,-6.8069444
1533.3334,-11.742857,-6.863492
1550.0,-11.742857,-6.9041667
1566.6666,-11.746825,-6.9404764
1583.3334,-11.756746,-6.970238
1600.0,-11.766666,-7.0
1616.6666,-11.768651,-7.048611
1633.3334,-11.770635,-7.0972223
1650.0,-11.7535715,-7.1613097
1666.6666,-11.723809,-7.2357144
1683.3334,-11.611707,-7.352778
1700.0,-11.1702385,-7.640476
1716.6666,-10.72877,-7.9281745
1733.3334,-10.603174,-7.957143
1750.0,-10.556547,-7.9214287
1766.6666,-10.553968,-7.9325395
1783.3334,-10.61746,-8.013889
1800.0,-10.680952,-8.095238
1816.6666,-10.685913,-8.093254
1833.3334,-10.690873,-8.0912695
1850.0,-10.700595,-8.0660715
1866.6666,-10.713492,-8.025397
1883.3334,-10.723809,-7.9831347
1900.0,-10.723809,-7.9345236
1916.6666,-10.723809,-7.885913
1933.3334,-10.717461,-7.8555555
1950.0,-10.709524,-7.829762
1966.6666,-10.723016,-7.815079
1983.3334,-10.768651,-7.8170633
2000.0,-10.814285,-7.8190475
2016.6666,-10.842064,-8.096826
2033.3334,-10.869842,-8.374603
2050.0,-10.9125,-8.7047615
2066.6667,-10.965079,-9.069841
2083.3333,-11.013293,-9.357142
2100.0,-11.044047,-9.333333
2116.6667,-11.074801,-9.309524
2133.3333,-11.08254,-9.279366
2150.0,-11.084524,-9.247619
2166.6667,-11.087301,-9.195238
2183.3333,-11.0912695,-9.111905
2200.0,-11.095238,-9.028571
2216.6667,-11.097222,-8.963096
2233.3333,-11.099206,-8.897619
2250.0,-10.816667,-8.130953
2266.6667,-10.344444,-6.8968253
2283.3333,-9.962698,-5.8964286
2300.0,-9.942857,-5.830952
2316.6667,-9.923016,-5.765476
2333.3333,-9.94127,-5.7619047
2350.0,-9.969048,-5.7738094
2366.6667,-9.974603,-5.7738094
2383.3333,-9.946825,-5.7559524
2400.0,-9.919047,-5.7380953
2416.6667,-9.911111,-5.718254
2433.3333,-9.903174,-5.698413
2450.0,-9.907143,-5.695238
2466.6667,-9.919047,-5.7031746
2483.3333,-9.928968,-5.70873
2500.0,-9.930952,-5.704762
2516.6667,-9.932937,-5.7007937
2533.3333,-9.94127,-5.6968255
2550.0,-9.951191,-5.6928573
2566.6667,-9.952381,-5.684127
2583.3333,-9.940476,-5.668254
2600.0,-9.928572,-5.652381
2616.6667,-9.904762,-5.6464286
2633.3333,-9.880953,-5.640476
2650.0,-9.867857,-5.6440477
2666.6667,-9.861905,-5.6539683
2683.3333,-9.856151,-5.6569443
2700.0,-9.851191,-5.632143
2716.6667,-9.8462305,-5.6073413
2733.3333,-9.852381,-5.5825396
2750.0,-9.861309,-5.5577383
2766.6667,-9.870635,-5.5373015
2783.3333,-9.880555,-5.5234127
2800.0,-9.890476,-5.509524
2816.6667,-9.525397,-5.6146827
2833.3333,-9.160317,-5.7198415
2850.0,-8.984524,-5.7535715
2866.6667,-8.93492,-5.7396827
2883.3333,-8.89246,-5.7281747
2900.0,-8.8785715,-5.7261906
2916.6667,-8.864682,-5.7242064
2933.3333,-8.874603,-5.7460318
2950.0,-8.890476,-5.7738094
2966.6667,-8.888095,-5.779365
2983.3333,-8.858334,-5.7515874
3000.0,-8.828571,-5.7238097
3016.6667,-8.826588,-5.7099204
3033.3333,-8.824603,-5.6960316
3050.0,-8.816667,-5.675
3066.6667,-8.804762,-5.649206
3083.3333,-8.788492,-5.6150794
3100.0,-8.754762,-5.547619
3116.6667,-8.721032,-5.480159
3133.3333,-8.7,-5.427778
3150.0,-8.682143,-5.3791666
3166.6667,-8.671825,-5.3218255
3183.3333,-8.672817,-5.251389
3200.0,-8.673809,-5.1809525
3216.6667,-8.612302,-4.6809525
3233.3333,-8.550794,-4.1809525
3250.0,-8.5172615,-3.95
3266.6667,-8.502381,-3.8984127
3283.3333,-8.490873,-3.856746
3300.0,-8.492857,-3.8547618
3316.6667,-8.494842,-3.8527777
3333.3333,-8.463492,-3.857143
3350.0,-8.423809,-3.8630953
3366.6667,-8.400794,-3.8746033
3383.3333,-8.402778,-3.8944445
3400.0,-8.404762,-3.9142857
3416.6667,-8.426587,-3.904365
3433.3333,-8.448413,-3.8944445
3450.0,-8.461905,-3.8690476
3466.6667,-8.469841,-3.8333333
3483.3333,-8.472222,-3.8055556
3500.0,-8.452381,-3.8095238
3516.6667,-8.43254,-3.813492
3533.3333,-8.423809,-3.815873
3550.0,-8.417857,-3.817857
3566.6667,-8.344444,-3.8944445
3583.3333,-8.169841,-4.0829363
3600.0,-7.9952383,-4.2714286
3616.6667,-8.005158,-4.245635
3633.3333,-8.0150795,-4.2198415
3650.0,-8.019643,-4.2101192
3666.6667,-8.020635,-4.211111
3683.3333,-8.014881,-4.210516
3700.0,-7.982143,-4.2035713
3716.6667,-7.9494047,-4.196627
3733.3333,-7.938095,-4.1809525
3750.0,-7.9321427,-4.1630955
3766.6667,-7.938095,-4.154762
3783.3333,-7.9619045,-4.160714
3800.0,-7.9857144,-4.1666665
3816.6667,-7.982738,-4.1279764
3833.3333,-7.979762,-4.089286
3850.0,-7.979762,-4.0625
3866.6667,-7.981746,-4.0436506
3883.3333,-7.9894843,-4.02996
3900.0,-8.020238,-4.036905
3916.6667,-8.050992,-4.043849
3933.3333,-8.071428,-4.05873
3950.0,-8.089286,-4.0755954
3966.6667,-8.111111,-4.068254
3983.3333,-8.138889,-4.0246034
4000.0,-8.166667,-3.9809523
4016.6667,-8.178572,-3.9412699
4033.3333,-8.190476,-3.9015872
4050.0,-8.205953,-3.8809524
4066.6667,-8.223809,-3.8730159
4083.3333,-8.244445,-3.865873
4100.0,-8.276191,-3.8619049
4116.6665,-8.307937,-3.8579366
4133.3335,-8.311111,-3.8428571
4150.0,-8.307143,-3.825
4166.6665,-8.2952385,-3.8119047
4183.3335,-8.271428,-3.8059523
4200.0,-8.247619,-3.8
4216.6665,-8.247619,-3.8099205
4233.3335,-8.247619,-3.8198414
4250.0,-8.2535715,-3.7345238
4266.6665,-8.263492,-3.5857143
4283.3335,-8.282936,-3.3420634
4300.0,-8.340476,-2.7190475
4316.6665,-8.398016,-2.0960317
4333.3335,-8.403174,-1.9730159
4350.0,-8.395238,-1.975
4366.6665,-8.387301,-2.0174603
4383.3335,-8.379365,-2.120635
4400.0,-8.3714285,-2.2238095
4416.6665,-8.411111,-2.2357142
4433.3335,-8.450793,-2.2476192
4450.0,-8.45,-2.2357142
4466.6665,-8.422222,-2.2079365
4483.3335,-8.396428,-2.186508
4500.0,-8.3785715,-2.1904762
4516.6665,-8.360714,-2.1944444
4533.3335,-8.334921,-2.209524
4550.0,-8.307143,-2.227381
4566.6665,-8.286508,-2.2380953
4583.3335,-8.2765875,-2.2380953
4600.0,-8.266666,-2.2380953
4616.6665,-8.254762,-2.2738094
4633.3335,-8.242857,-2.3095238
4650.0,-8.226191,-2.322619
4666.6665,-8.206349,-2.3206348
4683.3335,-8.26746,-2.2464285
4700.0,-8.652381,-1.8833333
4716.6665,-9.037302,-1.520238
4733.3335,-9.188095,-1.4396825
4750.0,-9.280357,-1.4297619
4766.6665,-9.3297615,-1.4388889
4783.3335,-9.314881,-1.4765873
4800.0,-9.3,-1.5142857
4816.6665,-9.268254,-1.5460317
4833.3335,-9.236508,-1.5777777
4850.0,-9.213096,-1.6559523
4866.6665,-9.195238,-1.7650794
4883.3335,-9.174603,-1.8603175
4900.0,-9.142858,-1.9
4916.6665,-9.111111,-1.9396825
4933.3335,-8.904762,-0.8666667
4950.0,-8.654762,0.4845238
4966.6665,-8.446032,0.91626984
4983.3335,-8.237302,1.3480159
5000.0,-8.028571,1.7797619
5016.6665,-7.8198414,2.211508
5033.3335,-7.611111,2.643254
5050.0,-7.402381,3.075
5066.6665,-7.580952,1.4301587
5083.3335,-7.7279763,0.104761906
5100.0,-7.7488093,0.057142857
5116.6665,-7.769643,0.00952381
5133.3335,-7.7785716,-0.13571429
5150.0,-7.784524,-0.30535713
5166.6665,-7.7781744,-0.40079364
5183.3335,-7.753373,-0.38492063
5200.0,-7.7285714,-0.3690476
5216.6665,-7.7007937,-0.37202382
5233.3335,-7.673016,-0.375
5250.0,-7.625,-0.41428572
5266.6665,-7.5634923,-0.47777778
5283.3335,-7.508333,-0.54444444
5300.0,-7.4785714,-0.6238095
5316.6665,-7.4488096,-0.7031746
5333.3335,-7.4198413,-0.73333335
5350.0,-7.3910713,-0.7511905
5366.6665,-7.3646827,-0.75476193
5383.3335,-7.341865,-0.73690474
5400.0,-7.3190475,-0.7190476
5416.6665,-7.295238,-0.6674603
5433.3335,-7.2714286,-0.61587304
5450.0,-7.2369046,-0.58214283
5466.6665,-7.195238,-0.56031746
5483.3335,-7.154762,-0.5253968
5500.0,-7.1190476,-0.43809524
5516.6665,-7.0833335,-0.35079366
5533.3335,-7.04127,-0.34285715
5550.0,-6.997619,-0.3547619
5566.6665,-6.9694443,-0.3488095
5583.3335,-6.964484,-0.31607142
5600.0,-6.9595237,-0.28333333
5616.6665,-7.6698413,-0.060119048
5633.3335,-8.380158,0.16309524
5650.0,-8.68869,0.24880952
5666.6665,-8.729365,0.24285714
5683.3335,-8.7650795,0.24047619
5700.0,-8.780952,0.25238097
5716.6665,-8.796825,0.2642857
5733.3335,-8.782539,0.2857143
5750.0,-8.760715,0.30952382
5766.6665,-8.7579365,0.30952382
5783.3335,-8.7837305,0.27380952
5800.0,-8.809524,0.23809524
5816.6665,-8.827381,0.20039682
5833.3335,-8.845238,0.16269842
5850.0,-8.854762,0.15595238
5866.6665,-8.85873,0.16984127
5883.3335,-8.86746,0.17896825
5900.0,-8.895238,0.16904762
5916.6665,-8.923016,0.15912698
5933.3335,-8.74365,0.2761905
5950.0,-8.5125,0.425
5966.6665,-8.285317,0.58809525
5983.3335,-8.064087,0.77261907
6000.0,-7.8428574,0.95714283
6016.6665,-7.8170633,0.97301584
6033.3335,-7.79127,0.98888886
6050.0,-7.760119,1.0083333
6066.6665,-7.7253966,1.0301588
6083.3335,-7.6986113,1.0484127
6100.0,-7.7035713,1.0523809
6116.6665,-7.708532,1.0563492
6133.3335,-7.7063494,1.0603175
6150.0,-7.702381,1.0642858
6166.6665,-7.7,1.0539683
6183.3335,-7.7,1.0222223
6200.0,-7.7,0.9904762
6216.6665,-7.7178574,0.98452383
6233.3335,-7.7357144,0.9785714
6250.0,-7.454762,0.89880955
6266.6665,-6.974603,0.76984125
6283.3335,-6.5738096,0.6603175
6300.0,-6.490476,0.62857145
6316.6665,-6.4071426,0.5968254
6333.3335,-6.390476,0.5746032
6350.0,-6.390476,0.5547619
6366.6665,-6.3912697,0.51666665
6383.3335,-6.393254,0.45119047
6400.0,-6.395238,0.3857143
6416.6665,-6.378373,0.36190477
6433.3335,-6.361508,0.33809525
6450.0,-6.3386903,0.33690476
6466.6665,-6.311905,0.35079366
6483.3335,-6.28373,0.3472222
6500.0,-6.25,0.27380952
6516.6665,-6.21627,0.20039682
6533.3335,-6.2126985,0.16349207
6550.0,-6.2166667,0.13571429
6566.6665,-6.2273808,0.10873016
6583.3335,-6.2482142,0.08293651
6600.0,-6.2690477,0.057142857
6616.6665,-6.273016,0.044246033
6633.3335,-6.276984,0.03134921
6650.0,-6.2744045,-0.019642858
6666.6665,-6.2674603,-0.09603175
6683.3335,-6.264484,-0.16507937
6700.0,-6.277381,-0.20476191
6716.6665,-6.290278,-0.24444444
6733.3335,-6.322222,-0.26349208
6750.0,-6.3589287,-0.27738094
6766.6665,-6.396032,-0.28333333
6783.3335,-6.43373,-0.27738094
6800.0,-6.4714284,-0.27142859
6816.6665,-6.5111113,-0.32896826
6833.3335,-6.5507936,-0.38650793
6850.0,-6.5690475,-0.42857143
6866.6665,-6.5730157,-0.46031746
6883.3335,-6.5801587,-0.48849207
6900.0,-6.6,-0.50238097
6916.6665,-6.619841,-0.51626986
6933.3335,-7.1968255,-0.37460318
6950.0,-7.9130955,-0.19404761
6966.6665,-8.371825,-0.093650796
6983.3335,-8.444246,-0.113492064
7000.0,-8.516666,-0.13333334
7016.6665,-8.548412,-0.19583334
7033.3335,-8.580159,-0.25833333
7050.0,-8.614881,-0.26607144
7066.6665,-8.6515875,-0.23730159
7083.3335,-8.682937,-0.21825397
7100.0,-8.692857,-0.23809524
7116.6665,-8.702778,-0.2579365
7133.3335,-8.7,-0.2730159
7150.0,-8.694048,-0.28690475
7166.6665,-8.696032,-0.28333333
7183.3335,-8.709921,-0.25357142
7200.0,-8.723809,-0.22380953
7216.6665,-8.735714,-0.1781746
7233.3335,-8.747619,-0.13253969
7250.0,-8.748215,-0.11547619
7266.6665,-8.74127,-0.11746032
7283.3335,-8.93869,-0.3265873
7300.0,-9.953571,-1.3642857
7316.6665,-10.968452,-2.4019842
7333.3335,-11.223809,-2.6
7350.0,-11.289286,-2.5880952
7366.6665,-11.329365,-2.563492
7383.3335,-11.331349,-2.5198412
7400.0,-11.333333,-2.4761906
7416.6665,-11.355159,-2.4642856
7433.3335,-11.376985,-2.452381
7450.0,-11.401191,-2.4488096
7466.6665,-11.426984,-2.4507937
7483.3335,-11.449603,-2.4686508
7500.0,-11.459524,-2.55
7516.6665,-11.469444,-2.6313493
7533.3335,-11.4777775,-2.7238095
7550.0,-11.485714,-2.8190477
7566.6665,-11.495238,-2.8888888
7583.3335,-11.507143,-2.920635
7600.0,-11.519048,-2.952381
7616.6665,-11.526984,-2.952381
7633.3335,-11.534921,-2.952381
7650.0,-11.540476,-2.9357142
7666.6665,-11.544444,-2.9079366
7683.3335,-11.5452385,-2.8831348
7700.0,-11.533334,-2.870238
7716.6665,-11.521428,-2.8573413
7733.3335,-11.512698,-2.8333333
7750.0,-11.504762,-2.8065476
7766.6665,-11.759523,-2.6003969
7783.3335,-12.408334,-2.1251984
7800.0,-13.057143,-1.65
7816.6665,-13.343849,-1.2105159
7833.3335,-13.630555,-0.77103174
7850.0,-13.7672615,-0.55714285
7866.6665,-13.803968,-0.4936508
7883.3335,-13.8412695,-0.44484127
7900.0,-13.880953,-0.4547619
7916.6665,-13.920635,-0.46468255
7933.3335,-13.923016,-0.4595238
7950.0,-13.916072,-0.45059523
7966.6665,-13.908334,-0.42301586
7983.3335,-13.899405,-0.3674603
8000.0,-13.890476,-0.31190476
8016.6665,-13.890476,-0.3049603
8033.3335,-13.890476,-0.29801586
8050.0,-13.896428,-0.28809524
8066.6665,-13.906349,-0.2761905
8083.3335,-13.913492,-0.26349208
8100.0,-13.909524,-0.24761905
8116.6665,-13.905556,-0.23174603
8133.3335,-12.063492,-0.73650795
8150.0,-9.761905,-1.3714286
8166.6665,-7.9238095,-1.902381
8183.3335,-6.7809525,-2.277381
8200.0,-5.6380954,-2.652381
8216.667,-5.665873,-2.683135
8233.333,-5.6936507,-2.713889
8250.0,-5.7357144,-2.7410715
8266.667,-5.7873015,-2.765873
8283.333,-5.834127,-2.7960317
8300.0,-5.8619046,-2.847619
8316.667,-5.889683,-2.8992064
8333.333,-5.9365077,-2.9571428
8350.0,-5.9880953,-3.0166667
8366.667,-6.036508,-3.0579364
8383.333,-6.0801587,-3.0718255
8400.0,-6.1238093,-3.0857143
8416.667,-6.2011905,-3.065873
8433.333,-6.2785716,-3.0460317
8450.0,-6.327381,-3.0369048
8466.667,-6.357143,-3.0349207
8483.333,-6.3849206,-3.0337303
8500.0,-6.404762,-3.0357144
8516.667,-6.424603,-3.0376985
8533.333,-6.4579363,-3.0349207
8550.0,-6.4946427,-3.0309525
8566.667,-6.53373,-3.0222223
8583.333,-6.576389,-3.0063493
8600.0,-6.6190476,-2.9904761
8616.667,-7.5654764,-3.1015873
8633.333,-8.511905,-3.2126985
8650.0,-8.931547,-3.214881
8666.667,-9.0,-3.1444445
8683.333,-9.057738,-3.057143
8700.0,-9.072619,-2.902381
8716.667,-9.0875,-2.7476192
8733.333,-8.831746,-1.9015872
8750.0,-8.508333,-0.8827381
8766.667,-8.388889,-0.42777777
8783.333,-8.575397,-0.8186508
8800.0,-8.761905,-1.2095238
8816.667,-8.871032,-1.2492063
8833.333,-8.980159,-1.2888889
8850.0,-9.025,-1.272619
8866.667,-9.026984,-1.2190477
8883.333,-8.987393,-0.96630037
8900.0,-8.947803,-0.71355313
8916.667,-8.908212,-0.46080586
8933.333,-8.86862,-0.20805861
8950.0,-8.829029,0.044688646
8966.667,-8.789438,0.2974359
8983.333,-8.749847,0.5501832
9000.0,-8.710257,0.8029304
9016.667,-8.670666,1.0556777
9033.333,-8.631075,1.308425
9050.0,-8.591483,1.5611721
9066.667,-8.551892,1.8139194
9083.333,-8.512301,2.0666666
9100.0,-8.57381,1.1619048
9116.667,-8.635318,0.25714287
9133.333,-8.634921,0.04761905
9150.0,-8.619047,0.011904762
9166.667,-8.602381,0.003968254
9183.333,-8.584524,0.037698414
9200.0,-8.566667,0.071428575
9216.667,-8.503175,0.04563492
9233.333,-8.439683,0.01984127
9250.0,-8.377381,0.048809525
9266.667,-8.315873,0.114285715
9283.333,-8.260516,0.1672619
9300.0,-8.229762,0.17023809
9316.667,-8.199008,0.17321429
9333.333,-8.188889,0.13333334
9350.0,-8.1839285,0.082738094
9366.667,-8.1817465,0.054761905
9383.333,-8.18373,0.060714286
9400.0,-8.185715,0.06666667
9416.667,-9.139088,0.11626984
9433.333,-10.092461,0.16587302
9450.0,-10.515476,0.18988095
9466.667,-10.584921,0.1968254
9483.333,-10.640675,0.20853175
9500.0,-10.641666,0.23928571
9516.667,-10.642659,0.27003968
9533.333,-10.638095,0.25873017
9550.0,-10.632143,0.23690476
9566.667,-10.63254,0.23373015
9583.333,-10.64246,0.25853175
9600.0,-10.652381,0.28333333
9616.667,-10.6702385,0.31210318
9633.333,-10.688095,0.340873
9650.0,-10.704166,0.38809523
9666.667,-10.719048,0.44761905
9683.333,-10.73254,0.5029762
9700.0,-10.740477,0.5416667
9716.667,-10.748413,0.58035713
9733.333,-10.755555,0.6047619
9750.0,-10.7625,0.6255952
9766.667,-10.768254,0.63095236
9783.333,-10.7722225,0.6130952
9800.0,-10.776191,0.5952381
9816.667,-10.790079,0.60515875
9833.333,-10.803968,0.61507934
9850.0,-10.820238,0.6130952
9866.667,-10.838096,0.6031746
9883.333,-10.864682,0.58690476
9900.0,-10.92619,0.5452381
9916.667,-10.987699,0.50357145
9933.333,-11.023809,0.4706349
9950.0,-11.053572,0.43988097
9966.667,-11.087301,0.39404762
9983.333,-11.126985,0.32559523
10000.0,-11.166667,0.25714287
10016.667,-11.170635,0.21150793
10033.333,-11.174603,0.16587302
10050.0,-11.179762,0.12619048
10066.667,-11.185715,0.09047619
10083.333,-11.186905,0.057738096
10100.0,-11.169047,0.036904763
10116.667,-11.151191,0.01607143
10133.333,-11.125397,-0.14920636
10150.0,-11.097619,-0.35059524
10166.667,-11.081746,-0.4952381
10183.333,-11.08373,-0.5547619
10200.0,-11.085714,-0.6142857
10216.667,-11.069841,-0.6857143
10233.333,-11.053968,-0.75714284
10250.0,-11.05119,-0.80714285
10266.667,-11.057143,-0.8428571
10283.333,-11.0150795,-0.99087304
10300.0,-10.780952,-1.5880952
10316.667,-10.546825,-2.1853175
10333.333,-10.466666,-2.3174603
10350.0,-10.425,-2.3333333
10366.667,-10.403174,-2.3579366
10383.333,-10.411111,-2.395635
10400.0,-10.419047,-2.4333334
10416.667,-10.409127,-2.4571428
10433.333,-10.399206,-2.4809523
10450.0,-10.382143,-2.4833333
10466.667,-10.360317,-2.4714286
10483.333,-10.341666,-2.463889
10500.0,-10.335714,-2.4738095
10516.667,-10.3297615,-2.48373
10533.333,-10.322222,-2.511111
10550.0,-10.314285,-2.5428572
10566.667,-10.30873,-2.5714285
10583.333,-10.3067465,-2.5952382
10600.0,-10.304762,-2.6190476
10616.667,-10.282936,-2.6488094
10633.333,-10.261111,-2.6785715
10650.0,-10.219048,-2.7220237
10666.667,-10.163492,-2.7746031
10683.333,-10.112699,-2.8311508
10700.0,-10.080953,-2.9035714
10716.667,-10.049207,-2.975992
10733.333,-10.019841,-2.9801588
10750.0,-9.991072,-2.9672618
10766.667,-9.982937,-2.9623015
10783.333,-10.0057535,-2.9692461
10800.0,-10.028571,-2.9761906
10816.667,-10.028571,-3.0654762
10833.333,-10.028571,-3.1547618
10850.0,-10.004762,-3.172619
10866.667,-9.965079,-3.142857
10883.333,-9.93254,-3.124008
10900.0,-9.928572,-3.1488094
10916.667,-9.924603,-3.1736112
10933.333,-9.914286,-3.1888888
10950.0,-9.902381,-3.2017858
10966.667,-9.897619,-3.2261906
10983.333,-9.903571,-3.267857
11000.0,-9.909524,-3.3095238
11016.667,-9.919444,-3.3055556
11033.333,-9.929365,-3.3015873
11050.0,-9.944048,-3.2892857
11066.667,-9.961905,-3.2714286
11083.333,-9.989087,-3.263492
11100.0,-10.053572,-3.295238
11116.667,-10.118055,-3.3269842
11133.333,-10.137301,-3.3484128
11150.0,-10.145238,-3.367262
11166.667,-10.146428,-3.3853176
11183.333,-10.1375,-3.4021826
11200.0,-10.1285715,-3.4190476
11216.667,-10.138492,-3.4031746
11233.333,-10.148413,-3.3873017
11250.0,-10.147619,-3.3630953
11266.667,-10.139683,-3.3333333
11283.333,-10.129365,-3.3170636
11300.0,-10.109524,-3.3547618
11316.667,-10.089683,-3.3924603
11333.333,-10.074603,-3.4142857
11350.0,-10.060715,-3.432143
11366.667,-10.054762,-3.4674604
11383.333,-10.060715,-3.5289683
11400.0,-10.066667,-3.5904763
11416.667,-10.034921,-3.574603
11433.333,-10.003175,-3.5587301
11450.0,-9.983929,-3.5630953
11466.667,-9.973016,-3.5809524
11483.333,-10.047024,-3.602381
11500.0,-10.460714,-3.6380951
11516.667,-10.874405,-3.6738095
11533.333,-10.979365,-3.6587303
11550.0,-11.007143,-3.6309524
11566.667,-11.026984,-3.615873
11583.333,-11.034921,-3.6198413
11600.0,-11.042857,-3.6238096
11616.667,-11.039881,-3.5980158
11633.333,-11.036904,-3.5722222
11650.0,-11.026786,-3.5392857
11666.667,-11.011905,-3.5015874
11683.333,-10.995833,-3.460119
11700.0,-10.975,-3.4035714
11716.667,-10.954166,-3.3470237
11733.333,-10.778016,-2.9326985
11750.0,-10.601865,-2.518373
11766.667,-10.4257145,-2.1040475
11783.333,-10.249563,-1.6897222
11800.0,-10.073413,-1.2753968
11816.667,-9.897262,-0.8610714
11833.333,-9.721111,-0.44674602
11850.0,-9.54496,-0.032420635
11866.667,-9.36881,0.38190475
11883.333,-9.192658,0.79623014
11900.0,-9.358334,-0.80595237
11916.667,-9.524008,-2.408135
11933.333,-9.601587,-2.9047618
11950.0,-9.657143,-3.125
11966.667,-9.7,-3.2603176
11983.333,-9.723809,-3.268254
12000.0,-9.747619,-3.2761905
12016.667,-9.759523,-3.2920635
12033.333,-9.771428,-3.3079364
12050.0,-9.778571,-3.3011904
12066.667,-9.782539,-3.279365
12083.333,-9.787302,-3.2579365
12100.0,-9.7952385,-3.2380953
12116.667,-9.803175,-3.2182539
12133.333,-9.830159,-3.211111
12150.0,-9.861905,-3.2071428
12166.667,-9.883333,-3.1904762
12183.333,-9.889286,-3.1547618
12200.0,-9.895238,-3.1190476
12216.667,-9.932937,-3.1111112
12233.333,-9.970634,-3.1031747
12250.0,-10.235714,-3.0071428
12266.667,-10.652381,-2.852381
12283.333,-10.994842,-2.7289681
12300.0,-11.040476,-2.7309523
12316.667,-11.086111,-2.7329366
12333.333,-11.126985,-2.7412698
12350.0,-11.166667,-2.7511904
12366.667,-11.194445,-2.7563493
12383.333,-11.204365,-2.754365
12400.0,-11.214286,-2.7523808
12416.667,-11.212301,-2.7464285
12433.333,-11.210318,-2.7404761
12450.0,-11.196428,-2.7297618
12466.667,-11.174603,-2.715873
12483.333,-11.156548,-2.7035713
12500.0,-11.153571,-2.697619
12516.667,-11.150596,-2.6916666
12533.333,-11.139683,-2.7
12550.0,-11.126785,-2.7119048
12566.667,-11.115873,-2.7246032
12583.333,-11.107937,-2.738492
12600.0,-11.1,-2.7523808
12616.667,-11.10496,-2.768254
12633.333,-11.1099205,-2.784127
12650.0,-11.080953,-2.820238
12666.667,-11.029366,-2.8698413
12683.333,-10.950595,-2.930754
12700.0,-10.763095,-3.0369048
12716.667,-10.575595,-3.1430554
12733.333,-10.5222225,-3.1555555
12750.0,-10.502381,-3.1446428
12766.667,-10.497619,-3.1388888
12783.333,-10.515476,-3.140873
12800.0,-10.533334,-3.142857
12816.667,-10.498611,-3.1468253
12833.333,-10.463889,-3.1507936
12850.0,-10.454166,-3.1583333
12866.667,-10.461111,-3.168254
12883.333,-10.372024,-3.2174604
12900.0,-9.898809,-3.4238095
12916.667,-9.425595,-3.6301587
12933.333,-9.309524,-3.676984
12950.0,-9.282738,-3.6839285
12966.667,-9.269048,-3.7083333
12983.333,-9.275,-3.7589285
13000.0,-9.280952,-3.8095238
13016.667,-9.276984,-3.7896826
13033.333,-9.273016,-3.7698412
13050.0,-9.269048,-3.7619047
13066.667,-9.2650795,-3.7619047
13083.333,-9.262301,-3.7666667
13100.0,-9.264286,-3.790476
13116.667,-9.26627,-3.8142858
13133.333,-9.277778,-3.8238096
13150.0,-9.291667,-3.829762
13166.667,-9.31508,-3.847619
13183.333,-9.3527775,-3.8833334
13200.0,-9.390476,-3.9190476
13216.667,-9.317063,-4.6253967
13233.333,-9.24365,-5.331746
13250.0,-9.208928,-5.6440477
13266.667,-9.2,-5.6936507
13283.333,-9.191468,-5.7373013
13300.0,-9.184524,-5.757143
13316.667,-9.177579,-5.776984
13333.333,-9.190476,-5.7904763
13350.0,-9.208333,-5.802381
13366.667,-9.215079,-5.8460317
13383.333,-9.205159,-5.9373016
13400.0,-9.195238,-6.0285716
13416.667,-9.155556,-6.034524
13433.333,-9.115873,-6.0404763
13450.0,-9.094048,-6.054762
13466.667,-9.084127,-6.074603
13483.333,-9.07996,-6.093254
13500.0,-9.098809,-6.107143
13516.667,-9.117659,-6.1210318
13533.333,-9.11746,-6.1412697
13550.0,-9.1125,-6.1630955
13566.667,-9.103174,-6.1857142
13583.333,-9.087301,-6.2095237
13600.0,-9.071428,-6.233333
13616.667,-10.085318,-6.9486113
13633.333,-11.099206,-7.663889
13650.0,-11.561905,-7.970238
13666.667,-11.657143,-8.003968
13683.333,-11.739285,-8.022421
13700.0,-11.769048,-7.979762
13716.667,-11.798809,-7.9371033
13733.333,-11.798412,-7.919048
13750.0,-11.790476,-7.9071426
13766.667,-11.784127,-7.902381
13783.333,-11.780159,-7.9083333
13800.0,-11.776191,-7.9142857
13816.667,-11.784127,-7.8944445
13833.333,-11.792064,-7.8746033
13850.0,-11.791667,-7.859524
13866.667,-11.785714,-7.847619
13883.333,-11.778174,-7.838095
13900.0,-11.764286,-7.838095
13916.667,-11.750397,-7.838095
13933.333,-11.74127,-7.826984
13950.0,-11.733334,-7.813095
13966.667,-11.723809,-7.7873015
13983.333,-11.711905,-7.743651
14000.0,-11.7,-7.7
14016.667,-11.700992,-7.652381
14033.333,-11.701984,-7.604762
14050.0,-11.320833,-7.2863097
14066.667,-10.68492,-6.7873015
14083.333,-10.080159,-6.1430554
14100.0,-9.6,-4.917857
14116.667,-9.119842,-3.6926587
14133.333,-9.025397,-3.3761904
14150.0,-9.027381,-3.2869048
14166.667,-9.009523,-3.2182539
14183.333,-8.961905,-3.1805556
14200.0,-8.914286,-3.142857
14216.667,-8.890476,-3.1150794
14233.333,-8.866667,-3.0873015
14250.0,-8.868452,-3.0863094
14266.667,-8.887301,-3.1031747
14283.333,-8.904564,-3.1109128
14300.0,-8.915476,-3.0821428
14316.667,-8.926389,-3.053373
14333.333,-8.91746,-2.995238
14350.0,-8.903571,-2.929762
14366.667,-8.961111,-2.6345239
14383.333,-9.125793,-1.9946429
14400.0,-9.290476,-1.354762
14416.667,-9.367857,-0.85575396
14433.333,-9.445238,-0.35674602
14450.0,-9.478572,-0.15238096
14466.667,-9.48254,-0.14444445
14483.333,-9.490079,-0.14007936
14500.0,-9.511905,-0.15
14516.667,-9.5337305,-0.15992063
14533.333,-9.536508,-0.15238096
14550.0,-9.534524,-0.1404762
14566.667,-9.523016,-0.115079366
14583.333,-9.497222,-0.06944445
14600.0,-9.471429,-0.023809524
14616.667,-9.486309,-0.040674604
14633.333,-9.50119,-0.057539683
14650.0,-9.497024,-0.057738096
14666.667,-9.480159,-0.046825398
14683.333,-9.4662695,-0.027380953
14700.0,-9.464286,0.026190476
14716.667,-9.462301,0.07976191
14733.333,-9.874603,0.2857143
14750.0,-10.390476,0.5297619
14766.667,-10.723809,0.70238096
14783.333,-10.783334,0.76785713
14800.0,-10.842857,0.8333333
14816.667,-10.856746,0.90376985
14833.333,-10.870635,0.9742063
14850.0,-10.881548,0.99642855
14866.667,-10.890476,0.98650795
14883.333,-10.902579,0.9767857
14900.0,-10.927381,0.9678571
14916.667,-10.952183,0.9589286
14933.333,-10.950793,0.9507936
14950.0,-10.942857,0.94285715
14966.667,-10.94127,0.9134921
14983.333,-10.949206,0.85198414
15000.0,-10.957143,0.7904762
15016.667,-10.971032,0.79940474
15033.333,-10.9849205,0.80833334
15050.0,-11.0,0.79761904
15066.667,-11.015873,0.77380955
15083.333,-11.032539,0.7537698
15100.0,-11.052381,0.7488095
15116.667,-11.072222,0.7438492
15133.333,-11.050794,0.72063494
15150.0,-11.019048,0.69285715
15166.667,-11.002381,0.6674603
15183.333,-11.008333,0.64563495
15200.0,-11.014286,0.6238095
15216.667,-11.044047,0.5642857
15233.333,-11.07381,0.50476193
15250.0,-11.086905,0.4517857
15266.667,-11.088889,0.4031746
15283.333,-11.093651,0.36527777
15300.0,-11.109524,0.3702381
15316.667,-11.125397,0.37519842
15333.333,-11.125397,0.43650794
15350.0,-11.1214285,0.5119048
15366.667,-10.9849205,0.5095238
15383.333,-10.649603,0.3904762
15400.0,-10.314285,0.27142859
15416.667,-10.254762,0.19404761
15433.333,-10.195238,0.11666667
15450.0,-10.169047,0.071428575
15466.667,-10.165079,0.04761905
15483.333,-10.161508,0.02202381
15500.0,-10.159524,-0.010714286
15516.667,-10.157539,-0.043452382
15533.333,-10.144444,-0.024603175
15550.0,-10.1285715,0.007142857
15566.667,-10.115873,0.010714286
15583.333,-10.107937,-0.02797619
15600.0,-10.1,-0.06666667
15616.667,-10.1,-0.07857143
15633.333,-10.1,-0.09047619
15650.0,-10.535714,-1.5845238
15666.667,-11.261905,-4.0666666
15683.333,-11.852381,-6.074603
15700.0,-11.9,-6.1857142
15716.667,-11.947619,-6.2968254
15733.333,-11.95873,-6.3142858
15750.0,-11.960714,-6.3083334
15766.667,-11.964286,-6.298413
15783.333,-11.970238,-6.28254
15800.0,-11.976191,-6.266667
15816.667,-11.984127,-6.2488093
15833.333,-11.9920635,-6.2309523
15850.0,-12.348809,-6.2619047
15866.667,-12.938095,-6.325397
15883.333,-13.4202385,-6.3694444
15900.0,-13.473809,-6.3357143
15916.667,-13.527381,-6.3019843
15933.333,-13.528571,-6.285714
15950.0,-13.516666,-6.2738094
15966.667,-13.511905,-6.2650795
15983.333,-13.517858,-6.2611113
16000.0,-13.523809,-6.257143
16016.667,-13.515873,-6.2194443
16033.333,-13.5079365,-6.181746
16050.0,-13.5,-6.1821427
16066.667,-13.4920635,-6.2079363
16083.333,-13.489682,-6.228968
16100.0,-13.509523,-6.2309523
16116.667,-13.529366,-6.2329364
16133.333,-13.5222225,-6.2079363
16150.0,-13.508333,-6.1761904
16166.667,-12.898413,-5.724603
16183.333,-11.394444,-4.643254
16200.0,-9.890476,-3.5619047
16216.667,-9.505555,-1.9388889
16233.333,-9.120635,-0.31587303
16250.0,-8.984524,0.32619047
16266.667,-9.014286,0.31428573
16283.333,-9.032143,0.28174603
16300.0,-9.002381,0.16666667
16316.667,-8.972619,0.051587302
16333.333,-8.98254,-0.026984127
16350.0,-9.002381,-0.09642857
16366.667,-9.018254,-0.17619048
16383.333,-9.028174,-0.27142859
16400.0,-9.038095,-0.36666667
16416.666,-9.097619,-0.43015873
16433.334,-9.157143,-0.4936508
16450.0,-9.178572,-0.5119048
16466.666,-9.174603,-0.5
16483.334,-9.171825,-0.4952381
16500.0,-9.173809,-0.5190476
16516.666,-9.175794,-0.54285717
16533.334,-9.161904,-0.5952381
16550.0,-9.144048,-0.6547619
16566.666,-9.1285715,-0.6944444
16583.334,-9.116667,-0.7043651
16600.0,-9.104762,-0.71428573
16616.666,-9.10873,-0.8174603
16633.334,-9.112699,-0.9206349
16650.0,-9.111905,-1.0047619
16666.666,-9.107937,-1.0761905
16683.334,-9.1027775,-1.1269841
16700.0,-9.092857,-1.0952381
16716.666,-9.082936,-1.0634921
16733.334,-9.077778,-1.0650793
16750.0,-9.07381,-1.075
16766.666,-9.069445,-1.0916667
16783.334,-9.064485,-1.1184524
16800.0,-9.059524,-1.145238
16816.666,-9.064485,-1.1958333
16833.334,-9.069445,-1.2464286
16850.0,-9.064285,-1.3166667
16866.666,-9.052381,-1.4
16883.334,-9.042659,-1.475
16900.0,-9.041667,-1.5166667
16916.666,-9.040674,-1.5583333
16933.334,-9.101587,-2.4746032
16950.0,-9.177977,-3.6095238
16966.666,-9.231746,-4.332143
16983.334,-9.251587,-4.4363093
17000.0,-9.271428,-4.5404763
17016.666,-9.287302,-4.632738
17033.334,-9.303175,-4.725
17050.0,-9.310715,-4.775
17066.666,-9.312698,-4.7968254
17083.334,-9.310317,-4.8170633
17100.0,-9.290476,-4.830952
17116.666,-9.270635,-4.8448415
17133.334,-9.2952385,-4.895238
17150.0,-9.330953,-4.954762
17166.666,-9.351587,-4.968254
17183.334,-9.349603,-4.9126983
17200.0,-9.347619,-4.857143
17216.666,-9.236508,-3.616111
17233.334,-9.125397,-2.3750794
17250.0,-9.014286,-1.1340476
17266.666,-8.903174,0.10698412
17283.334,-8.792064,1.3480159
17300.0,-9.014286,-0.60238093
17316.666,-9.236508,-2.5527778
17333.334,-9.349206,-3.1873016
17350.0,-9.434524,-3.4928572
17366.666,-9.4920635,-3.6809523
17383.334,-9.5079365,-3.692857
17400.0,-9.523809,-3.704762
17416.666,-9.549603,-3.6234126
17433.334,-9.575397,-3.5420635
17450.0,-9.580358,-3.4904761
17466.666,-9.571428,-3.4587302
17483.334,-9.567262,-3.434127
17500.0,-9.582143,-3.4380953
17516.666,-9.597024,-3.4420636
17533.334,-9.638889,-3.4126985
17550.0,-9.6875,-3.375
17566.666,-9.732142,-3.3031745
17583.334,-9.770833,-3.1801586
17600.0,-9.809524,-3.057143
17616.666,-10.410714,-2.4281745
17633.334,-11.011905,-1.7992064
17650.0,-11.291667,-1.497619
17666.666,-11.357142,-1.4142857
17683.334,-11.410714,-1.3456349
17700.0,-11.416667,-1.3357143
17716.666,-11.422619,-1.3257936
17733.334,-11.430159,-1.368254
17750.0,-11.438095,-1.4238095
17766.666,-11.430952,-1.465873
17783.334,-11.401191,-1.4876984
17800.0,-11.3714285,-1.5095239
17816.666,-11.361508,-1.5095239
17833.334,-11.351587,-1.5095239
17850.0,-11.353572,-1.5190476
17866.666,-11.363492,-1.5349207
17883.334,-11.369047,-1.5476191
17900.0,-11.357142,-1.5476191
17916.666,-11.345238,-1.5476191
17933.334,-11.311111,-1.5301588
17950.0,-11.271428,-1.5083333
17966.666,-11.246825,-1.4730159
17983.334,-11.244842,-1.4174603
18000.0,-11.242857,-1.3619047
18016.666,-11.282539,-1.3797619
18033.334,-11.322222,-1.397619
18050.0,-11.325,-1.4190476
18066.666,-11.303175,-1.4428571
18083.334,-11.275397,-1.4694444
18100.0,-11.223809,-1.5071429
18116.666,-11.172222,-1.5448413
18133.334,-11.074603,-1.5619048
18150.0,-10.965476,-1.5738095
18166.666,-10.788095,-1.5182539
18183.334,-10.508333,-1.3615079
18200.0,-10.228572,-1.2047619
18216.666,-10.226587,-1.1948413
18233.334,-10.224603,-1.1849207
18250.0,-10.221429,-1.1904762
18266.666,-10.217461,-1.2063493
18283.334,-10.210318,-1.2061508
18300.0,-10.190476,-1.1416667
18316.666,-10.170635,-1.0771825
18333.334,-10.185715,-1.0523809
18350.0,-10.209524,-1.0375
18366.666,-10.223016,-1.0238096
18383.334,-10.221032,-1.0119047
18400.0,-10.219048,-1.0
18416.666,-10.201191,-0.99603176
18433.334,-10.183333,-0.99206346
18450.0,-9.945238,-0.8
18466.666,-9.560317,-0.48253968
18483.334,-9.237302,-0.22103174
18500.0,-9.161904,-0.18333334
18516.666,-9.086508,-0.14563492
18533.334,-9.069841,-0.14126985
18550.0,-9.067857,-0.1452381
18566.666,-9.064285,-0.15793651
18583.334,-9.058333,-0.18373016
18600.0,-9.052381,-0.20952381
18616.666,-9.050397,-0.26309523
18633.334,-9.048412,-0.31666666
18650.0,-9.040476,-0.37083334
18666.666,-9.028571,-0.42539683
18683.334,-9.024801,-0.46805555
18700.0,-9.053572,-0.46309525
18716.666,-9.082341,-0.45813492
18733.334,-9.066667,-0.44523808
18750.0,-9.039881,-0.43035713
18766.666,-8.787699,-0.6829365
18783.334,-8.197421,-1.3367064
18800.0,-7.607143,-1.9904761
18816.666,-6.3184524,-4.1234126
18833.334,-5.029762,-6.256349
18850.0,-4.515476,-7.145238
18866.666,-4.5174603,-7.204762
18883.334,-4.516667,-7.2509923
18900.0,-4.5047617,-7.2440476
18916.666,-4.492857,-7.237103
18933.334,-4.5047617,-7.2285714
18950.0,-4.5226192,-7.2196426
18966.666,-4.5277777,-7.2190475
18983.334,-4.513889,-7.2309523
19000.0,-4.5,-7.242857
19016.666,-4.4742064,-7.268651
19033.334,-4.448413,-7.2944446
19050.0,-4.438095,-7.303571
19066.666,-4.438095,-7.301587
19083.334,-4.5214286,-7.2337303
19100.0,-4.938095,-6.902381
19116.666,-5.354762,-6.5710316
19133.334,-6.386508,-5.146032
19150.0,-7.572024,-3.447619
19166.666,-8.308333,-2.386508
19183.334,-8.370833,-2.2813492
19200.0,-8.433333,-2.1761904
19216.666,-8.429365,-2.2079365
19233.334,-8.425397,-2.2396824
19250.0,-8.433333,-2.275
19266.666,-8.449206,-2.3126984
19283.334,-8.465873,-2.3404763
19300.0,-8.485714,-2.3285713
19316.666,-8.505555,-2.3166666
19333.334,-8.526984,-2.284127
19350.0,-8.548809,-2.2464285
19366.666,-8.573016,-2.2170634
19383.334,-8.600794,-2.2001984
19400.0,-8.6285715,-2.1833334
19416.666,-8.636508,-2.2121031
19433.334,-8.644444,-2.240873
19450.0,-8.653571,-2.2488096
19466.666,-8.663492,-2.2428572
19483.334,-8.673016,-2.231746
19500.0,-8.680952,-2.2
19516.666,-8.688889,-2.168254
19533.334,-8.684127,-2.136508
19550.0,-8.67619,-2.1047618
19566.666,-8.672222,-2.102381
19583.334,-8.674207,-2.1440477
19600.0,-8.67619,-2.1857142
19616.666,-8.684127,-2.2472222
19633.334,-8.692063,-2.3087301
19650.0,-8.7047615,-2.3333333
19666.666,-8.720634,-2.3333333
19683.334,-8.732937,-2.3269842
19700.0,-8.730952,-2.295238
19716.666,-8.728969,-2.263492
19733.334,-8.723809,-2.2619047
19750.0,-8.717857,-2.267857
19766.666,-8.692063,-2.3432539
19783.334,-8.636508,-2.5228174
19800.0,-8.580953,-2.702381
19816.666,-8.573016,-2.7172618
19833.334,-8.56508,-2.732143
19850.0,-8.564285,-2.7285714
19866.666,-8.5682535,-2.7126985
19883.334,-8.56746,-2.7007937
19900.0,-8.547619,-2.704762
19916.666,-8.527778,-2.7087302
19933.334,-8.503175,-2.695238
19950.0,-8.477381,-2.677381
19966.666,-8.451588,-2.6555555
19983.334,-8.425794,-2.6277778
20000.0,-8.4,-2.6
20016.666,-7.7234125,-2.3261905
20033.334,-7.0468254,-2.052381
20050.0,-6.733333,-1.9321429
20066.666,-6.661905,-1.9142857
20083.334,-6.598016,-1.9
20100.0,-6.5642858,-1.9
20116.666,-6.5305557,-1.9
20133.334,-6.5,-1.8873016
20150.0,-6.470238,-1.8714286
20166.666,-6.447619,-1.8563492
20183.334,-6.4357142,-1.8424603
20200.0,-6.4238095,-1.8285714
20216.666,-6.4039683,-1.8226191
20233.334,-6.384127,-1.8166667
20250.0,-6.3619046,-1.8309524
20266.666,-6.338095,-1.8587302
20283.334,-6.315079,-1.8900794
20300.0,-6.295238,-1.9357142
20316.666,-6.275397,-1.9813492
20333.334,-6.25873,-2.0079365
20350.0,-6.242857,-2.0297618
20366.666,-6.2166667,-2.0444446
20383.334,-6.175,-2.0484128
20400.0,-6.133333,-2.052381
20416.666,-6.268254,-3.365873
20433.334,-6.4031744,-4.679365
20450.0,-6.4696426,-5.247619
20466.666,-6.490476,-5.3190475
20483.334,-6.505754,-5.3738093
20500.0,-6.4988093,-5.3619046
20516.666,-6.491865,-5.35
20533.334,-6.452381,-5.366667
20550.0,-6.404762,-5.390476
20566.666,-6.361111,-5.4150796
20583.334,-6.323413,-5.440873
20600.0,-6.285714,-5.4666667
20616.666,-6.2708335,-5.4964285
20633.334,-6.2559524,-5.5261903
20650.0,-6.2375,-5.532738
20666.666,-6.2166667,-5.5238094
20683.334,-6.0126987,-5.3964286
20700.0,-5.0761905,-4.795238
20716.666,-4.139683,-4.1940475
20733.334,-3.915873,-4.0444446
20750.0,-3.870238,-4.007738
20766.666,-3.8277779,-3.9920635
20783.334,-3.7900794,-4.0079365
20800.0,-3.7523808,-4.0238094
20816.666,-3.7265873,-4.015873
20833.334,-3.7007937,-4.0079365
20850.0,-3.6744049,-3.9916666
20866.666,-3.647619,-3.9698412
20883.334,-3.6220238,-3.9468255
20900.0,-3.6011906,-3.9190476
20916.666,-3.580357,-3.89127
20933.334,-3.4492064,-5.542857
20950.0,-3.290476,-7.614286
20966.666,-3.290476,-7.614286
20983.334,-3.290476,-7.614286
