0.0,-6.909524,-5.6761904
16.666666,-6.909524,-5.6761904
33.333332,-6.909524,-5.6761904
50.0,-6.910714,-5.667857
66.666664,-6.9126983,-5.6539683
83.333336,-6.9174604,-5.6369047
100.0,-6.9333334,-5.607143
116.666664,-6.9492064,-5.577381
133.33333,-6.9404764,-5.5690475
150.0,-6.9255953,-5.5660715
166.66667,-6.920238,-5.576587
183.33333,-6.929167,-5.6073413
200.0,-6.938095,-5.6380954
216.66667,-6.934127,-5.663889
233.33333,-6.9301586,-5.6896825
250.0,-7.177381,-6.225
266.66666,-7.5920634,-7.1
283.33334,-7.9825397,-7.8646827
300.0,-8.276191,-8.188095
316.66666,-8.569841,-8.511508
333.33334,-8.648413,-8.521428
350.0,-8.673214,-8.452976
366.66666,-8.696428,-8.413095
383.33334,-8.717262,-8.416072
400.0,-8.738095,-8.419047
416.66666,-8.756945,-8.365477
433.33334,-8.775794,-8.311905
450.0,-8.769643,-8.280952
466.66666,-8.746825,-8.2650795
483.33334,-8.730159,-8.2420635
500.0,-8.738095,-8.190476
516.6667,-8.746032,-8.138889
533.3333,-8.782539,-8.185715
550.0,-8.826191,-8.257143
566.6667,-8.830159,-8.296825
583.3333,-8.774603,-8.288889
600.0,-8.719048,-8.280952
616.6667,-8.766666,-8.298809
633.3333,-8.814285,-8.316667
650.0,-8.817857,-8.336905
666.6667,-8.792064,-8.35873
683.3333,-8.780952,-8.368254
700.0,-8.828571,-8.328571
716.6667,-8.87619,-8.288889
733.3333,-8.877778,-8.301587
750.0,-8.867857,-8.327381
766.6667,-8.852381,-8.330159
783.3333,-8.828571,-8.298412
800.0,-8.804762,-8.266666
816.6667,-8.83254,-8.272619
833.3333,-8.860317,-8.278571
850.0,-8.872619,-8.321428
866.6667,-8.874603,-8.388889
883.3333,-8.859722,-8.43254
900.0,-8.777381,-8.380953
916.6667,-8.69504,-8.329365
933.3333,-8.68254,-8.339683
950.0,-8.6875,-8.365477
966.6667,-8.693651,-8.706349
983.3333,-8.701588,-9.519841
1000.0,-8.709524,-10.333333
1016.6667,-8.719444,-10.315476
1033.3334,-8.729365,-10.297619
1050.0,-8.730357,-10.257143
1066.6666,-8.725397,-10.201588
1083.3334,-8.719841,-10.152976
1100.0,-8.711905,-10.132143
1116.6666,-8.703968,-10.111309
1133.3334,-8.707936,-10.107937
1150.0,-8.714881,-10.108929
1166.6666,-8.717461,-10.106349
1183.3334,-8.713492,-10.0984125
1200.0,-8.709524,-10.090476
1216.6666,-8.689683,-10.009127
1233.3334,-8.669841,-9.927778
1250.0,-8.933333,-9.877976
1266.6666,-9.385715,-9.849206
1283.3334,-9.744643,-9.814087
1300.0,-9.729762,-9.7535715
1316.6666,-9.714881,-9.693055
1333.3334,-9.719048,-9.726984
1350.0,-9.727976,-9.784524
1366.6666,-9.733334,-9.827778
1383.3334,-9.733334,-9.849603
1400.0,-9.733334,-9.8714285
1416.6666,-9.715476,-9.853572
1433.3334,-9.697619,-9.835714
1450.0,-9.691667,-9.828571
1466.6666,-9.693651,-9.828571
1483.3334,-9.69385,-9.835516
1500.0,-9.686905,-9.870238
1516.6666,-9.67996,-9.904961
1533.3334,-9.679365,-9.892063
1550.0,-9.680357,-9.867262
1566.6666,-10.410317,-9.668254
1583.3334,-12.23373,-9.207936
1600.0,-14.057143,-8.747619
1616.6666,-14.090873,-8.828968
1633.3334,-14.124603,-8.910317
1650.0,-14.1625,-8.980952
1666.6666,-14.203175,-9.044444
1683.3334,-14.238889,-9.101984
1700.0,-14.254762,-9.135715
1716.6666,-14.270635,-9.169444
1733.3334,-14.296825,-9.198413
1750.0,-14.325595,-9.226191
1766.6666,-14.339683,-9.249207
1783.3334,-14.331746,-9.2650795
1800.0,-14.32381,-9.280952
1816.6666,-14.262301,-9.237302
1833.3334,-14.200793,-9.193651
1850.0,-14.171429,-9.159524
1866.6666,-14.163492,-9.131746
1883.3334,-14.165674,-9.11746
1900.0,-14.208333,-9.157143
1916.6666,-14.250992,-9.196825
1933.3334,-13.17619,-9.3714285
1950.0,-11.822023,-9.5797615
1966.6666,-10.961905,-9.738095
1983.3334,-10.842857,-9.821428
2000.0,-10.723809,-9.904762
2016.6666,-10.725794,-9.918651
2033.3334,-10.7277775,-9.93254
2050.0,-10.709524,-9.927381
2066.6667,-10.677778,-9.909524
2083.3333,-10.649405,-9.906746
2100.0,-10.634523,-9.964286
2116.6667,-10.619643,-10.021826
2133.3333,-10.585714,-9.974603
2150.0,-10.547024,-9.901191
2166.6667,-10.510318,-9.846032
2183.3333,-10.476587,-9.8182535
2200.0,-10.442857,-9.790476
2216.6667,-10.460714,-9.802381
2233.3333,-10.478572,-9.814285
2250.0,-10.248215,-9.039286
2266.6667,-9.852381,-7.7396827
2283.3333,-9.534524,-6.6867065
2300.0,-9.528571,-6.6202383
2316.6667,-9.522619,-6.55377
2333.3333,-9.509523,-6.5261903
2350.0,-9.494643,-6.508333
2366.6667,-9.513492,-6.4876986
2383.3333,-9.582936,-6.462897
2400.0,-9.652381,-6.438095
2416.6667,-9.644444,-6.4232144
2433.3333,-9.636508,-6.4083333
2450.0,-9.652381,-6.4434524
2466.6667,-9.684127,-6.5119047
2483.3333,-9.701984,-6.5603175
2500.0,-9.664286,-6.5285716
2516.6667,-9.626587,-6.496825
2533.3333,-9.60873,-6.5111113
2550.0,-9.595834,-6.536905
2566.6667,-9.581349,-6.565873
2583.3333,-9.564485,-6.599603
2600.0,-9.547619,-6.633333
2616.6667,-9.234127,-6.443849
2633.3333,-8.920635,-6.254365
2650.0,-8.752381,-6.172024
2666.6667,-8.680952,-6.161111
2683.3333,-8.621032,-6.1599207
2700.0,-8.607142,-6.197619
2716.6667,-8.593254,-6.235317
2733.3333,-8.552381,-6.257143
2750.0,-8.504762,-6.275
2766.6667,-8.48254,-6.2777777
2783.3333,-8.498413,-6.2579365
2800.0,-8.514286,-6.2380953
2816.6667,-8.526191,-6.198413
2833.3333,-8.538095,-6.15873
2850.0,-8.528571,-6.1130953
2866.6667,-8.504762,-6.0634923
2883.3333,-8.479564,-6.014683
2900.0,-8.44881,-5.9690475
2916.6667,-8.418056,-5.923413
2933.3333,-8.392063,-5.8920636
2950.0,-8.367262,-5.864286
2966.6667,-8.351587,-5.8396826
2983.3333,-8.349603,-5.8198414
3000.0,-8.347619,-5.8
3016.6667,-8.35754,-5.772222
3033.3333,-8.36746,-5.7444444
3050.0,-8.374405,-5.741071
3066.6667,-8.379365,-5.7539682
3083.3333,-8.383928,-5.7617064
3100.0,-8.386905,-5.7488093
3116.6667,-8.389881,-5.735913
3133.3333,-8.4015875,-5.7492065
3150.0,-8.415476,-5.7690477
3166.6667,-8.5452385,-5.427778
3183.3333,-8.848809,-4.5448413
3200.0,-9.152381,-3.6619048
3216.6667,-9.116667,-3.6757936
3233.3333,-9.080953,-3.6896825
3250.0,-9.053572,-3.7017858
3266.6667,-9.031746,-3.7126985
3283.3333,-9.0150795,-3.7251985
3300.0,-9.019048,-3.7440476
3316.6667,-9.023016,-3.7628968
3333.3333,-9.033334,-3.7928572
3350.0,-9.0452385,-3.8255951
3366.6667,-9.057937,-3.8384922
3383.3333,-9.071825,-3.821627
3400.0,-9.085714,-3.804762
3416.6667,-9.0797615,-3.7948413
3433.3333,-9.07381,-3.7849207
3450.0,-9.050595,-3.7791667
3466.6667,-9.015873,-3.7761905
3483.3333,-8.978373,-3.7748015
3500.0,-8.929762,-3.7797618
3516.6667,-8.881151,-3.7847223
3533.3333,-8.876985,-3.852381
3550.0,-8.883928,-3.9357142
3566.6667,-8.886111,-3.9785714
3583.3333,-8.881151,-3.9607143
3600.0,-8.87619,-3.942857
3616.6667,-8.858334,-3.9507937
3633.3333,-8.840476,-3.9587302
3650.0,-8.82381,-3.9833333
3666.6667,-8.807937,-4.0190477
3683.3333,-8.718651,-4.0748014
3700.0,-8.335714,-4.2107143
3716.6667,-7.952778,-4.3466268
3733.3333,-7.8809524,-4.3714285
3750.0,-7.8869047,-4.3684525
3766.6667,-7.880159,-4.354762
3783.3333,-7.854365,-4.325
3800.0,-7.8285713,-4.295238
3816.6667,-7.80873,-4.295238
3833.3333,-7.788889,-4.295238
3850.0,-7.7833333,-4.286905
3866.6667,-7.7873015,-4.273016
3883.3333,-7.7920637,-4.2573414
3900.0,-7.8,-4.234524
3916.6667,-7.8079367,-4.211706
3933.3333,-7.8285713,-4.236508
3950.0,-7.8523808,-4.2732143
3966.6667,-7.873016,-4.3039684
3983.3333,-7.888889,-4.3257937
4000.0,-7.904762,-4.347619
4016.6667,-7.9206347,-4.3535714
4033.3333,-7.9365077,-4.359524
4050.0,-8.167262,-4.232738
4066.6667,-8.54127,-4.0174603
4083.3333,-8.842659,-3.8589287
4100.0,-8.853572,-3.927381
4116.6665,-8.864484,-3.9958334
4133.3335,-8.861905,-4.0111113
4150.0,-8.855952,-4.0130954
4166.6665,-8.850794,-4.0079365
4183.3335,-8.846826,-3.9920635
4200.0,-8.842857,-3.9761906
4216.6665,-8.840873,-3.9920635
4233.3335,-8.838889,-4.0079365
4250.0,-8.841666,-4.017262
4266.6665,-8.847619,-4.022222
4283.3335,-8.844048,-4.013889
4300.0,-8.802381,-3.952381
4316.6665,-8.760715,-3.890873
4333.3335,-8.774603,-3.8920634
4350.0,-8.802381,-3.9089286
4366.6665,-8.622222,-3.8103175
4383.3335,-8.130158,-3.538492
4400.0,-7.6380954,-3.2666667
4416.6665,-7.628175,-3.2170634
4433.3335,-7.618254,-3.1674602
4450.0,-7.6184525,-3.1517856
4466.6665,-7.6253967,-3.1587303
4483.3335,-7.62877,-3.1748016
4500.0,-7.617857,-3.227381
4516.6665,-7.6069446,-3.2799604
4533.3335,-7.609524,-3.268254
4550.0,-7.615476,-3.2404761
4566.6665,-7.6285715,-3.234127
4583.3335,-7.652381,-3.2599206
4600.0,-7.6761904,-3.2857144
4616.6665,-7.668254,-3.3194444
4633.3335,-7.6603174,-3.3531747
4650.0,-7.6464286,-3.357143
4666.6665,-7.6285715,-3.3412697
4683.3335,-7.871825,-3.210516
4700.0,-9.159524,-2.620238
4716.6665,-10.447222,-2.0299604
4733.3335,-10.717461,-1.9126984
4750.0,-10.733334,-1.9136904
4766.6665,-10.74365,-1.9214286
4783.3335,-10.745635,-1.9392858
4800.0,-10.747619,-1.9571428
4816.6665,-10.75754,-1.9511905
4833.3335,-10.76746,-1.9452381
4850.0,-10.763095,-1.9619048
4866.6665,-10.749207,-1.9936508
4883.3335,-10.742857,-2.022619
4900.0,-10.766666,-2.040476
4916.6665,-10.790476,-2.0583334
4933.3335,-10.788889,-2.088889
4950.0,-10.780952,-2.1226192
4966.6665,-10.782936,-2.1519842
4983.3335,-10.799802,-2.1748016
5000.0,-10.816667,-2.197619
5016.6665,-10.812698,-2.1956348
5033.3335,-10.80873,-2.1936507
5050.0,-10.820833,-2.1898808
5066.6665,-10.843651,-2.1849205
5083.3335,-10.853174,-2.188492
5100.0,-10.809524,-2.2261906
5116.6665,-10.765873,-2.2638888
5133.3335,-9.542857,-2.6396825
5150.0,-8.025,-3.1
5166.6665,-7.146032,-3.386508
5183.3335,-7.2253966,-3.4123015
5200.0,-7.304762,-3.4380953
5216.6665,-7.2849207,-3.4698412
5233.3335,-7.2650795,-3.5015874
5250.0,-7.2547617,-3.5416667
5266.6665,-7.2507935,-3.5873015
5283.3335,-7.234127,-3.6349206
5300.0,-7.1666665,-3.6904762
5316.6665,-7.0992064,-3.7460318
5333.3335,-7.095238,-3.7912698
5350.0,-7.107143,-3.8339286
5366.6665,-7.109524,-3.8742063
5383.3335,-7.097619,-3.9109128
5400.0,-7.0857143,-3.947619
5416.6665,-7.065873,-3.9277778
5433.3335,-7.046032,-3.9079366
5450.0,-7.0047617,-3.8994048
5466.6665,-6.9492064,-3.8984127
5483.3335,-6.894246,-3.8950398
5500.0,-6.8416667,-3.8821428
5516.6665,-6.7890873,-3.869246
5533.3335,-5.776984,-3.7849207
5550.0,-4.525,-3.682738
5566.6665,-3.7670634,-3.6242063
5583.3335,-3.7501984,-3.6311507
5600.0,-3.7333333,-3.6380951
5616.6665,-3.7531745,-3.699603
5633.3335,-3.773016,-3.761111
5650.0,-3.7738094,-3.7654762
5666.6665,-3.7619047,-3.731746
5683.3335,-3.7464285,-3.711111
5700.0,-3.7166667,-3.7428572
5716.6665,-3.6869047,-3.7746031
5733.3335,-3.6746032,-3.815873
5750.0,-3.6666667,-3.8595238
5766.6665,-3.6642857,-3.9087303
5783.3335,-3.670238,-3.9662697
5800.0,-3.6761904,-4.0238094
5816.6665,-3.6900795,-4.019841
5833.3335,-3.7039683,-4.015873
5850.0,-3.7083333,-3.9988096
5866.6665,-3.7063491,-3.9730158
5883.3335,-3.709524,-3.9634922
5900.0,-3.7333333,-4.0190477
5916.6665,-3.7571428,-4.074603
5933.3335,-3.7944446,-4.1444445
5950.0,-3.835119,-4.2178574
5966.6665,-4.302381,-4.40873
5983.3335,-5.409524,-4.7757936
6000.0,-6.516667,-5.142857
6016.6665,-6.5176587,-5.2043653
6033.3335,-6.518651,-5.265873
6050.0,-6.5190477,-5.321429
6066.6665,-6.5190477,-5.373016
6083.3335,-6.5265875,-5.4126983
6100.0,-6.5642858,-5.404762
6116.6665,-6.601984,-5.3968253
6133.3335,-6.6015873,-5.3619046
6150.0,-6.5916667,-5.320238
6166.6665,-6.580952,-5.2916665
6183.3335,-6.5690475,-5.282738
6200.0,-6.5571427,-5.2738094
6216.6665,-6.604762,-5.27877
6233.3335,-6.652381,-5.28373
6250.0,-6.713095,-5.3095236
6266.6665,-6.78254,-5.3492064
6283.3335,-7.483333,-5.418254
6300.0,-10.709524,-5.604762
6316.6665,-13.935715,-5.79127
6333.3335,-15.05873,-5.9492064
6350.0,-15.655952,-6.1
6366.6665,-16.018253,-6.1873016
6383.3335,-16.028175,-6.179365
6400.0,-16.038095,-6.1714287
6416.6665,-16.046032,-6.15754
6433.3335,-16.053968,-6.143651
6450.0,-16.04881,-6.1559525
6466.6665,-16.03492,-6.1857142
6483.3335,-16.019644,-6.2069445
6500.0,-15.99881,-6.1940475
6516.6665,-15.977976,-6.181151
6533.3335,-15.966666,-6.1968255
6550.0,-15.957738,-6.2196426
6566.6665,-15.953175,-6.266667
6583.3335,-15.955159,-6.35
6600.0,-15.957143,-6.4333334
6616.6665,-15.961111,-6.3876987
6633.3335,-15.965079,-6.3420634
6650.0,-15.939285,-6.3523808
6666.6665,-15.893651,-6.4
6683.3335,-15.849603,-6.4345236
6700.0,-15.811905,-6.4166665
6716.6665,-15.774206,-6.3988094
6733.3335,-15.653968,-6.357143
6750.0,-15.513095,-6.3095236
6766.6665,-14.255555,-6.2944446
6783.3335,-11.323016,-6.3281746
6800.0,-8.390476,-6.3619046
6816.6665,-8.390476,-6.385714
6833.3335,-8.390476,-6.409524
6850.0,-8.359524,-6.372619
6866.6665,-8.307937,-6.295238
6883.3335,-7.9515333,-6.201894
6900.0,-7.59513,-6.1085496
6916.6665,-7.2387266,-6.015206
6933.3335,-6.8823233,-5.9218616
6950.0,-6.52592,-5.8285174
6966.6665,-6.1695166,-5.735173
6983.3335,-5.813113,-5.641829
7000.0,-5.45671,-5.548485
7016.6665,-5.1003065,-5.4551406
7033.3335,-4.743903,-5.3617964
7050.0,-4.3875,-5.268452
7066.6665,-4.8944445,-5.2357144
7083.3335,-5.309921,-5.1988096
7100.0,-5.359524,-5.145238
7116.6665,-5.4091268,-5.0916667
7133.3335,-5.4071426,-5.1246033
7150.0,-5.392262,-5.179167
7166.6665,-5.395635,-5.25
7183.3335,-5.4263887,-5.345238
7200.0,-5.457143,-5.4404764
7216.6665,-5.463095,-5.5505953
7233.3335,-5.4690475,-5.660714
7250.0,-5.222619,-5.7630954
7266.6665,-4.8079367,-5.860317
7283.3335,-4.410714,-5.9666667
7300.0,-4.0833335,-6.109524
7316.6665,-3.7559524,-6.252381
7333.3335,-3.7523808,-6.3285713
7350.0,-3.829762,-6.3880954
7366.6665,-3.8892858,-6.429365
7383.3335,-3.9220238,-6.443254
7400.0,-3.954762,-6.457143
7416.6665,-3.9924603,-6.4313493
7433.3335,-4.0301585,-6.4055557
7450.0,-5.820833,-5.713095
7466.6665,-8.780159,-4.5761905
7483.3335,-11.305952,-3.5718255
7500.0,-12.097619,-3.097619
7516.6665,-12.889286,-2.6234126
7533.3335,-13.061905,-2.534127
7550.0,-13.0797615,-2.5410714
7566.6665,-13.092857,-2.5472221
7583.3335,-13.098809,-2.5521824
7600.0,-13.104762,-2.557143
7616.6665,-13.116667,-2.590873
7633.3335,-13.1285715,-2.6246033
7650.0,-13.142858,-2.6392858
7666.6665,-13.1587305,-2.64127
7683.3335,-13.167857,-2.636111
7700.0,-13.15,-2.602381
7716.6665,-13.132143,-2.5686507
7733.3335,-13.127778,-2.5857143
7750.0,-13.126785,-2.6154761
7766.6665,-13.13373,-2.6253967
7783.3335,-13.152579,-2.6055555
7800.0,-13.171429,-2.5857143
7816.6665,-13.232937,-2.3694444
7833.3335,-13.294444,-2.1531746
7850.0,-13.456548,-1.6327381
7866.6665,-13.685715,-0.9095238
7883.3335,-13.868452,-0.33154762
7900.0,-13.865477,-0.3345238
7916.6665,-13.8625,-0.3375
7933.3335,-13.865873,-0.36031747
7950.0,-13.870833,-0.38809523
7966.6665,-13.867857,-0.4011905
7983.3335,-13.852976,-0.3922619
8000.0,-13.838096,-0.38333333
8016.6665,-13.85496,-0.39920634
8033.3335,-13.871825,-0.41507936
8050.0,-13.914881,-0.4517857
8066.6665,-13.975397,-0.50238097
8083.3335,-13.535119,-0.6672619
8100.0,-11.091666,-1.2892857
8116.6665,-8.648214,-1.9113095
8133.3335,-8.211111,-2.120635
8150.0,-8.275596,-2.2267857
8166.6665,-8.328571,-2.3031745
8183.3335,-8.364285,-2.3349206
8200.0,-8.4,-2.3666666
8216.667,-8.429762,-2.386508
8233.333,-8.459524,-2.4063492
8250.0,-8.494047,-2.4404762
8266.667,-8.531746,-2.484127
8283.333,-8.567063,-2.5301588
8300.0,-8.592857,-2.5857143
8316.667,-8.61865,-2.64127
8333.333,-8.674603,-2.784127
8350.0,-8.738095,-2.9488096
8366.667,-8.740477,-3.4714286
8383.333,-8.651191,-4.5309525
8400.0,-8.561905,-5.590476
8416.667,-8.625397,-5.6698413
8433.333,-8.688889,-5.7492065
8450.0,-8.740477,-5.792857
8466.667,-8.784127,-5.8126984
8483.333,-8.822619,-5.8359127
8500.0,-8.840476,-5.872619
8516.667,-8.858334,-5.9093256
8533.333,-8.881746,-5.911905
8550.0,-8.906548,-5.9059525
8566.667,-8.919841,-5.9103174
8583.333,-8.915873,-5.9301586
8600.0,-8.911904,-5.95
8616.667,-8.934722,-5.9708333
8633.333,-8.95754,-5.991667
8650.0,-8.977381,-6.020238
8666.667,-8.995238,-6.0539684
8683.333,-9.012698,-6.076984
8700.0,-9.028571,-6.0571427
8716.667,-9.044444,-6.0373015
8733.333,-9.053968,-6.0333333
8750.0,-9.061905,-6.0333333
8766.667,-9.066667,-6.013492
8783.333,-9.066667,-5.963889
8800.0,-9.066667,-5.9142857
8816.667,-9.066667,-5.8944445
8833.333,-9.066667,-5.8746033
8850.0,-9.041667,-5.820238
8866.667,-9.0,-5.742857
8883.333,-8.954365,-5.674603
8900.0,-8.892858,-5.642857
8916.667,-8.831349,-5.611111
8933.333,-8.796825,-5.580952
8950.0,-8.769048,-5.5511904
8966.667,-8.747619,-5.536508
8983.333,-8.735714,-5.5444446
9000.0,-8.723809,-5.552381
9016.667,-8.64246,-5.4869046
9033.333,-8.561111,-5.4214287
9050.0,-8.492857,-5.3964286
9066.667,-8.433333,-5.3984127
9083.333,-8.458531,-5.286111
9100.0,-8.822619,-4.7166667
9116.667,-9.186707,-4.147222
9133.333,-9.292064,-3.8214285
9150.0,-9.332738,-3.5565476
9166.667,-9.347619,-3.4075396
9183.333,-9.32381,-3.4323413
9200.0,-9.3,-3.4571428
9216.667,-9.236508,-3.4035714
9233.333,-9.173016,-3.35
9250.0,-9.127381,-3.2702382
9266.667,-9.093651,-3.1730158
9283.333,-9.067857,-3.1107142
9300.0,-9.07381,-3.1880953
9316.667,-9.0797615,-3.2654762
9333.333,-9.046032,-3.288889
9350.0,-9.002381,-3.2988095
9366.667,-8.961111,-3.3198414
9383.333,-8.923412,-3.3575397
9400.0,-8.885715,-3.3952382
9416.667,-8.869842,-3.4230158
9433.333,-8.853969,-3.4507937
9450.0,-8.839286,-3.4785714
9466.667,-8.825397,-3.5063493
9483.333,-8.932738,-3.6954365
9500.0,-9.525,-4.529762
9516.667,-10.117262,-5.364087
9533.333,-10.2650795,-5.520635
9550.0,-10.301785,-5.507738
9566.667,-10.310317,-5.4888887
9583.333,-10.2765875,-5.461111
9600.0,-10.242857,-5.4333334
9616.667,-10.254762,-5.536508
9633.333,-10.266666,-5.639683
9650.0,-10.255953,-5.677381
9666.667,-10.230159,-5.6714287
9683.333,-10.212698,-5.673413
9700.0,-10.228572,-5.707143
9716.667,-10.244445,-5.740873
9733.333,-10.269048,-5.785714
9750.0,-10.295834,-5.8333335
9766.667,-10.531349,-5.5301585
9783.333,-11.07996,-4.7007937
9800.0,-11.6285715,-3.8714285
9816.667,-11.580953,-3.848611
9833.333,-11.533334,-3.8257937
9850.0,-11.55119,-3.8392856
9866.667,-11.612699,-3.8769841
9883.333,-11.664286,-3.9085317
9900.0,-11.67619,-3.915476
9916.667,-11.688095,-3.9224207
9933.333,-11.673809,-3.9579365
9950.0,-11.652976,-4.000595
9966.667,-11.628175,-4.0607142
9983.333,-11.597421,-4.1470237
10000.0,-11.566667,-4.233333
10016.667,-11.58254,-4.338492
10033.333,-11.5984125,-4.4436507
10050.0,-11.582143,-4.5
10066.667,-11.544444,-4.5238094
10083.333,-11.501985,-4.5392857
10100.0,-11.440476,-4.5214286
10116.667,-11.378968,-4.5035715
10133.333,-11.355556,-4.5857143
10150.0,-11.341666,-4.6928573
10166.667,-11.184127,-4.6325397
10183.333,-10.811111,-4.3210316
10200.0,-10.438095,-4.009524
10216.667,-9.828968,-3.5789683
10233.333,-9.219841,-3.1484127
10250.0,-8.942857,-2.9988096
10266.667,-8.887301,-3.0365078
10283.333,-8.843254,-3.0722222
10300.0,-8.845238,-3.1
10316.667,-8.847222,-3.1277778
10333.333,-8.838096,-3.195238
10350.0,-8.826191,-3.272619
10366.667,-8.808333,-3.3269842
10383.333,-8.781548,-3.3468254
10400.0,-8.754762,-3.3666666
10416.667,-8.680357,-3.3309524
10433.333,-8.605952,-3.295238
10450.0,-8.584524,-3.3261905
10466.667,-8.5984125,-3.4015872
10483.333,-8.812698,-3.4833333
10500.0,-9.828571,-3.5904763
10516.667,-10.844444,-3.697619
10533.333,-11.079365,-3.7492063
10550.0,-11.119047,-3.7869048
10566.667,-11.139683,-3.8206348
10583.333,-11.131746,-3.8484128
10600.0,-11.12381,-3.8761904
10616.667,-11.105952,-3.9119048
10633.333,-11.088096,-3.947619
10650.0,-11.092857,-3.9940476
10666.667,-11.112699,-4.047619
10683.333,-11.122619,-4.09246
10700.0,-11.092857,-4.1023808
10716.667,-11.063095,-4.1123013
10733.333,-11.030159,-4.1253967
10750.0,-10.9964285,-4.1392856
10766.667,-10.976984,-4.142857
10783.333,-10.978969,-4.1309524
10800.0,-10.980952,-4.1190476
10816.667,-10.957143,-4.0873017
10833.333,-10.933333,-4.0555553
10850.0,-10.920834,-4.052976
10866.667,-10.915873,-4.0698414
10883.333,-10.912302,-4.0845237
10900.0,-10.914286,-4.090476
10916.667,-10.91627,-4.0964284
10933.333,-10.926984,-4.106349
10950.0,-10.939881,-4.117262
10966.667,-10.944445,-4.1420636
10983.333,-10.936508,-4.1876984
11000.0,-10.928572,-4.233333
11016.667,-10.924603,-4.2690477
11033.333,-10.920635,-4.304762
11050.0,-10.914286,-4.327381
11066.667,-10.906349,-4.34127
11083.333,-10.903968,-4.366865
11100.0,-10.923809,-4.4392858
11116.667,-10.943651,-4.5117064
11133.333,-10.936508,-4.547619
11150.0,-10.922619,-4.5744047
11166.667,-10.909524,-4.5984125
11183.333,-10.897619,-4.618254
11200.0,-10.885715,-4.6380954
11216.667,-10.861905,-4.6628966
11233.333,-10.838096,-4.6876984
11250.0,-10.817857,-4.5660715
11266.667,-10.8,-4.3468256
11283.333,-10.727706,-4.2282286
11300.0,-10.655412,-4.109632
11316.667,-10.583117,-3.9910355
11333.333,-10.510822,-3.8724387
11350.0,-10.438528,-3.7538419
11366.667,-10.366234,-3.6352453
11383.333,-10.29394,-3.5166485
11400.0,-10.221645,-3.398052
11416.667,-10.149351,-3.2794552
11433.333,-10.077056,-3.1608586
11450.0,-10.004762,-3.0422618
11466.667,-10.266666,-3.4539683
11483.333,-10.469444,-3.754762
11500.0,-10.435715,-3.6119049
11516.667,-10.401984,-3.4690475
11533.333,-10.373015,-3.447619
11550.0,-10.345238,-3.4565477
11566.667,-10.324603,-3.461111
11583.333,-10.314683,-3.459127
11600.0,-10.304762,-3.4571428
11616.667,-10.328571,-3.443254
11633.333,-10.352381,-3.4293652
11650.0,-10.383333,-3.4738095
11666.667,-10.419047,-3.557143
11683.333,-10.45,-3.6309524
11700.0,-10.461905,-3.6666667
11716.667,-10.473809,-3.702381
11733.333,-10.444445,-3.6809523
11750.0,-10.404762,-3.6452382
11766.667,-10.384921,-3.6325397
11783.333,-10.394841,-3.654365
11800.0,-10.404762,-3.6761904
11816.667,-10.371032,-3.6861112
11833.333,-10.337301,-3.6960318
11850.0,-10.3160715,-3.7184525
11866.667,-10.303175,-3.7492063
11883.333,-10.293056,-3.7744048
11900.0,-10.294047,-3.777381
11916.667,-10.29504,-3.7803571
11933.333,-10.285714,-3.8238096
11950.0,-10.273809,-3.8773808
11966.667,-10.479365,-3.8611112
11983.333,-11.011111,-3.7400794
12000.0,-11.542857,-3.6190476
12016.667,-11.574603,-3.545635
12033.333,-11.606349,-3.4722223
12050.0,-11.622024,-3.4892857
12066.667,-11.626985,-3.5666666
12083.333,-11.634523,-3.6333334
12100.0,-11.652381,-3.6571429
12116.667,-11.6702385,-3.6809523
12133.333,-11.647619,-3.7063491
12150.0,-11.614881,-3.732143
12166.667,-11.578571,-3.7460318
12183.333,-11.536904,-3.7420635
12200.0,-11.495238,-3.7380953
12216.667,-11.519048,-3.7609127
12233.333,-11.542857,-3.7837303
12250.0,-11.542857,-3.8029761
12266.667,-11.526984,-3.8198414
12283.333,-11.515873,-3.8363094
12300.0,-11.523809,-3.8511906
12316.667,-11.531746,-3.8660715
12333.333,-11.494445,-3.797619
12350.0,-11.445833,-3.7083333
12366.667,-11.43373,-3.6742063
12383.333,-11.476389,-3.7228174
12400.0,-11.519048,-3.7714286
12416.667,-11.534921,-3.7734127
12433.333,-11.550794,-3.7753968
12450.0,-11.570238,-3.790476
12466.667,-11.592064,-3.8142858
12483.333,-11.603969,-3.8269842
12500.0,-11.576191,-3.795238
12516.667,-11.548412,-3.763492
12533.333,-11.5079365,-3.768254
12550.0,-11.464286,-3.7821429
12566.667,-11.44127,-3.8039682
12583.333,-11.449206,-3.8376985
12600.0,-11.457143,-3.8714285
12616.667,-11.314285,-3.8337302
12633.333,-11.171429,-3.7960317
12650.0,-10.966666,-3.75
12666.667,-10.720634,-3.6984127
12683.333,-10.526984,-3.6662698
12700.0,-10.542857,-3.7119048
12716.667,-10.55873,-3.7575397
12733.333,-10.533334,-3.7825396
12750.0,-10.497619,-3.802381
12766.667,-10.453175,-3.797619
12783.333,-10.395635,-3.7559524
12800.0,-10.338096,-3.7142856
12816.667,-10.365873,-3.7579365
12833.333,-10.393651,-3.8015873
12850.0,-10.383928,-3.8166666
12866.667,-10.349206,-3.8126984
12883.333,-10.315675,-3.809127
12900.0,-10.286904,-3.807143
12916.667,-10.258135,-3.8051586
12933.333,-10.2650795,-3.8460317
12950.0,-10.280952,-3.897619
12966.667,-10.296825,-3.9301586
12983.333,-10.312698,-3.934127
13000.0,-10.328571,-3.9380953
13016.667,-10.321627,-4.0353174
13033.333,-10.314683,-4.1325397
13050.0,-10.278571,-4.1940475
13066.667,-10.223016,-4.231746
13083.333,-10.154961,-4.395238
13100.0,-10.036904,-5.061905
13116.667,-9.918849,-5.7285714
13133.333,-9.868254,-5.857143
13150.0,-9.834524,-5.8511906
13166.667,-9.82381,-5.888889
13183.333,-9.847619,-5.9920635
13200.0,-9.8714285,-6.095238
13216.667,-9.86746,-6.0843253
13233.333,-9.863492,-6.073413
13250.0,-9.838096,-6.088095
13266.667,-9.798412,-6.119841
13283.333,-9.765476,-6.1438494
13300.0,-9.759523,-6.1369047
13316.667,-9.7535715,-6.1299605
13333.333,-9.731746,-6.198413
13350.0,-9.705953,-6.285714
13366.667,-9.685715,-6.35
13383.333,-9.673809,-6.3797617
13400.0,-9.661904,-6.409524
13416.667,-9.661904,-6.4174604
13433.333,-9.661904,-6.425397
13450.0,-9.394048,-6.9345236
13466.667,-8.947619,-7.7777777
13483.333,-8.594841,-8.450397
13500.0,-8.616667,-8.440476
13516.667,-8.638492,-8.430555
13533.333,-8.62381,-8.419047
13550.0,-8.6,-8.407143
13566.667,-8.569841,-8.390476
13583.333,-8.530159,-8.366667
13600.0,-8.490477,-8.342857
13616.667,-8.474603,-8.344841
13633.333,-8.45873,-8.346826
13650.0,-8.465476,-8.364285
13666.667,-8.487302,-8.392063
13683.333,-8.50873,-8.436111
13700.0,-8.528571,-8.5452385
13716.667,-8.548412,-8.654366
13733.333,-8.536508,-8.655556
13750.0,-8.516666,-8.629762
13766.667,-8.495238,-8.576984
13783.333,-8.471429,-8.48373
13800.0,-8.447619,-8.390476
13816.667,-10.592461,-8.013492
13833.333,-12.737302,-7.636508
13850.0,-13.644048,-7.491667
13866.667,-13.725397,-7.5015874
13883.333,-13.784524,-7.5015874
13900.0,-13.754762,-7.4619045
13916.667,-13.725,-7.422222
13933.333,-13.69127,-7.4103174
13950.0,-13.656548,-7.4053574
13966.667,-13.634921,-7.429762
13983.333,-13.6329365,-7.4982142
14000.0,-13.630953,-7.5666666
14016.667,-13.228174,-7.1380954
14033.333,-12.825397,-6.7095237
14050.0,-11.825,-5.8160715
14066.667,-10.42619,-4.6126986
14083.333,-9.313293,-3.6430554
14100.0,-9.344048,-3.6083333
14116.667,-9.374802,-3.573611
14133.333,-9.384127,-3.5666666
14150.0,-9.388095,-3.5666666
14166.667,-9.398413,-3.563492
14183.333,-9.418254,-3.5555556
14200.0,-9.438095,-3.547619
14216.667,-9.4410715,-3.545635
14233.333,-9.444048,-3.5436509
14250.0,-9.453571,-3.5208333
14266.667,-9.467461,-3.484127
14283.333,-9.4827385,-3.4545634
14300.0,-9.5035715,-3.4535713
14316.667,-9.524405,-3.4525793
14333.333,-9.503175,-3.447619
14350.0,-9.471429,-3.4416666
14366.667,-9.676984,-3.0150793
14383.333,-10.238492,-1.9575397
14400.0,-10.8,-0.9
14416.667,-10.819841,-0.885119
14433.333,-10.839683,-0.87023807
14450.0,-10.865477,-0.8922619
14466.667,-10.895238,-0.9388889
14483.333,-10.917857,-0.9753968
14500.0,-10.911904,-0.9714286
14516.667,-10.905952,-0.96746033
14533.333,-10.87619,-0.96507937
14550.0,-10.840476,-0.96309525
14566.667,-10.83254,-0.96746033
14583.333,-10.86627,-0.98134923
14600.0,-10.9,-0.99523807
14616.667,-10.896031,-1.0071429
14633.333,-10.892063,-1.0190476
14650.0,-10.885715,-1.0119047
14666.667,-10.877778,-0.99206346
14683.333,-10.925397,-0.9015873
14700.0,-11.195238,-0.5285714
14716.667,-11.465079,-0.15555556
14733.333,-11.495238,-0.07460318
14750.0,-11.465476,-0.06666667
14766.667,-11.445238,-0.051587302
14783.333,-11.439285,-0.025793651
14800.0,-11.433333,4.114381e-15
14816.667,-11.403571,0.037698414
14833.333,-11.37381,0.07539683
14850.0,-11.356547,0.10119048
14866.667,-11.347619,0.11904762
14883.333,-11.330754,0.14087301
14900.0,-11.282143,0.17857143
14916.667,-11.233532,0.21626984
14933.333,-11.214286,0.26190478
14950.0,-11.202381,0.30952382
14966.667,-11.199206,0.34603176
14983.333,-11.209127,0.365873
15000.0,-11.219048,0.3857143
15016.667,-11.16746,0.37380952
15033.333,-11.115873,0.36190477
15050.0,-11.088096,0.38273808
15066.667,-11.076191,0.42539683
15083.333,-11.067857,0.4605159
15100.0,-11.07381,0.46547619
15116.667,-11.0797615,0.4704365
15133.333,-11.093651,0.41746032
15150.0,-11.109524,0.35
15166.667,-11.115079,0.30079365
15183.333,-11.105159,0.27896824
15200.0,-11.095238,0.25714287
15216.667,-10.940476,0.06170635
15233.333,-10.785714,-0.13373016
15250.0,-10.622619,-0.4827381
15266.667,-10.453968,-0.934127
15283.333,-10.321032,-1.2936507
15300.0,-10.330953,-1.2857143
15316.667,-10.340873,-1.2777778
15333.333,-10.32381,-1.2952381
15350.0,-10.3,-1.3190476
15366.667,-10.276191,-1.3420635
15383.333,-10.252381,-1.3638889
15400.0,-10.228572,-1.3857143
15416.667,-10.233532,-1.4164683
15433.333,-10.238492,-1.4472222
15450.0,-10.252976,-1.4672619
15466.667,-10.273809,-1.4801587
15483.333,-10.294047,-1.5051588
15500.0,-10.311905,-1.5785714
15516.667,-10.3297615,-1.6519841
15533.333,-10.328571,-1.6698413
15550.0,-10.322619,-1.6738095
15566.667,-10.306349,-1.684127
15583.333,-10.274603,-1.7039683
15600.0,-10.242857,-1.7238095
15616.667,-10.240873,-1.7803571
15633.333,-10.238889,-1.8369048
15650.0,-10.2464285,-1.8809524
15666.667,-10.260318,-1.9166666
15683.333,-10.265873,-1.9450396
15700.0,-10.238095,-1.9440476
15716.667,-10.210318,-1.9430555
15733.333,-10.214286,-1.915873
15750.0,-10.226191,-1.8821429
15766.667,-10.231746,-1.8793651
15783.333,-10.2277775,-1.9230158
15800.0,-10.223809,-1.9666667
15816.667,-10.217857,-1.9626985
15833.333,-10.211905,-1.9587301
15850.0,-10.217262,-1.9416667
15866.667,-10.230159,-1.915873
15883.333,-10.235119,-1.8972223
15900.0,-10.208333,-1.9071429
15916.667,-10.181547,-1.9170635
15933.333,-10.155556,-1.9333333
15950.0,-10.129762,-1.9511905
15966.667,-10.113492,-1.9547619
15983.333,-10.111508,-1.9369048
16000.0,-10.109524,-1.9190476
16016.667,-10.060913,-1.8694445
16033.333,-10.012301,-1.8198413
16050.0,-9.981547,-1.8011905
16066.667,-9.962698,-1.8031746
16083.333,-9.94881,-1.8055556
16100.0,-9.9547615,-1.8095238
16116.667,-9.960714,-1.8134921
16133.333,-9.9777775,-1.8007936
16150.0,-9.997619,-1.7839285
16166.667,-9.988095,-1.7392857
16183.333,-9.934524,-1.6529762
16200.0,-9.880953,-1.5666667
16216.667,-9.636905,-1.1222222
16233.333,-9.392858,-0.67777777
16250.0,-9.300595,-0.52380955
16266.667,-9.309524,-0.56349206
16283.333,-9.316468,-0.60555553
16300.0,-9.315476,-0.6571429
16316.667,-9.314485,-0.70873016
16333.333,-9.319048,-0.7904762
16350.0,-9.325,-0.87976193
16366.667,-9.33254,-0.96031743
16383.333,-9.342461,-1.0277778
16400.0,-9.352381,-1.0952381
16416.666,-9.338492,-1.0773809
16433.334,-9.324603,-1.0595238
16450.0,-9.296429,-1.0476191
16466.666,-9.25873,-1.0396825
16483.334,-9.230952,-1.0527778
16500.0,-9.242857,-1.15
16516.666,-9.254762,-1.2472222
16533.334,-9.2650795,-1.2349206
16550.0,-9.275,-1.1952381
16566.666,-9.288095,-1.1761905
16583.334,-9.305952,-1.1880952
16600.0,-9.32381,-1.2
16616.666,-9.30992,-1.2099206
16633.334,-9.296032,-1.2198412
16650.0,-9.311905,-1.2238095
16666.666,-9.347619,-1.2238095
16683.334,-9.375793,-1.2309524
16700.0,-9.37381,-1.2666667
16716.666,-9.371825,-1.3023809
16733.334,-9.395238,-1.3428571
16750.0,-9.425,-1.3845239
16766.666,-9.444445,-1.4238095
16783.334,-9.448413,-1.4595238
16800.0,-9.452381,-1.4952381
16816.666,-9.474206,-1.5289682
16833.334,-9.496032,-1.5626984
16850.0,-9.501785,-1.6041666
16866.666,-9.496825,-1.6507937
16883.334,-9.494842,-1.6926588
16900.0,-9.504762,-1.7154762
16916.666,-9.514683,-1.7382936
16933.334,-9.498413,-1.7984127
16950.0,-9.475595,-1.8678571
16966.666,-9.436111,-1.9011905
16983.334,-9.371627,-1.8803571
17000.0,-9.307143,-1.8595238
17016.666,-9.516468,-1.8763889
17033.334,-9.725794,-1.8932539
17050.0,-10.114285,-1.8845239
17066.666,-10.622222,-1.8587302
17083.334,-11.025397,-1.8376985
17100.0,-11.009523,-1.8357143
17116.666,-10.99365,-1.8337301
17133.334,-10.965079,-1.8285714
17150.0,-10.933333,-1.8226191
17166.666,-10.910317,-1.8515873
17183.334,-10.900397,-1.9329365
17200.0,-10.890476,-2.0142858
17216.666,-10.823016,-1.9984127
17233.334,-10.755555,-1.9825397
17250.0,-10.734524,-1.9833333
17266.666,-10.744445,-1.9952381
17283.334,-10.749603,-2.004762
17300.0,-10.735714,-2.004762
17316.666,-10.721826,-2.004762
17333.334,-10.712698,-2.0349207
17350.0,-10.7047615,-2.072619
17366.666,-10.706349,-2.0984128
17383.334,-10.722222,-2.1063492
17400.0,-10.738095,-2.1142857
17416.666,-10.755953,-2.1281745
17433.334,-10.773809,-2.1420634
17450.0,-10.794047,-2.195238
17466.666,-10.815873,-2.2746031
17483.334,-10.838889,-2.335119
17500.0,-10.866667,-2.320238
17516.666,-10.894444,-2.3053572
17533.334,-10.898413,-2.3015873
17550.0,-10.896428,-2.3005953
17566.666,-10.896031,-2.288889
17583.334,-10.898016,-2.261111
17600.0,-10.9,-2.2333333
17616.666,-11.324603,-2.4277778
17633.334,-11.749207,-2.6222222
17650.0,-11.896428,-2.697619
17666.666,-11.85873,-2.6936507
17683.334,-11.830556,-2.7007937
17700.0,-11.840476,-2.7523808
17716.666,-11.850397,-2.8039682
17733.334,-11.844444,-2.863492
17750.0,-11.834524,-2.925
17766.666,-11.826191,-2.9849207
17783.334,-11.820238,-3.0424602
17800.0,-11.814285,-3.1
17816.666,-11.780556,-3.1357143
17833.334,-11.746825,-3.1714287
17850.0,-11.714286,-3.2035713
17866.666,-11.68254,-3.2333333
17883.334,-11.663691,-3.2619047
17900.0,-11.696428,-3.2857144
17916.666,-11.729167,-3.3095238
17933.334,-11.726984,-3.3333333
17950.0,-11.716071,-3.357143
17966.666,-11.702381,-3.3761904
17983.334,-11.684524,-3.3880951
18000.0,-11.666667,-3.4
18016.666,-11.605159,-3.3761904
18033.334,-11.543651,-3.352381
18050.0,-11.486905,-3.3678572
18066.666,-11.433333,-3.4095237
18083.334,-11.388889,-3.4555554
18100.0,-11.380953,-3.5190477
18116.666,-11.373015,-3.5825398
18133.334,-11.326984,-3.618254
18150.0,-11.271428,-3.647024
18166.666,-11.228572,-3.6575396
18183.334,-11.2047615,-3.6406746
18200.0,-11.180952,-3.6238096
18216.666,-10.262301,-3.068254
18233.334,-9.343651,-2.5126984
18250.0,-8.986905,-2.3357143
18266.666,-9.004762,-2.411111
18283.334,-9.028174,-2.476984
18300.0,-9.07381,-2.504762
18316.666,-9.119445,-2.5325396
18333.334,-9.1214285,-2.5492063
18350.0,-9.1125,-2.5630953
18366.666,-9.117857,-2.5714285
18383.334,-9.144643,-2.5714285
18400.0,-9.171429,-2.5714285
18416.666,-9.197222,-2.6111112
18433.334,-9.223016,-2.6507936
18450.0,-9.230952,-2.6452382
18466.666,-9.226984,-2.6095238
18483.334,-9.222619,-2.5734127
18500.0,-9.216666,-2.5357144
18516.666,-9.210714,-2.4980159
18533.334,-9.223809,-2.5
18550.0,-9.241667,-2.5119047
18566.666,-9.254762,-2.5190477
18583.334,-9.260715,-2.5190477
18600.0,-9.266666,-2.5190477
18616.666,-9.280556,-2.5190477
18633.334,-9.294444,-2.5190477
18650.0,-9.291667,-2.4976192
18666.666,-9.277778,-2.4619048
18683.334,-9.2625,-2.4234128
18700.0,-9.241667,-2.3738096
18716.666,-9.220834,-2.3242064
18733.334,-9.223809,-2.336508
18750.0,-9.2327385,-2.3642857
18766.666,-9.233334,-2.3746033
18783.334,-9.221429,-2.35873
18800.0,-9.209524,-2.3428571
18816.666,-9.175794,-2.2912698
18833.334,-9.142063,-2.2396824
18850.0,-9.134523,-2.2154763
18866.666,-9.144444,-2.209524
18883.334,-9.146428,-2.2150793
18900.0,-9.116667,-2.2666667
18916.666,-9.086905,-2.318254
18933.334,-9.095238,-2.3492064
18950.0,-9.113095,-2.375
18966.666,-9.134127,-2.4047618
18983.334,-9.159921,-2.4404762
19000.0,-9.185715,-2.4761906
19016.666,-10.148016,-2.6666667
19033.334,-11.110317,-2.857143
19050.0,-11.502381,-2.9607143
19066.666,-11.514286,-3.0063493
19083.334,-11.521826,-3.0460317
19100.0,-11.511905,-3.0619047
19116.666,-11.501985,-3.0777779
19133.334,-11.487302,-3.102381
19150.0,-11.471429,-3.1291666
19166.666,-11.447619,-3.1392858
19183.334,-11.411904,-3.1244047
19200.0,-11.37619,-3.1095238
19216.666,-11.360317,-3.0996032
19233.334,-11.344444,-3.0896826
19250.0,-11.344048,-3.0964286
19266.666,-11.353969,-3.1142857
19283.334,-11.358334,-3.1305556
19300.0,-11.340476,-3.1404762
19316.666,-11.322619,-3.1503968
19333.334,-11.35,-3.1785715
19350.0,-11.388691,-3.2113094
19366.666,-11.151191,-3.1329365
19383.334,-10.499405,-2.8878968
19400.0,-9.847619,-2.642857
19416.666,-9.887301,-2.6329365
19433.334,-9.926984,-2.6230159
19450.0,-9.941667,-2.6559525
19466.666,-9.939683,-2.7174604
19483.334,-9.93492,-2.765873
19500.0,-9.919047,-2.7619047
19516.666,-9.903174,-2.7579365
19533.334,-9.87381,-2.7412698
19550.0,-9.841071,-2.7214286
19566.666,-9.817063,-2.7222223
19583.334,-9.80615,-2.7539682
19600.0,-9.7952385,-2.7857144
19616.666,-9.7952385,-2.8452382
19633.334,-9.7952385,-2.9047618
19650.0,-9.796429,-2.9369047
19666.666,-9.798412,-2.9507937
19683.334,-9.796429,-2.9642856
19700.0,-9.778571,-2.9761906
19716.666,-9.760715,-2.9880953
19733.334,-9.759523,-3.0166667
19750.0,-9.7625,-3.0494049
19766.666,-9.813492,-3.1103175
19783.334,-9.936508,-3.2134922
19800.0,-10.059524,-3.3166666
19816.666,-10.375992,-3.4009922
19833.334,-10.69246,-3.4853175
19850.0,-10.802381,-3.4892857
19866.666,-10.774603,-3.4396825
19883.334,-10.74623,-3.4031746
19900.0,-10.715476,-3.4190476
19916.666,-10.684722,-3.4349205
19933.334,-10.703175,-3.442857
19950.0,-10.733929,-3.4488096
19966.666,-10.75,-3.4468255
19983.334,-10.744047,-3.4329364
20000.0,-10.738095,-3.4190476
20016.666,-10.720238,-3.4825397
20033.334,-10.702381,-3.5460317
20050.0,-10.684524,-3.6053572
20066.666,-10.666667,-3.6619048
20083.334,-10.648809,-3.7069445
20100.0,-10.630953,-3.7059524
20116.666,-10.613095,-3.7049603
20133.334,-10.607937,-3.7333333
20150.0,-10.605952,-3.7690477
20166.666,-10.605556,-3.8119047
20183.334,-10.60754,-3.8654761
20200.0,-10.609524,-3.9190476
20216.666,-10.68492,-3.7563493
20233.334,-10.760318,-3.5936508
20250.0,-10.666138,-3.1693122
20266.666,-10.571958,-2.7449737
20283.334,-10.4777775,-2.3206348
20300.0,-10.383598,-1.8962963
20316.666,-10.289418,-1.4719577
20333.334,-10.195238,-1.0476191
20350.0,-10.397619,-3.3988094
20366.666,-10.514286,-4.75
20383.334,-10.502381,-4.6011906
20400.0,-10.490477,-4.452381
20416.666,-10.530159,-4.5099206
20433.334,-10.569841,-4.5674605
20450.0,-10.532143,-4.615476
20466.666,-10.442857,-4.6571426
20483.334,-10.370238,-4.6988096
20500.0,-10.364285,-4.740476
20516.666,-10.358334,-4.7821426
20533.334,-10.325397,-4.8555555
20550.0,-10.285714,-4.936905
20566.666,-10.238095,-5.020635
20583.334,-10.178572,-5.1079364
20600.0,-10.119047,-5.195238
20616.666,-10.130953,-5.264683
20633.334,-10.142858,-5.334127
20650.0,-10.140476,-5.365476
20666.666,-10.1285715,-5.3714285
20683.334,-10.114285,-5.3892856
20700.0,-10.090476,-5.454762
20716.666,-10.066667,-5.520238
20733.334,-10.028571,-5.552381
20750.0,-9.986905,-5.5761905
20766.666,-9.961905,-5.619841
20783.334,-9.961905,-5.693254
20800.0,-9.961905,-5.766667
20816.666,-9.985714,-5.7369046
20833.334,-10.009523,-5.707143
20850.0,-11.208333,-5.446429
20866.666,-13.190476,-5.031746
20883.334,-14.774405,-4.7049603
20900.0,-14.765476,-4.729762
20916.666,-14.756548,-4.7545633
20933.334,-14.724603,-4.7539682
20950.0,-14.686905,-4.7470236
20966.666,-14.686905,-4.7470236
20983.334,-14.686905,-4.7470236
