0.0,-7.2619047,-4.742857
16.666666,-7.263889,-4.740873
33.333332,-7.265873,-4.7388887
50.0,-7.260714,-4.7357144
66.666664,-7.2507935,-4.731746
83.333336,-7.2420635,-4.733333
100.0,-7.2380953,-4.757143
116.666664,-7.234127,-4.7809525
133.33333,-7.233333,-4.785714
150.0,-7.233333,-4.785714
166.66667,-7.243651,-4.7801585
183.33333,-7.2694445,-4.7662697
200.0,-7.295238,-4.752381
216.66667,-7.313095,-4.7126985
233.33333,-7.330952,-4.673016
250.0,-7.345238,-4.675
266.66666,-7.357143,-4.704762
283.33334,-7.365476,-4.7281747
300.0,-7.359524,-4.7261906
316.66666,-7.3535714,-4.7242064
333.33334,-7.369841,-4.7
350.0,-7.391667,-4.670238
366.66666,-7.4039683,-4.6468253
383.33334,-7.401984,-4.6329365
400.0,-7.4,-4.6190476
416.66666,-7.364286,-4.6011906
433.33334,-7.3285713,-4.5833335
450.0,-7.302976,-4.5607142
466.66666,-7.2841268,-4.5349207
483.33334,-7.265278,-4.506746
500.0,-7.2464285,-4.4690475
516.6667,-7.2275796,-4.4313493
533.3333,-7.2460318,-4.4420633
550.0,-7.2738094,-4.464881
566.6667,-7.2873015,-4.481349
583.3333,-7.279365,-4.4882936
600.0,-7.2714286,-4.4952383
616.6667,-7.2238097,-4.493254
633.3333,-7.1761904,-4.49127
650.0,-7.279762,-4.4619045
666.6667,-7.484127,-4.4142857
683.3333,-7.9753966,-4.199603
700.0,-9.614285,-3.3166666
716.6667,-11.253175,-2.4337301
733.3333,-11.602381,-2.220635
750.0,-11.629167,-2.175
766.6667,-11.63373,-2.143254
783.3333,-11.60496,-2.1323414
800.0,-11.576191,-2.1214285
816.6667,-11.576191,-2.1541667
833.3333,-11.576191,-2.1869047
850.0,-11.545834,-2.242262
866.6667,-11.495238,-2.3126984
883.3333,-11.447023,-2.369246
900.0,-11.408334,-2.370238
916.6667,-11.369643,-2.3712301
933.3333,-11.363492,-2.3444445
950.0,-11.365477,-2.3107142
966.6667,-11.361111,-2.2968254
983.3333,-11.347222,-2.3126984
1000.0,-11.333333,-2.3285713
1016.6667,-11.291667,-2.3503969
1033.3334,-11.25,-2.3722222
1050.0,-11.220238,-2.379762
1066.6666,-11.198413,-2.3777778
1083.3334,-11.171825,-2.3720238
1100.0,-11.12619,-2.3511906
1116.6666,-11.080556,-2.330357
1133.3334,-11.023016,-2.3253968
1150.0,-10.9625,-2.3244047
1166.6666,-10.921825,-2.331746
1183.3334,-10.9109125,-2.3515873
1200.0,-10.9,-2.3714285
1216.6666,-10.9,-2.345635
1233.3334,-10.9,-2.3198414
1250.0,-10.891666,-2.2988095
1266.6666,-10.877778,-2.2809525
1283.3334,-10.600397,-2.384127
1300.0,-9.269048,-2.9714286
1316.6666,-7.9376984,-3.5587301
1333.3334,-7.6507936,-3.6507936
1350.0,-7.625,-3.6190476
1366.6666,-7.6305556,-3.5940475
1383.3334,-7.683135,-3.5791667
1400.0,-7.7357144,-3.5642858
1416.6666,-7.748611,-3.5871031
1433.3334,-7.761508,-3.6099207
1450.0,-7.7482142,-3.6375
1466.6666,-7.71746,-3.668254
1483.3334,-7.689881,-3.6898808
1500.0,-7.675,-3.675
1516.6666,-7.660119,-3.660119
1533.3334,-7.6349206,-3.6539683
1550.0,-7.607143,-3.65
1566.6666,-7.5845237,-3.640873
1583.3334,-7.569643,-3.624008
1600.0,-7.554762,-3.607143
1616.6666,-7.5359125,-3.608135
1633.3334,-7.5170636,-3.609127
1650.0,-7.509524,-3.6190476
1666.6666,-7.509524,-3.6349206
1683.3334,-7.5119047,-3.6444445
1700.0,-7.5238094,-3.6285715
1716.6666,-7.535714,-3.6126983
1733.3334,-7.5333333,-3.568254
1750.0,-7.527381,-3.5166667
1766.6666,-7.5277777,-3.476984
1783.3334,-7.5376983,-3.4551587
1800.0,-7.547619,-3.4333334
1816.6666,-7.553571,-3.4234128
1833.3334,-7.5595236,-3.413492
1850.0,-7.5761905,-3.415476
1866.6666,-7.6,-3.425397
1883.3334,-7.621825,-3.4333334
1900.0,-7.635714,-3.4333334
1916.6666,-7.6496034,-3.4333334
1933.3334,-7.636508,-3.426984
1950.0,-7.616667,-3.4190476
1966.6666,-7.606746,-3.409127
1983.3334,-7.6117063,-3.3962302
2000.0,-7.616667,-3.3833334
2016.6666,-7.6533732,-3.4398808
2033.3334,-7.690079,-3.4964285
2050.0,-7.697619,-3.5083334
2066.6667,-7.6857142,-3.4904761
2083.3333,-7.674603,-3.4781747
2100.0,-7.6666665,-3.4880953
2116.6667,-7.65873,-3.4980159
2133.3333,-7.6698413,-3.5253968
2150.0,-7.6857142,-3.557143
2166.6667,-7.6924605,-3.5714285
2183.3333,-7.685516,-3.5595238
2200.0,-7.678571,-3.547619
2216.6667,-7.6875,-3.5496032
2233.3333,-7.696429,-3.5515873
2250.0,-7.6892858,-3.5630953
2266.6667,-7.6714287,-3.5809524
2283.3333,-7.65754,-3.591865
2300.0,-7.659524,-3.575
2316.6667,-7.661508,-3.558135
2333.3333,-7.6571426,-3.5174603
2350.0,-7.6511903,-3.4708333
2366.6667,-7.6476192,-3.4539683
2383.3333,-7.6476192,-3.481746
2400.0,-7.6476192,-3.5095239
2416.6667,-7.65754,-3.5492063
2433.3333,-7.6674604,-3.588889
2450.0,-7.6642857,-3.5857143
2466.6667,-7.652381,-3.5539682
2483.3333,-7.643651,-3.5325396
2500.0,-7.6476192,-3.552381
2516.6667,-7.6515875,-3.5722222
2533.3333,-7.652381,-3.6238096
2550.0,-7.652381,-3.6833334
2566.6667,-7.646032,-3.7134922
2583.3333,-7.630159,-3.699603
2600.0,-7.614286,-3.6857142
2616.6667,-7.588492,-3.7035713
2633.3333,-7.5626984,-3.7214286
2650.0,-7.560119,-3.7404761
2666.6667,-7.5730157,-3.7603176
2683.3333,-7.582738,-3.7797618
2700.0,-7.579762,-3.797619
2716.6667,-7.5767856,-3.8154762
2733.3333,-7.5698414,-3.8507936
2750.0,-7.561905,-3.8904762
2766.6667,-7.5511904,-3.925
2783.3333,-7.5363097,-3.9517858
2800.0,-7.5214286,-3.9785714
2816.6667,-7.5055556,-3.9914682
2833.3333,-7.4896827,-4.004365
2850.0,-7.474405,-4.007143
2866.6667,-7.4595237,-4.003175
2883.3333,-7.438095,-4.0003967
2900.0,-7.390476,-4.002381
2916.6667,-7.3428574,-4.004365
2933.3333,-7.315873,-3.9873016
2950.0,-7.294048,-3.9654763
2966.6667,-7.2944446,-3.9460318
2983.3333,-7.3281746,-3.9301586
3000.0,-7.3619046,-3.9142857
3016.6667,-9.546429,-3.8359127
3033.3333,-11.730952,-3.7575397
3050.0,-12.62381,-3.727976
3066.6667,-12.655556,-3.7309523
3083.3333,-12.672619,-3.73373
3100.0,-12.630953,-3.7357142
3116.6667,-12.589286,-3.7376983
3133.3333,-12.557143,-3.7476192
3150.0,-12.527381,-3.7595239
3166.6667,-12.503968,-3.7666667
3183.3333,-12.490079,-3.7666667
3200.0,-12.476191,-3.7666667
3216.6667,-12.468254,-3.770635
3233.3333,-12.460318,-3.7746031
3250.0,-12.455953,-3.8035715
3266.6667,-12.453968,-3.8492064
3283.3333,-12.448413,-3.8857143
3300.0,-12.428572,-3.8857143
3316.6667,-12.4087305,-3.8857143
3333.3333,-12.392063,-3.8777778
3350.0,-12.37619,-3.8678572
3366.6667,-12.363492,-3.8619049
3383.3333,-12.355556,-3.8619049
3400.0,-12.347619,-3.8619049
3416.6667,-12.341666,-3.863889
3433.3333,-12.335714,-3.865873
3450.0,-12.339286,-3.8720238
3466.6667,-12.349206,-3.8809524
3483.3333,-12.355556,-3.8839285
3500.0,-12.347619,-3.8630953
3516.6667,-12.339683,-3.8422618
3533.3333,-12.3412695,-3.8468254
3550.0,-12.345238,-3.857738
3566.6667,-12.349206,-3.868254
3583.3333,-12.353174,-3.8781745
3600.0,-12.357142,-3.8880951
3616.6667,-12.373015,-3.8732142
3633.3333,-12.388889,-3.8583333
3650.0,-12.401191,-3.8821428
3666.6667,-12.411111,-3.931746
3683.3333,-12.419246,-3.9692461
3700.0,-12.4202385,-3.9583333
3716.6667,-12.42123,-3.9474206
3733.3333,-12.415873,-3.8579366
3750.0,-12.408929,-3.7488096
3766.6667,-12.386508,-3.6563492
3783.3333,-12.340873,-3.588889
3800.0,-12.2952385,-3.5214286
3816.6667,-12.29127,-3.5184524
3833.3333,-12.287302,-3.5154762
3850.0,-12.409524,-4.85
3866.6667,-12.615873,-7.0761905
3883.3333,-12.8,-8.920635
3900.0,-12.895238,-9.238095
3916.6667,-12.990477,-9.555555
3933.3333,-13.004762,-9.6
3950.0,-12.99881,-9.576191
3966.6667,-12.99127,-9.542064
3983.3333,-12.981349,-9.49246
4000.0,-12.971429,-9.442857
4016.6667,-12.974404,-9.413095
4033.3333,-12.977381,-9.383333
4050.0,-12.985119,-9.349404
4066.6667,-12.996032,-9.312698
4083.3333,-13.003968,-9.285516
4100.0,-13.0,-9.296429
4116.6665,-12.996032,-9.307342
4133.3335,-12.995238,-9.314285
4150.0,-12.995238,-9.320238
4166.6665,-12.998413,-9.327778
4183.3335,-13.00635,-9.337698
4200.0,-13.014286,-9.347619
4216.6665,-13.012301,-9.355556
4233.3335,-13.010318,-9.363492
4250.0,-13.014286,-9.361905
4266.6665,-13.0222225,-9.353969
4283.3335,-13.033532,-9.345039
4300.0,-13.058333,-9.332143
4316.6665,-13.083135,-9.319246
4333.3335,-13.069841,-9.25873
4350.0,-13.047024,-9.18631
4366.6665,-13.030159,-9.138095
4383.3335,-13.0222225,-9.12619
4400.0,-13.014286,-9.114285
4416.6665,-13.042064,-9.151984
4433.3335,-13.069841,-9.189683
4450.0,-13.094643,-9.214881
4466.6665,-13.11746,-9.231746
4483.3335,-13.163691,-9.366468
4500.0,-13.303572,-9.972619
4516.6665,-13.443453,-10.57877
4533.3335,-13.463492,-10.868254
4550.0,-13.453571,-11.078571
4566.6665,-13.436508,-11.184524
4583.3335,-13.4087305,-11.133928
4600.0,-13.380953,-11.083333
4616.6665,-13.386905,-11.060515
4633.3335,-13.392858,-11.037699
4650.0,-13.382143,-11.019048
4666.6665,-13.360317,-11.003175
4683.3335,-13.3412695,-10.991667
4700.0,-13.333333,-10.997619
4716.6665,-13.325397,-11.0035715
4733.3335,-13.314285,-11.004762
4750.0,-13.302381,-11.004762
4766.6665,-13.290476,-11.00873
4783.3335,-13.278571,-11.018651
4800.0,-13.266666,-11.028571
4816.6665,-13.244842,-11.022619
4833.3335,-13.223016,-11.016666
4850.0,-13.208333,-11.004762
4866.6665,-13.198413,-10.988889
4883.3335,-13.114682,-10.95873
4900.0,-12.735714,-10.8714285
4916.6665,-12.356746,-10.784127
4933.3335,-12.280952,-10.755555
4950.0,-12.280952,-10.741667
4966.6665,-12.288889,-10.733334
4983.3335,-12.30873,-10.733334
5000.0,-12.328571,-10.733334
5016.6665,-12.334524,-10.737302
5033.3335,-12.340476,-10.74127
5050.0,-12.344048,-10.725
5066.6665,-12.346032,-10.695238
5083.3335,-12.35,-10.669444
5100.0,-12.361905,-10.659524
5116.6665,-12.37381,-10.649603
5133.3335,-12.387301,-10.655556
5150.0,-12.401191,-10.665476
5166.6665,-12.426984,-10.673016
5183.3335,-12.470634,-10.676984
5200.0,-12.514286,-10.680952
5216.6665,-12.526191,-10.665079
5233.3335,-12.538095,-10.649206
5250.0,-12.577381,-10.644643
5266.6665,-12.634921,-10.647619
5283.3335,-12.68373,-10.611111
5300.0,-12.697619,-10.416667
5316.6665,-12.711508,-10.222222
5333.3335,-11.979365,-7.061905
5350.0,-11.060715,-3.160119
5366.6665,-10.372222,-0.61071426
5383.3335,-10.028968,-0.08988095
5400.0,-9.685715,0.43095237
5416.6665,-9.775,0.37837303
5433.3335,-9.864285,0.32579365
5450.0,-9.896428,0.2797619
5466.6665,-9.890476,0.23809524
5483.3335,-9.893849,0.20357142
5500.0,-9.934524,0.19761905
5516.6665,-9.975199,0.19166666
5533.3335,-10.001587,0.18095239
5550.0,-10.024405,0.16904762
5566.6665,-10.043254,0.16150793
5583.3335,-10.05615,0.16051587
5600.0,-10.069048,0.15952381
5616.6665,-9.1077385,-0.90099204
5633.3335,-8.146428,-1.9615079
5650.0,-7.672619,-2.7940476
5666.6665,-7.5238094,-3.4746032
5683.3335,-7.4194446,-4.016667
5700.0,-7.492857,-4.0047617
5716.6665,-7.56627,-3.9928572
5733.3335,-7.5873017,-3.9920635
5750.0,-7.595238,-3.9940476
5766.6665,-7.5960317,-3.995238
5783.3335,-7.586111,-3.995238
5800.0,-7.5761905,-3.995238
5816.6665,-7.570238,-4.0309525
5833.3335,-7.5642858,-4.0666666
5850.0,-7.572619,-4.0916667
5866.6665,-7.590476,-4.109524
5883.3335,-7.6055555,-4.1238093
5900.0,-7.609524,-4.1238093
5916.6665,-7.613492,-4.1238093
5933.3335,-7.606349,-4.1174603
5950.0,-7.5964284,-4.109524
5966.6665,-7.586508,-4.107143
5983.3335,-7.576587,-4.1130953
6000.0,-7.5666666,-4.1190476
6016.6665,-7.552778,-4.105159
6033.3335,-7.538889,-4.09127
6050.0,-7.509524,-4.0940475
6066.6665,-7.4698415,-4.1079364
6083.3335,-7.4261904,-4.1277776
6100.0,-7.366667,-4.1714287
6116.6665,-7.3071427,-4.2150793
6133.3335,-7.2619047,-4.2349205
6150.0,-7.220238,-4.2488093
6166.6665,-7.1896825,-4.272222
6183.3335,-7.1757936,-4.309921
6200.0,-7.161905,-4.347619
6216.6665,-7.177778,-4.3674603
6233.3335,-7.1936507,-4.3873014
6250.0,-7.195238,-4.392857
6266.6665,-7.1873016,-4.388889
6283.3335,-7.1781745,-4.382738
6300.0,-7.1642857,-4.367857
6316.6665,-7.150397,-4.3529763
6333.3335,-7.1412697,-4.338095
6350.0,-7.133333,-4.323214
6366.6665,-7.113492,-4.293254
6383.3335,-7.0757937,-4.2406745
6400.0,-7.0380955,-4.188095
6416.6665,-9.976587,-2.7525795
6433.3335,-12.915079,-1.3170635
6450.0,-14.082143,-0.74404764
6466.6665,-14.0682535,-0.74603176
6483.3335,-14.051984,-0.74722224
6500.0,-14.026191,-0.74523807
6516.6665,-14.000397,-0.74325395
6533.3335,-13.987302,-0.73650795
6550.0,-13.977381,-0.7285714
6566.6665,-13.975397,-0.72936505
6583.3335,-13.985317,-0.74325395
6600.0,-13.995238,-0.75714284
6616.6665,-13.989285,-0.75912696
6633.3335,-13.983334,-0.76111114
6650.0,-13.982142,-0.75
6666.6665,-13.984127,-0.73015875
6683.3335,-13.979762,-0.71349204
6700.0,-13.95,-0.7095238
6716.6665,-13.9202385,-0.70555556
6733.3335,-11.380158,-1.2142857
6750.0,-8.2125,-1.8511904
6766.6665,-6.3674603,-2.2325397
6783.3335,-6.506349,-2.2305555
6800.0,-6.645238,-2.2285714
6816.6665,-6.677976,-2.2166667
6833.3335,-6.7107143,-2.204762
6850.0,-6.7261906,-2.197619
6866.6665,-6.730159,-2.1936507
6883.3335,-6.729762,-2.1904762
6900.0,-6.7119045,-2.1904762
6916.6665,-6.6940475,-2.1904762
6933.3335,-6.6873016,-2.1793652
6950.0,-6.6833334,-2.165476
6966.6665,-6.672222,-2.1587303
6983.3335,-6.650397,-2.1626985
7000.0,-6.6285715,-2.1666667
7016.6665,-6.60377,-2.172619
7033.3335,-6.578968,-2.1785715
7050.0,-6.5684524,-2.1880953
7066.6665,-6.5674605,-2.2
7083.3335,-6.563889,-2.2083333
7100.0,-6.55,-2.202381
7116.6665,-6.536111,-2.1964285
7133.3335,-6.5444446,-2.2
7150.0,-6.5583334,-2.2059524
7166.6665,-6.575397,-2.2150793
7183.3335,-6.5972223,-2.2289681
7200.0,-6.6190476,-2.2428572
7216.6665,-6.5793653,-2.254762
7233.3335,-6.5396824,-2.2666667
7250.0,-6.515476,-2.267857
7266.6665,-6.5015874,-2.2619047
7283.3335,-6.3071427,-2.204365
7300.0,-5.390476,-1.9404762
7316.6665,-4.4738097,-1.6765873
7333.3335,-3.8,-1.2714286
7350.0,-3.1869047,-0.8309524
7366.6665,-2.8373015,-0.56984127
7383.3335,-2.8829365,-0.5777778
7400.0,-2.9285715,-0.5857143
7416.6665,-2.9484127,-0.6869048
7433.3335,-2.9682539,-0.78809524
7450.0,-3.0083334,-0.83214283
7466.6665,-3.0619047,-0.83809525
7483.3335,-3.1150794,-0.85238093
7500.0,-3.1666667,-0.9
7516.6665,-3.2182539,-0.947619
7533.3335,-3.2412698,-0.9349206
7550.0,-3.2571428,-0.9071429
7566.6665,-3.265873,-0.87896824
7583.3335,-3.2638888,-0.8501984
7600.0,-3.2619047,-0.8214286
7616.6665,-3.2589285,-0.81646824
7633.3335,-3.2559524,-0.81150794
7650.0,-5.1410713,-0.7821429
7666.6665,-8.284921,-0.73650795
7683.3335,-10.834127,-0.70357144
7700.0,-11.004762,-0.7214286
7716.6665,-11.175397,-0.7392857
7733.3335,-11.193651,-0.7190476
7750.0,-11.173809,-0.6892857
7766.6665,-11.149206,-0.65198416
7783.3335,-11.11746,-0.603373
7800.0,-11.085714,-0.5547619
7816.6665,-11.081746,-0.5636905
7833.3335,-11.077778,-0.572619
7850.0,-11.082143,-0.5619048
7866.6665,-11.092064,-0.53809524
7883.3335,-11.100397,-0.52261907
7900.0,-11.102381,-0.5404762
7916.6665,-11.104365,-0.55833334
7933.3335,-11.105556,-0.5547619
7950.0,-11.106547,-0.54583335
7966.6665,-11.120635,-0.5448413
7983.3335,-11.154366,-0.55575395
8000.0,-11.188095,-0.56666666
8016.6665,-11.200992,-0.56666666
8033.3335,-11.213889,-0.56666666
8050.0,-11.209524,-0.56785715
8066.6665,-11.193651,-0.56984127
8083.3335,-11.1817465,-0.57222223
8100.0,-11.185715,-0.5761905
8116.6665,-11.189683,-0.5801587
8133.3335,-11.215873,-0.5793651
8150.0,-11.247619,-0.57738096
8166.6665,-11.265873,-0.58492064
8183.3335,-11.263889,-0.606746
8200.0,-11.261905,-0.62857145
8216.667,-11.272818,-0.6563492
8233.333,-11.2837305,-0.684127
8250.0,-11.291072,-0.70238096
8266.667,-11.296032,-0.71428573
8283.333,-11.305159,-0.72579366
8300.0,-11.330953,-0.73571426
8316.667,-11.356746,-0.7456349
8333.333,-11.347619,-0.75555557
8350.0,-11.3297615,-0.76547617
8366.667,-11.313492,-0.78650796
8383.333,-11.299603,-0.82420635
8400.0,-11.285714,-0.86190474
8416.667,-11.279762,-0.8698413
8433.333,-11.273809,-0.87777776
8450.0,-11.269048,-0.8857143
8466.667,-11.2650795,-0.89365077
8483.333,-11.259523,-0.8998016
8500.0,-11.247619,-0.89880955
8516.667,-11.235714,-0.89781743
8533.333,-11.198413,-0.9111111
8550.0,-11.154762,-0.9279762
8566.667,-11.12381,-0.9547619
8583.333,-11.111905,-0.99642855
8600.0,-11.1,-1.0380952
8616.667,-11.082143,-1.0539683
8633.333,-11.064285,-1.0698413
8650.0,-11.042857,-1.0726191
8666.667,-11.019048,-1.0666667
8683.333,-10.997619,-1.0686508
8700.0,-10.985714,-1.102381
8716.667,-10.973809,-1.1361111
8733.333,-10.976191,-1.1634921
8750.0,-10.982142,-1.1892858
8766.667,-10.975794,-1.2047619
8783.333,-10.950992,-1.2047619
8800.0,-10.92619,-1.2047619
8816.667,-10.913294,-1.2007936
8833.333,-10.900397,-1.1968254
8850.0,-9.860714,-1.7369047
8866.667,-8.136508,-2.6396825
8883.333,-6.6936507,-3.4448414
8900.0,-6.3761907,-3.8595238
8916.667,-6.05873,-4.274206
8933.333,-6.029365,-4.4071426
8950.0,-6.072024,-4.4696426
8966.667,-6.104762,-4.50873
8983.333,-6.122619,-4.5126987
9000.0,-6.140476,-4.516667
9016.667,-6.1295633,-4.4819446
9033.333,-6.118651,-4.447222
9050.0,-6.114286,-4.455952
9066.667,-6.114286,-4.493651
9083.333,-6.1138887,-4.531746
9100.0,-6.1119046,-4.571429
9116.667,-6.1099205,-4.611111
9133.333,-6.088889,-4.6214285
9150.0,-6.063095,-4.624405
9166.667,-6.0511904,-4.627381
9183.333,-6.060119,-4.6303573
9200.0,-6.0690475,-4.633333
9216.667,-6.327976,-5.468651
9233.333,-6.5869045,-6.3039684
9250.0,-6.633333,-6.929762
9266.667,-6.5380955,-7.415873
9283.333,-6.4670634,-7.8063493
9300.0,-6.492857,-7.8142858
9316.667,-6.518651,-7.822222
9333.333,-6.5531745,-7.7920637
9350.0,-6.589881,-7.752381
9366.667,-6.631349,-7.713492
9383.333,-6.6799603,-7.6757936
9400.0,-6.7285714,-7.6380954
9416.667,-6.758333,-7.5785713
9433.333,-6.7880955,-7.5190477
9450.0,-6.8059525,-7.425
9466.667,-6.815873,-7.3079367
9483.333,-6.823413,-7.1992064
9500.0,-6.821429,-7.1238093
9516.667,-6.8194447,-7.048413
9533.333,-6.811111,-6.9555554
9550.0,-6.8011904,-6.858333
9566.667,-6.790873,-6.79127
9583.333,-6.77996,-6.7694445
9600.0,-6.7690477,-6.747619
9616.667,-6.7680554,-6.7515874
9633.333,-6.7670636,-6.7555556
9650.0,-6.758333,-6.775
9666.667,-6.7444444,-6.804762
9683.333,-6.7325397,-6.8305554
9700.0,-6.7285714,-6.840476
9716.667,-6.724603,-6.8503966
9733.333,-6.6809525,-6.904762
9750.0,-6.627381,-6.970238
9766.667,-6.577778,-7.047619
9783.333,-6.5341268,-7.142857
9800.0,-6.490476,-7.2380953
9816.667,-6.456746,-7.299603
9833.333,-6.423016,-7.361111
9850.0,-6.3892856,-7.4333334
9866.667,-6.3555555,-7.5126987
9883.333,-6.3325396,-7.590476
9900.0,-6.3523808,-7.661905
9916.667,-6.3722224,-7.733333
9933.333,-6.347619,-7.8063493
9950.0,-6.311905,-7.8797617
9966.667,-6.252381,-7.927778
9983.333,-6.1571426,-7.9376984
10000.0,-6.061905,-7.947619
10016.667,-6.035119,-7.9714284
10033.333,-6.008333,-7.9952383
10050.0,-6.010119,-8.027381
10066.667,-6.0309525,-8.06508
10083.333,-6.0376983,-8.10754
10100.0,-5.9880953,-8.169047
10116.667,-5.9384923,-8.230556
10133.333,-5.899206,-8.284127
10150.0,-5.8625,-8.335714
10166.667,-5.828968,-8.392858
10183.333,-5.8001986,-8.458333
10200.0,-5.7714286,-8.523809
10216.667,-5.7386904,-8.581349
10233.333,-5.705952,-8.638889
10250.0,-5.6755953,-8.645238
10266.667,-5.6468253,-8.61746
10283.333,-5.611508,-8.590873
10300.0,-5.55,-8.569048
10316.667,-5.488492,-8.547222
10333.333,-5.434127,-8.580953
10350.0,-5.3815475,-8.6285715
10366.667,-5.332143,-8.676984
10383.333,-5.2875,-8.726587
10400.0,-5.242857,-8.776191
10416.667,-5.2011905,-8.748413
10433.333,-5.159524,-8.720634
10450.0,-5.152976,-8.683333
10466.667,-5.1698413,-8.639683
10483.333,-5.181151,-8.604762
10500.0,-5.170238,-8.604762
10516.667,-5.1593256,-8.604762
10533.333,-5.1555557,-8.603174
10550.0,-5.1535716,-8.601191
10566.667,-5.1484127,-8.603969
10583.333,-5.138492,-8.613889
10600.0,-5.1285715,-8.62381
10616.667,-5.0948415,-8.624802
10633.333,-5.061111,-8.625793
10650.0,-5.052381,-8.658334
10666.667,-5.0603175,-8.711905
10683.333,-5.071429,-8.762103
10700.0,-5.095238,-8.798809
10716.667,-5.1190476,-8.835516
10733.333,-5.133333,-8.893651
10750.0,-5.145238,-8.957143
10766.667,-5.161905,-9.015873
10783.333,-5.1857142,-9.06746
10800.0,-5.2095237,-9.119047
10816.667,-5.271032,-9.162699
10833.333,-5.3325396,-9.206349
10850.0,-5.382738,-9.227381
10866.667,-5.425397,-9.233334
10883.333,-5.476389,-9.273016
10900.0,-5.5607142,-9.447619
10916.667,-5.6450396,-9.622222
10933.333,-6.0492063,-9.863492
10950.0,-6.5333333,-10.1214285
10966.667,-6.8492064,-10.255555
10983.333,-6.9126983,-10.203968
11000.0,-6.9761906,-10.152381
11016.667,-6.894841,-10.05119
11033.333,-6.8134923,-9.95
11050.0,-6.733333,-9.910119
11066.667,-6.6539683,-9.911111
11083.333,-6.5849204,-9.911706
11100.0,-6.5571427,-9.910714
11116.667,-6.529365,-9.909722
11133.333,-6.4888887,-9.865873
11150.0,-6.445238,-9.81131
11166.667,-6.4039683,-9.761508
11183.333,-6.36627,-9.718849
11200.0,-6.3285713,-9.67619
11216.667,-6.271032,-9.662302
11233.333,-6.213492,-9.648413
11250.0,-6.160714,-9.694048
11266.667,-6.111111,-9.779366
11283.333,-6.063889,-9.844048
11300.0,-6.0261903,-9.826191
11316.667,-5.988492,-9.808333
11333.333,-5.9666667,-9.806349
11350.0,-5.9488096,-9.808333
11366.667,-5.9357142,-9.789682
11383.333,-5.929762,-9.740079
11400.0,-5.9238095,-9.690476
11416.667,-5.927778,-9.698413
11433.333,-5.931746,-9.706349
11450.0,-5.9238095,-9.707143
11466.667,-5.9079366,-9.703175
11483.333,-5.8984127,-9.699603
11500.0,-5.9142857,-9.697619
11516.667,-5.9301586,-9.695635
11533.333,-5.952381,-9.695238
11550.0,-5.9761906,-9.695238
11566.667,-5.9825397,-9.703175
11583.333,-5.9626985,-9.723016
11600.0,-5.9428573,-9.742857
11616.667,-5.897222,-9.740873
11633.333,-5.8515873,-9.738889
11650.0,-5.821429,-9.733334
11666.667,-5.801587,-9.725397
11683.333,-5.779762,-9.724802
11700.0,-5.75,-9.7535715
11716.667,-5.720238,-9.782341
11733.333,-5.684127,-9.879365
11750.0,-5.6464286,-9.993452
11766.667,-5.620635,-10.065873
11783.333,-5.6126986,-10.075793
11800.0,-5.604762,-10.085714
11816.667,-5.5908732,-10.13135
11833.333,-5.576984,-10.176984
11850.0,-5.5761905,-10.247024
11866.667,-5.584127,-10.333333
11883.333,-5.5829363,-10.416469
11900.0,-5.545238,-10.486905
11916.667,-5.5075397,-10.557342
11933.333,-5.44127,-10.542857
11950.0,-5.367857,-10.507143
11966.667,-5.3095236,-10.478572
11983.333,-5.2738094,-10.460714
12000.0,-5.2380953,-10.442857
12016.667,-5.1944447,-10.440873
12033.333,-5.1507936,-10.438889
12050.0,-5.114286,-10.396428
12066.667,-5.0825396,-10.326984
12083.333,-5.046032,-10.2579365
12100.0,-4.990476,-10.190476
12116.667,-4.934921,-10.123015
12133.333,-4.885714,-10.106349
12150.0,-4.838095,-10.102381
12166.667,-4.798413,-10.114285
12183.333,-4.770635,-10.15
12200.0,-4.742857,-10.185715
12216.667,-4.746825,-10.225397
12233.333,-4.7507935,-10.2650795
12250.0,-4.7470236,-10.320238
12266.667,-4.7380953,-10.385715
12283.333,-4.7331347,-10.438492
12300.0,-4.7440476,-10.440476
12316.667,-4.7549605,-10.44246
12333.333,-4.7777777,-10.419047
12350.0,-4.803571,-10.389286
12366.667,-4.838889,-10.392858
12383.333,-4.888492,-10.446428
12400.0,-4.938095,-10.5
12416.667,-4.952976,-10.525794
12433.333,-4.9678574,-10.551587
12450.0,-4.985119,-10.557143
12466.667,-5.0039682,-10.549207
12483.333,-5.014683,-10.540873
12500.0,-4.992857,-10.530952
12516.667,-4.9710317,-10.521031
12533.333,-4.934921,-10.526984
12550.0,-4.895238,-10.536904
12566.667,-4.84127,-10.526984
12583.333,-4.765873,-10.487302
12600.0,-4.6904764,-10.447619
12616.667,-4.6686506,-10.3484125
12633.333,-4.6468253,-10.249207
12650.0,-4.616667,-10.186905
12666.667,-4.580952,-10.149206
12683.333,-4.536508,-10.1214285
12700.0,-4.457143,-10.133333
12716.667,-4.3777776,-10.145238
12733.333,-4.2746034,-10.093651
12750.0,-4.1654763,-10.026191
12766.667,-4.0642858,-9.953175
12783.333,-3.975,-9.871825
12800.0,-3.8857143,-9.790476
12816.667,-3.8579366,-9.7765875
12833.333,-3.8301587,-9.762698
12850.0,-3.8011904,-9.754762
12866.667,-3.7714286,-9.750793
12883.333,-3.7230158,-9.722024
12900.0,-3.6,-9.594048
12916.667,-3.476984,-9.466071
12933.333,-3.3428571,-9.4317465
12950.0,-3.2059524,-9.420834
12966.667,-2.2523808,-9.615873
12983.333,-0.07380953,-10.119842
13000.0,2.1047618,-10.62381
13016.667,2.1623015,-10.603969
13033.333,2.2198412,-10.584127
13050.0,2.3005953,-10.572619
13066.667,2.3968253,-10.566667
13083.333,2.488492,-10.56508
13100.0,2.5619047,-10.580953
13116.667,2.6353176,-10.596826
13133.333,2.6761904,-10.590476
13150.0,2.7089286,-10.578571
13166.667,2.7420635,-10.56508
13183.333,2.7757936,-10.549207
13200.0,2.8095238,-10.533334
13216.667,2.8194444,-10.575
13233.333,2.829365,-10.616667
13250.0,2.8583333,-10.608334
13266.667,2.9,-10.566667
13283.333,2.9519842,-10.518849
13300.0,3.045238,-10.446428
13316.667,3.138492,-10.374008
13333.333,3.236508,-10.386508
13350.0,3.3357143,-10.4202385
13366.667,3.4063492,-10.434524
13383.333,3.434127,-10.419642
13400.0,3.4619048,-10.404762
13416.667,3.5303571,-10.413691
13433.333,3.5988095,-10.422619
13450.0,3.6547618,-10.468452
13466.667,3.702381,-10.538889
13483.333,3.7470238,-10.601191
13500.0,3.7797618,-10.630953
13516.667,3.8125,-10.660714
13533.333,3.8444445,-10.677778
13550.0,3.8761904,-10.691667
13566.667,3.9095237,-10.707143
13583.333,3.945238,-10.725
13600.0,3.9809523,-10.742857
13616.667,4.0285716,-10.7765875
13633.333,4.0761905,-10.810317
13650.0,4.0988097,-10.846429
13666.667,4.104762,-10.884127
13683.333,4.1087303,-10.909127
13700.0,4.104762,-10.883333
13716.667,4.100794,-10.85754
13733.333,4.075397,-10.840476
13750.0,4.044643,-10.825595
13766.667,4.015476,-10.830556
13783.333,3.9886904,-10.865278
13800.0,3.9619048,-10.9
13816.667,3.8289683,-10.939683
13833.333,3.6960318,-10.979365
13850.0,3.6047618,-10.966666
13866.667,3.5412698,-10.919047
13883.333,3.475,-10.86865
13900.0,3.397619,-10.807143
13916.667,3.320238,-10.745635
13933.333,3.2396824,-10.680952
13950.0,3.1583333,-10.615477
13966.667,3.0873015,-10.54127
13983.333,3.0317461,-10.453968
14000.0,2.9761906,-10.366667
14016.667,2.8869047,-10.360714
14033.333,2.797619,-10.354762
14050.0,2.702381,-10.353572
14066.667,2.6031747,-10.355556
14083.333,2.5059524,-10.332936
14100.0,2.4166667,-10.211905
14116.667,2.327381,-10.090873
14133.333,2.263492,-9.95873
14150.0,2.2059524,-9.82381
14166.667,0.74920636,-8.553968
14183.333,-2.8063493,-5.581746
14200.0,-6.3619046,-2.6095238
14216.667,-6.911508,-0.5738095
14233.333,-7.461111,1.4619048
14250.0,-7.729762,2.297619
14266.667,-7.811111,2.3333333
14283.333,-7.8805556,2.381746
14300.0,-7.902381,2.4809523
14316.667,-7.9242063,2.5801587
14333.333,-7.9126983,2.6015873
14350.0,-7.892857,2.6035714
14366.667,-7.8849206,2.5952382
14383.333,-7.894841,2.5714285
14400.0,-7.904762,2.547619
14416.667,-7.9126983,2.5496032
14433.333,-7.9206347,2.5515873
14450.0,-7.922619,2.5583334
14466.667,-7.9206347,2.568254
14483.333,-7.9198413,2.577381
14500.0,-7.9238095,2.5833333
14516.667,-7.927778,2.5892856
14533.333,-7.893651,2.574603
14550.0,-7.85,2.554762
14566.667,-7.825397,2.5301588
14583.333,-7.8293653,2.4984126
14600.0,-7.8333335,2.4666667
14616.667,-7.8492064,2.4686508
14633.333,-7.8650794,2.470635
14650.0,-7.169643,-0.17738095
14666.667,-6.0,-4.5920634
14683.333,-5.080754,-8.131746
14700.0,-5.1630955,-8.171429
14716.667,-5.2454367,-8.211111
14733.333,-5.301587,-8.214286
14750.0,-5.3511906,-8.208333
14766.667,-5.3738093,-8.211905
14783.333,-5.3559523,-8.229762
14800.0,-5.338095,-8.247619
14816.667,-5.318254,-8.2535715
14833.333,-5.298413,-8.259523
14850.0,-5.279762,-8.285119
14866.667,-5.2619047,-8.32381
14883.333,-5.2420635,-8.378373
14900.0,-5.214286,-8.4964285
14916.667,-5.1865077,-8.614484
14933.333,-5.1865077,-8.614484
14950.0,-5.1865077,-8.614484
