0.0,-7.742857,-5.1809525
16.666666,-7.7369046,-5.1948414
33.333332,-7.7309523,-5.20873
50.0,-7.722619,-5.2
66.666664,-7.7126985,-5.1761904
83.333336,-7.7055554,-5.1551585
100.0,-7.7095237,-5.145238
116.666664,-7.713492,-5.1353173
133.33333,-7.7158732,-5.1253967
150.0,-7.7178574,-5.115476
166.66667,-7.714286,-5.107143
183.33333,-7.702381,-5.1011906
200.0,-7.6904764,-5.095238
216.66667,-7.6686506,-5.071429
233.33333,-7.6468253,-5.047619
250.0,-7.617857,-5.0583334
266.66666,-7.584127,-5.0920634
283.33334,-7.686905,-5.4166665
300.0,-8.335714,-6.904762
316.66666,-8.984524,-8.392858
333.33334,-9.106349,-8.822222
350.0,-9.096429,-8.986905
366.66666,-9.06746,-9.095238
383.33334,-9.009921,-9.119047
400.0,-8.952381,-9.142858
416.66666,-8.926587,-9.180555
433.33334,-8.900794,-9.218254
450.0,-8.882738,-9.247619
466.66666,-8.869842,-9.271428
483.33334,-8.860119,-9.290079
500.0,-8.863095,-9.288095
516.6667,-8.866072,-9.286111
533.3333,-8.866667,-9.280952
550.0,-8.866667,-9.275
566.6667,-8.869047,-9.257143
583.3333,-8.875,-9.221429
600.0,-8.880953,-9.185715
616.6667,-8.910714,-9.072619
633.3333,-8.940476,-8.959524
650.0,-8.861508,-8.188492
666.6667,-8.782539,-7.4174604
683.3333,-8.703571,-6.6464286
700.0,-8.624603,-5.8753967
716.6667,-8.545635,-5.104365
733.3333,-8.466666,-4.3333335
750.0,-8.44881,-5.6369047
766.6667,-8.451588,-6.415873
783.3333,-8.485317,-6.4079366
800.0,-8.519048,-6.4
816.6667,-8.437698,-6.447619
833.3333,-8.356349,-6.4952383
850.0,-8.328571,-6.527381
866.6667,-8.336508,-6.5492063
883.3333,-8.344444,-6.5646825
900.0,-8.352381,-6.554762
916.6667,-8.360317,-6.5448413
933.3333,-8.346032,-6.547619
950.0,-8.326191,-6.553571
966.6667,-8.320635,-6.5642858
983.3333,-8.336508,-6.582143
1000.0,-8.352381,-6.6
1016.6667,-8.36627,-6.568254
1033.3334,-8.380158,-6.536508
1050.0,-8.397619,-6.509524
1066.6666,-8.41746,-6.4857144
1083.3334,-8.435317,-6.462897
1100.0,-8.445238,-6.4440475
1116.6666,-8.455159,-6.4251986
1133.3334,-8.452381,-6.3984127
1150.0,-8.446428,-6.3696427
1166.6666,-8.433333,-6.3484125
1183.3334,-8.409524,-6.338492
1200.0,-8.385715,-6.3285713
1216.6666,-8.365873,-6.2670636
1233.3334,-8.346032,-6.2055554
1250.0,-8.339286,-6.177381
1266.6666,-8.3412695,-6.1714287
1283.3334,-8.342857,-6.1666665
1300.0,-8.342857,-6.1666665
1316.6666,-8.342857,-6.1666665
1333.3334,-8.352381,-6.152381
1350.0,-8.364285,-6.134524
1366.6666,-8.376985,-6.1031747
1383.3334,-8.390873,-6.051587
1400.0,-8.404762,-6.0
1416.6666,-8.402778,-5.9722223
1433.3334,-8.400794,-5.9444447
1450.0,-8.394048,-5.9333334
1466.6666,-8.384127,-5.9333334
1483.3334,-8.375198,-5.9329367
1500.0,-8.370238,-5.9309525
1516.6666,-8.365278,-5.9289684
1533.3334,-8.368254,-5.9238095
1550.0,-8.373215,-5.917857
1566.6666,-8.436508,-5.9261904
1583.3334,-8.587301,-5.955952
1600.0,-8.738095,-5.9857144
1616.6666,-10.545635,-6.886508
1633.3334,-12.353174,-7.7873015
1650.0,-13.066667,-8.177381
1666.6666,-13.050794,-8.226984
1683.3334,-13.042064,-8.268651
1700.0,-13.061905,-8.278571
1716.6666,-13.081746,-8.288492
1733.3334,-13.103174,-8.284127
1750.0,-13.125,-8.276191
1766.6666,-13.139683,-8.281746
1783.3334,-13.143651,-8.30754
1800.0,-13.147619,-8.333333
1816.6666,-13.153571,-8.351191
1833.3334,-13.159524,-8.369047
1850.0,-13.165476,-8.375
1866.6666,-13.171429,-8.373015
1883.3334,-13.17619,-8.367857
1900.0,-13.17619,-8.35
1916.6666,-13.17619,-8.332143
1933.3334,-13.174603,-8.328571
1950.0,-13.172619,-8.328571
1966.6666,-13.173809,-8.33254
1983.3334,-13.179762,-8.342461
2000.0,-13.185715,-8.352381
2016.6666,-13.172817,-8.311707
2033.3334,-13.159921,-8.271031
2050.0,-13.157738,-8.24881
2066.6667,-13.162699,-8.238889
2083.3333,-13.168651,-8.226786
2100.0,-13.178572,-8.205953
2116.6667,-13.188492,-8.185119
2133.3333,-12.404762,-7.968254
2150.0,-11.422619,-7.702381
2166.6667,-10.827778,-7.53254
2183.3333,-10.813889,-7.506746
2200.0,-10.8,-7.4809523
2216.6667,-10.780159,-7.430357
2233.3333,-10.760318,-7.3797617
2250.0,-10.741667,-7.366667
2266.6667,-10.723809,-7.3785715
2283.3333,-10.706746,-7.3863096
2300.0,-10.692857,-7.377381
2316.6667,-10.678968,-7.3684525
2333.3333,-10.650794,-7.3468256
2350.0,-10.619047,-7.322024
2366.6667,-10.584921,-7.2900796
2383.3333,-10.547222,-7.247421
2400.0,-10.509523,-7.204762
2416.6667,-10.495635,-7.1988096
2433.3333,-10.481746,-7.1928573
2450.0,-10.464286,-7.1684523
2466.6667,-10.444445,-7.131746
2483.3333,-10.3670635,-7.010913
2500.0,-10.059524,-6.553571
2516.6667,-9.751985,-6.09623
2533.3333,-9.684127,-6.006349
2550.0,-9.67619,-6.008333
2566.6667,-9.66746,-6.015873
2583.3333,-9.657539,-6.031746
2600.0,-9.647619,-6.047619
2616.6667,-9.627778,-6.0456347
2633.3333,-9.607937,-6.0436506
2650.0,-9.589881,-6.05
2666.6667,-9.573016,-6.061905
2683.3333,-9.554167,-6.06627
2700.0,-9.527381,-6.0404763
2716.6667,-9.500595,-6.014683
2733.3333,-9.5222225,-6.006349
2750.0,-9.555952,-6.002381
2766.6667,-9.584921,-6.0047617
2783.3333,-9.606746,-6.016667
2800.0,-9.6285715,-6.0285716
2816.6667,-9.606746,-6.014683
2833.3333,-9.584921,-6.0007935
2850.0,-9.575,-5.9952383
2866.6667,-9.573016,-5.9952383
2883.3333,-9.570238,-5.996825
2900.0,-9.564285,-6.0047617
2916.6667,-9.558333,-6.0126987
2933.3333,-9.555555,-6.022222
2950.0,-9.553572,-6.0321426
2966.6667,-9.55,-6.031746
2983.3333,-9.544047,-6.015873
3000.0,-9.538095,-6.0
3016.6667,-9.55992,-5.964286
3033.3333,-9.581746,-5.928571
3050.0,-9.590476,-5.8958335
3066.6667,-9.590476,-5.8650794
3083.3333,-9.584127,-5.8301587
3100.0,-9.552381,-5.7785716
3116.6667,-9.520635,-5.726984
3133.3333,-9.504762,-5.663492
3150.0,-9.492857,-5.597024
3166.6667,-9.4777775,-5.5392857
3183.3333,-9.457936,-5.4946427
3200.0,-9.438095,-5.45
3216.6667,-9.423214,-5.3517857
3233.3333,-9.408334,-5.2535715
3250.0,-9.389881,-5.1922617
3266.6667,-9.369047,-5.1555557
3283.3333,-9.354365,-5.1220236
3300.0,-9.364285,-5.1011906
3316.6667,-9.374207,-5.080357
3333.3333,-9.37381,-5.065079
3350.0,-9.370833,-5.0511904
3366.6667,-9.371825,-5.038889
3383.3333,-9.37877,-5.0289683
3400.0,-9.385715,-5.0190477
3416.6667,-9.377778,-4.979365
3433.3333,-9.369842,-4.9396825
3450.0,-9.355952,-4.9083333
3466.6667,-9.338096,-4.8825397
3483.3333,-9.319643,-4.860516
3500.0,-9.298809,-4.8535714
3516.6667,-9.277976,-4.8466268
3533.3333,-9.269841,-4.853968
3550.0,-9.264881,-4.864881
3566.6667,-9.26746,-4.8619046
3583.3333,-9.281349,-4.838095
3600.0,-9.2952385,-4.8142858
3616.6667,-9.303175,-4.770635
3633.3333,-9.311111,-4.726984
3650.0,-9.298809,-4.6988096
3666.6667,-9.273016,-4.6809525
3683.3333,-9.16746,-4.5876985
3700.0,-8.742857,-4.1928573
3716.6667,-8.3182535,-3.7980158
3733.3333,-8.230159,-3.6968255
3750.0,-8.226191,-3.6690476
3766.6667,-8.215079,-3.6333334
3783.3333,-8.1932535,-3.5857143
3800.0,-8.171429,-3.5380952
3816.6667,-8.157539,-3.5202382
3833.3333,-8.143651,-3.5023808
3850.0,-8.1285715,-3.495238
3866.6667,-8.112699,-3.495238
3883.3333,-8.096429,-3.499008
3900.0,-8.078571,-3.517857
3916.6667,-8.060715,-3.5367064
3933.3333,-8.049207,-3.5301588
3950.0,-8.039286,-3.517262
3966.6667,-8.032539,-3.4976192
3983.3333,-8.030556,-3.4678571
4000.0,-8.028571,-3.4380953
4016.6667,-8.024603,-3.4619048
4033.3333,-8.020635,-3.4857142
4050.0,-8.019048,-3.5083334
4066.6667,-8.019048,-3.5301588
4083.3333,-8.019048,-3.5464287
4100.0,-8.019048,-3.540476
4116.6665,-8.019048,-3.5345237
4133.3335,-8.00635,-3.5269842
4150.0,-7.990476,-3.5190477
4166.6665,-7.9753966,-3.5265872
4183.3335,-7.961508,-3.5573413
4200.0,-7.947619,-3.5880952
4216.6665,-7.915873,-3.6119049
4233.3335,-7.884127,-3.6357143
4250.0,-7.858333,-3.6410713
4266.6665,-7.836508,-3.634127
4283.3335,-7.8146825,-3.6277778
4300.0,-7.792857,-3.6238096
4316.6665,-7.771032,-3.6198413
4333.3335,-7.7611113,-3.6190476
4350.0,-7.7541666,-3.6190476
4366.6665,-7.741667,-3.6190476
4383.3335,-7.7208333,-3.6190476
4400.0,-7.7,-3.6190476
4416.6665,-7.690079,-3.6230159
4433.3335,-7.6801586,-3.6269841
4450.0,-7.667857,-3.629762
4466.6665,-7.6539683,-3.631746
4483.3335,-7.6420636,-3.6376984
4500.0,-7.6380954,-3.6595237
4516.6665,-7.634127,-3.6813493
4533.3335,-7.6238093,-3.695238
4550.0,-7.6119046,-3.7071428
4566.6665,-7.6055555,-3.720635
4583.3335,-7.6075397,-3.736508
4600.0,-7.609524,-3.7523808
4616.6665,-7.597619,-3.784127
4633.3335,-7.5857143,-3.815873
4650.0,-7.570238,-3.8428571
4666.6665,-7.552381,-3.8666666
4683.3335,-7.5378966,-3.8892858
4700.0,-7.536905,-3.9071429
4716.6665,-7.5359125,-3.925
4733.3335,-7.5349207,-3.9380953
4750.0,-7.5339284,-3.95
4766.6665,-7.5349207,-3.9642856
4783.3335,-7.538889,-3.982143
4800.0,-7.542857,-4.0
4816.6665,-7.5468254,-4.0218253
4833.3335,-7.5507936,-4.0436506
4850.0,-7.5666666,-4.072619
4866.6665,-7.590476,-4.106349
4883.3335,-7.6087303,-4.131746
4900.0,-7.604762,-4.1238093
4916.6665,-7.600794,-4.115873
4933.3335,-7.593651,-4.1238093
4950.0,-7.5857143,-4.135714
4966.6665,-7.5801587,-4.1579366
4983.3335,-7.5781746,-4.195635
5000.0,-7.5761905,-4.233333
5016.6665,-7.548413,-4.275
5033.3335,-7.520635,-4.3166666
5050.0,-7.502381,-4.332143
5066.6665,-7.490476,-4.3301587
5083.3335,-7.4765873,-4.3305554
5100.0,-7.454762,-4.340476
5116.6665,-7.4329367,-4.3503966
5133.3335,-8.825397,-3.8269842
5150.0,-10.571428,-3.170238
5166.6665,-11.635715,-2.7007937
5183.3335,-11.677381,-2.5123017
5200.0,-11.719048,-2.3238096
5216.6665,-11.698215,-2.3684523
5233.3335,-11.677381,-2.4130952
5250.0,-11.643453,-2.4482143
5266.6665,-11.600794,-2.476984
5283.3335,-11.561905,-2.4960318
5300.0,-11.538095,-2.4761906
5316.6665,-11.514286,-2.4563491
5333.3335,-11.495238,-2.4619048
5350.0,-11.477381,-2.4738095
5366.6665,-11.449206,-2.4857142
5383.3335,-11.405556,-2.4976192
5400.0,-11.361905,-2.5095239
5416.6665,-11.307342,-2.4916666
5433.3335,-11.252778,-2.4738095
5450.0,-11.205358,-2.45
5466.6665,-11.162699,-2.4222221
5483.3335,-11.126985,-2.393254
5500.0,-11.119047,-2.3595238
5516.6665,-11.111111,-2.3257937
5533.3335,-11.1,-2.3031745
5550.0,-11.088096,-2.2833333
5566.6665,-11.073413,-2.2563493
5583.3335,-11.0545635,-2.2186508
5600.0,-11.035714,-2.1809523
5616.6665,-11.0287695,-2.1630952
5633.3335,-11.021826,-2.1452382
5650.0,-11.020238,-2.1309524
5666.6665,-11.0222225,-2.1190476
5683.3335,-11.025794,-2.104365
5700.0,-11.035714,-2.0785713
5716.6665,-11.045635,-2.0527778
5733.3335,-11.052381,-2.0325396
5750.0,-11.058333,-2.0136905
5766.6665,-11.065873,-2.0003967
5783.3335,-11.075793,-1.9954365
5800.0,-11.085714,-1.9904761
5816.6665,-11.087698,-1.9984127
5833.3335,-11.089683,-2.0063493
5850.0,-11.1,-2.0059524
5866.6665,-11.115873,-2.0
5883.3335,-11.128175,-1.9952381
5900.0,-11.12619,-1.9952381
5916.6665,-11.124207,-1.9952381
5933.3335,-10.157143,-2.6730158
5950.0,-8.94881,-3.5202382
5966.6665,-8.20873,-4.026984
5983.3335,-8.171032,-4.023016
6000.0,-8.133333,-4.0190477
6016.6665,-8.137301,-4.0061507
6033.3335,-8.14127,-3.993254
6050.0,-8.157143,-3.977976
6066.6665,-8.180952,-3.961111
6083.3335,-8.195238,-3.9462302
6100.0,-8.171429,-3.9392858
6116.6665,-8.147619,-3.9323413
6133.3335,-8.148413,-3.9412699
6150.0,-8.155357,-3.9541667
6166.6665,-8.151984,-3.959524
6183.3335,-8.133135,-3.9535713
6200.0,-8.114285,-3.947619
6216.6665,-8.124207,-3.9416666
6233.3335,-8.134127,-3.9357142
6250.0,-8.140476,-3.9440477
6266.6665,-8.144444,-3.9619048
6283.3335,-8.146826,-3.976984
6300.0,-8.142858,-3.9809523
6316.6665,-8.138889,-3.9849207
6333.3335,-9.321428,-4.1825395
6350.0,-10.800595,-4.428571
6366.6665,-12.182143,-4.7924604
6383.3335,-13.417262,-5.333135
6400.0,-14.652381,-5.8738093
6416.6665,-14.625595,-5.88373
6433.3335,-14.598809,-5.893651
6450.0,-14.583928,-5.9065475
6466.6665,-14.576984,-5.9214287
6483.3335,-14.569841,-5.9347224
6500.0,-14.561905,-5.9416666
6516.6665,-14.553968,-5.9486113
6533.3335,-14.534921,-5.9126983
6550.0,-14.513095,-5.866071
6566.6665,-14.495238,-5.8170633
6583.3335,-14.483334,-5.764484
6600.0,-14.471429,-5.7119045
6616.6665,-14.465476,-5.7049603
6633.3335,-14.459524,-5.6980157
6650.0,-11.935715,-5.9142857
6666.6665,-7.733333,-6.279365
6683.3335,-4.359127,-6.5785713
6700.0,-4.297619,-6.614286
6716.6665,-4.236111,-6.65
6733.3335,-4.2158732,-6.6349206
6750.0,-4.205952,-6.607143
6766.6665,-4.2,-6.5825396
6783.3335,-4.2,-6.5626984
6800.0,-4.2,-6.542857
6816.6665,-4.2119045,-6.554762
6833.3335,-4.2238097,-6.5666666
6850.0,-4.234524,-6.5833335
6866.6665,-4.2444444,-6.6031747
6883.3335,-4.2527776,-6.6214285
6900.0,-4.2547617,-6.633333
6916.6665,-4.256746,-6.645238
6933.3335,-4.266667,-6.6873016
6950.0,-4.2785716,-6.7369046
6966.6665,-4.29127,-6.8166666
6983.3335,-4.3051586,-6.9416666
7000.0,-4.3190475,-7.0666666
7016.6665,-4.315079,-7.1609125
7033.3335,-4.311111,-7.255159
7050.0,-4.3154764,-7.3113093
7066.6665,-4.325397,-7.3420634
7083.3335,-4.3315477,-7.359524
7100.0,-4.322619,-7.3238096
7116.6665,-4.3136907,-7.2880955
7133.3335,-4.3428574,-7.3174605
7150.0,-4.3815475,-7.3630953
7166.6665,-4.9174604,-7.234127
7183.3335,-6.1992064,-6.843254
7200.0,-7.4809523,-6.452381
7216.6665,-7.474008,-6.4623017
7233.3335,-7.4670634,-6.4722223
7250.0,-7.464881,-6.484524
7266.6665,-7.4658732,-6.4984126
7283.3335,-7.4694443,-6.506746
7300.0,-7.483333,-6.492857
7316.6665,-7.4972224,-6.478968
7333.3335,-7.520635,-6.4492064
7350.0,-7.5464287,-6.4154763
7366.6665,-7.573413,-6.398016
7383.3335,-7.6021824,-6.40496
7400.0,-7.6309524,-6.411905
7416.6665,-7.6180553,-6.400992
7433.3335,-7.605159,-6.3900795
7450.0,-7.5916667,-6.3702383
7466.6665,-7.577778,-6.3444443
7483.3335,-7.570238,-6.3238096
7500.0,-7.588095,-6.3238096
7516.6665,-7.6059523,-6.3238096
7533.3335,-7.654762,-6.35
7550.0,-7.7113094,-6.382738
7566.6665,-8.2344,-5.7281995
7583.3335,-8.75749,-5.073661
7600.0,-9.2805805,-4.419122
7616.6665,-9.803671,-3.7645833
7633.3335,-10.326761,-3.1100447
7650.0,-10.849852,-2.4555058
7666.6665,-11.372941,-1.8009672
7683.3335,-11.896031,-1.1464286
7700.0,-11.4,-3.1642857
7716.6665,-10.903968,-5.1821427
7733.3335,-10.719048,-6.090476
7750.0,-10.611905,-6.7214284
7766.6665,-10.655556,-7.0849204
7783.3335,-10.925397,-7.047222
7800.0,-11.195238,-7.009524
7816.6665,-11.522619,-7.156349
7833.3335,-11.85,-7.3031745
7850.0,-12.007143,-7.4035716
7866.6665,-12.050794,-7.473016
7883.3335,-12.087698,-7.5329366
7900.0,-12.097619,-7.554762
7916.6665,-12.10754,-7.576587
7933.3335,-12.11746,-7.6015873
7950.0,-12.127381,-7.627381
7966.6665,-12.13254,-7.631349
7983.3335,-12.130555,-7.6025796
8000.0,-12.1285715,-7.5738096
8016.6665,-12.11865,-7.549008
8033.3335,-12.10873,-7.524206
8050.0,-12.110714,-7.515476
8066.6665,-12.120635,-7.5174603
8083.3335,-12.130953,-7.519246
8100.0,-12.142858,-7.520238
8116.6665,-12.154762,-7.52123
8133.3335,-12.155556,-7.522222
8150.0,-12.153571,-7.5232143
8166.6665,-11.174603,-7.5738096
8183.3335,-8.730159,-7.6988096
8200.0,-6.285714,-7.8238096
8216.667,-6.297619,-7.9299603
8233.333,-6.3095236,-8.036111
8250.0,-6.340476,-8.082738
8266.667,-6.384127,-8.089683
8283.333,-6.421032,-8.105556
8300.0,-6.4309525,-8.157143
8316.667,-6.440873,-8.20873
8333.333,-6.476984,-8.24127
8350.0,-6.519643,-8.269048
8366.667,-6.5623016,-8.297619
8383.333,-6.6049604,-8.327381
8400.0,-6.6476192,-8.357142
8416.667,-6.6833334,-8.333333
8433.333,-6.7190475,-8.309524
8450.0,-6.759524,-8.273809
8466.667,-6.8031745,-8.230159
8483.333,-6.8472223,-8.19008
8500.0,-6.892857,-8.164286
8516.667,-6.9384923,-8.138492
8533.333,-6.970635,-8.096826
8550.0,-6.999405,-8.05119
8566.667,-7.0329366,-8.009523
8583.333,-7.0736113,-7.9738097
8600.0,-7.114286,-7.938095
8616.667,-9.58254,-6.1325397
8633.333,-12.050794,-4.326984
8650.0,-13.055952,-3.4059525
8666.667,-13.085714,-3.074603
8683.333,-13.100794,-2.7960317
8700.0,-13.057143,-2.7285714
8716.667,-13.013492,-2.661111
8733.333,-13.023809,-2.663492
8750.0,-13.047619,-2.6833334
8766.667,-13.059524,-2.6650794
8783.333,-13.053572,-2.5896826
8800.0,-13.047619,-2.5142858
8816.667,-13.06746,-2.440873
8833.333,-13.087301,-2.3674603
8850.0,-13.097619,-2.3214285
8866.667,-13.101587,-2.2936509
8883.333,-13.107937,-2.2702382
8900.0,-13.12381,-2.2642858
8916.667,-13.139683,-2.2583334
8933.333,-13.134921,-2.2412698
8950.0,-13.125,-2.2214286
8966.667,-13.110317,-2.2134922
8983.333,-13.088492,-2.2234128
9000.0,-13.066667,-2.2333333
9016.667,-13.057738,-2.2511904
9033.333,-13.048809,-2.2690477
9050.0,-13.044642,-2.2255952
9066.667,-13.043651,-2.14127
9083.333,-13.032143,-2.069246
9100.0,-12.978572,-2.0464287
9116.667,-12.925,-2.023611
9133.333,-12.909524,-2.013492
9150.0,-12.903571,-2.0065477
9166.667,-12.894444,-1.9972222
9183.333,-12.880555,-1.9843254
9200.0,-12.866667,-1.9714285
9216.667,-12.826984,-1.9575397
9233.333,-12.787302,-1.9436508
9250.0,-12.744047,-1.8916667
9266.667,-12.698413,-1.8142858
9283.333,-12.660516,-1.7561508
9300.0,-12.653571,-1.775
9316.667,-12.646627,-1.7938492
9333.333,-12.602381,-1.8460318
9350.0,-12.548809,-1.9065477
9366.667,-12.219444,-2.3325398
9383.333,-11.476389,-3.306746
9400.0,-10.733334,-4.2809525
9416.667,-10.689683,-4.276984
9433.333,-10.646031,-4.273016
9450.0,-10.617857,-4.2452383
9466.667,-10.6,-4.201587
9483.333,-10.586905,-4.160714
9500.0,-10.592857,-4.1309524
9516.667,-10.598809,-4.1011906
9533.333,-10.622222,-4.0238094
9550.0,-10.65,-3.9345238
9566.667,-10.669841,-3.8674603
9583.333,-10.677778,-3.8337302
9600.0,-10.685715,-3.8
9616.667,-10.690675,-3.7712302
9633.333,-10.695635,-3.7424603
9650.0,-10.700595,-3.705357
9666.667,-10.705556,-3.6626985
9683.333,-10.710318,-3.6242063
9700.0,-10.714286,-3.602381
9716.667,-10.718254,-3.5805554
9733.333,-10.715873,-3.5761905
9750.0,-10.711905,-3.5761905
9766.667,-10.715079,-3.5738096
9783.333,-10.728969,-3.567857
9800.0,-10.742857,-3.5619047
9816.667,-10.750793,-3.567857
9833.333,-10.75873,-3.5738096
9850.0,-10.758333,-3.5690477
9866.667,-10.752381,-3.557143
9883.333,-10.749207,-3.5484128
9900.0,-10.757143,-3.552381
9916.667,-10.7650795,-3.5563493
9933.333,-10.797619,-3.5857143
9950.0,-10.836309,-3.6214285
9966.667,-10.888492,-3.6579366
9983.333,-10.960913,-3.6956348
10000.0,-11.033334,-3.7333333
10016.667,-11.525397,-3.288889
10033.333,-12.01746,-2.8444445
10050.0,-12.2125,-2.6982143
10066.667,-12.209524,-2.7507937
10083.333,-12.200397,-2.7978175
10100.0,-12.166667,-2.822619
10116.667,-12.1329365,-2.8474207
10133.333,-12.115873,-2.868254
10150.0,-12.102976,-2.8880951
10166.667,-12.097619,-2.9174602
10183.333,-12.103572,-2.961111
10200.0,-12.109524,-3.004762
10216.667,-12.109524,-3.052381
10233.333,-12.109524,-3.1
10250.0,-12.098809,-3.1345239
10266.667,-12.080953,-3.1603174
10283.333,-12.059524,-3.1873016
10300.0,-12.023809,-3.2190475
10316.667,-11.988095,-3.2507937
10333.333,-11.971429,-3.2666667
10350.0,-11.959524,-3.2785714
10366.667,-11.95,-3.297619
10383.333,-11.944048,-3.327381
10400.0,-11.938095,-3.357143
10416.667,-11.922222,-3.3611112
10433.333,-11.906349,-3.3650794
10450.0,-11.902381,-3.3785715
10466.667,-11.906349,-3.3984127
10483.333,-11.910317,-3.419643
10500.0,-11.914286,-3.4464285
10516.667,-11.918254,-3.4732144
10533.333,-11.920635,-3.4968255
10550.0,-11.922619,-3.5196428
10566.667,-11.907936,-3.5412698
10583.333,-11.868254,-3.5611112
10600.0,-11.828571,-3.5809524
10616.667,-11.8067465,-3.6226192
10633.333,-11.784921,-3.6642857
10650.0,-11.772619,-3.7035713
10666.667,-11.766666,-3.7412698
10683.333,-11.764286,-3.7777777
10700.0,-11.776191,-3.8095238
10716.667,-11.788095,-3.8412697
10733.333,-11.802381,-3.85
10750.0,-11.817262,-3.852976
10766.667,-11.8297615,-3.8535714
10783.333,-11.838691,-3.8505952
10800.0,-11.847619,-3.847619
10816.667,-11.835714,-3.8555555
10833.333,-11.82381,-3.863492
10850.0,-11.808333,-3.8821428
10866.667,-11.790476,-3.9079366
10883.333,-11.774603,-3.926984
10900.0,-11.766666,-3.9190476
10916.667,-11.75873,-3.911111
10933.333,-11.723809,-3.9095237
10950.0,-11.682143,-3.9095237
10966.667,-11.646826,-3.9095237
10983.333,-11.621032,-3.9095237
11000.0,-11.595238,-3.9095237
11016.667,-11.575397,-3.927381
11033.333,-11.555555,-3.945238
11050.0,-11.526786,-3.955357
11066.667,-11.4920635,-3.9603174
11083.333,-11.462698,-3.9644842
11100.0,-11.4547615,-3.9654763
11116.667,-11.446825,-3.9664683
11133.333,-11.439683,-3.9682539
11150.0,-11.432738,-3.9702382
11166.667,-11.426984,-3.9714286
11183.333,-11.423016,-3.9714286
11200.0,-11.419047,-3.9714286
11216.667,-11.403174,-3.9753969
11233.333,-11.387301,-3.979365
11250.0,-11.369643,-3.972619
11266.667,-11.350794,-3.9587302
11283.333,-11.325198,-3.9468255
11300.0,-11.272619,-3.942857
11316.667,-11.220039,-3.9388888
11333.333,-11.193651,-3.9730158
11350.0,-11.173809,-4.016667
11366.667,-11.340476,-4.2103176
11383.333,-11.786904,-4.6289682
11400.0,-12.233334,-5.047619
11416.667,-12.193651,-5.053571
11433.333,-12.153968,-5.0595236
11450.0,-12.117857,-5.0333333
11466.667,-12.084127,-4.9857144
11483.333,-12.046429,-4.94127
11500.0,-11.992857,-4.909524
11516.667,-11.939285,-4.8777776
11533.333,-11.923016,-4.8722224
11550.0,-11.916072,-4.8732142
11566.667,-11.905159,-4.8742065
11583.333,-11.888293,-4.8751984
11600.0,-11.8714285,-4.8761907
11616.667,-11.018254,-4.526984
11633.333,-10.165079,-4.177778
11650.0,-9.790476,-3.8642857
11666.667,-9.7349205,-3.574603
11683.333,-9.69008,-3.3452382
11700.0,-9.688095,-3.357143
11716.667,-9.686111,-3.3690476
11733.333,-9.671429,-3.3746033
11750.0,-9.653571,-3.3785715
11766.667,-9.638095,-3.3849206
11783.333,-9.62619,-3.3948412
11800.0,-9.614285,-3.4047618
11816.667,-9.602381,-3.4126985
11833.333,-9.590476,-3.420635
11850.0,-9.583333,-3.4380953
11866.667,-9.579365,-3.4619048
11883.333,-9.5797615,-3.4873016
11900.0,-9.597619,-3.5190477
11916.667,-9.615477,-3.5507936
11933.333,-9.609524,-3.557143
11950.0,-9.597619,-3.557143
11966.667,-9.583333,-3.557143
11983.333,-9.565476,-3.557143
12000.0,-9.547619,-3.557143
12016.667,-9.523809,-3.5809524
12033.333,-9.5,-3.6047618
12050.0,-9.480952,-3.607143
12066.667,-9.465079,-3.5952382
12083.333,-9.451191,-3.584524
12100.0,-9.445238,-3.5785713
12116.667,-9.439285,-3.572619
12133.333,-9.439683,-3.573016
12150.0,-9.441667,-3.575
12166.667,-9.439683,-3.5769842
12183.333,-9.4317465,-3.5789683
12200.0,-9.423809,-3.5809524
12216.667,-10.086508,-3.545238
12233.333,-10.749207,-3.5095239
12250.0,-11.058333,-3.4928572
12266.667,-11.131746,-3.488889
12283.333,-11.186905,-3.48373
12300.0,-11.169047,-3.4738095
12316.667,-11.151191,-3.463889
12333.333,-11.134921,-3.4634922
12350.0,-11.119047,-3.4654763
12366.667,-11.111111,-3.4579365
12383.333,-11.115079,-3.4361112
12400.0,-11.119047,-3.4142857
12416.667,-11.113095,-3.3944445
12433.333,-11.107142,-3.3746033
12450.0,-11.105952,-3.402381
12466.667,-11.107937,-3.4619048
12483.333,-11.103174,-3.5039682
12500.0,-11.071428,-3.4761906
12516.667,-11.039682,-3.4484127
12533.333,-11.042857,-3.4634922
12550.0,-11.054762,-3.4892857
12566.667,-11.064285,-3.5039682
12583.333,-11.070238,-3.5019841
12600.0,-11.076191,-3.5
12616.667,-11.080159,-3.5218253
12633.333,-11.084127,-3.5436509
12650.0,-11.091666,-3.5380952
12666.667,-11.101587,-3.5142858
12683.333,-11.112302,-3.4873016
12700.0,-11.12619,-3.447619
12716.667,-11.1400795,-3.4079366
12733.333,-11.138095,-3.3857143
12750.0,-11.132143,-3.3678572
12766.667,-11.130953,-3.3460317
12783.333,-11.136905,-3.318254
12800.0,-11.142858,-3.290476
12816.667,-11.144841,-3.2845237
12833.333,-11.146826,-3.2785714
12850.0,-11.152381,-3.2809525
12866.667,-11.160317,-3.288889
12883.333,-11.169047,-3.2948413
12900.0,-11.180952,-3.2928572
12916.667,-11.192857,-3.290873
12933.333,-11.206349,-3.2920635
12950.0,-11.220238,-3.2940476
12966.667,-11.231746,-3.295238
12983.333,-11.239682,-3.295238
13000.0,-11.247619,-3.295238
13016.667,-10.701984,-3.5710318
13033.333,-10.156349,-3.8468254
13050.0,-9.928572,-3.9571428
13066.667,-9.912699,-3.9571428
13083.333,-9.901191,-3.954365
13100.0,-9.907143,-3.9404762
13116.667,-9.913095,-3.9265873
13133.333,-9.914286,-3.9190476
13150.0,-9.914286,-3.9130952
13166.667,-9.915079,-3.911111
13183.333,-9.917064,-3.9150794
13200.0,-9.919047,-3.9190476
13216.667,-9.915079,-3.8833334
13233.333,-9.911111,-3.847619
13250.0,-9.906548,-3.8261905
13266.667,-9.9015875,-3.8142858
13283.333,-9.8922615,-3.7980158
13300.0,-9.865477,-3.7642858
13316.667,-9.838691,-3.7305555
13333.333,-9.812698,-3.6857142
13350.0,-9.786904,-3.6380951
13366.667,-9.764286,-3.6055555
13383.333,-9.7464285,-3.595635
13400.0,-9.728572,-3.5857143
13416.667,-9.424008,-4.3823414
13433.333,-9.119445,-5.1789684
13450.0,-8.875,-6.303571
13466.667,-8.670635,-7.6468253
13483.333,-8.500595,-8.731944
13500.0,-8.467857,-8.784524
13516.667,-8.435119,-8.837103
13533.333,-8.4015875,-8.879365
13550.0,-8.367857,-8.919047
13566.667,-8.338889,-8.9547615
13583.333,-8.317063,-8.984524
13600.0,-8.2952385,-9.014286
13616.667,-8.26746,-9.062897
13633.333,-8.239682,-9.111508
13650.0,-8.209524,-9.143453
13666.667,-8.177778,-9.164286
13683.333,-8.145238,-9.182937
13700.0,-8.109524,-9.192857
13716.667,-8.07381,-9.202778
13733.333,-8.038095,-9.268254
13750.0,-8.002381,-9.347619
13766.667,-7.975794,-9.410317
13783.333,-7.962897,-9.448016
13800.0,-7.95,-9.485714
13816.667,-7.933135,-9.525397
13833.333,-7.91627,-9.56508
13850.0,-7.9035716,-9.604762
13866.667,-7.893651,-9.644444
13883.333,-7.881746,-9.678572
13900.0,-7.8619046,-9.690476
13916.667,-7.8420634,-9.702381
13933.333,-7.8285713,-9.7047615
13950.0,-7.8166666,-9.7047615
13966.667,-7.8071427,-9.66746
13983.333,-7.8011904,-9.574206
14000.0,-7.795238,-9.480952
14016.667,-7.8021827,-9.41746
14033.333,-7.809127,-9.353969
14050.0,-7.7982144,-9.3
14066.667,-7.775397,-9.252381
14083.333,-7.798413,-8.88254
14100.0,-8.004762,-7.2238097
14116.667,-8.211111,-5.565079
14133.333,-8.273016,-4.5103173
14150.0,-8.298809,-3.6065476
14166.667,-8.303968,-3.0607142
14183.333,-8.278174,-3.0517857
14200.0,-8.252381,-3.0428572
14216.667,-8.282143,-3.0071428
14233.333,-8.311905,-2.9714286
14250.0,-8.335714,-2.945238
14266.667,-8.355556,-2.925397
14283.333,-8.379762,-2.9051588
14300.0,-8.421429,-2.8833334
14316.667,-8.463096,-2.861508
14333.333,-8.479365,-2.8396826
14350.0,-8.489285,-2.817857
14366.667,-8.492857,-2.8
14383.333,-8.486905,-2.7880952
14400.0,-8.480952,-2.7761905
14416.667,-8.476984,-2.7940476
14433.333,-8.473016,-2.8119047
14450.0,-8.473809,-2.8511906
14466.667,-8.4777775,-2.9047618
14483.333,-8.484524,-2.9460318
14500.0,-8.502381,-2.9380953
14516.667,-8.520238,-2.9301586
14533.333,-8.885715,-2.2238095
14550.0,-9.338096,-1.3428571
14566.667,-9.612699,-0.80714285
14583.333,-9.620635,-0.7892857
14600.0,-9.6285715,-0.7714286
14616.667,-9.6285715,-0.80218256
14633.333,-9.6285715,-0.8329365
14650.0,-9.641666,-0.8446429
14666.667,-9.663492,-0.8436508
14683.333,-9.690873,-0.83809525
14700.0,-9.740477,-0.8142857
14716.667,-9.790079,-0.7904762
14733.333,-9.81746,-0.7587302
14750.0,-9.839286,-0.725
14766.667,-9.85873,-0.6888889
14783.333,-9.874603,-0.64920634
14800.0,-9.890476,-0.60952383
14816.667,-9.894444,-0.5896825
14833.333,-9.898413,-0.56984127
14850.0,-9.907143,-0.5535714
14866.667,-9.919047,-0.53968257
14883.333,-9.930555,-0.5214286
14900.0,-9.940476,-0.4857143
14916.667,-9.950397,-0.45
14933.333,-9.968254,-0.43492064
14950.0,-9.988095,-0.425
14966.667,-10.004762,-0.42698413
14983.333,-10.016666,-0.44682539
15000.0,-10.028571,-0.46666667
15016.667,-10.028571,-0.48650792
15033.333,-10.028571,-0.5063492
15050.0,-10.034524,-0.5285714
15066.667,-10.044444,-0.552381
15083.333,-10.053175,-0.5718254
15100.0,-10.057143,-0.5738095
15116.667,-10.061111,-0.5757936
15133.333,-10.057143,-0.5714286
15150.0,-10.05119,-0.5654762
15166.667,-9.929365,-0.9063492
15183.333,-9.63373,-1.7674603
15200.0,-9.338096,-2.6285715
15216.667,-9.143651,-3.4996033
15233.333,-8.949206,-4.370635
15250.0,-8.864285,-4.7470236
15266.667,-8.852381,-4.7936506
15283.333,-8.838096,-4.8402777
15300.0,-8.814285,-4.8869047
15316.667,-8.790476,-4.9335318
15333.333,-8.757143,-4.973016
15350.0,-8.721429,-5.010714
15366.667,-8.690476,-5.047619
15383.333,-8.666667,-5.0833335
15400.0,-8.642858,-5.1190476
15416.667,-8.6329365,-5.126984
15433.333,-8.623015,-5.1349206
15450.0,-8.9125,-5.176786
15466.667,-9.4015875,-5.24127
15483.333,-10.12996,-5.4275794
15500.0,-11.815476,-6.1011906
15516.667,-13.500992,-6.7748017
15533.333,-13.820635,-6.9666667
15550.0,-13.798809,-7.0380955
15566.667,-13.778571,-7.080952
15583.333,-13.760715,-7.080952
15600.0,-13.742857,-7.080952
15616.667,-13.6932535,-7.0829363
15633.333,-13.643651,-7.0849204
15650.0,-13.632143,-7.1023808
15666.667,-13.646031,-7.130159
15683.333,-13.657143,-7.1531744
15700.0,-13.657143,-7.1571426
15716.667,-13.657143,-7.161111
15733.333,-11.753968,-7.020635
15750.0,-9.375,-6.8440475
15766.667,-7.9492064,-6.7238097
15783.333,-7.9531746,-6.688095
15800.0,-7.957143,-6.652381
15816.667,-7.959127,-6.5392857
15833.333,-7.961111,-6.4261904
15850.0,-7.963095,-6.3238096
15866.667,-7.9650793,-6.2285714
15883.333,-7.968254,-6.1400795
15900.0,-7.9761906,-6.0785713
15916.667,-7.984127,-6.0170636
15933.333,-7.990476,-4.3428574
15950.0,-7.9964285,-2.2654762
15966.667,-7.993651,-0.9452381
15983.333,-7.977778,-0.7607143
16000.0,-7.9619045,-0.5761905
16016.667,-7.9619045,-0.5404762
16033.333,-7.9619045,-0.50476193
16050.0,-7.947024,-0.47619048
16066.667,-7.922222,-0.45238096
16083.333,-7.9033732,-0.42559522
16100.0,-7.9083333,-0.38690478
16116.667,-7.913294,-0.3482143
16133.333,-7.938095,-0.3
16150.0,-7.9678574,-0.24940476
16166.667,-7.9920635,-0.20634921
16183.333,-8.0079365,-0.17460318
16200.0,-8.023809,-0.14285715
16216.667,-8.043651,-0.14484127
16233.333,-8.063492,-0.1468254
16250.0,-8.095238,-0.17261904
16266.667,-8.134921,-0.21428572
16283.333,-8.168651,-0.26607144
16300.0,-8.178572,-0.35833332
16316.667,-8.188492,-0.45059523
16333.333,-8.187302,-0.5793651
16350.0,-8.183333,-0.7172619
16366.667,-8.184127,-0.82222223
16383.333,-8.192063,-0.87777776
16400.0,-8.2,-0.93333334
16416.666,-8.63254,-1.2130952
16433.334,-9.06508,-1.4928571
16450.0,-9.303572,-2.165476
16466.666,-9.412699,-3.1
16483.334,-9.497222,-3.8527777
16500.0,-9.483334,-3.8785715
16516.666,-9.469444,-3.904365
16533.334,-9.43492,-3.952381
16550.0,-9.395238,-4.0059524
16566.666,-9.370635,-4.0396824
16583.334,-9.36865,-4.0436506
16600.0,-9.366667,-4.047619
16616.666,-9.354762,-4.0238094
16633.334,-9.342857,-4.0
16650.0,-9.335714,-3.982143
16666.666,-9.331746,-3.9682539
16683.334,-9.321032,-3.9579365
16700.0,-9.283334,-3.9619048
16716.666,-9.245635,-3.965873
16733.334,-9.627778,-4.252381
16750.0,-10.114881,-4.609524
16766.666,-11.115477,-5.406746
16783.334,-12.88631,-6.864087
16800.0,-14.657143,-8.321428
16816.666,-14.605556,-8.294642
16833.334,-14.553968,-8.267858
16850.0,-14.511905,-8.260715
16866.666,-14.476191,-8.266666
16883.334,-14.444048,-8.273809
16900.0,-14.42619,-8.285714
16916.666,-14.408334,-8.297619
16933.334,-14.365873,-8.288889
16950.0,-14.317262,-8.275
16966.666,-14.277381,-8.273016
16983.334,-14.250595,-8.288889
17000.0,-14.223809,-8.304762
17016.666,-14.211905,-8.322619
17033.334,-14.2,-8.340476
17050.0,-14.210714,-8.363095
17066.666,-14.236508,-8.388889
17083.334,-14.2579365,-8.413492
17100.0,-14.261905,-8.433333
17116.666,-14.265873,-8.453175
17133.334,-14.255555,-8.452381
17150.0,-14.241667,-8.446428
17166.666,-14.24127,-8.446825
17183.334,-14.261111,-8.456746
17200.0,-14.280952,-8.466666
17216.666,-14.292857,-8.460714
17233.334,-14.304762,-8.4547615
17250.0,-14.316667,-8.4547615
17266.666,-14.328571,-8.45873
17283.334,-14.338492,-8.462301
17300.0,-14.340476,-8.464286
17316.666,-14.342461,-8.4662695
17333.334,-12.638889,-8.514286
17350.0,-10.508928,-8.57381
17366.666,-9.219444,-8.625793
17383.334,-9.190675,-8.666469
17400.0,-9.161904,-8.707143
17416.666,-9.189683,-8.743849
17433.334,-9.217461,-8.780556
17450.0,-9.240477,-8.808333
17466.666,-9.260318,-8.830159
17483.334,-9.277778,-8.846429
17500.0,-9.285714,-8.840476
17516.666,-9.293651,-8.834524
17533.334,-9.309524,-8.775397
17550.0,-9.327381,-8.702976
17566.666,-9.35754,-8.6329365
17583.334,-9.406151,-8.566468
17600.0,-9.4547615,-8.5
17616.666,-9.5172615,-8.468254
17633.334,-9.5797615,-8.436508
17650.0,-9.835714,-7.6630955
17666.666,-10.220634,-6.395238
17683.334,-10.544047,-5.0678573
17700.0,-10.6214285,-3.5023808
17716.666,-10.69881,-1.9369048
17733.334,-10.671429,-1.5920635
17750.0,-10.617857,-1.5523809
17766.666,-10.585714,-1.55
17783.334,-10.585714,-1.6035714
17800.0,-10.585714,-1.6571429
17816.666,-10.601587,-1.7107143
17833.334,-10.61746,-1.7642857
17850.0,-10.62381,-1.8059524
17866.666,-10.62381,-1.8396826
17883.334,-10.620635,-1.8714286
17900.0,-10.604762,-1.895238
17916.666,-10.588889,-1.9190476
17933.334,-10.578571,-1.9269841
17950.0,-10.569643,-1.9309524
17966.666,-10.578175,-1.9412699
17983.334,-10.612897,-1.9611111
18000.0,-10.647619,-1.9809524
18016.666,-10.683333,-1.9690477
18033.334,-10.719048,-1.9571428
18050.0,-10.739285,-1.9630952
18066.666,-10.749207,-1.9809524
18083.334,-10.759523,-2.0027778
18100.0,-10.771428,-2.040476
18116.666,-10.783334,-2.0781746
18133.334,-10.766666,-2.1388888
18150.0,-10.742857,-2.205357
18166.666,-10.718254,-2.2551587
18183.334,-10.69246,-2.2799604
18200.0,-10.666667,-2.304762
18216.666,-10.680555,-2.336508
18233.334,-10.694445,-2.368254
18250.0,-10.710714,-2.3857143
18266.666,-10.728572,-2.3936508
18283.334,-10.744047,-2.3984127
18300.0,-10.75,-2.3904762
18316.666,-10.755953,-2.3825397
18333.334,-10.761905,-2.3539681
18350.0,-10.767858,-2.320238
18366.666,-10.766666,-2.2865078
18383.334,-10.754762,-2.2527778
18400.0,-10.742857,-2.2190475
18416.666,-10.746825,-2.1992064
18433.334,-10.750793,-2.1793652
18450.0,-10.755953,-2.1642857
18466.666,-10.761905,-2.152381
18483.334,-10.765873,-2.1388888
18500.0,-10.761905,-2.1190476
18516.666,-10.7579365,-2.0992064
18533.334,-10.760318,-2.0896826
18550.0,-10.764286,-2.0827382
18566.666,-10.765476,-2.0662699
18583.334,-10.7625,-2.0355158
18600.0,-10.759523,-2.004762
18616.666,-10.750595,-1.990873
18633.334,-10.741667,-1.9769841
18650.0,-10.733334,-1.9666667
18666.666,-10.725397,-1.9587301
18683.334,-10.717857,-1.9503968
18700.0,-10.711905,-1.9404762
18716.666,-10.705953,-1.9305556
18733.334,-10.693651,-1.9285715
18750.0,-10.679762,-1.9285715
18766.666,-10.668254,-1.8904762
18783.334,-10.660317,-1.7952381
18800.0,-10.652381,-1.7
18816.666,-10.634523,-1.7059524
18833.334,-10.616667,-1.7119048
18850.0,-10.601191,-1.722619
18866.666,-10.587301,-1.7365079
18883.334,-10.577381,-1.7492063
18900.0,-10.583333,-1.7571429
18916.666,-10.589286,-1.7650794
18933.334,-10.571428,-1.7619047
18950.0,-10.547619,-1.7559524
18966.666,-10.526191,-1.7412698
18983.334,-10.508333,-1.713492
19000.0,-10.490477,-1.6857142
19016.666,-10.480556,-1.6599207
19033.334,-10.470634,-1.634127
19050.0,-10.5125,-1.9303571
19066.666,-10.588889,-2.4412699
19083.334,-10.652579,-2.9085317
19100.0,-10.665476,-3.2011905
19116.666,-10.678373,-3.4938493
19133.334,-10.669841,-3.5238094
19150.0,-10.655952,-3.4880953
19166.666,-10.643651,-3.4634922
19183.334,-10.63373,-3.4555554
19200.0,-10.62381,-3.447619
19216.666,-10.613889,-3.4436507
19233.334,-10.603969,-3.4396825
19250.0,-10.592857,-3.4363096
19266.666,-10.580953,-3.4333334
19283.334,-10.570238,-3.4323413
19300.0,-10.564285,-3.4392858
19316.666,-10.558333,-3.4462302
19333.334,-10.550794,-3.442857
19350.0,-10.542857,-3.4369047
19366.666,-10.540476,-3.4333334
19383.334,-10.546429,-3.4333334
19400.0,-10.552381,-3.4333334
19416.666,-10.56627,-3.4353175
19433.334,-10.580159,-3.4373016
19450.0,-10.589286,-3.445238
19466.666,-10.595238,-3.4571428
19483.334,-10.601587,-3.4674604
19500.0,-10.609524,-3.4714286
19516.666,-10.61746,-3.4753969
19533.334,-10.630158,-3.488889
19550.0,-10.644048,-3.504762
19566.666,-10.665079,-3.5174603
19583.334,-10.696825,-3.5253968
19600.0,-10.728572,-3.5333333
19616.666,-10.768254,-3.545238
19633.334,-10.807937,-3.557143
19650.0,-10.839286,-3.5714285
19666.666,-10.865079,-3.5873015
19683.334,-10.783134,-3.6551588
19700.0,-10.270238,-3.9309523
19716.666,-9.757341,-4.206746
19733.334,-9.669841,-4.285714
19750.0,-9.68869,-4.3154764
19766.666,-9.701588,-4.34127
19783.334,-9.705556,-4.361111
19800.0,-9.709524,-4.3809524
19816.666,-9.735317,-4.3988094
19833.334,-9.761111,-4.4166665
19850.0,-9.773809,-4.429762
19866.666,-9.777778,-4.4396825
19883.334,-9.783334,-4.4488096
19900.0,-9.7952385,-4.454762
19916.666,-9.807143,-4.4607143
19933.334,-9.798412,-4.4507937
19950.0,-9.784524,-4.436905
19966.666,-9.769841,-4.4261904
19983.334,-9.753968,-4.420238
20000.0,-9.738095,-4.4142857
20016.666,-9.728174,-4.436111
20033.334,-9.718254,-4.4579363
20050.0,-9.709524,-4.473214
20066.666,-9.701588,-4.484127
20083.334,-9.693651,-4.4896827
20100.0,-9.685715,-4.4738097
20116.666,-9.677778,-4.4579363
20133.334,-9.680952,-4.4492064
20150.0,-9.686905,-4.4422617
20166.666,-9.693651,-4.438095
20183.334,-9.701588,-4.438095
20200.0,-9.709524,-4.438095
20216.666,-9.711508,-4.4261904
20233.334,-9.713492,-4.4142857
20250.0,-9.720238,-4.4065475
20266.666,-9.730159,-4.4015875
20283.334,-9.74127,-4.3974204
20300.0,-9.757143,-4.3964286
20316.666,-9.773016,-4.3954363
20333.334,-9.784127,-4.393651
20350.0,-9.794047,-4.391667
20366.666,-9.803175,-4.396032
20383.334,-9.811111,-4.4099207
20400.0,-9.819048,-4.4238095
20416.666,-9.828968,-4.431746
20433.334,-9.838889,-4.4396825
20450.0,-9.848809,-4.438095
20466.666,-9.85873,-4.4301586
20483.334,-9.867262,-4.4238095
20500.0,-9.870238,-4.4238095
20516.666,-9.873215,-4.4238095
20533.334,-9.88254,-4.438095
20550.0,-9.893453,-4.455952
20566.666,-9.903968,-4.4753966
20583.334,-9.913889,-4.4972224
20600.0,-9.923809,-4.5190477
20616.666,-9.923809,-4.5190477
20633.334,-9.923809,-4.5190477
20650.0,-9.625,-4.7011905
20666.666,-9.126985,-5.0047617
20683.334,-8.446825,-5.5666666
20700.0,-7.0380955,-7.161905
20716.666,-5.629365,-8.757143
20733.334,-5.325397,-9.076191
20750.0,-5.297619,-9.076191
20766.666,-5.2833333,-9.009523
20783.334,-5.2892857,-8.842857
20800.0,-5.295238,-8.67619
20816.666,-5.3964286,-8.221826
20833.334,-5.497619,-7.7674603
20850.0,-5.4880953,-7.5654764
20866.666,-5.404762,-7.531746
20883.334,-5.33373,-7.506349
20900.0,-5.311905,-7.5142856
20916.666,-5.2900796,-7.522222
20933.334,-5.236508,-7.493651
20950.0,-5.175,-7.455952
20966.666,-5.175,-7.455952
20983.334,-5.175,-7.455952
