0.0,-6.5285716,-4.747619
16.666666,-6.520635,-4.731746
33.333332,-6.5126987,-4.7158732
50.0,-6.5035715,-4.741667
66.666664,-6.493651,-4.795238
83.333336,-6.491667,-4.8444443
100.0,-6.5214286,-4.8761907
116.666664,-6.5511904,-4.9079366
133.33333,-6.6285715,-4.979365
150.0,-6.7178574,-5.0607142
166.66667,-6.7492065,-5.0928574
183.33333,-6.6936507,-5.0511904
200.0,-6.6380954,-5.009524
216.66667,-6.650992,-5.026389
233.33333,-6.663889,-5.043254
250.0,-6.6875,-5.0863094
266.66666,-6.718254,-5.1468253
283.33334,-6.744841,-5.196627
300.0,-6.7547617,-5.2035713
316.66666,-6.764683,-5.210516
333.33334,-6.7841268,-5.142857
350.0,-6.8059525,-5.0565476
366.66666,-6.7920637,-4.945635
383.33334,-6.724603,-4.797817
400.0,-6.6571426,-4.65
416.66666,-6.720635,-4.7561507
433.33334,-6.7841268,-4.8623013
450.0,-6.7982144,-4.864286
466.66666,-6.779365,-4.7968254
483.33334,-6.7547617,-4.731349
500.0,-6.707143,-4.6738095
516.6667,-6.659524,-4.61627
533.3333,-6.6603174,-4.586508
550.0,-6.6732144,-4.5636907
566.6667,-6.422222,-4.5075397
583.3333,-5.775397,-4.401389
600.0,-5.1285715,-4.295238
616.6667,-4.5730157,-3.654365
633.3333,-4.0174603,-3.013492
650.0,-3.7916667,-2.7535715
666.6667,-3.7857144,-2.7476192
683.3333,-3.788889,-2.7376983
700.0,-3.8285713,-2.7119048
716.6667,-3.868254,-2.6861112
733.3333,-3.8484128,-2.620635
750.0,-3.8136904,-2.545238
766.6667,-3.7865078,-2.4682539
783.3333,-3.770635,-2.3888888
800.0,-3.754762,-2.3095238
816.6667,-3.7914681,-2.3432539
833.3333,-3.8281746,-2.3769841
850.0,-3.8642857,-2.4190476
866.6667,-3.9,-2.4666667
883.3333,-3.925,-2.5099206
900.0,-3.9071429,-2.5357144
916.6667,-3.8892858,-2.561508
933.3333,-3.9119048,-2.5190477
950.0,-3.9446428,-2.459524
966.6667,-3.9722223,-2.3972223
983.3333,-3.9920635,-2.330754
1000.0,-4.0119047,-2.2642858
1016.6667,-4.0049605,-2.2474205
1033.3334,-3.9980159,-2.2305555
1050.0,-3.9988096,-2.2404761
1066.6666,-4.0047617,-2.268254
1083.3334,-4.00377,-2.2892857
1100.0,-3.975,-2.2833333
1116.6666,-3.9462302,-2.277381
1133.3334,-4.2539682,-2.2079365
1150.0,-4.6458335,-2.1226192
1166.6666,-5.363492,-2.1301587
1183.3334,-6.5698414,-2.2769842
1200.0,-7.7761903,-2.4238095
1216.6666,-7.718651,-2.4019842
1233.3334,-7.661111,-2.3801587
1250.0,-7.616667,-2.3464286
1266.6666,-7.580952,-2.304762
1283.3334,-7.5579367,-2.2722223
1300.0,-7.5857143,-2.2761905
1316.6666,-7.613492,-2.2801588
1333.3334,-7.606349,-2.2595239
1350.0,-7.590476,-2.232738
1366.6666,-7.5785713,-2.2257936
1383.3334,-7.572619,-2.2486112
1400.0,-7.5666666,-2.2714286
1416.6666,-7.588492,-2.2674603
1433.3334,-7.610317,-2.263492
1450.0,-7.640476,-2.3041666
1466.6666,-7.6761904,-2.3746033
1483.3334,-7.697222,-2.4412699
1500.0,-7.659524,-2.4928572
1516.6666,-7.621825,-2.5444446
1533.3334,-7.6126986,-2.5460317
1550.0,-7.6107144,-2.535119
1566.6666,-7.2619047,-2.5023808
1583.3334,-6.392857,-2.4369047
1600.0,-5.5238094,-2.3714285
1616.6666,-5.531746,-2.411111
1633.3334,-5.5396824,-2.4507937
1650.0,-5.5559525,-2.4785714
1666.6666,-5.577778,-2.4984126
1683.3334,-5.59246,-2.515873
1700.0,-5.5785713,-2.5238094
1716.6666,-5.5646825,-2.5317461
1733.3334,-5.609524,-2.5428572
1750.0,-5.669048,-2.554762
1766.6666,-5.703968,-2.5674603
1783.3334,-5.701984,-2.5813491
1800.0,-5.7,-2.5952382
1816.6666,-5.7218256,-2.5992064
1833.3334,-5.743651,-2.6031747
1850.0,-5.7690477,-2.6285715
1866.6666,-5.7968254,-2.668254
1883.3334,-5.8126984,-2.6988096
1900.0,-5.7809525,-2.692857
1916.6666,-5.7492065,-2.6869047
1933.3334,-5.757143,-2.7119048
1950.0,-5.775,-2.744643
1966.6666,-5.795238,-2.7646825
1983.3334,-5.8190475,-2.7656746
2000.0,-5.8428574,-2.7666667
2016.6666,-5.837897,-2.7924602
2033.3334,-5.8329363,-2.818254
2050.0,-5.8125,-2.8291667
2066.6667,-5.781746,-2.8301587
2083.3333,-5.769841,-2.8406746
2100.0,-5.8333335,-2.8892858
2116.6667,-5.8968253,-2.9378967
2133.3333,-5.934921,-2.9666667
2150.0,-5.9666667,-2.9904761
2166.6667,-6.0007935,-2.9992063
2183.3333,-6.038492,-2.9853175
2200.0,-6.0761905,-2.9714286
2216.6667,-6.1138887,-2.9813492
2233.3333,-6.1515875,-2.9912698
2250.0,-6.1988096,-2.9892857
2266.6667,-6.252381,-2.979365
2283.3333,-6.2988095,-2.973611
2300.0,-6.3166666,-2.9845238
2316.6667,-6.3345237,-2.9954364
2333.3333,-6.360317,-2.9809523
2350.0,-6.3880954,-2.960119
2366.6667,-6.4055557,-2.9436507
2383.3333,-6.40754,-2.9337301
2400.0,-6.409524,-2.9238095
2416.6667,-6.429365,-2.913889
2433.3333,-6.4492064,-2.9039683
2450.0,-6.8535714,-2.8642857
2466.6667,-7.5142856,-2.804762
2483.3333,-8.043254,-2.760119
2500.0,-8.0452385,-2.775
2516.6667,-8.047222,-2.789881
2533.3333,-8.069841,-2.8253968
2550.0,-8.097619,-2.8660715
2566.6667,-8.114285,-2.9174602
2583.3333,-8.114285,-2.9849207
2600.0,-8.114285,-3.052381
2616.6667,-8.102381,-3.1099207
2633.3333,-8.090476,-3.1674602
2650.0,-8.0797615,-3.227976
2666.6667,-8.069841,-3.290476
2683.3333,-8.061508,-3.3285713
2700.0,-8.059524,-3.2690477
2716.6667,-8.05754,-3.209524
2733.3333,-7.626032,-1.4904761
2750.0,-7.194524,0.22857143
2766.6667,-6.7630157,1.9476191
2783.3333,-6.331508,3.6666667
2800.0,-5.9,5.385714
2816.6667,-6.257143,2.4829366
2833.3333,-6.614286,-0.41984126
2850.0,-6.6988096,-2.195238
2866.6667,-6.6015873,-3.2190475
2883.3333,-6.497421,-4.0303574
2900.0,-6.365476,-3.9916666
2916.6667,-6.233532,-3.9529762
2933.3333,-6.174603,-3.9
2950.0,-6.133929,-3.8434525
2966.6667,-6.0833335,-3.779365
2983.3333,-6.017857,-3.7039683
3000.0,-5.952381,-3.6285715
3016.6667,-5.910714,-3.684127
3033.3333,-5.8690476,-3.7396824
3050.0,-5.8154764,-3.7571428
3066.6667,-5.7539682,-3.7492063
3083.3333,-5.6960316,-3.7448413
3100.0,-5.652381,-3.754762
3116.6667,-5.6087303,-3.7646825
3133.3333,-5.5825396,-3.7873015
3150.0,-5.5607142,-3.8130953
3166.6667,-5.547619,-3.8380952
3183.3333,-5.547619,-3.8619049
3200.0,-5.547619,-3.8857143
3216.6667,-5.498016,-3.865873
3233.3333,-5.448413,-3.8460317
3250.0,-5.436905,-3.8190477
3266.6667,-5.4507937,-3.7873015
3283.3333,-5.463095,-3.76627
3300.0,-5.4690475,-3.7880952
3316.6667,-5.475,-3.8099205
3333.3333,-5.5174603,-3.8539681
3350.0,-5.5690475,-3.9035714
3366.6667,-5.6031747,-3.934127
3383.3333,-5.611111,-3.9361112
3400.0,-5.6190476,-3.9380953
3416.6667,-5.638889,-3.963889
3433.3333,-5.65873,-3.9896824
3450.0,-5.660714,-3.9880953
3466.6667,-5.6507936,-3.9682539
3483.3333,-5.639683,-3.949603
3500.0,-5.6238093,-3.9357142
3516.6667,-5.6079364,-3.9218254
3533.3333,-5.6380954,-3.9222221
3550.0,-5.679762,-3.9261904
3566.6667,-5.702381,-3.9515872
3583.3333,-5.696429,-4.009127
3600.0,-5.6904764,-4.0666666
3616.6667,-5.6924605,-4.128175
3633.3333,-5.6944447,-4.1896825
3650.0,-5.6648808,-4.213095
3666.6667,-5.614286,-4.211111
3683.3333,-5.5744047,-4.218254
3700.0,-5.577381,-4.2619047
3716.6667,-5.580357,-4.3055553
3733.3333,-5.5698414,-4.325397
3750.0,-5.5559525,-4.339286
3766.6667,-5.574603,-4.354762
3783.3333,-5.6420636,-4.372619
3800.0,-5.7095237,-4.390476
3816.6667,-5.6738095,-4.372619
3833.3333,-5.6380954,-4.354762
3850.0,-5.624405,-4.330952
3866.6667,-5.6253967,-4.3031745
3883.3333,-5.6311507,-4.2805557
3900.0,-5.6559525,-4.2785716
3916.6667,-5.680754,-4.2765875
3933.3333,-5.703968,-4.2452383
3950.0,-5.7267857,-4.2065477
3966.6667,-5.9436507,-4.1376987
3983.3333,-6.451587,-4.023611
4000.0,-6.9595237,-3.9095237
4016.6667,-6.942659,-3.8936508
4033.3333,-6.9257936,-3.8777778
4050.0,-6.920238,-3.8690476
4066.6667,-6.922222,-3.8650794
4083.3333,-6.9313493,-3.865873
4100.0,-6.9690475,-3.8857143
4116.6665,-7.006746,-3.9055555
4133.3335,-6.9809523,-3.9412699
4150.0,-6.9392858,-3.9809523
4166.6665,-6.9103174,-4.0111113
4183.3335,-6.900397,-4.026984
4200.0,-6.890476,-4.042857
4216.6665,-6.9301586,-4.042857
4233.3335,-6.9698415,-4.042857
4250.0,-6.9607143,-4.025
4266.6665,-6.919048,-3.995238
4283.3335,-6.8869047,-3.9714286
4300.0,-6.892857,-3.9714286
4316.6665,-6.8988094,-3.9714286
4333.3335,-6.9142857,-3.9349205
4350.0,-6.9321427,-3.8892858
4366.6665,-6.9531746,-3.852381
4383.3335,-6.978968,-3.8285713
4400.0,-7.0047617,-3.804762
4416.6665,-6.972024,-3.7988095
4433.3335,-6.9392858,-3.7928572
4450.0,-6.8982143,-3.7857144
4466.6665,-6.8515873,-3.7777777
4483.3335,-6.8085318,-3.7746031
4500.0,-6.779762,-3.790476
4516.6665,-6.7509923,-3.8063493
4533.3335,-6.736508,-3.8031745
4550.0,-6.7255955,-3.795238
4566.6665,-6.7103176,-3.797619
4583.3335,-6.6884923,-3.8154762
4600.0,-6.6666665,-3.8333333
4616.6665,-6.6369047,-3.7916667
4633.3335,-6.607143,-3.75
4650.0,-6.598214,-3.7297618
4666.6665,-6.6031747,-3.7238095
4683.3335,-6.600794,-3.7218254
4700.0,-6.5690475,-3.7357142
4716.6665,-6.5373015,-3.7496033
4733.3335,-6.5079365,-3.7603176
4750.0,-6.4791665,-3.7702382
4766.6665,-6.481746,-3.770635
4783.3335,-6.531349,-3.756746
4800.0,-6.580952,-3.7428572
4816.6665,-6.6087303,-3.7210317
4833.3335,-6.636508,-3.6992064
4850.0,-6.6369047,-3.6916666
4866.6665,-6.6190476,-3.6936507
4883.3335,-6.6023808,-3.6924603
4900.0,-6.590476,-3.6785715
4916.6665,-6.5785713,-3.6646826
4933.3335,-6.588095,-3.6603174
4950.0,-6.6029763,-3.6583333
4966.6665,-6.638492,-3.6515872
4983.3335,-6.7049603,-3.6376984
5000.0,-6.7714286,-3.6238096
5016.6665,-6.7426586,-3.5871031
5033.3335,-6.713889,-3.550397
5050.0,-6.707738,-3.514881
5066.6665,-6.7166667,-3.4801588
5083.3335,-6.7218256,-3.4464285
5100.0,-6.7119045,-3.4166667
5116.6665,-6.701984,-3.3869047
5133.3335,-6.711111,-3.3539681
5150.0,-6.725,-3.320238
5166.6665,-6.731746,-3.2960317
5183.3335,-6.727778,-3.286111
5200.0,-6.7238097,-3.2761905
5216.6665,-6.7178574,-3.2801588
5233.3335,-6.7119045,-3.284127
5250.0,-6.707143,-3.2857144
5266.6665,-6.7031746,-3.2857144
5283.3335,-6.7055554,-3.2829366
5300.0,-6.733333,-3.2690477
5316.6665,-6.7611113,-3.2551587
5333.3335,-6.7761903,-3.2380953
5350.0,-6.7880955,-3.2202382
5366.6665,-6.7968254,-3.211111
5383.3335,-6.8007936,-3.2150793
5400.0,-6.804762,-3.2190475
5416.6665,-6.8107142,-3.1515872
5433.3335,-6.8166666,-3.084127
5450.0,-6.755407,-2.3580358
5466.6665,-6.6941466,-1.6319444
5483.3335,-6.632887,-0.90585315
5500.0,-6.571627,-0.1797619
5516.6665,-6.510367,0.5463294
5533.3335,-6.449107,1.2724206
5550.0,-6.3878474,1.9985119
5566.6665,-6.326587,2.7246032
5583.3335,-6.5597224,-0.21388888
5600.0,-6.792857,-3.152381
5616.6665,-6.7561507,-3.1414683
5633.3335,-6.7194443,-3.1305556
5650.0,-6.697619,-3.1672618
5666.6665,-6.6857142,-3.2357142
5683.3335,-6.670238,-3.2853174
5700.0,-6.640476,-3.2595239
5716.6665,-6.6107144,-3.23373
5733.3335,-6.5968256,-3.2571428
5750.0,-6.5869045,-3.2928572
5766.6665,-6.5793653,-3.3253968
5783.3335,-6.575397,-3.3531747
5800.0,-6.571429,-3.3809524
5816.6665,-6.551587,-3.4424603
5833.3335,-6.531746,-3.5039682
5850.0,-6.5380955,-3.5488095
5866.6665,-6.561905,-3.5825398
5883.3335,-6.598214,-3.6121032
5900.0,-6.6845236,-3.625
5916.6665,-6.7708335,-3.6378968
5933.3335,-6.7841268,-3.6269841
5950.0,-6.7791667,-3.610119
5966.6665,-6.7492065,-3.581746
5983.3335,-6.681746,-3.536111
6000.0,-6.614286,-3.4904761
6016.6665,-6.5845237,-3.5063493
6033.3335,-6.554762,-3.5222223
6050.0,-6.5309525,-3.5369048
6066.6665,-6.5111113,-3.5507936
6083.3335,-6.4873013,-3.568254
6100.0,-6.447619,-3.6
6116.6665,-6.4079366,-3.631746
6133.3335,-6.3722224,-3.6730158
6150.0,-6.3375,-3.7166667
6166.6665,-6.2789683,-3.7603176
6183.3335,-6.1847224,-3.8039682
6200.0,-6.090476,-3.847619
6216.6665,-6.1609125,-3.8128967
6233.3335,-6.231349,-3.7781746
6250.0,-6.260119,-3.7613096
6266.6665,-6.2611113,-3.7563493
6283.3335,-6.2539682,-3.7583334
6300.0,-6.214286,-3.7880952
6316.6665,-6.174603,-3.817857
6333.3335,-6.163492,-3.8174603
6350.0,-6.159524,-3.8095238
6366.6665,-6.1603174,-3.8007936
6383.3335,-6.168254,-3.790873
6400.0,-6.1761904,-3.7809525
6416.6665,-6.1920633,-3.7571428
6433.3335,-6.2079363,-3.7333333
6450.0,-6.2440476,-3.7261906
6466.6665,-6.2936506,-3.7301588
6483.3335,-6.327381,-3.731746
6500.0,-6.297619,-3.7238095
6516.6665,-6.267857,-3.715873
6533.3335,-6.268254,-3.7174604
6550.0,-6.2761903,-3.7214286
6566.6665,-6.273016,-3.7150793
6583.3335,-6.253175,-3.693254
6600.0,-6.233333,-3.6714287
6616.6665,-6.235317,-3.6625
6633.3335,-6.2373013,-3.6535714
6650.0,-6.240476,-3.6494048
6666.6665,-6.2444444,-3.6484127
6683.3335,-6.2420635,-3.6416667
6700.0,-6.214286,-3.6119049
6716.6665,-6.1865077,-3.5821428
6733.3335,-6.188889,-3.574603
6750.0,-6.1988096,-3.572619
6766.6665,-6.211111,-3.55
6783.3335,-6.226984,-3.4964285
6800.0,-6.6097,-3.4275131
6816.6665,-6.9924164,-3.358598
6833.3335,-7.375132,-3.2896826
6850.0,-7.7578483,-3.2207673
6866.6665,-8.140564,-3.151852
6883.3335,-8.52328,-3.0829365
6900.0,-8.905996,-3.0140212
6916.6665,-9.2887125,-2.9451058
6933.3335,-9.671429,-2.8761904
6950.0,-9.582143,-2.8166666
6966.6665,-9.55,-2.8142858
6983.3335,-9.603572,-2.897619
7000.0,-9.657143,-2.9809523
7016.6665,-9.655159,-3.0464287
7033.3335,-9.653174,-3.1119049
7050.0,-9.635715,-3.1488094
7066.6665,-9.607937,-3.1666667
7083.3335,-9.577381,-3.1853175
7100.0,-9.535714,-3.2071428
7116.6665,-9.494047,-3.2289681
7133.3335,-9.470634,-3.268254
7150.0,-9.451786,-3.3119047
7166.6665,-9.436111,-3.3642857
7183.3335,-9.425199,-3.429762
7200.0,-9.414286,-3.495238
7216.6665,-9.386508,-3.5031745
7233.3335,-9.35873,-3.511111
7250.0,-11.283334,-3.6666667
7266.6665,-14.509523,-3.920635
7283.3335,-17.098413,-4.1242065
7300.0,-17.138096,-4.1261907
7316.6665,-17.177778,-4.128175
7333.3335,-17.163492,-4.139683
7350.0,-17.135714,-4.1535716
7366.6665,-17.101587,-4.1555557
7383.3335,-17.057936,-4.139683
7400.0,-17.014286,-4.1238093
7416.6665,-17.032143,-4.1277776
7433.3335,-17.05,-4.131746
7450.0,-17.055952,-4.1380954
7466.6665,-17.053968,-4.146032
7483.3335,-17.342857,-4.0916667
7500.0,-18.795238,-3.7880952
7516.6665,-20.24762,-3.4845238
7533.3335,-20.560318,-3.3428571
7550.0,-20.588095,-3.2416666
7566.6665,-20.594444,-3.176984
7583.3335,-20.568651,-3.1670635
7600.0,-20.542856,-3.1571429
7616.6665,-20.544842,-3.1214285
7633.3335,-20.546825,-3.0857143
7650.0,-20.563095,-3.054762
7666.6665,-20.588888,-3.0269842
7683.3335,-20.620237,-3.0
7700.0,-20.67381,-2.9761906
7716.6665,-20.72738,-2.952381
7733.3335,-20.75238,-2.9
7750.0,-20.770239,-2.8404763
7766.6665,-20.787302,-2.7920635
7783.3335,-20.803175,-2.7603176
7800.0,-20.819048,-2.7285714
7816.6665,-20.847818,-2.722619
7833.3335,-20.876587,-2.7166667
7850.0,-20.892262,-2.7059524
7866.6665,-20.899206,-2.6920636
7883.3335,-20.904366,-2.6742063
7900.0,-20.902382,-2.6404762
7916.6665,-20.900396,-2.606746
7933.3335,-20.895239,-2.6190476
7950.0,-20.889286,-2.642857
7966.6665,-20.86746,-2.6603174
7983.3335,-20.821825,-2.668254
8000.0,-20.77619,-2.6761904
8016.6665,-19.32877,-2.732738
8033.3335,-17.88135,-2.7892857
8050.0,-15.461309,-2.8434525
8066.6665,-12.392858,-2.8960319
8083.3335,-9.935317,-2.9373016
8100.0,-9.921429,-2.9333334
8116.6665,-9.907539,-2.9293652
8133.3335,-9.909524,-2.9444444
8150.0,-9.915476,-2.9642856
8166.6665,-9.915873,-2.9809523
8183.3335,-9.907936,-2.9928572
8200.0,-9.9,-3.004762
8216.667,-9.915873,-3.040476
8233.333,-9.9317465,-3.0761905
8250.0,-9.940476,-3.097619
8266.667,-9.944445,-3.1095238
8283.333,-9.946032,-3.1226192
8300.0,-9.938095,-3.1404762
8316.667,-9.930159,-3.1583333
8333.333,-9.950793,-3.163492
8350.0,-9.978572,-3.165476
8366.667,-10.021428,-3.1666667
8383.333,-10.086905,-3.1666667
8400.0,-10.152381,-3.1666667
8416.667,-10.178175,-3.1825397
8433.333,-10.203968,-3.1984127
8450.0,-10.227381,-3.222619
8466.667,-10.249207,-3.2523808
8483.333,-10.271826,-3.2845237
8500.0,-10.297619,-3.3261905
8516.667,-10.323413,-3.3678572
8533.333,-9.546032,-3.452381
8550.0,-8.567857,-3.547619
8566.667,-7.5531745,-3.7242064
8583.333,-6.4837303,-4.0228176
8600.0,-5.4142857,-4.321429
8616.667,-5.422222,-4.321429
8633.333,-5.4301586,-4.321429
8650.0,-5.475,-4.360119
8666.667,-5.5444446,-4.424603
8683.333,-5.5940475,-4.470238
8700.0,-5.5642858,-4.4404764
8716.667,-5.534524,-4.410714
8733.333,-5.5396824,-4.4460316
8750.0,-5.553571,-4.497619
8766.667,-5.5595236,-4.5289683
8783.333,-5.553571,-4.52996
8800.0,-5.547619,-4.5309525
8816.667,-5.573413,-4.4505954
8833.333,-5.5992064,-4.3702383
8850.0,-5.5940475,-4.329762
8866.667,-5.568254,-4.315873
8883.333,-5.5376983,-4.2924604
8900.0,-5.4880953,-4.2309523
8916.667,-5.4384923,-4.1694446
8933.333,-5.4333334,-4.1603174
8950.0,-5.4392858,-4.1642857
8966.667,-5.6515875,-4.3646827
8983.333,-6.173413,-4.859722
9000.0,-6.695238,-5.354762
9016.667,-6.707143,-5.400397
9033.333,-6.7190475,-5.4460316
9050.0,-6.733333,-5.4755955
9066.667,-6.7492065,-5.4944444
9083.333,-6.753175,-5.5130954
9100.0,-6.7095237,-5.5309525
9116.667,-6.665873,-5.5488095
9133.333,-6.6380954,-5.574603
9150.0,-6.614286,-5.6023808
9166.667,-6.5984125,-5.6309524
9183.333,-6.5944443,-5.660714
9200.0,-6.590476,-5.6904764
9216.667,-6.586508,-5.7569447
9233.333,-6.5825396,-5.823413
9250.0,-6.5690475,-5.8875
9266.667,-6.5492063,-5.95
9283.333,-6.531746,-6.003175
9300.0,-6.5238094,-6.0190477
9316.667,-6.515873,-6.0349207
9333.333,-6.503175,-6.0920634
9350.0,-6.489286,-6.159524
9366.667,-6.481746,-6.211111
9383.333,-6.4837303,-6.2388887
9400.0,-6.4857144,-6.266667
9416.667,-6.497619,-6.270635
9433.333,-6.509524,-6.2746034
9450.0,-6.5035715,-6.2380953
9466.667,-6.4857144,-6.174603
9483.333,-6.4698415,-6.1119046
9500.0,-6.4619045,-6.052381
9516.667,-6.453968,-5.992857
9533.333,-6.457143,-5.9460316
9550.0,-6.463095,-5.902381
9566.667,-6.464286,-5.859524
9583.333,-6.4583335,-5.8178573
9600.0,-6.452381,-5.7761903
9616.667,-6.4603176,-5.754365
9633.333,-6.468254,-5.7325397
9650.0,-6.4678574,-5.7178574
9666.667,-6.4619045,-5.7079363
9683.333,-6.4583335,-5.7123017
9700.0,-6.464286,-5.7738094
9716.667,-6.470238,-5.8353176
9733.333,-6.4698415,-5.8984127
9750.0,-6.4678574,-5.9619045
9766.667,-6.4658732,-6.0190477
9783.333,-6.463889,-6.0666666
9800.0,-6.4619045,-6.114286
9816.667,-6.366667,-6.55873
9833.333,-6.2714286,-7.003175
9850.0,-6.2238097,-7.1940475
9866.667,-6.2079363,-7.2158732
9883.333,-6.197619,-7.232143
9900.0,-6.2095237,-7.2261906
9916.667,-6.2214284,-7.220238
9933.333,-6.2055554,-7.203968
9950.0,-6.1827383,-7.185119
9966.667,-6.1813493,-7.172619
9983.333,-6.2121034,-7.169643
10000.0,-6.242857,-7.1666665
10016.667,-6.242857,-7.174603
10033.333,-6.242857,-7.1825395
10050.0,-6.220238,-7.1940475
10066.667,-6.1825395,-7.2079363
10083.333,-6.1511903,-7.2170634
10100.0,-6.145238,-7.207143
10116.667,-6.1392856,-7.197222
10133.333,-6.126984,-7.179365
10150.0,-6.1130953,-7.159524
10166.667,-6.1079364,-7.1373014
10183.333,-6.115873,-7.111508
10200.0,-6.1238093,-7.0857143
10216.667,-6.0920634,-7.0579367
10233.333,-6.0603175,-7.0301585
10250.0,-6.0404763,-7.0130954
10266.667,-6.0285716,-7.003175
10283.333,-6.007143,-6.9837303
10300.0,-5.947619,-6.9261904
10316.667,-5.8880954,-6.868651
10333.333,-5.811111,-6.836508
10350.0,-5.729762,-6.8107142
10366.667,-5.6738095,-6.7948413
10383.333,-5.6559525,-6.793849
10400.0,-5.6380954,-6.792857
10416.667,-5.6232142,-6.7998013
10433.333,-5.608333,-6.806746
10450.0,-5.577976,-6.803571
10466.667,-5.5373015,-6.7936506
10483.333,-5.5035715,-6.7775793
10500.0,-5.497619,-6.7369046
10516.667,-5.491667,-6.69623
10533.333,-5.493651,-6.6650796
10550.0,-5.497619,-6.6363096
10566.667,-5.3285713,-6.7801585
10583.333,-4.9,-7.1829367
10600.0,-4.4714284,-7.5857143
10616.667,-4.536905,-7.6353173
10633.333,-4.6023808,-7.684921
10650.0,-4.6583333,-7.7214284
10666.667,-4.7079363,-7.7492065
10683.333,-4.752381,-7.773016
10700.0,-4.7761903,-7.7809525
10716.667,-4.8,-7.788889
10733.333,-4.838889,-7.824603
10750.0,-4.8815475,-7.867262
10766.667,-5.258333,-8.051984
10783.333,-6.1363096,-8.449801
10800.0,-7.0142856,-8.847619
10816.667,-7.048016,-8.873413
10833.333,-7.081746,-8.899206
10850.0,-7.127381,-8.928572
10866.667,-7.1809525,-8.960318
10883.333,-7.229365,-8.989285
10900.0,-7.257143,-9.007143
10916.667,-7.2849207,-9.025
10933.333,-7.2904763,-9.019841
10950.0,-7.2904763,-9.008928
10966.667,-7.281746,-8.989285
10983.333,-7.2599206,-8.956548
11000.0,-7.2380953,-8.923809
11016.667,-7.251984,-8.939683
11033.333,-7.265873,-8.955556
11050.0,-7.2636905,-8.9875
11066.667,-7.2507935,-9.030159
11083.333,-7.2331347,-9.066865
11100.0,-7.196429,-9.0797615
11116.667,-7.1597223,-9.092659
11133.333,-7.130159,-9.053968
11150.0,-7.1023808,-9.002381
11166.667,-7.0857143,-8.970634
11183.333,-7.0857143,-8.968651
11200.0,-7.0857143,-8.966666
11216.667,-7.046032,-8.932937
11233.333,-7.006349,-8.899206
11250.0,-6.9535713,-8.886905
11266.667,-6.8920636,-8.888889
11283.333,-6.84127,-8.890873
11300.0,-6.8333335,-8.892858
11316.667,-6.825397,-8.894841
11333.333,-6.8079367,-8.85873
11350.0,-6.7880955,-8.813095
11366.667,-6.739286,-8.790476
11383.333,-6.6470237,-8.802381
11400.0,-6.554762,-8.814285
11416.667,-6.5180554,-8.81627
11433.333,-6.481349,-8.8182535
11450.0,-6.479762,-8.835714
11466.667,-6.5015874,-8.863492
11483.333,-6.765873,-8.788889
11500.0,-8.0,-8.304762
11516.667,-9.234127,-7.820635
11533.333,-9.495238,-7.5730157
11550.0,-9.513095,-7.384524
11566.667,-9.520635,-7.266667
11583.333,-9.512698,-7.2547617
11600.0,-9.504762,-7.242857
11616.667,-9.546429,-7.266667
11633.333,-9.588096,-7.2904763
11650.0,-9.619047,-7.313095
11666.667,-9.642858,-7.3349204
11683.333,-9.654366,-7.365278
11700.0,-9.616667,-7.429762
11716.667,-9.578968,-7.494246
11733.333,-9.579365,-7.5563493
11750.0,-9.589286,-7.617857
11766.667,-9.595238,-7.6694446
11783.333,-9.595238,-7.706151
11800.0,-9.595238,-7.742857
11816.667,-9.613095,-7.7746034
11833.333,-9.630953,-7.8063493
11850.0,-9.617857,-7.8446426
11866.667,-9.584127,-7.8873014
11883.333,-9.549802,-7.9301586
11900.0,-9.513095,-7.9738097
11916.667,-9.476389,-8.01746
11933.333,-9.43492,-8.011111
11950.0,-9.3922615,-7.992262
11966.667,-9.355556,-7.9761906
11983.333,-9.327778,-7.964286
12000.0,-9.3,-7.952381
12016.667,-9.262301,-7.9722223
12033.333,-9.224603,-7.9920635
12050.0,-9.169047,-7.983333
12066.667,-9.101587,-7.9555554
12083.333,-9.055159,-7.938889
12100.0,-9.092857,-7.9666667
12116.667,-9.130555,-7.9944444
12133.333,-9.090476,-8.019048
12150.0,-9.030952,-8.042857
12166.667,-8.99127,-8.06746
12183.333,-8.981349,-8.093254
12200.0,-8.971429,-8.119047
12216.667,-8.927778,-8.1329365
12233.333,-8.884127,-8.146826
12250.0,-8.858334,-8.1702385
12266.667,-8.844444,-8.2
12283.333,-8.829365,-8.222222
12300.0,-8.809524,-8.214286
12316.667,-8.789682,-8.206349
12333.333,-7.885714,-8.622222
12350.0,-6.760714,-9.144048
12366.667,-6.113492,-9.4777775
12383.333,-6.1829367,-9.529366
12400.0,-6.252381,-9.580953
12416.667,-6.2801585,-9.60873
12433.333,-6.3079367,-9.636508
12450.0,-6.3428574,-9.669047
12466.667,-6.3825397,-9.7047615
12483.333,-6.4146824,-9.737699
12500.0,-6.4166665,-9.759523
12516.667,-6.4186506,-9.781349
12533.333,-6.4079366,-9.773016
12550.0,-6.3940477,-9.757143
12566.667,-6.411905,-9.70873
12583.333,-6.4773808,-9.611508
12600.0,-6.542857,-9.514286
12616.667,-6.4863095,-9.370437
12633.333,-6.429762,-9.226587
12650.0,-6.3517857,-9.080358
12666.667,-6.259524,-8.93254
12683.333,-6.1769843,-8.787699
12700.0,-6.133333,-8.654762
12716.667,-6.0896826,-8.521826
12733.333,-5.977778,-8.328571
12750.0,-5.8488097,-8.120238
12766.667,-5.718254,-7.7650795
12783.333,-5.5853176,-7.1896825
12800.0,-5.452381,-6.614286
12816.667,-5.1706347,-2.5051587
12833.333,-4.888889,1.6039683
12850.0,-4.7380953,3.325
12866.667,-4.674603,3.4539683
12883.333,-4.6107144,3.5805554
12900.0,-4.545238,3.697619
12916.667,-4.479762,3.8146825
12933.333,-4.4825397,3.852381
12950.0,-4.502381,3.870238
12966.667,-4.5238094,3.8730159
12983.333,-4.547619,3.8531747
13000.0,-4.571429,3.8333333
13016.667,-4.6150794,3.8789682
13033.333,-4.65873,3.9246032
13050.0,-4.6666665,3.9904761
13066.667,-4.6507936,4.0698414
13083.333,-4.644841,4.13373
13100.0,-4.678571,4.135714
13116.667,-4.7123017,4.1376987
13133.333,-4.773016,4.0920634
13150.0,-4.840476,4.034524
13166.667,-4.8785715,3.995238
13183.333,-4.872619,3.9833333
13200.0,-4.866667,3.9714286
13216.667,-4.8964286,3.929762
13233.333,-4.9261904,3.8880951
13250.0,-4.9535713,3.8619049
13266.667,-4.979365,3.8460317
13283.333,-4.9988093,3.8416667
13300.0,-4.992857,3.8833334
13316.667,-4.9869046,3.925
13333.333,-5.257143,4.614286
13350.0,-5.5964284,5.465476
13366.667,-5.802381,5.980159
13383.333,-5.8083334,5.9900794
13400.0,-5.8142858,6.0
13416.667,-5.8242064,6.001984
13433.333,-5.834127,6.0039682
13450.0,-5.8613095,6.027976
13466.667,-5.9,6.0666666
13483.333,-5.6501985,5.875595
13500.0,-4.2464285,4.765476
13516.667,-2.8426588,3.6553571
13533.333,-1.3,-1.0380952
13550.0,0.27738094,-6.627381
13566.667,1.286508,-10.612699
13583.333,1.443254,-12.192063
13600.0,1.6,-13.771428
13616.667,1.6704365,-13.785317
13633.333,1.740873,-13.799207
13650.0,1.7720238,-13.847024
13666.667,1.7769841,-13.91746
13683.333,1.7728175,-13.988095
13700.0,1.7321428,-14.059524
13716.667,1.6914682,-14.130953
13733.333,1.6730158,-14.2047615
13750.0,1.660119,-14.279166
13766.667,1.6825397,-14.326191
13783.333,1.7579365,-14.332143
13800.0,1.8333334,-14.338096
13816.667,2.5734127,-14.907539
13833.333,3.313492,-15.476984
13850.0,3.5904763,-15.692857
13866.667,3.5587301,-15.673016
13883.333,3.4936507,-15.605952
13900.0,3.295238,-15.35
13916.667,3.0968254,-15.094048
13933.333,3.004762,-14.960318
13950.0,2.9392858,-14.857142
13966.667,2.85873,-14.7349205
13983.333,2.7555556,-14.584127
14000.0,2.652381,-14.433333
14016.667,2.4599206,-14.302381
14033.333,2.2674603,-14.171429
14050.0,2.1214285,-14.030952
14066.667,2.0063493,-13.884127
14083.333,1.8702381,-13.713096
14100.0,1.65,-13.445238
14116.667,1.4297619,-13.177381
14133.333,1.2603174,-12.968254
14150.0,1.1035714,-12.773809
14166.667,0.9325397,-12.583333
14183.333,0.74007934,-12.398809
14200.0,0.54761904,-12.214286
14216.667,-1.0436507,-10.027778
14233.333,-2.6349206,-7.84127
14250.0,-3.7154763,-5.6297617
14266.667,-4.4555554,-3.4015872
14283.333,-5.0694447,-1.6170635
14300.0,-5.178571,-1.6071428
14316.667,-5.2876983,-1.5972222
14333.333,-5.3920636,-1.5714285
14350.0,-5.4952383,-1.5416666
14366.667,-5.5857143,-1.5436507
14383.333,-5.6571426,-1.593254
14400.0,-5.7285714,-1.6428572
14416.667,-5.8357143,-1.6428572
14433.333,-5.9428573,-1.6428572
14450.0,-5.632738,-1.8821429
14466.667,-5.0444446,-2.2809525
14483.333,-4.502579,-2.897619
14500.0,-4.1464286,-4.385714
14516.667,-3.7902777,-5.8738093
14533.333,-3.7190475,-6.2190475
14550.0,-3.7190475,-6.2785716
14566.667,-3.7182539,-6.3039684
14583.333,-3.7162697,-6.2781744
14600.0,-3.7142856,-6.252381
14616.667,-3.6636906,-6.186905
14633.333,-3.6130953,-6.1214285
14650.0,-3.5708334,-6.107143
14666.667,-3.534127,-6.126984
14683.333,-3.5099206,-6.133929
14700.0,-3.5357144,-6.089286
14716.667,-3.561508,-6.044643
14733.333,-7.0507936,-6.2079363
14750.0,-11.405952,-6.4232144
14766.667,-14.304762,-6.7007937
14783.333,-15.019048,-7.0718255
14800.0,-15.733334,-7.4428573
14816.667,-15.636111,-7.454762
14833.333,-15.538889,-7.4666667
14850.0,-15.484524,-7.484524
14866.667,-15.45873,-7.506349
14883.333,-15.4317465,-7.5309525
14900.0,-15.4,-7.5666666
14916.667,-15.368254,-7.6023808
14933.333,-15.368254,-7.6023808
14950.0,-15.368254,-7.6023808
