0.0,-7.7238097,-4.928571
16.666666,-7.7099204,-4.90873
33.333332,-7.6960316,-4.888889
50.0,-7.697619,-4.8630953
66.666664,-7.7095237,-4.8333335
83.333336,-7.7156744,-4.815675
100.0,-7.6988096,-4.8464284
116.666664,-7.6819444,-4.8771825
133.33333,-7.6539683,-4.8849206
150.0,-7.6232142,-4.8869047
166.66667,-7.607143,-4.9059525
183.33333,-7.6130953,-4.9505954
200.0,-7.6190476,-4.9952383
216.66667,-7.9027777,-7.4436507
233.33333,-8.186508,-9.892063
250.0,-8.296429,-10.851191
266.66666,-8.290476,-10.81746
283.33334,-8.287302,-10.796032
300.0,-8.2952385,-10.82381
316.66666,-8.303175,-10.851587
333.33334,-8.315873,-10.863492
350.0,-8.3297615,-10.8714285
366.66666,-8.328571,-10.883333
383.33334,-8.304762,-10.901191
400.0,-8.280952,-10.919047
416.66666,-8.245238,-10.8972225
433.33334,-8.209524,-10.875397
450.0,-8.185715,-10.859524
466.66666,-8.169841,-10.847619
483.33334,-8.1515875,-10.835318
500.0,-8.12381,-10.821428
516.6667,-8.096032,-10.80754
533.3333,-8.088889,-10.796825
550.0,-8.086905,-10.786904
566.6667,-8.083333,-10.789682
583.3333,-8.077381,-10.811508
600.0,-8.071428,-10.833333
616.6667,-8.065476,-10.785714
633.3333,-8.059524,-10.738095
650.0,-8.023809,-10.692857
666.6667,-7.968254,-10.649206
683.3333,-7.9488096,-10.435317
700.0,-8.07381,-9.540476
716.6667,-8.19881,-8.645635
733.3333,-8.217461,-8.428572
750.0,-8.209524,-8.380953
766.6667,-8.203175,-8.369047
783.3333,-8.199206,-8.410714
800.0,-8.195238,-8.452381
816.6667,-8.183333,-8.436508
833.3333,-8.171429,-8.420635
850.0,-8.161904,-8.422619
866.6667,-8.153968,-8.436508
883.3333,-8.145238,-8.450198
900.0,-8.133333,-8.463096
916.6667,-8.1214285,-8.475992
933.3333,-8.115873,-8.495238
950.0,-8.111905,-8.516071
966.6667,-8.115079,-8.515873
983.3333,-8.128968,-8.484127
1000.0,-8.142858,-8.452381
1016.6667,-8.136905,-8.450397
1033.3334,-8.130953,-8.448413
1050.0,-8.119643,-8.417857
1066.6666,-8.104762,-8.368254
1083.3334,-8.702778,-8.299008
1100.0,-11.752381,-8.151191
1116.6666,-14.801984,-8.003373
1133.3334,-16.042856,-7.863492
1150.0,-16.831547,-7.7255955
1166.6666,-17.287302,-7.623016
1183.3334,-17.24365,-7.573413
1200.0,-17.2,-7.5238094
1216.6666,-17.178175,-7.5277777
1233.3334,-17.15635,-7.531746
1250.0,-17.136906,-7.4059525
1266.6666,-17.119047,-7.1936507
1283.3334,-16.176191,-7.093146
1300.0,-15.233334,-6.9926405
1316.6666,-14.290476,-6.8921356
1333.3334,-13.347619,-6.7916307
1350.0,-12.404762,-6.6911254
1366.6666,-11.461905,-6.5906205
1383.3334,-10.519048,-6.4901156
1400.0,-9.576191,-6.3896103
1416.6666,-8.633333,-6.2891054
1433.3334,-7.6904764,-6.1886
1450.0,-6.747619,-6.088095
1466.6666,-6.826984,-6.1
1483.3334,-6.890873,-6.1126986
1500.0,-6.892857,-6.1285715
1516.6666,-6.894841,-6.1444445
1533.3334,-6.919048,-6.2
1550.0,-6.9488096,-6.265476
1566.6666,-6.96746,-6.2992063
1583.3334,-6.9694443,-6.2853174
1600.0,-6.9714284,-6.2714286
1616.6666,-7.0170636,-6.3011904
1633.3334,-7.0626984,-6.330952
1650.0,-7.0845237,-6.345238
1666.6666,-7.090476,-6.3492064
1683.3334,-7.0964284,-6.3511906
1700.0,-7.1023808,-6.345238
1716.6666,-7.108333,-6.339286
1733.3334,-7.133333,-6.3396826
1750.0,-7.1630955,-6.3416667
1766.6666,-7.1857142,-6.354762
1783.3334,-7.197619,-6.384524
1800.0,-7.2095237,-6.4142857
1816.6666,-7.2194443,-6.438095
1833.3334,-7.229365,-6.4619045
1850.0,-7.838095,-7.572619
1866.6666,-8.846032,-9.407936
1883.3334,-9.671429,-10.885715
1900.0,-9.766666,-10.933333
1916.6666,-9.861905,-10.980952
1933.3334,-9.885715,-11.003175
1950.0,-9.891666,-11.019048
1966.6666,-9.897619,-11.011905
1983.3334,-9.903571,-10.970238
2000.0,-9.909524,-10.928572
2016.6666,-9.927381,-10.916667
2033.3334,-9.945238,-10.904762
2050.0,-9.952381,-10.883333
2066.6667,-9.952381,-10.855556
2083.3333,-9.950793,-10.830159
2100.0,-9.942857,-10.814285
2116.6667,-9.93492,-10.798412
2133.3333,-9.922222,-10.742857
2150.0,-9.908334,-10.677381
2166.6667,-9.9015875,-10.619047
2183.3333,-9.905556,-10.571428
2200.0,-9.909524,-10.523809
2216.6667,-9.905556,-10.447421
2233.3333,-9.9015875,-10.371032
2250.0,-9.891666,-10.326786
2266.6667,-9.877778,-10.303968
2283.3333,-9.932738,-10.241072
2300.0,-10.263095,-10.017858
2316.6667,-10.593452,-9.794642
2333.3333,-10.666667,-9.4777775
2350.0,-10.675595,-9.1375
2366.6667,-10.670635,-8.916667
2383.3333,-10.644841,-8.875
2400.0,-10.619047,-8.833333
2416.6667,-10.613095,-8.803572
2433.3333,-10.607142,-8.773809
2450.0,-10.596429,-8.752381
2466.6667,-10.58254,-8.736508
2483.3333,-10.573016,-8.717064
2500.0,-10.580953,-8.683333
2516.6667,-10.588889,-8.649603
2533.3333,-9.763492,-7.7380953
2550.0,-8.729762,-6.607143
2566.6667,-8.116667,-5.911905
2583.3333,-8.134523,-5.8702383
2600.0,-8.152381,-5.8285713
2616.6667,-8.162302,-5.8166666
2633.3333,-8.172222,-5.804762
2650.0,-8.158334,-5.7714286
2666.6667,-8.1285715,-5.7238097
2683.3333,-8.104365,-5.6835318
2700.0,-8.102381,-5.672619
2716.6667,-8.100397,-5.6617064
2733.3333,-8.114285,-5.6412697
2750.0,-8.132143,-5.6184525
2766.6667,-8.141666,-5.5988097
2783.3333,-8.138691,-5.5839286
2800.0,-8.135715,-5.5690475
2816.6667,-8.1307535,-5.5621033
2833.3333,-8.125793,-5.5551586
2850.0,-8.119047,-5.542857
2866.6667,-8.111111,-5.526984
2883.3333,-8.100794,-5.510714
2900.0,-8.080953,-5.492857
2916.6667,-8.061111,-5.475
2933.3333,-8.042857,-5.4619045
2950.0,-8.025,-5.45
2966.6667,-8.00635,-5.4365077
2983.3333,-7.986508,-5.4206347
3000.0,-7.9666667,-5.404762
3016.6667,-7.9646826,-5.3710318
3033.3333,-7.9626985,-5.3373017
3050.0,-7.975,-5.285714
3066.6667,-7.996825,-5.2222223
3083.3333,-8.012301,-5.173016
3100.0,-8.002381,-5.1809525
3116.6667,-7.9924603,-5.188889
3133.3333,-7.9873013,-5.149206
3150.0,-7.983333,-5.097619
3166.6667,-7.9880953,-5.0444446
3183.3333,-8.005953,-4.9888887
3200.0,-8.023809,-4.9333334
3216.6667,-8.055555,-4.909524
3233.3333,-8.087301,-4.885714
3250.0,-8.099404,-4.8708334
3266.6667,-8.0984125,-4.8619046
3283.3333,-8.096627,-4.8555555
3300.0,-8.091666,-4.859524
3316.6667,-8.086706,-4.863492
3333.3333,-8.074603,-4.8301587
3350.0,-8.060715,-4.7875
3366.6667,-8.050794,-4.7484126
3383.3333,-8.046825,-4.7146826
3400.0,-8.042857,-4.6809525
3416.6667,-8.084524,-4.633333
3433.3333,-8.12619,-4.5857143
3450.0,-8.136905,-4.5559525
3466.6667,-8.126985,-4.5380955
3483.3333,-8.115873,-4.529365
3500.0,-8.1,-4.5571427
3516.6667,-8.084127,-4.5849204
3533.3333,-8.066667,-4.5968256
3550.0,-8.048809,-4.604762
3566.6667,-8.044841,-4.59127
3583.3333,-8.061707,-4.5456347
3600.0,-8.078571,-4.5
3616.6667,-8.083531,-4.464286
3633.3333,-8.088492,-4.428571
3650.0,-8.082143,-4.420238
3666.6667,-8.0682535,-4.4301586
3683.3333,-8.055159,-4.43373
3700.0,-8.0452385,-4.411905
3716.6667,-8.035317,-4.3900795
3733.3333,-8.042857,-4.360317
3750.0,-8.054762,-4.3285713
3766.6667,-8.061905,-4.3055553
3783.3333,-8.061905,-4.2956347
3800.0,-8.061905,-4.285714
3816.6667,-8.069841,-4.279762
3833.3333,-8.077778,-4.2738094
3850.0,-8.076191,-4.2892857
3866.6667,-8.0682535,-4.3190475
3883.3333,-8.062302,-4.340476
3900.0,-8.064285,-4.3285713
3916.6667,-8.06627,-4.3166666
3933.3333,-8.076191,-4.3031745
3950.0,-8.088096,-4.2892857
3966.6667,-8.096826,-4.273016
3983.3333,-8.100794,-4.253175
4000.0,-8.104762,-4.233333
4016.6667,-8.092857,-4.2055554
4033.3333,-8.080953,-4.177778
4050.0,-8.067857,-4.1464286
4066.6667,-8.053968,-4.1126986
4083.3333,-8.042064,-4.086508
4100.0,-8.038095,-4.090476
4116.6665,-8.034127,-4.0944443
4133.3335,-8.031746,-4.0984125
4150.0,-8.029762,-4.1023808
4166.6665,-8.026984,-4.104762
4183.3335,-8.023016,-4.104762
4200.0,-8.019048,-4.104762
4216.6665,-8.028968,-4.102778
4233.3335,-8.038889,-4.100794
4250.0,-8.039286,-4.0916667
4266.6665,-8.033334,-4.077778
4283.3335,-8.024206,-4.0646825
4300.0,-8.002381,-4.054762
4316.6665,-7.9805555,-4.0448413
4333.3335,-7.957143,-4.036508
4350.0,-7.9333334,-4.0285716
4366.6665,-7.915873,-4.0261903
4383.3335,-7.9079366,-4.0321426
4400.0,-7.9,-4.0380955
4416.6665,-7.9238095,-4.035119
4433.3335,-7.947619,-4.0321426
4450.0,-7.965476,-4.044643
4466.6665,-7.979365,-4.0674605
4483.3335,-7.989286,-4.088889
4500.0,-7.983333,-4.104762
4516.6665,-7.9773808,-4.120635
4533.3335,-7.974603,-4.130159
4550.0,-7.972619,-4.1380954
4566.6665,-7.968254,-4.146032
4583.3335,-7.9603176,-4.1539683
4600.0,-7.952381,-4.161905
4616.6665,-7.9345236,-4.1896825
4633.3335,-7.9166665,-4.21746
4650.0,-7.8958335,-4.231548
4666.6665,-7.873016,-4.236508
4683.3335,-7.8517857,-4.2386904
4700.0,-7.8369045,-4.229762
4716.6665,-7.822024,-4.2208333
4733.3335,-7.801587,-4.220635
4750.0,-7.779762,-4.222619
4766.6665,-7.765873,-4.2325397
4783.3335,-7.763889,-4.254365
4800.0,-7.7619047,-4.2761903
4816.6665,-7.769841,-4.359524
4833.3335,-7.7777777,-4.4428573
4850.0,-7.7761903,-4.5011907
4866.6665,-7.768254,-4.542857
4883.3335,-7.756746,-4.5805554
4900.0,-7.7309523,-4.6023808
4916.6665,-7.7051587,-4.6242065
4933.3335,-7.7063494,-4.633333
4950.0,-7.714286,-4.6392856
4966.6665,-7.713492,-4.6555557
4983.3335,-7.699603,-4.6873016
5000.0,-7.6857142,-4.7190475
5016.6665,-7.6876984,-4.75873
5033.3335,-7.6896825,-4.798413
5050.0,-7.6916666,-4.827381
5066.6665,-7.6936507,-4.8492064
5083.3335,-7.69127,-4.8710318
5100.0,-7.6714287,-4.892857
5116.6665,-7.6515875,-4.9146824
5133.3335,-7.7126985,-4.9015875
5150.0,-7.794048,-4.8797617
5166.6665,-7.6698413,-3.588889
5183.3335,-7.2373013,-0.39444444
5200.0,-6.804762,2.8
5216.6665,-6.677778,-0.10079365
5233.3335,-6.5507936,-3.0015874
5250.0,-6.5761905,-4.5261903
5266.6665,-6.7031746,-5.133333
5283.3335,-6.8071427,-5.6369047
5300.0,-6.8190475,-5.7261906
5316.6665,-6.830952,-5.8154764
5333.3335,-6.820635,-5.8650794
5350.0,-6.804762,-5.904762
5366.6665,-6.7853174,-5.945238
5383.3335,-6.7605157,-5.9869046
5400.0,-6.7357144,-6.0285716
5416.6665,-6.7109127,-6.0226192
5433.3335,-6.686111,-6.016667
5450.0,-6.669048,-5.991667
5466.6665,-6.6571426,-5.953968
5483.3335,-6.6444445,-5.917857
5500.0,-6.6285715,-5.8880954
5516.6665,-6.6126986,-5.858333
5533.3335,-6.6190476,-5.822222
5550.0,-6.6309524,-5.784524
5566.6665,-6.5634923,-5.595238
5583.3335,-6.376984,-5.178571
5600.0,-6.1904764,-4.7619047
5616.6665,-6.1309524,-4.3492064
5633.3335,-6.071429,-3.936508
5650.0,-6.047619,-3.7761905
5666.6665,-6.047619,-3.784127
5683.3335,-6.045238,-3.797619
5700.0,-6.0333333,-3.8333333
5716.6665,-6.0214286,-3.8690476
5733.3335,-6.0079365,-3.8888888
5750.0,-5.9940476,-3.9047618
5766.6665,-5.984127,-3.915476
5783.3335,-5.980159,-3.9184523
5800.0,-5.9761906,-3.9214287
5816.6665,-5.998016,-3.9125
5833.3335,-6.019841,-3.9035714
5850.0,-6.042857,-3.9071429
5866.6665,-6.0666666,-3.9190476
5883.3335,-6.0849204,-3.9126985
5900.0,-6.080952,-3.8333333
5916.6665,-6.076984,-3.7539682
5933.3335,-6.1126986,-3.7333333
5950.0,-6.1583333,-3.727381
5966.6665,-6.186905,-3.643254
5983.3335,-6.189881,-3.441865
6000.0,-6.1928573,-3.2404761
6016.6665,-6.3274803,-2.8978174
6033.3335,-6.4621034,-2.5551586
6050.0,-6.5967264,-2.2125
6066.6665,-6.731349,-1.8698412
6083.3335,-6.865972,-1.5271826
6100.0,-7.000595,-1.1845238
6116.6665,-7.135218,-0.84186506
6133.3335,-7.269841,-0.49920633
6150.0,-7.357143,-0.48035714
6166.6665,-7.4309525,-0.46785715
6183.3335,-7.484524,-0.46488094
6200.0,-7.5380955,-0.46190476
6216.6665,-7.508333,-0.56904763
6233.3335,-7.4785714,-0.6761905
6250.0,-7.470238,-0.72738093
6266.6665,-7.4761906,-0.7412698
6283.3335,-7.4742064,-0.75277776
6300.0,-7.4404764,-0.75476193
6316.6665,-7.406746,-0.75674605
6333.3335,-7.4261904,-0.7563492
6350.0,-7.4589286,-0.75535715
6366.6665,-7.468651,-0.77261907
6383.3335,-7.443849,-0.81726193
6400.0,-7.419048,-0.86190474
6416.6665,-7.399206,-0.89166665
6433.3335,-7.379365,-0.92142856
6450.0,-7.354762,-0.98333335
6466.6665,-7.326984,-1.0666667
6483.3335,-7.117857,-1.3003968
6500.0,-6.1833334,-2.1357143
6516.6665,-5.2488093,-2.9710317
6533.3335,-5.114286,-3.8206348
6550.0,-5.179762,-4.6738095
6566.6665,-5.231746,-5.1980157
6583.3335,-5.263492,-5.22877
6600.0,-5.295238,-5.259524
6616.6665,-5.3031745,-5.2982144
6633.3335,-5.311111,-5.3369045
6650.0,-5.325,-5.377381
6666.6665,-5.3428574,-5.419048
6683.3335,-5.3626986,-5.4603176
6700.0,-5.390476,-5.5
6716.6665,-5.418254,-5.5396824
6733.3335,-5.4333334,-5.5634923
6750.0,-5.445238,-5.5833335
6766.6665,-5.4460316,-5.597619
6783.3335,-5.4301586,-5.6035714
6800.0,-5.4142857,-5.609524
6816.6665,-5.420238,-5.6214285
6833.3335,-5.4261904,-5.633333
6850.0,-5.4345236,-5.6761904
6866.6665,-5.4444447,-5.7396827
6883.3335,-5.451587,-5.802778
6900.0,-5.447619,-5.864286
6916.6665,-5.4436507,-5.9257936
6933.3335,-5.4492064,-5.9761906
6950.0,-5.457143,-6.0238094
6966.6665,-5.468254,-6.0742064
6983.3335,-5.484127,-6.12877
7000.0,-5.5,-6.1833334
7016.6665,-5.5188494,-6.226984
7033.3335,-5.5376983,-6.270635
7050.0,-7.7708335,-6.5482144
7066.6665,-11.480159,-6.981746
7083.3335,-14.456746,-7.3281746
7100.0,-14.502381,-7.3261905
7116.6665,-14.548016,-7.3242064
7133.3335,-14.51746,-7.338095
7150.0,-14.467857,-7.3559523
7166.6665,-14.446032,-7.3555555
7183.3335,-14.465873,-7.327778
7200.0,-14.485714,-7.3
7216.6665,-14.491667,-7.258333
7233.3335,-14.497619,-7.2166667
7250.0,-14.502381,-7.1369047
7266.6665,-14.50635,-7.031746
7283.3335,-14.512698,-6.9289684
7300.0,-14.528571,-6.8357143
7316.6665,-14.544444,-6.7424603
7333.3335,-14.557143,-6.6666665
7350.0,-14.569048,-6.595238
7366.6665,-14.574603,-6.5436506
7383.3335,-14.570635,-6.5218253
7400.0,-14.566667,-6.5
7416.6665,-14.570635,-6.4722223
7433.3335,-14.574603,-6.4444447
7450.0,-14.597619,-6.3809524
7466.6665,-14.633333,-6.2936506
7483.3335,-14.667064,-6.2214284
7500.0,-14.692857,-6.2095237
7516.6665,-14.718651,-6.197619
7533.3335,-14.725397,-6.1873016
7550.0,-14.727381,-6.177381
7566.6665,-14.715873,-6.1603174
7583.3335,-14.684127,-6.1325397
7600.0,-14.652381,-6.104762
7616.6665,-14.648413,-6.077976
7633.3335,-14.644444,-6.0511904
7650.0,-14.657143,-6.0482144
7666.6665,-14.680952,-6.061111
7683.3335,-14.700397,-6.068254
7700.0,-14.702381,-6.052381
7716.6665,-14.704365,-6.036508
7733.3335,-14.68492,-5.9984126
7750.0,-14.660119,-5.954762
7766.6665,-14.651191,-5.8912697
7783.3335,-14.666072,-5.798016
7800.0,-14.680952,-5.704762
7816.6665,-14.691865,-5.647222
7833.3335,-14.702778,-5.5896826
7850.0,-15.951786,-5.625595
7866.6665,-18.02619,-5.7238097
7883.3335,-19.683332,-5.7998013
7900.0,-19.671429,-5.786905
7916.6665,-19.659523,-5.774008
7933.3335,-19.63254,-5.7809525
7950.0,-19.601786,-5.792857
7966.6665,-19.567858,-5.800397
7983.3335,-19.529167,-5.8013887
8000.0,-19.490477,-5.802381
8016.6665,-19.50238,-5.7795634
8033.3335,-19.514286,-5.756746
8050.0,-19.50238,-5.7369046
8066.6665,-19.474604,-5.7190475
8083.3335,-19.446825,-5.704762
8100.0,-19.419048,-5.704762
8116.6665,-19.39127,-5.704762
8133.3335,-19.363493,-5.6920633
8150.0,-19.335714,-5.6761904
8166.6665,-19.304762,-5.6698413
8183.3335,-19.269047,-5.677778
8200.0,-19.233334,-5.6857142
8216.667,-19.223413,-5.7273808
8233.333,-19.213491,-5.7690477
8250.0,-19.182142,-5.785714
8266.667,-19.136507,-5.785714
8283.333,-19.078571,-5.78254
8300.0,-18.971428,-5.766667
8316.667,-18.864286,-5.7507935
8333.333,-18.803175,-5.7444444
8350.0,-18.75357,-5.740476
8366.667,-18.705555,-5.734127
8383.333,-18.65992,-5.7242064
8400.0,-18.614286,-5.714286
8416.667,-18.620237,-5.71627
8433.333,-18.62619,-5.718254
8450.0,-18.641071,-5.724405
8466.667,-18.661905,-5.733333
8483.333,-18.67123,-5.7430553
8500.0,-18.634523,-5.7559524
8516.667,-18.597818,-5.7688494
8533.333,-18.53492,-5.7761903
8550.0,-18.465477,-5.7821426
8566.667,-18.379366,-5.776984
8583.333,-18.268253,-5.755159
8600.0,-18.157143,-5.733333
8616.667,-18.157143,-5.7670636
8633.333,-18.157143,-5.8007936
8650.0,-18.15119,-5.803571
8666.667,-18.14127,-5.785714
8683.333,-18.123413,-5.757738
8700.0,-18.073809,-5.6892858
8716.667,-18.024206,-5.6208334
8733.333,-17.976984,-5.6222224
8750.0,-17.930357,-5.6410713
8766.667,-17.885317,-5.6507936
8783.333,-17.842659,-5.6468253
8800.0,-17.8,-5.642857
8816.667,-17.8,-5.593254
8833.333,-17.8,-5.5436506
8850.0,-17.77381,-5.529762
8866.667,-17.730158,-5.5396824
8883.333,-17.681349,-5.5571427
8900.0,-17.611904,-5.604762
8916.667,-17.54246,-5.652381
8933.333,-17.536509,-5.6714287
8950.0,-17.546429,-5.6833334
8966.667,-17.534126,-5.677381
8983.333,-17.488493,-5.644643
9000.0,-17.442858,-5.6119046
9016.667,-17.413095,-5.5890875
9033.333,-17.383333,-5.56627
9050.0,-17.3625,-5.570833
9066.667,-17.347618,-5.593651
9083.333,-17.332342,-5.614087
9100.0,-17.315475,-5.625
9116.667,-17.29861,-5.635913
9133.333,-17.35873,-5.595238
9150.0,-17.438095,-5.5416665
9166.667,-17.826984,-5.6380954
9183.333,-18.680159,-5.9595237
9200.0,-19.533333,-6.2809525
9216.667,-18.979761,-6.229365
9233.333,-18.426191,-6.177778
9250.0,-18.186905,-6.1755953
9266.667,-18.157143,-6.2063494
9283.333,-18.134722,-6.240873
9300.0,-18.141666,-6.2904763
9316.667,-18.148611,-6.3400793
9333.333,-18.107937,-6.3626986
9350.0,-18.055357,-6.3785715
9366.667,-18.010317,-6.4039683
9383.333,-17.976587,-6.4436507
9400.0,-17.942858,-6.483333
9416.667,-17.875397,-6.4248013
9433.333,-17.807936,-6.36627
9450.0,-17.312857,-6.0391665
9466.667,-16.817778,-5.7120633
9483.333,-16.322699,-5.38496
9500.0,-15.827619,-5.057857
9516.667,-15.33254,-4.730754
9533.333,-14.8374605,-4.4036508
9550.0,-14.342381,-4.0765476
9566.667,-13.8473015,-3.7494445
9583.333,-13.352222,-3.4223413
9600.0,-12.857142,-3.0952382
9616.667,-12.924603,-3.1488094
9633.333,-12.9920635,-3.202381
9650.0,-13.028571,-3.2696428
9666.667,-13.044444,-3.3460317
9683.333,-13.061508,-3.4150794
9700.0,-13.083333,-3.454762
9716.667,-13.105159,-3.4944444
9733.333,-13.106349,-3.5396826
9750.0,-13.102381,-3.5863094
9766.667,-13.110317,-3.6222222
9783.333,-13.136111,-3.6420634
9800.0,-13.161904,-3.6619048
9816.667,-13.205556,-3.7234128
9833.333,-13.249207,-3.7849207
9850.0,-13.272619,-3.8773808
9866.667,-13.282539,-3.9904761
9883.333,-13.289682,-4.083532
9900.0,-13.285714,-4.0964284
9916.667,-13.281746,-4.1093254
9933.333,-13.280952,-4.1174603
9950.0,-13.280952,-4.124405
9966.667,-13.290476,-4.151984
9983.333,-13.314285,-4.210516
10000.0,-13.338096,-4.2690477
10016.667,-13.353969,-4.30873
10033.333,-13.369842,-4.3484125
10050.0,-13.37619,-4.392262
10066.667,-13.37619,-4.438889
10083.333,-13.374603,-4.479365
10100.0,-13.366667,-4.4952383
10116.667,-13.35873,-4.5111113
10133.333,-12.292857,-4.4150796
10150.0,-10.9625,-4.2910714
10166.667,-8.044841,-3.7900794
10183.333,-2.7462301,-2.723611
10200.0,2.552381,-1.6571429
10216.667,2.415476,-1.4686508
10233.333,2.2785714,-1.2801588
10250.0,2.1892858,-1.2261904
10266.667,2.131746,-1.2619047
10283.333,2.084127,-1.2968254
10300.0,2.0761905,-1.3285714
10316.667,2.068254,-1.3603175
10333.333,2.0833333,-1.3857143
10350.0,2.1041667,-1.4095238
10366.667,2.1130953,-1.4238095
10383.333,2.1041667,-1.4238095
10400.0,2.0952382,-1.4238095
10416.667,2.0674603,-1.4178572
10433.333,2.0396826,-1.4119048
10450.0,0.41190475,-1.6011904
10466.667,-2.2825396,-1.9206349
10483.333,-4.7069445,-2.199603
10500.0,-6.0511904,-2.3166666
10516.667,-7.3954363,-2.4337301
10533.333,-7.6468253,-2.4412699
10550.0,-7.625,-2.4214287
10566.667,-7.6059523,-2.4293652
10583.333,-7.5910716,-2.4789681
10600.0,-7.5761905,-2.5285714
10616.667,-7.5434523,-2.538492
10633.333,-7.510714,-2.5484128
10650.0,-7.499405,-2.5595238
10666.667,-7.502381,-2.5714285
10683.333,-7.5123014,-2.5821428
10700.0,-7.55,-2.5880952
10716.667,-7.5876985,-2.5940475
10733.333,-7.5873017,-2.5460317
10750.0,-7.577381,-2.4845238
10766.667,-7.5690475,-2.4646826
10783.333,-7.563095,-2.5073414
10800.0,-7.5571427,-2.55
10816.667,-7.5928574,-2.5232143
10833.333,-7.6285715,-2.4964285
10850.0,-7.6369047,-2.4464285
10866.667,-7.626984,-2.3809524
10883.333,-7.630159,-2.329365
10900.0,-7.6857142,-2.3333333
10916.667,-7.74127,-2.3373015
10933.333,-7.7492065,-2.331746
10950.0,-7.7452383,-2.3238096
10966.667,-7.7357144,-2.3285713
10983.333,-7.7178574,-2.352381
11000.0,-7.7,-2.3761904
11016.667,-7.6920633,-2.398016
11033.333,-7.684127,-2.4198413
11050.0,-7.705952,-2.4035714
11066.667,-7.747619,-2.3619049
11083.333,-7.7936506,-2.3325398
11100.0,-7.857143,-2.352381
11116.667,-7.9206347,-2.3722222
11133.333,-8.603174,-2.7428572
11150.0,-9.440476,-3.2011905
11166.667,-10.198413,-3.6603174
11183.333,-10.837301,-4.120635
11200.0,-11.476191,-4.580952
11216.667,-11.444445,-4.5531745
11233.333,-11.412699,-4.525397
11250.0,-11.402381,-4.5
11266.667,-11.406349,-4.4761906
11283.333,-11.410714,-4.455952
11300.0,-11.416667,-4.45
11316.667,-11.422619,-4.4440475
11333.333,-11.430159,-4.4603176
11350.0,-11.438095,-4.482143
11366.667,-11.44127,-4.5015874
11383.333,-11.437302,-4.5174603
11400.0,-11.433333,-4.5333333
11416.667,-11.385715,-4.5869045
11433.333,-11.338096,-4.640476
11450.0,-11.30119,-4.679762
11466.667,-11.271428,-4.7095237
11483.333,-11.24246,-4.729762
11500.0,-11.216666,-4.7119045
11516.667,-11.190873,-4.6940475
11533.333,-11.1817465,-4.6666665
11550.0,-11.176785,-4.6369047
11566.667,-11.167064,-4.610317
11583.333,-11.150198,-4.588492
11600.0,-11.133333,-4.5666666
11616.667,-11.093651,-4.521032
11633.333,-11.053968,-4.4753966
11650.0,-11.035119,-4.436905
11666.667,-11.030159,-4.4031744
11683.333,-11.025397,-4.368254
11700.0,-11.021428,-4.3285713
11716.667,-11.01746,-4.288889
11733.333,-10.973016,-4.2619047
11750.0,-10.918452,-4.2380953
11766.667,-10.880158,-4.2190475
11783.333,-10.86627,-4.207143
11800.0,-10.852381,-4.195238
11816.667,-10.828571,-4.213095
11833.333,-10.804762,-4.2309523
11850.0,-10.784524,-4.2214284
11866.667,-10.766666,-4.1936507
11883.333,-10.75,-4.168254
11900.0,-10.738095,-4.152381
11916.667,-10.726191,-4.136508
11933.333,-10.715873,-4.0984125
11950.0,-10.705953,-4.054762
11966.667,-10.699206,-4.0261903
11983.333,-10.697222,-4.020238
12000.0,-10.695238,-4.0142856
12016.667,-10.695238,-4.006349
12033.333,-10.695238,-3.9984126
12050.0,-10.686905,-3.9916666
12066.667,-10.673016,-3.9857142
12083.333,-10.657936,-3.9825397
12100.0,-10.638095,-3.9904761
12116.667,-10.618254,-3.9984126
12133.333,-10.611111,-3.9746032
12150.0,-10.607142,-3.942857
12166.667,-10.607142,-3.9166667
12183.333,-10.613095,-3.8988094
12200.0,-10.619047,-3.8809524
12216.667,-10.623015,-3.8888888
12233.333,-10.626985,-3.8968253
12250.0,-10.644048,-3.9083333
12266.667,-10.669841,-3.9222221
12283.333,-10.694445,-3.9285715
12300.0,-10.714286,-3.9047618
12316.667,-10.734127,-3.8809524
12333.333,-10.744445,-3.8761904
12350.0,-10.752381,-3.8761904
12366.667,-10.759523,-3.8746033
12383.333,-10.765476,-3.870635
12400.0,-10.771428,-3.8666666
12416.667,-10.769444,-3.8726192
12433.333,-10.76746,-3.8785715
12450.0,-10.751785,-3.8845239
12466.667,-10.726984,-3.8904762
12483.333,-11.494643,-4.8267856
12500.0,-15.432143,-9.484524
12516.667,-19.369642,-14.1422615
12533.333,-17.195461,-13.885491
12550.0,-15.021279,-13.62872
12566.667,-12.847098,-13.371949
12583.333,-10.672916,-13.115178
12600.0,-8.498735,-12.858408
12616.667,-6.3245535,-12.601637
12633.333,-4.150372,-12.344866
12650.0,-1.9761904,-12.088096
12666.667,-2.0436509,-12.052381
12683.333,-2.0958333,-12.030556
12700.0,-2.0869048,-12.064285
12716.667,-2.0779762,-12.098016
12733.333,-2.0539682,-12.076191
12750.0,-2.0261905,-12.040476
12766.667,-2.0222223,-12.01746
12783.333,-2.0539682,-12.013492
12800.0,-2.0857143,-12.009523
12816.667,-2.095635,-12.0035715
12833.333,-2.1055555,-11.997619
12850.0,-2.107143,-12.00119
12866.667,-2.1031747,-12.011111
12883.333,-2.0980158,-12.019444
12900.0,-2.0880952,-12.021428
12916.667,-2.0781746,-12.023413
12933.333,-2.084127,-12.003175
12950.0,-2.0940475,-11.977381
12966.667,-2.0968254,-11.951984
12983.333,-2.088889,-11.927182
13000.0,-2.0809524,-11.902381
13016.667,-2.0968254,-11.905357
13033.333,-2.1126983,-11.908334
13050.0,-2.1416667,-11.914286
13066.667,-2.1793652,-11.922222
13083.333,-2.1055555,-11.871032
13100.0,-1.5857143,-11.583333
13116.667,-1.065873,-11.295635
13133.333,0.6730159,-11.196825
13150.0,2.7166667,-11.145238
13166.667,3.9031746,-11.101587
13183.333,3.8039682,-11.069841
13200.0,3.704762,-11.038095
13216.667,3.6531746,-11.061905
13233.333,3.6015873,-11.085714
13250.0,3.5619047,-11.107142
13266.667,3.5301588,-11.126985
13283.333,3.5065477,-11.139484
13300.0,3.5154762,-11.122619
13316.667,3.5244048,-11.105754
13333.333,1.9690477,-10.773016
13350.0,0.022619048,-10.361309
13366.667,-2.4448414,-9.917064
13383.333,-5.693849,-9.424008
13400.0,-8.942857,-8.930952
13416.667,-8.884325,-8.902183
13433.333,-8.825793,-8.873413
13450.0,-8.788691,-8.855357
13466.667,-8.765873,-8.844444
13483.333,-8.740477,-8.833928
13500.0,-8.7047615,-8.825
13516.667,-8.669047,-8.8160715
13533.333,-8.6285715,-8.822222
13550.0,-8.586905,-8.832143
13566.667,-8.554762,-8.845238
13583.333,-8.536904,-8.863095
13600.0,-8.519048,-8.880953
13616.667,-8.453571,-8.857142
13633.333,-8.388095,-8.833333
13650.0,-8.360714,-8.8297615
13666.667,-8.35873,-8.839683
13683.333,-8.346429,-8.837698
13700.0,-8.292857,-8.788095
13716.667,-8.239285,-8.738492
13733.333,-8.247619,-8.761905
13750.0,-8.271428,-8.803572
13766.667,-8.276191,-8.839683
13783.333,-8.252381,-8.86746
13800.0,-8.228572,-8.895238
13816.667,-8.2047615,-8.85754
13833.333,-8.180952,-8.819841
13850.0,-8.141071,-8.802381
13866.667,-8.090476,-8.798412
13883.333,-8.048214,-8.788889
13900.0,-8.039286,-8.757143
13916.667,-8.030357,-8.725397
13933.333,-8.01746,-8.728572
13950.0,-8.0035715,-8.740477
13966.667,-8.001587,-8.7420635
13983.333,-8.01746,-8.728174
14000.0,-8.033334,-8.714286
14016.667,-6.250595,-8.217262
14033.333,-4.4678574,-7.720238
14050.0,-3.692262,-7.285119
14066.667,-3.5880952,-6.8912697
14083.333,-3.518254,-6.5686507
14100.0,-3.5857143,-6.5309525
14116.667,-3.6531746,-6.493254
14133.333,-3.6777778,-6.44127
14150.0,-3.6916666,-6.385714
14166.667,-3.704762,-6.336111
14183.333,-3.7166667,-6.2954364
14200.0,-3.7285714,-6.2547617
14216.667,-5.6630955,-4.57123
14233.333,-7.597619,-2.8876984
14250.0,-8.340476,-2.1511905
14266.667,-8.288889,-2.0460317
14283.333,-8.24246,-1.9698412
14300.0,-8.216666,-2.0095239
14316.667,-8.190873,-2.0492063
14333.333,-8.155556,-2.063492
14350.0,-8.117857,-2.0714285
14366.667,-8.084127,-2.0611112
14383.333,-8.056349,-2.0234127
14400.0,-8.028571,-1.9857143
14416.667,-7.989881,-1.9996032
14433.333,-7.9511905,-2.013492
14450.0,-7.9410715,-2.0511904
14466.667,-7.95,-2.1047618
14483.333,-7.9626985,-2.1496031
14500.0,-7.990476,-2.1595237
14516.667,-8.018254,-2.1694446
14533.333,-8.01746,-2.1714287
14550.0,-8.009523,-2.1714287
14566.667,-7.990476,-2.1666667
14583.333,-7.954762,-2.1547618
14600.0,-7.919048,-2.142857
14616.667,-7.911111,-2.0813491
14633.333,-7.9031744,-2.0198412
14650.0,-7.8988094,-1.9970238
14666.667,-7.8968253,-2.0
14683.333,-7.900397,-1.9970238
14700.0,-7.9261904,-1.9702381
14716.667,-7.951984,-1.9434524
14733.333,-7.9666667,-1.915873
14750.0,-7.9785714,-1.8880953
14766.667,-7.986508,-1.8555555
14783.333,-7.988492,-1.815873
14800.0,-7.990476,-1.7761905
14816.667,-8.561905,-1.1214286
14833.333,-9.133333,-0.46666667
14850.0,-9.423809,-0.0154761905
14866.667,-9.526984,0.3
14883.333,-9.613889,0.5563492
14900.0,-9.635715,0.5761905
14916.667,-9.657539,0.5960317
14933.333,-9.673016,0.5809524
14950.0,-9.686905,0.55714285
14966.667,-9.714286,0.5531746
14983.333,-9.761905,0.5789682
15000.0,-9.809524,0.6047619
15016.667,-9.793651,0.59484124
15033.333,-9.777778,0.58492064
15050.0,-9.766666,0.5488095
15066.667,-9.75873,0.4952381
15083.333,-9.76627,0.43452382
15100.0,-9.835714,0.3452381
15116.667,-9.905159,0.2559524
15133.333,-9.963492,0.22539683
15150.0,-10.019048,0.20952381
15166.667,-10.061111,0.1968254
15183.333,-10.082936,0.18888889
15200.0,-10.104762,0.18095239
15216.667,-10.122619,0.12738095
15233.333,-10.140476,0.07380953
15250.0,-10.148809,0.020238096
15266.667,-10.150794,-0.033333335
15283.333,-10.159326,-0.079166666
15300.0,-10.194048,-0.09404762
15316.667,-10.22877,-0.10892857
15333.333,-10.257143,-0.11111111
15350.0,-10.283929,-0.110119045
15366.667,-10.303175,-0.11825397
15383.333,-10.311111,-0.14007936
15400.0,-10.319048,-0.16190477
15416.667,-10.30119,-0.17579365
15433.333,-10.283334,-0.18968254
15450.0,-10.269048,-0.20476191
15466.667,-10.257143,-0.22063492
15483.333,-10.245437,-0.23948413
15500.0,-10.234524,-0.2702381
15516.667,-10.223611,-0.30099207
15533.333,-10.20873,-0.34126985
15550.0,-10.192857,-0.38392857
15566.667,-10.175397,-0.41825396
15583.333,-10.155556,-0.44007936
15600.0,-10.135715,-0.46190476
15616.667,-7.8688493,-2.654365
15633.333,-5.601984,-4.8468256
15650.0,-4.7095237,-6.616667
15666.667,-4.733333,-8.104762
15683.333,-4.8875,-9.293452
15700.0,-5.563095,-9.284524
15716.667,-6.2386904,-9.275596
15733.333,-6.357143,-9.255555
15750.0,-6.3363094,-9.2327385
15766.667,-6.3373017,-9.236111
15783.333,-6.3710318,-9.2787695
15800.0,-6.404762,-9.321428
15816.667,-6.343254,-9.268849
15833.333,-6.281746,-9.2162695
15850.0,-6.2488093,-9.183333
15866.667,-6.2349205,-9.163492
15883.333,-6.3011904,-8.711111
15900.0,-6.688095,-6.5285716
15916.667,-7.075,-4.3460317
15933.333,-7.1539683,-3.263492
15950.0,-7.1559525,-2.4559524
15966.667,-7.1515875,-1.9801587
15983.333,-7.1376987,-2.0019841
16000.0,-7.1238093,-2.0238094
16016.667,-7.1119046,-2.0535715
16033.333,-7.1,-2.0833333
16050.0,-7.095238,-2.0880952
16066.667,-7.095238,-2.0761905
16083.333,-7.09246,-2.0595238
16100.0,-7.0785713,-2.0238094
16116.667,-7.0646825,-1.9880953
16133.333,-7.0444446,-1.9365079
16150.0,-7.0226192,-1.8809524
16166.667,-7.0246034,-1.85
16183.333,-7.0623016,-1.8559524
16200.0,-7.1,-1.8619047
16216.667,-7.103968,-1.8519841
16233.333,-7.1079364,-1.8420635
16250.0,-7.1184525,-1.8404762
16266.667,-7.133333,-1.8444444
16283.333,-7.151389,-1.8444444
16300.0,-7.1821427,-1.8285714
16316.667,-7.212897,-1.8126984
16333.333,-7.234127,-1.8309524
16350.0,-7.2529764,-1.8577381
16366.667,-7.275,-1.872619
16383.333,-7.301786,-1.8696429
16400.0,-7.3285713,-1.8666667
16416.666,-7.356349,-1.8269842
16433.334,-7.384127,-1.7873015
16450.0,-7.3797617,-1.7904762
16466.666,-7.353968,-1.8222222
16483.334,-7.3301587,-1.8527777
16500.0,-7.3142858,-1.8785714
16516.666,-7.298413,-1.9043651
16533.334,-7.3,-1.9269841
16550.0,-7.3059525,-1.9488095
16566.666,-7.3095236,-1.9619048
16583.334,-7.3095236,-1.9619048
16600.0,-7.3095236,-1.9619048
16616.666,-7.285714,-1.9956349
16633.334,-7.2619047,-2.029365
16650.0,-7.2369046,-2.0488095
16666.666,-7.211111,-2.0587301
16683.334,-7.1936507,-2.0674603
16700.0,-7.2095237,-2.0714285
16716.666,-7.2253966,-2.0753968
16733.334,-7.3116665,-2.5341666
16750.0,-7.3979363,-2.9929366
16766.666,-7.484206,-3.4517064
16783.334,-7.570476,-3.9104762
16800.0,-7.656746,-4.369246
16816.666,-7.743016,-4.828016
16833.334,-7.8292856,-5.2867856
16850.0,-7.9155555,-5.7455554
16866.666,-8.001825,-6.204325
16883.334,-8.088096,-6.6630955
16900.0,-8.171429,-6.7642856
16916.666,-8.254762,-6.865476
16933.334,-8.250793,-6.9301586
16950.0,-8.225,-6.9857144
16966.666,-8.219048,-7.031746
16983.334,-8.242857,-7.0634923
17000.0,-8.266666,-7.095238
17016.666,-8.278571,-7.0972223
17033.334,-8.290476,-7.0992064
17050.0,-8.296429,-7.1011906
17066.666,-8.298412,-7.1031747
17083.334,-8.288492,-7.109524
17100.0,-8.230952,-7.133333
17116.666,-8.173412,-7.1571426
17133.334,-8.155556,-7.1603174
17150.0,-8.147619,-7.1583333
17166.666,-8.142858,-7.174603
17183.334,-8.142858,-7.218254
17200.0,-8.142858,-7.2619047
17216.666,-7.1170635,-7.4325395
17233.334,-6.09127,-7.6031747
17250.0,-4.455357,-7.8
17266.666,-2.4126985,-8.014286
17283.334,-0.7954365,-8.186905
17300.0,-0.87976193,-8.192857
17316.666,-0.9640873,-8.19881
17333.334,-0.9968254,-8.209524
17350.0,-1.0166667,-8.221429
17366.666,-1.0337301,-8.236508
17383.334,-1.0466269,-8.25635
17400.0,-1.0595238,-8.276191
17416.666,-1.0625,-8.284127
17433.334,-1.0654762,-8.292064
17450.0,-1.0672619,-8.292857
17466.666,-1.068254,-8.288889
17483.334,-1.064881,-8.293254
17500.0,-1.0440476,-8.330953
17516.666,-1.0232143,-8.36865
17533.334,-1.031746,-8.384921
17550.0,-1.0476191,-8.395833
17566.666,-1.0507936,-8.395635
17583.334,-1.0349207,-8.37877
17600.0,-1.0190476,-8.361905
17616.666,-1.0230159,-8.338096
17633.334,-1.0269841,-8.314285
17650.0,-1.0404762,-8.296429
17666.666,-1.0603175,-8.282539
17683.334,-1.0761905,-8.272619
17700.0,-1.0761905,-8.278571
17716.666,-1.0761905,-8.284524
17733.334,-1.0634921,-8.284127
17750.0,-1.0476191,-8.282143
17766.666,-1.0444444,-8.287302
17783.334,-1.0603175,-8.303175
17800.0,-1.0761905,-8.319048
17816.666,-1.0861111,-8.319048
17833.334,-1.0960318,-8.319048
17850.0,-1.1202381,-8.322619
17866.666,-1.1539682,-8.328571
17883.334,-1.1884921,-8.334524
17900.0,-1.2261904,-8.340476
17916.666,-1.2638888,-8.346429
17933.334,-1.2674603,-8.335714
17950.0,-1.2625,-8.320833
17966.666,-1.2634921,-8.299603
17983.334,-1.2734127,-8.268849
18000.0,-1.2833333,-8.238095
18016.666,-1.2902777,-8.230159
18033.334,-1.2972223,-8.222222
18050.0,-1.2976191,-8.217857
18066.666,-1.2936507,-8.215873
18083.334,-1.3448412,-8.215476
18100.0,-1.6166667,-8.221429
18116.666,-1.8884921,-8.227381
18133.334,-4.866667,-8.287302
18150.0,-8.521428,-8.360714
18166.666,-10.7,-8.4087305
18183.334,-10.664286,-8.418651
18200.0,-10.6285715,-8.428572
18216.666,-10.594841,-8.436508
18233.334,-10.561111,-8.444445
18250.0,-10.55,-8.435715
18266.666,-10.553968,-8.415873
18283.334,-10.554762,-8.390873
18300.0,-10.542857,-8.345238
18316.666,-10.530952,-8.299603
18333.334,-10.498413,-8.255555
18350.0,-10.460714,-8.211905
18366.666,-10.436508,-8.188889
18383.334,-10.43254,-8.196825
18400.0,-10.428572,-8.2047615
18416.666,-10.378968,-8.2047615
18433.334,-10.329365,-8.2047615
18450.0,-10.32381,-8.175595
18466.666,-10.347619,-8.126985
18483.334,-10.3599205,-8.084524
18500.0,-10.326191,-8.066667
18516.666,-10.29246,-8.048809
18533.334,-10.323016,-7.8396826
18550.0,-10.369643,-7.582738
18566.666,-10.862971,-7.1404514
18583.334,-11.356299,-6.6981645
18600.0,-11.849628,-6.255878
18616.666,-12.342957,-5.8135915
18633.334,-12.836285,-5.3713045
18650.0,-13.329613,-4.929018
18666.666,-13.822942,-4.486731
18683.334,-14.31627,-4.0444446
18700.0,-13.111905,-6.7190475
18716.666,-11.907539,-9.393651
18733.334,-11.731746,-9.928572
18750.0,-11.813095,-9.928572
18766.666,-11.874603,-9.928572
18783.334,-11.906349,-9.928572
18800.0,-11.938095,-9.928572
18816.666,-11.92619,-9.928572
18833.334,-11.914286,-9.928572
18850.0,-11.891666,-9.922619
18866.666,-11.861905,-9.912699
18883.334,-11.835318,-9.905556
18900.0,-11.821428,-9.909524
18916.666,-11.80754,-9.913492
18933.334,-11.855556,-9.939683
18950.0,-11.919047,-9.971429
18966.666,-11.956349,-9.9920635
18983.334,-11.954365,-9.996032
19000.0,-11.952381,-10.0
19016.666,-11.94246,-9.970238
19033.334,-11.93254,-9.940476
19050.0,-12.473809,-9.695238
19066.666,-13.38254,-9.306349
19083.334,-14.110714,-8.992857
19100.0,-14.116667,-8.980952
19116.666,-14.122619,-8.969048
19133.334,-14.122222,-8.979365
19150.0,-14.120238,-8.995238
19166.666,-14.127778,-8.996032
19183.334,-14.149603,-8.974206
19200.0,-14.171429,-8.952381
19216.666,-14.217064,-8.943453
19233.334,-14.262698,-8.934524
19250.0,-14.294047,-8.957738
19266.666,-14.315873,-9.002381
19283.334,-14.338492,-9.047619
19300.0,-14.364285,-9.095238
19316.666,-14.3900795,-9.142858
19333.334,-14.406349,-9.153968
19350.0,-14.4202385,-9.155952
19366.666,-14.435715,-9.153174
19383.334,-14.453571,-9.143254
19400.0,-14.471429,-9.133333
19416.666,-14.532936,-9.180952
19433.334,-14.594444,-9.228572
19450.0,-14.632143,-9.254762
19466.666,-14.653968,-9.266666
19483.334,-14.671825,-9.271031
19500.0,-14.673809,-9.245238
19516.666,-14.675794,-9.219444
19533.334,-14.679365,-9.214286
19550.0,-14.683333,-9.214286
19566.666,-14.696825,-9.218254
19583.334,-14.724603,-9.228174
19600.0,-14.752381,-9.238095
19616.666,-14.788095,-9.263889
19633.334,-14.82381,-9.289682
19650.0,-14.859524,-9.292262
19666.666,-14.895238,-9.279366
19683.334,-14.925992,-9.266468
19700.0,-14.936905,-9.2535715
19716.666,-14.947818,-9.240675
19733.334,-14.947619,-9.2349205
19750.0,-14.944643,-9.230952
19766.666,-14.956349,-9.231746
19783.334,-14.990079,-9.239682
19800.0,-15.023809,-9.247619
19816.666,-15.053572,-9.247619
19833.334,-15.083333,-9.247619
19850.0,-15.077381,-9.241667
19866.666,-15.047619,-9.231746
19883.334,-15.028968,-9.222619
19900.0,-15.054762,-9.216666
19916.666,-15.080556,-9.210714
19933.334,-13.187302,-8.231746
19950.0,-10.814285,-7.009524
19966.666,-9.015873,-5.915873
19983.334,-8.079365,-5.0150795
20000.0,-7.142857,-4.114286
20016.666,-7.2103176,-4.108333
20033.334,-7.2777777,-4.1023808
20050.0,-7.2892857,-4.117857
20066.666,-7.263492,-4.1476192
20083.334,-7.229365,-4.179365
20100.0,-7.161905,-4.2190475
20116.666,-7.0944443,-4.25873
20133.334,-7.052381,-4.2761903
20150.0,-7.016667,-4.2880955
20166.666,-6.9873013,-4.2904763
20183.334,-6.96746,-4.2785716
20200.0,-6.947619,-4.266667
20216.666,-6.927778,-4.284524
20233.334,-6.9079366,-4.302381
20250.0,-6.8732142,-4.286905
20266.666,-6.8285713,-4.2492065
20283.334,-6.7878966,-4.2107143
20300.0,-6.7630954,-4.169048
20316.666,-6.7382936,-4.127381
20333.334,-6.7126985,-4.109524
20350.0,-6.686905,-4.097619
20366.666,-6.6527777,-4.102778
20383.334,-6.6061506,-4.1335316
20400.0,-6.5595236,-4.1642857
20416.666,-6.5505953,-4.1751986
20433.334,-6.5416665,-4.186111
20450.0,-6.5404763,-4.1886907
20466.666,-6.5444446,-4.1857142
20483.334,-6.543849,-4.189881
20500.0,-6.525,-4.222619
20516.666,-6.5061507,-4.2553573
20533.334,-6.4920635,-4.2777777
20550.0,-6.4791665,-4.297619
20566.666,-6.4722223,-4.3063493
20583.334,-6.4742064,-4.298413
20600.0,-6.4761906,-4.2904763
20616.666,-6.480159,-4.270635
20633.334,-6.484127,-4.2507935
20650.0,-6.492262,-4.232143
20666.666,-6.503175,-4.214286
20683.334,-6.5065475,-4.204167
20700.0,-6.479762,-4.225
20716.666,-6.452976,-4.2458334
20733.334,-6.422222,-4.28254
20750.0,-6.390476,-4.323214
20766.666,-6.360317,-4.3428574
20783.334,-6.3325396,-4.330952
20800.0,-6.304762,-4.3190475
20816.666,-6.2829366,-4.2833333
20833.334,-6.2611113,-4.247619
20850.0,-6.222024,-4.240476
20866.666,-6.1714287,-4.252381
20883.334,-6.124405,-4.2507935
20900.0,-6.0916667,-4.195238
20916.666,-6.0589285,-4.139683
20933.334,-6.0571427,-4.093651
20950.0,-6.063095,-4.05
20966.666,-6.063095,-4.05
20983.334,-6.063095,-4.05
