0.0,-7.340476,-4.8166666
16.666666,-7.349405,-4.8117065
33.333332,-7.358333,-4.806746
50.0,-7.3690476,-4.8
66.666664,-7.3809524,-4.7920637
83.333336,-7.393651,-4.792857
100.0,-7.409524,-4.8285713
116.666664,-7.425397,-4.864286
133.33333,-7.742857,-5.447619
150.0,-8.135715,-6.167857
166.66667,-8.440476,-6.9626985
183.33333,-8.613095,-7.8694444
200.0,-8.785714,-8.776191
216.66667,-8.75,-8.764286
233.33333,-8.714286,-8.752381
250.0,-8.670834,-8.735714
266.66666,-8.622222,-8.715873
283.33334,-8.569841,-8.697818
300.0,-8.502381,-8.686905
316.66666,-8.43492,-8.675992
333.33334,-8.366667,-8.639683
350.0,-8.298214,-8.597024
366.66666,-8.476984,-8.7420635
383.33334,-9.0265875,-9.168651
400.0,-9.576191,-9.595238
416.66666,-9.556349,-9.605159
433.33334,-9.536508,-9.615079
450.0,-9.5035715,-9.615477
466.66666,-9.461905,-9.609524
483.33334,-9.420635,-9.606746
500.0,-9.380953,-9.616667
516.6667,-9.3412695,-9.626587
533.3333,-9.312698,-9.626985
550.0,-9.286904,-9.625
566.6667,-9.253968,-9.555555
583.3333,-9.210318,-9.384921
600.0,-9.166667,-9.214286
616.6667,-8.361111,-7.4920635
633.3333,-7.5555553,-5.769841
650.0,-7.2369046,-5.047619
666.6667,-7.242857,-4.9920635
683.3333,-7.2579365,-4.95873
700.0,-7.3095236,-5.0142856
716.6667,-7.361111,-5.0698414
733.3333,-7.9015875,-6.5698414
750.0,-8.564285,-8.430952
766.6667,-8.945238,-9.577778
783.3333,-8.903571,-9.653174
800.0,-8.861905,-9.728572
816.6667,-8.822222,-9.687897
833.3333,-8.782539,-9.6472225
850.0,-8.782143,-9.664881
866.6667,-8.807937,-9.721429
883.3333,-8.834524,-9.768056
900.0,-8.864285,-9.775
916.6667,-8.894048,-9.781944
933.3333,-8.876985,-9.784127
950.0,-8.848214,-9.785119
966.6667,-8.854365,-9.790476
983.3333,-8.912897,-9.802381
1000.0,-8.971429,-9.814285
1016.6667,-8.981349,-9.810317
1033.3334,-8.99127,-9.806349
1050.0,-9.011905,-9.777381
1066.6666,-9.039682,-9.731746
1083.3334,-9.084524,-9.689285
1100.0,-9.197619,-9.659524
1116.6666,-9.310715,-9.629762
1133.3334,-10.021428,-9.316667
1150.0,-10.881548,-8.932738
1166.6666,-11.401984,-8.703571
1183.3334,-11.412897,-8.706548
1200.0,-11.423809,-8.709524
1216.6666,-11.45754,-8.715476
1233.3334,-11.49127,-8.721429
1250.0,-11.508333,-8.728572
1266.6666,-11.514286,-8.736508
1283.3334,-11.524206,-8.744842
1300.0,-11.55,-8.754762
1316.6666,-11.575793,-8.764683
1333.3334,-11.585714,-8.761905
1350.0,-11.591666,-8.755953
1366.6666,-11.5984125,-8.755555
1383.3334,-11.606349,-8.763492
1400.0,-11.614285,-8.771428
1416.6666,-11.610317,-8.769444
1433.3334,-11.606349,-8.76746
1450.0,-11.607142,-8.779762
1466.6666,-11.611111,-8.801587
1483.3334,-11.614682,-8.825198
1500.0,-11.616667,-8.855952
1516.6666,-11.61865,-8.886706
1533.3334,-11.612699,-8.873015
1550.0,-11.604762,-8.848214
1566.6666,-11.603969,-8.82381
1583.3334,-11.613889,-8.8
1600.0,-11.62381,-8.776191
1616.6666,-11.635715,-8.794047
1633.3334,-11.647619,-8.811905
1650.0,-11.644048,-8.815476
1666.6666,-11.630158,-8.809524
1683.3334,-11.621032,-8.804762
1700.0,-11.630953,-8.804762
1716.6666,-11.640873,-8.804762
1733.3334,-11.668254,-8.800794
1750.0,-11.7,-8.795834
1766.6666,-11.719841,-8.778174
1783.3334,-11.721826,-8.741468
1800.0,-11.723809,-8.7047615
1816.6666,-10.876587,-8.040079
1833.3334,-10.029366,-7.3753967
1850.0,-9.375595,-6.7285714
1866.6666,-8.850794,-6.093651
1883.3334,-8.434722,-5.58373
1900.0,-8.453571,-5.5738096
1916.6666,-8.472421,-5.563889
1933.3334,-8.476984,-5.5579367
1950.0,-8.477976,-5.552976
1966.6666,-8.481349,-5.547222
1983.3334,-8.488294,-5.540278
2000.0,-8.495238,-5.5333333
2016.6666,-8.511111,-5.515476
2033.3334,-8.526984,-5.497619
2050.0,-8.526191,-5.5059524
2066.6667,-8.514286,-5.531746
2083.3333,-8.501985,-5.5507936
2100.0,-8.488095,-5.542857
2116.6667,-8.474206,-5.5349207
2133.3333,-8.435715,-5.5309525
2150.0,-8.391071,-5.527976
2166.6667,-8.3527775,-5.531349
2183.3333,-8.324008,-5.544246
2200.0,-8.2952385,-5.5571427
2216.6667,-8.293254,-5.559127
2233.3333,-8.29127,-5.561111
2250.0,-8.620238,-5.867857
2266.6667,-9.169841,-6.3777776
2283.3333,-9.606746,-6.7900796
2300.0,-9.592857,-6.811905
2316.6667,-9.578968,-6.83373
2333.3333,-9.525397,-6.847619
2350.0,-9.461905,-6.859524
2366.6667,-9.4,-6.8587303
2383.3333,-9.340476,-6.838889
2400.0,-9.280952,-6.8190475
2416.6667,-9.25119,-6.826984
2433.3333,-9.221429,-6.8349204
2450.0,-9.180952,-6.832143
2466.6667,-9.133333,-6.822222
2483.3333,-9.079365,-6.8019843
2500.0,-9.0,-6.740476
2516.6667,-8.920635,-6.6789684
2533.3333,-8.885715,-6.677778
2550.0,-8.861905,-6.6916666
2566.6667,-8.830953,-6.702381
2583.3333,-8.789286,-6.7083335
2600.0,-8.747619,-6.714286
2616.6667,-8.759523,-6.7261906
2633.3333,-8.771428,-6.7380953
2650.0,-8.783334,-6.7238097
2666.6667,-8.7952385,-6.6920633
2683.3333,-8.80754,-6.6559525
2700.0,-8.821428,-6.6023808
2716.6667,-8.835318,-6.5488095
2733.3333,-8.8412695,-6.4722223
2750.0,-8.845238,-6.389881
2766.6667,-8.7349205,-6.073413
2783.3333,-8.453175,-5.405754
2800.0,-8.171429,-4.7380953
2816.6667,-8.139683,-4.644841
2833.3333,-8.107937,-4.551587
2850.0,-8.1077385,-4.489286
2866.6667,-8.1285715,-4.447619
2883.3333,-8.150198,-4.4079366
2900.0,-8.175,-4.3761907
2916.6667,-8.199801,-4.3444443
2933.3333,-8.203175,-4.327778
2950.0,-8.201191,-4.314881
2966.6667,-8.2,-4.2853174
2983.3333,-8.2,-4.230754
3000.0,-8.2,-4.1761904
3016.6667,-8.251587,-4.168254
3033.3333,-8.303175,-4.1603174
3050.0,-8.336905,-4.152381
3066.6667,-8.35873,-4.1444445
3083.3333,-8.37381,-4.1376987
3100.0,-8.361905,-4.135714
3116.6667,-8.35,-4.13373
3133.3333,-8.338889,-4.129365
3150.0,-8.327976,-4.124405
3166.6667,-8.317857,-4.125
3183.3333,-8.3089285,-4.133929
3200.0,-8.3,-4.142857
3216.6667,-8.327778,-4.1805553
3233.3333,-8.355556,-4.218254
3250.0,-8.375,-4.220238
3266.6667,-8.388889,-4.198413
3283.3333,-8.400596,-4.250595
3300.0,-8.403571,-4.5988097
3316.6667,-8.406548,-4.947024
3333.3333,-8.437302,-5.04127
3350.0,-8.475,-5.072024
3366.6667,-8.49246,-5.0833335
3383.3333,-8.479564,-5.0654764
3400.0,-8.466666,-5.047619
3416.6667,-8.440873,-5.019841
3433.3333,-8.415079,-4.9920635
3450.0,-8.410714,-4.979762
3466.6667,-8.420635,-4.977778
3483.3333,-8.436508,-4.9843254
3500.0,-8.476191,-5.025
3516.6667,-8.515873,-5.065675
3533.3333,-8.526191,-5.071429
3550.0,-8.529166,-5.0684524
3566.6667,-8.521031,-5.0539684
3583.3333,-8.49623,-5.022222
3600.0,-8.471429,-4.990476
3616.6667,-8.475397,-4.9646826
3633.3333,-8.479365,-4.938889
3650.0,-8.488095,-4.928571
3666.6667,-8.5,-4.928571
3683.3333,-8.502778,-4.924008
3700.0,-8.469048,-4.9011903
3716.6667,-8.435317,-4.878373
3733.3333,-8.433333,-4.868254
3750.0,-8.439285,-4.8613095
3766.6667,-8.424603,-4.633333
3783.3333,-8.378968,-4.0738096
3800.0,-8.333333,-3.5142858
3816.6667,-8.329365,-3.4626985
3833.3333,-8.325397,-3.411111
3850.0,-8.3297615,-3.382738
3866.6667,-8.339683,-3.3698413
3883.3333,-8.346826,-3.3541667
3900.0,-8.342857,-3.327381
3916.6667,-8.338889,-3.3005953
3933.3333,-8.357142,-3.279365
3950.0,-8.380953,-3.2595239
3966.6667,-8.391666,-3.2440476
3983.3333,-8.382738,-3.235119
4000.0,-8.37381,-3.2261906
4016.6667,-8.382738,-3.2450397
4033.3333,-8.391666,-3.2638888
4050.0,-8.385715,-3.2619047
4066.6667,-8.369842,-3.2460318
4083.3333,-8.355556,-3.23373
4100.0,-8.347619,-3.2357142
4116.6665,-8.339683,-3.2376983
4133.3335,-8.349206,-3.2666667
4150.0,-8.363095,-3.302381
4166.6665,-8.361905,-3.3190477
4183.3335,-8.338096,-3.307143
4200.0,-8.314285,-3.295238
4216.6665,-8.314285,-3.2853174
4233.3335,-8.314285,-3.2753968
4250.0,-8.30119,-3.2654762
4266.6665,-8.279366,-3.2555556
4283.3335,-8.256746,-3.2468255
4300.0,-8.230952,-3.2428572
4316.6665,-8.205159,-3.238889
4333.3335,-8.722222,-2.9825397
4350.0,-9.375,-2.6630952
4366.6665,-9.780952,-2.4809523
4383.3335,-9.816667,-2.504762
4400.0,-9.852381,-2.5285714
4416.6665,-9.838492,-2.538492
4433.3335,-9.824603,-2.5484128
4450.0,-9.803572,-2.5369048
4466.6665,-9.777778,-2.511111
4483.3335,-9.7535715,-2.4938493
4500.0,-9.735714,-2.5107143
4516.6665,-9.717857,-2.5275793
4533.3335,-9.7,-2.5460317
4550.0,-9.682143,-2.5648808
4566.6665,-10.424603,-3.2575397
4583.3335,-12.30754,-4.9609127
4600.0,-14.190476,-6.6642857
4616.6665,-14.238095,-6.685119
4633.3335,-14.285714,-6.705952
4650.0,-14.305952,-6.714286
4666.6665,-14.307937,-6.714286
4683.3335,-14.311111,-6.7119045
4700.0,-14.319048,-6.7
4716.6665,-14.326984,-6.688095
4733.3335,-14.336508,-6.6857142
4750.0,-14.346429,-6.6857142
4766.6665,-14.352381,-6.674603
4783.3335,-14.352381,-6.6468253
4800.0,-14.352381,-6.6190476
4816.6665,-14.354365,-6.6329365
4833.3335,-14.356349,-6.6468253
4850.0,-13.195238,-6.5875
4866.6665,-11.25873,-6.479365
4883.3335,-9.552579,-6.387897
4900.0,-8.767858,-6.3630953
4916.6665,-7.9831347,-6.3382936
4933.3335,-7.766667,-6.3301587
4950.0,-7.6922617,-6.3261905
4966.6665,-7.614286,-6.318254
4983.3335,-7.5309525,-6.304365
5000.0,-7.447619,-6.2904763
5016.6665,-7.415873,-6.3261905
5033.3335,-7.384127,-6.3619046
5050.0,-7.3630953,-6.382143
5066.6665,-7.3492064,-6.3920636
5083.3335,-7.325397,-6.390476
5100.0,-7.2619047,-6.3428574
5116.6665,-7.198413,-6.295238
5133.3335,-6.9698415,-4.7555556
5150.0,-6.7,-2.8428571
5166.6665,-6.526984,-1.6269841
5183.3335,-6.4992065,-1.4563493
5200.0,-6.4714284,-1.2857143
5216.6665,-6.4396825,-1.2539682
5233.3335,-6.4079366,-1.2222222
5250.0,-6.3964286,-1.2035714
5266.6665,-6.3984127,-1.1936508
5283.3335,-6.4059525,-1.1984127
5300.0,-6.4357142,-1.2619047
5316.6665,-6.465476,-1.3253968
5333.3335,-6.4460316,-1.3285714
5350.0,-6.4142857,-1.3166667
5366.6665,-6.4071426,-1.3126984
5383.3335,-6.436905,-1.320635
5400.0,-6.4666667,-1.3285714
5416.6665,-6.468651,-1.3246032
5433.3335,-6.470635,-1.320635
5450.0,-6.4857144,-1.3380952
5466.6665,-6.509524,-1.3698412
5483.3335,-6.529762,-1.4
5500.0,-6.535714,-1.4238095
5516.6665,-6.5416665,-1.4476191
5533.3335,-6.5404763,-1.4523809
5550.0,-6.5375,-1.4523809
5566.6665,-6.429762,-1.5150794
5583.3335,-6.1648808,-1.6718254
5600.0,-5.9,-1.8285714
5616.6665,-4.902976,-2.4
5633.3335,-3.9059525,-2.9714286
5650.0,-3.4994047,-3.170238
5666.6665,-3.486508,-3.120635
5683.3335,-3.4789681,-3.0853174
5700.0,-3.4928572,-3.107143
5716.6665,-3.506746,-3.1289682
5733.3335,-3.4968255,-3.131746
5750.0,-3.4809523,-3.129762
5766.6665,-3.4670634,-3.1222222
5783.3335,-3.4561508,-3.1063492
5800.0,-3.445238,-3.0904763
5816.6665,-3.460119,-3.0884922
5833.3335,-3.475,-3.086508
5850.0,-3.0327382,-3.0863094
5866.6665,-2.2857144,-3.0873015
5883.3335,-1.6922619,-3.0882936
5900.0,-1.7130952,-3.0892856
5916.6665,-1.7339286,-3.0902777
5933.3335,-1.7746031,-3.0984128
5950.0,-1.8202381,-3.1083333
5966.6665,-1.8539683,-3.1539683
5983.3335,-1.8698412,-3.2531745
6000.0,-1.8857143,-3.352381
6016.6665,-1.8896825,-3.398016
6033.3335,-1.8936508,-3.4436507
6050.0,-1.9113095,-3.4654763
6066.6665,-1.9380952,-3.4714286
6083.3335,-1.9529762,-3.4714286
6100.0,-1.9202381,-3.447619
6116.6665,-1.8875,-3.4238095
6133.3335,-1.8539683,-3.4587302
6150.0,-1.8202381,-3.5083334
6166.6665,-1.7992064,-3.55
6183.3335,-1.7972223,-3.579762
6200.0,-1.7952381,-3.6095238
6216.6665,-4.3964286,-3.6353176
6233.3335,-6.997619,-3.661111
6250.0,-8.053572,-3.660119
6266.6665,-8.079365,-3.64127
6283.3335,-8.1,-3.6390872
6300.0,-8.1,-3.7035713
6316.6665,-8.1,-3.7680554
6333.3335,-8.1,-3.8015873
6350.0,-8.1,-3.827381
6366.6665,-8.100794,-3.8436508
6383.3335,-8.1027775,-3.845635
6400.0,-8.104762,-3.847619
6416.6665,-8.14246,-3.8694444
6433.3335,-8.180159,-3.89127
6450.0,-8.210119,-3.915476
6466.6665,-8.2349205,-3.9412699
6483.3335,-8.2557535,-3.9734128
6500.0,-8.260715,-4.0309525
6516.6665,-8.265675,-4.088492
6533.3335,-8.286508,-4.136508
6550.0,-8.31131,-4.1821427
6566.6665,-8.332143,-4.2
6583.3335,-8.347024,-4.1761904
6600.0,-8.361905,-4.152381
6616.6665,-8.369842,-4.190079
6633.3335,-8.377778,-4.227778
6650.0,-8.4,-4.2547617
6666.6665,-8.4317465,-4.2746034
6683.3335,-8.463492,-4.3123016
6700.0,-8.495238,-4.4214287
6716.6665,-8.526984,-4.5305557
6733.3335,-9.251587,-4.49127
6750.0,-10.149405,-4.4148808
6766.6665,-10.759921,-4.3305554
6783.3335,-10.939485,-4.2343254
6800.0,-11.119047,-4.1380954
6816.6665,-11.164682,-4.1559525
6833.3335,-11.210318,-4.1738095
6850.0,-11.215476,-4.1625
6866.6665,-11.193651,-4.131746
6883.3335,-11.173016,-4.0958333
6900.0,-11.157143,-4.0392857
6916.6665,-11.14127,-3.982738
6933.3335,-10.084127,-5.136508
6950.0,-8.766666,-6.5928574
6966.6665,-7.9742064,-7.473016
6983.3335,-7.969246,-7.4888887
7000.0,-7.964286,-7.5047617
7016.6665,-8.014881,-7.50873
7033.3335,-8.065476,-7.5126987
7050.0,-8.092857,-7.545238
7066.6665,-8.104762,-7.5968256
7083.3335,-8.105556,-7.640476
7100.0,-8.061905,-7.652381
7116.6665,-8.018254,-7.6642857
7133.3335,-7.9809523,-7.649206
7150.0,-7.945238,-7.627381
7166.6665,-7.9214287,-7.6309524
7183.3335,-7.9154763,-7.672619
7200.0,-7.909524,-7.714286
7216.6665,-7.927381,-7.7579365
7233.3335,-7.945238,-7.801587
7250.0,-7.9488096,-7.8440475
7266.6665,-7.9428573,-7.885714
7283.3335,-7.6809525,-7.8575397
7300.0,-6.395238,-7.55
7316.6665,-5.109524,-7.2424603
7333.3335,-4.8333335,-7.1380954
7350.0,-4.8095236,-7.0845237
7366.6665,-4.804762,-7.046032
7383.3335,-4.8285713,-7.0301585
7400.0,-4.8523808,-7.0142856
7416.6665,-4.9416666,-7.018254
7433.3335,-5.0309525,-7.022222
7450.0,-5.072619,-6.963095
7466.6665,-5.0825396,-6.8619046
7483.3335,-5.093651,-6.758333
7500.0,-5.109524,-6.645238
7516.6665,-5.1253967,-6.5321426
7533.3335,-5.195238,-6.4492064
7550.0,-5.2785716,-6.3738093
7566.6665,-5.354762,-6.311905
7583.3335,-5.420238,-6.270238
7600.0,-5.4857144,-6.2285714
7616.6665,-5.561111,-6.2285714
7633.3335,-5.636508,-6.2285714
7650.0,-5.7083335,-6.195833
7666.6665,-5.7777777,-6.1412697
7683.3335,-5.8575397,-6.080754
7700.0,-5.9785714,-5.9964285
7716.6665,-6.099603,-5.912103
7733.3335,-6.1896825,-5.9015875
7750.0,-6.2720237,-5.909524
7766.6665,-6.3599205,-5.909524
7783.3335,-6.456151,-5.8976192
7800.0,-6.552381,-5.885714
7816.6665,-6.6277776,-5.871825
7833.3335,-6.7031746,-5.8579364
7850.0,-6.775,-5.883333
7866.6665,-6.8444443,-5.934921
7883.3335,-6.7988095,-6.2575397
7900.0,-6.292857,-7.6642857
7916.6665,-5.786905,-9.071032
7933.3335,-5.7238097,-9.397619
7950.0,-5.7714286,-9.454166
7966.6665,-5.829762,-9.505158
7983.3335,-5.9041667,-9.547817
8000.0,-5.9785714,-9.590476
8016.6665,-6.0271826,-9.62619
8033.3335,-6.0757937,-9.661904
8050.0,-6.114286,-9.655952
8066.6665,-6.146032,-9.622222
8083.3335,-6.186111,-9.591666
8100.0,-6.259524,-9.57381
8116.6665,-6.3329363,-9.555952
8133.3335,-6.404762,-9.561905
8150.0,-6.4761906,-9.57381
8166.6665,-6.550397,-9.56508
8183.3335,-6.62877,-9.525397
8200.0,-6.707143,-9.485714
8216.667,-8.434325,-8.380555
8233.333,-10.161508,-7.275397
8250.0,-11.880953,-5.020238
8266.667,-13.595238,-1.9984127
8283.333,-14.967064,0.41666666
8300.0,-14.969048,0.4047619
8316.667,-14.971032,0.39285713
8333.333,-14.953968,0.4
8350.0,-14.932143,0.41190475
8366.667,-14.9087305,0.41746032
8383.333,-14.8829365,0.41349205
8400.0,-14.857142,0.40952381
8416.667,-14.789682,0.42936507
8433.333,-14.722222,0.44920635
8450.0,-14.688095,0.46190476
8466.667,-14.67619,0.46984127
8483.333,-14.660317,0.47896826
8500.0,-14.6285715,0.49285713
8516.667,-14.596826,0.50674605
8533.333,-14.520635,0.51349205
8550.0,-14.433333,0.5184524
8566.667,-13.56746,-0.036904763
8583.333,-11.5337305,-1.4327381
8600.0,-9.5,-2.8285713
8616.667,-9.440476,-2.8474207
8633.333,-9.380953,-2.8662698
8650.0,-9.333333,-2.8589287
8666.667,-9.293651,-2.834127
8683.333,-9.25873,-2.7996032
8700.0,-9.242857,-2.7261906
8716.667,-9.226984,-2.6527777
8733.333,-9.212698,-2.584127
8750.0,-9.19881,-2.5166667
8766.667,-9.201984,-2.4710317
8783.333,-9.230754,-2.458135
8800.0,-9.259523,-2.445238
8816.667,-10.399405,-2.4621031
8833.333,-11.539286,-2.4789681
8850.0,-11.992857,-2.4880953
8866.667,-11.988889,-2.4920635
8883.333,-11.976191,-2.4857142
8900.0,-11.928572,-2.4380953
8916.667,-11.880953,-2.3904762
8933.333,-11.801587,-2.3595238
8950.0,-11.714286,-2.3327382
8966.667,-11.661111,-2.3186507
8983.333,-11.659127,-2.323611
9000.0,-11.657143,-2.3285713
9016.667,-11.649206,-2.386111
9033.333,-11.64127,-2.4436507
9050.0,-11.645238,-2.4678571
9066.667,-11.657143,-2.4698412
9083.333,-11.667064,-2.458135
9100.0,-11.669047,-2.3916667
9116.667,-11.671032,-2.3251984
9133.333,-11.661904,-2.2579365
9150.0,-11.65,-2.1904762
9166.667,-11.636905,-2.1396825
9183.333,-11.622024,-2.113889
9200.0,-11.607142,-2.0880952
9216.667,-10.203373,-2.4700396
9233.333,-8.799603,-2.851984
9250.0,-8.261905,-3.0095239
9266.667,-8.301587,-3.0174603
9283.333,-8.343651,-3.0075397
9300.0,-8.395238,-2.9261904
9316.667,-8.446825,-2.8448412
9333.333,-8.530159,-2.813492
9350.0,-8.6214285,-2.794643
9366.667,-8.707143,-2.7583334
9383.333,-8.784524,-2.6958334
9400.0,-8.861905,-2.6333334
9416.667,-8.937302,-2.5539682
9433.333,-9.012698,-2.4746032
9450.0,-9.061905,-2.4095237
9466.667,-9.093651,-2.3539681
9483.333,-9.126985,-2.2972221
9500.0,-9.166667,-2.2357142
9516.667,-9.206349,-2.1742063
9533.333,-9.249207,-2.1301587
9550.0,-9.292857,-2.0904763
9566.667,-9.331746,-2.0468254
9583.333,-9.363492,-1.9972222
9600.0,-9.395238,-1.9476191
9616.667,-9.407143,-1.9099207
9633.333,-9.419047,-1.8722222
9650.0,-9.453571,-1.8761904
9666.667,-9.503175,-1.9079365
9683.333,-9.54127,-1.9337301
9700.0,-9.533334,-1.9357142
9716.667,-9.525397,-1.9376984
9733.333,-9.520635,-1.9492064
9750.0,-9.516666,-1.9630952
9766.667,-9.509127,-1.9944445
9783.333,-9.49623,-2.051984
9800.0,-9.483334,-2.1095238
9816.667,-9.482341,-2.1313493
9833.333,-9.481349,-2.1531746
9850.0,-9.482142,-2.192857
9866.667,-9.484127,-2.2444444
9883.333,-9.4827385,-2.2880952
9900.0,-9.467857,-2.3
9916.667,-9.452976,-2.3119047
9933.333,-9.449206,-2.315873
9950.0,-9.448215,-2.317857
9966.667,-9.448413,-2.3242064
9983.333,-9.450397,-2.3371031
10000.0,-9.452381,-2.35
10016.667,-9.448413,-2.3728175
10033.333,-9.444445,-2.395635
10050.0,-9.439285,-2.4142857
10066.667,-9.433333,-2.4301586
10083.333,-9.42619,-2.436508
10100.0,-9.414286,-2.4047618
10116.667,-9.402381,-2.3730159
10133.333,-9.37381,-2.3396826
10150.0,-9.341071,-2.3059523
10166.667,-9.303968,-2.2825396
10183.333,-9.260318,-2.2746031
10200.0,-9.216666,-2.2666667
10216.667,-9.277183,-3.0265872
10233.333,-9.337698,-3.7865078
10250.0,-9.327381,-4.097619
10266.667,-9.269841,-4.109524
10283.333,-9.212698,-4.133333
10300.0,-9.157143,-4.204762
10316.667,-9.101587,-4.2761903
10333.333,-9.056349,-4.34127
10350.0,-9.013691,-4.404762
10366.667,-8.98373,-4.4555554
10383.333,-8.972817,-4.4873013
10400.0,-8.961905,-4.5190477
10416.667,-8.896428,-4.503175
10433.333,-8.830953,-4.4873013
10450.0,-8.790476,-4.4964285
10466.667,-8.766666,-4.522222
10483.333,-8.75377,-4.5468254
10500.0,-8.784524,-4.5666666
10516.667,-8.815278,-4.586508
10533.333,-8.81746,-4.577778
10550.0,-8.8125,-4.561905
10566.667,-9.125397,-4.795238
10583.333,-9.915079,-5.402381
10600.0,-10.7047615,-6.009524
10616.667,-10.673016,-6.018452
10633.333,-10.64127,-6.027381
10650.0,-10.62619,-6.073214
10666.667,-10.622222,-6.143651
10683.333,-10.620635,-6.197222
10700.0,-10.6285715,-6.1833334
10716.667,-10.636508,-6.1694446
10733.333,-10.684127,-6.1968255
10750.0,-10.741667,-6.234524
10766.667,-11.206746,-6.649206
10783.333,-12.283134,-7.629365
10800.0,-13.359524,-8.609524
10816.667,-13.358532,-8.619445
10833.333,-13.35754,-8.629365
10850.0,-13.363095,-8.636905
10866.667,-13.373015,-8.642858
10883.333,-13.385516,-8.648214
10900.0,-13.408334,-8.651191
10916.667,-13.43115,-8.654166
10933.333,-13.463492,-8.647619
10950.0,-13.498215,-8.638691
10966.667,-13.524603,-8.63254
10983.333,-13.538492,-8.630555
11000.0,-13.552381,-8.6285715
11016.667,-13.550397,-8.606746
11033.333,-13.548412,-8.584921
11050.0,-13.521428,-8.57381
11066.667,-13.4777775,-8.569841
11083.333,-13.45,-8.571032
11100.0,-13.485714,-8.592857
11116.667,-13.521428,-8.614682
11133.333,-13.374603,-8.511111
11150.0,-13.182143,-8.37619
11166.667,-12.6,-7.936905
11183.333,-11.433333,-7.0410714
11200.0,-10.266666,-6.145238
11216.667,-10.232937,-6.095635
11233.333,-10.199206,-6.046032
11250.0,-10.188095,-6.026786
11266.667,-10.192063,-6.0277777
11283.333,-10.1954365,-6.0190477
11300.0,-10.196428,-5.9714284
11316.667,-10.197421,-5.9238095
11333.333,-10.168254,-5.8428574
11350.0,-10.131548,-5.7535715
11366.667,-9.961905,-5.4357142
11383.333,-9.592857,-4.775
11400.0,-9.223809,-4.114286
11416.667,-9.188095,-4.090476
11433.333,-9.152381,-4.0666666
11450.0,-9.140476,-4.055357
11466.667,-9.144444,-4.052381
11483.333,-9.154762,-4.0454364
11500.0,-9.190476,-4.0226192
11516.667,-9.226191,-3.9998016
11533.333,-9.247619,-4.042857
11550.0,-9.265476,-4.1023808
11566.667,-9.273016,-4.1412697
11583.333,-9.2650795,-4.149206
11600.0,-9.257143,-4.1571426
11616.667,-7.7809525,-6.2920637
11633.333,-6.304762,-8.426984
11650.0,-5.677381,-9.314285
11666.667,-5.615873,-9.369842
11683.333,-5.5603175,-9.419841
11700.0,-5.5285716,-9.447619
11716.667,-5.496825,-9.475397
11733.333,-5.477778,-9.478572
11750.0,-5.4619045,-9.475595
11766.667,-5.4492064,-9.479762
11783.333,-5.44127,-9.494643
11800.0,-5.4333334,-9.509523
11816.667,-5.929365,-9.446032
11833.333,-6.425397,-9.38254
11850.0,-8.245238,-9.244047
11866.667,-10.947619,-9.055555
11883.333,-13.115873,-8.905159
11900.0,-13.147619,-8.907143
11916.667,-13.179365,-8.909127
11933.333,-13.18254,-8.850794
11950.0,-13.178572,-8.777381
11966.667,-13.297619,-8.723809
11983.333,-13.601191,-8.7
12000.0,-13.904762,-8.67619
12016.667,-13.978174,-8.660317
12033.333,-14.051587,-8.644444
12050.0,-14.080953,-8.6285715
12066.667,-14.080953,-8.612699
12083.333,-13.767858,-8.144643
12100.0,-12.202381,-5.867857
12116.667,-10.636905,-3.5910714
12133.333,-10.282539,-2.9873016
12150.0,-10.230952,-2.8017857
12166.667,-10.209524,-2.7007937
12183.333,-10.233334,-2.7265873
12200.0,-10.257143,-2.7523808
12216.667,-10.261111,-2.7900794
12233.333,-10.2650795,-2.8277779
12250.0,-10.271428,-2.8404763
12266.667,-10.279366,-2.836508
12283.333,-10.243452,-2.9634922
12300.0,-10.032143,-3.6142857
12316.667,-9.820833,-4.2650795
12333.333,-9.780952,-4.3714285
12350.0,-9.783929,-4.3416667
12366.667,-9.798412,-4.3293653
12383.333,-9.830159,-4.343254
12400.0,-9.861905,-4.357143
12416.667,-9.872817,-4.3561506
12433.333,-9.88373,-4.355159
12450.0,-9.866072,-4.3684525
12466.667,-9.829365,-4.3912697
12483.333,-9.796825,-4.4065475
12500.0,-9.780952,-4.391667
12516.667,-9.7650795,-4.3767858
12533.333,-9.738095,-4.4206347
12550.0,-9.708333,-4.4791665
12566.667,-9.674603,-4.879365
12583.333,-9.634921,-5.7920637
12600.0,-9.595238,-6.704762
12616.667,-9.485119,-6.6680555
12633.333,-9.375,-6.631349
12650.0,-9.304167,-6.6238093
12666.667,-9.259523,-6.635714
12683.333,-9.229365,-6.663294
12700.0,-9.257143,-6.7535715
12716.667,-9.284921,-6.843849
12733.333,-9.263492,-6.8873014
12750.0,-9.229762,-6.919048
12766.667,-9.189683,-6.9365077
12783.333,-9.1400795,-6.9325395
12800.0,-9.090476,-6.928571
12816.667,-9.030952,-6.90873
12833.333,-8.971429,-6.888889
12850.0,-8.930952,-6.883333
12866.667,-8.903174,-6.8873014
12883.333,-8.891666,-7.169048
12900.0,-8.945238,-8.561905
12916.667,-8.99881,-9.9547615
12933.333,-8.928572,-10.288889
12950.0,-8.827381,-10.358334
12966.667,-8.763889,-10.435317
12983.333,-8.756945,-10.523611
13000.0,-8.75,-10.611905
13016.667,-8.705358,-10.591071
13033.333,-8.660714,-10.570238
13050.0,-8.625595,-10.550595
13066.667,-8.596826,-10.531746
13083.333,-8.570635,-10.521826
13100.0,-8.554762,-10.547619
13116.667,-8.538889,-10.573413
13133.333,-8.503175,-10.606349
13150.0,-8.4625,-10.641071
13166.667,-8.449206,-10.6817465
13183.333,-8.476984,-10.731349
13200.0,-8.504762,-10.780952
13216.667,-8.455159,-10.757143
13233.333,-8.405556,-10.733334
13250.0,-8.436905,-10.784524
13266.667,-8.5222225,-10.885715
13283.333,-8.651191,-11.061905
13300.0,-8.9547615,-11.538095
13316.667,-9.258333,-12.014286
13333.333,-9.306349,-12.1285715
13350.0,-9.290476,-12.152381
13366.667,-9.265873,-12.137301
13383.333,-9.228174,-12.063889
13400.0,-9.190476,-11.990477
13416.667,-9.161706,-11.865477
13433.333,-9.1329365,-11.740477
13450.0,-8.8875,-10.129762
13466.667,-8.497619,-7.5285716
13483.333,-8.180952,-5.3964286
13500.0,-8.157143,-5.140476
13516.667,-8.133333,-4.884524
13533.333,-8.126985,-4.7650795
13550.0,-8.125,-4.679762
13566.667,-8.138095,-4.6015873
13583.333,-8.173809,-4.5341268
13600.0,-8.209524,-4.4666667
13616.667,-8.231349,-4.425
13633.333,-8.253175,-4.383333
13650.0,-8.275596,-4.35
13666.667,-8.298412,-4.322222
13683.333,-8.327976,-4.293254
13700.0,-8.384523,-4.259524
13716.667,-8.4410715,-4.225794
13733.333,-8.736508,-2.9587302
13750.0,-9.091666,-1.3833333
13766.667,-9.311508,-0.35714287
13783.333,-9.328373,-0.15476191
13800.0,-9.345238,0.04761905
13816.667,-9.385913,0.06746032
13833.333,-9.426587,0.08730159
13850.0,-9.446428,0.120238096
13866.667,-9.452381,0.16190477
13883.333,-9.462698,0.19603175
13900.0,-9.490477,0.2
13916.667,-9.518254,0.20396826
13933.333,-9.561905,0.19761905
13950.0,-9.609524,0.18869048
13966.667,-9.639683,0.18214285
13983.333,-9.643651,0.17916666
14000.0,-9.647619,0.17619048
14016.667,-9.641666,0.17420635
14033.333,-9.635715,0.17222223
14050.0,-9.944048,0.60059524
14066.667,-10.461905,1.315873
14083.333,-10.881746,1.9021826
14100.0,-10.909524,1.972619
14116.667,-10.937302,2.0430555
14133.333,-10.9317465,2.0460317
14150.0,-10.917857,2.0321429
14166.667,-10.906349,2.0087302
14183.333,-10.898413,1.9710318
14200.0,-10.890476,1.9333333
14216.667,-10.890476,1.9551587
14233.333,-10.890476,1.9769841
14250.0,-10.895238,1.9952381
14266.667,-10.903174,2.011111
14283.333,-10.9087305,2.0313492
14300.0,-10.904762,2.0690477
14316.667,-10.900794,2.106746
14333.333,-10.885715,2.1444445
14350.0,-10.867857,2.182143
14366.667,-10.857937,2.2166667
14383.333,-10.8599205,2.2464285
14400.0,-10.861905,2.2761905
14416.667,-10.875793,2.286111
14433.333,-10.889683,2.2960317
14450.0,-10.914286,2.2880952
14466.667,-10.946032,2.268254
14483.333,-10.967461,2.2523808
14500.0,-10.947619,2.2523808
14516.667,-10.927778,2.2523808
14533.333,-10.920635,2.2523808
14550.0,-10.916667,2.2523808
14566.667,-10.916667,2.2436507
14583.333,-10.922619,2.2218254
14600.0,-10.928572,2.2
14616.667,-11.2162695,1.4956349
14633.333,-11.503968,0.79126984
14650.0,-11.617857,0.49166667
14666.667,-11.615873,0.46190476
14683.333,-11.614682,0.43571427
14700.0,-11.616667,0.42380953
14716.667,-11.61865,0.41190475
14733.333,-11.642858,0.3904762
14750.0,-11.672619,0.36666667
14766.667,-12.55754,1.1900793
14783.333,-14.725199,3.2843254
14800.0,-16.892857,5.3785715
14816.667,-16.963293,5.4748015
14833.333,-17.03373,5.5710316
14850.0,-17.04107,5.6220236
14866.667,-17.00635,5.642857
14883.333,-16.979166,5.654365
14900.0,-16.982143,5.6285715
14916.667,-16.985119,5.602778
14933.333,-16.969841,5.568254
14950.0,-16.95,5.5315475
14966.667,-16.932539,5.4920635
14983.333,-16.918652,5.448413
15000.0,-16.904762,5.404762
15016.667,-16.833334,5.3968253
15033.333,-16.761906,5.388889
15050.0,-16.598215,5.2714286
15066.667,-16.373016,5.080952
15083.333,-15.68631,4.3944445
15100.0,-13.153571,1.7238095
15116.667,-10.620833,-0.9468254
15133.333,-10.036508,-1.5126984
15150.0,-9.939285,-1.5523809
15166.667,-9.855556,-1.5865079
15183.333,-9.792064,-1.6123016
15200.0,-9.728572,-1.6380953
15216.667,-9.669047,-1.6896825
15233.333,-9.609524,-1.7412698
15250.0,-9.582143,-1.777381
15266.667,-9.576191,-1.8031746
15283.333,-9.573413,-1.8198413
15300.0,-9.583333,-1.8
15316.667,-9.593254,-1.7801588
15333.333,-8.488889,-1.5396825
15350.0,-7.1059523,-1.2440476
15366.667,-6.2444444,-1.0452381
15383.333,-6.1650796,-0.9916667
15400.0,-6.0857143,-0.9380952
15416.667,-6.0380955,-0.9380952
15433.333,-5.990476,-0.9380952
15450.0,-5.963095,-0.9380952
15466.667,-5.9492064,-0.9380952
15483.333,-5.934325,-0.9293651
15500.0,-5.9154763,-0.8857143
15516.667,-5.896627,-0.8420635
15533.333,-5.9166665,-0.8174603
15550.0,-5.946429,-0.79761904
15566.667,-5.992857,-0.7960318
15583.333,-6.0642858,-0.8218254
15600.0,-6.135714,-0.84761906
15616.667,-6.1704364,-0.7980159
15633.333,-6.2051587,-0.74841267
15650.0,-6.234524,-0.7047619
15666.667,-6.2603173,-0.66507936
15683.333,-6.297222,-0.64166665
15700.0,-6.3785715,-0.68333334
15716.667,-6.4599204,-0.725
15733.333,-6.4920635,-0.731746
15750.0,-6.5119047,-0.7297619
15766.667,-6.5396824,-0.7285714
15783.333,-6.5793653,-0.7285714
15800.0,-6.6190476,-0.7285714
15816.667,-6.6349206,-0.7543651
15833.333,-6.6507936,-0.78015876
15850.0,-6.669048,-0.7595238
15866.667,-6.688889,-0.7079365
15883.333,-6.7126985,-0.67460316
15900.0,-6.752381,-0.71428573
15916.667,-6.7920637,-0.75396824
15933.333,-6.768254,-0.73333335
15950.0,-6.7285714,-0.697619
15966.667,-6.7055554,-0.68015873
15983.333,-6.7075396,-0.6900794
16000.0,-6.7095237,-0.7
16016.667,-6.7005954,-0.7059524
16033.333,-6.6916666,-0.71190476
16050.0,-6.6863093,-0.7214286
16066.667,-6.6833334,-0.73333335
16083.333,-6.6809525,-0.7450397
16100.0,-6.6809525,-0.75595236
16116.667,-6.6809525,-0.7668651
16133.333,-6.65873,-0.7412698
16150.0,-6.6309524,-0.7065476
16166.667,-6.611111,-0.69603175
16183.333,-6.6031747,-0.7218254
16200.0,-6.595238,-0.74761903
16216.667,-6.5813494,-0.7734127
16233.333,-6.5674605,-0.7992064
16250.0,-6.542857,-0.8440476
16266.667,-6.5111113,-0.9015873
16283.333,-6.4888887,-0.9543651
16300.0,-6.5047617,-0.9880952
16316.667,-6.520635,-1.0218254
16333.333,-7.3293653,-1.3119048
16350.0,-8.336309,-1.6660714
16366.667,-9.069445,-1.9313492
16383.333,-9.391865,-2.0632937
16400.0,-9.714286,-2.195238
16416.666,-9.740079,-2.2597222
16433.334,-9.765873,-2.3242064
16450.0,-9.766666,-2.369643
16466.666,-9.750793,-2.402381
16483.334,-9.7327385,-2.422619
16500.0,-9.705953,-2.392857
16516.666,-9.679167,-2.3630953
16533.334,-9.674603,-2.3825397
16550.0,-9.675595,-2.4142857
16566.666,-9.684127,-2.4436507
16583.334,-9.703968,-2.4694445
16600.0,-9.723809,-2.495238
16616.666,-9.636508,-3.6757936
16633.334,-9.549207,-4.856349
16650.0,-9.271428,-6.132143
16666.666,-8.866667,-7.4714284
16683.334,-8.54127,-8.554762
16700.0,-8.533334,-8.614285
16716.666,-8.525397,-8.673809
16733.334,-8.546032,-8.746032
16750.0,-8.57381,-8.821428
16766.666,-8.590873,-8.881746
16783.334,-8.591866,-8.919444
16800.0,-8.592857,-8.957143
16816.666,-8.609722,-8.996825
16833.334,-8.626587,-9.036508
16850.0,-8.674405,-9.039286
16866.666,-8.742857,-9.01746
16883.334,-8.802977,-8.996825
16900.0,-8.8297615,-8.980952
16916.666,-8.856547,-8.965079
16933.334,-9.0682535,-9.357142
16950.0,-9.326191,-9.851191
16966.666,-9.4920635,-10.144444
16983.334,-9.519841,-10.136508
17000.0,-9.547619,-10.1285715
17016.666,-9.678572,-10.039286
17033.334,-9.809524,-9.95
17050.0,-9.9202385,-9.87619
17066.666,-10.01746,-9.812698
17083.334,-10.064285,-9.273413
17100.0,-9.909524,-6.830952
17116.666,-9.754762,-4.388492
17133.334,-9.717461,-3.3904762
17150.0,-9.709524,-2.7535715
17166.666,-9.706349,-2.3698413
17183.334,-9.710318,-2.365873
17200.0,-9.714286,-2.3619049
17216.666,-9.732142,-2.3460317
17233.334,-9.75,-2.3301587
17250.0,-9.7535715,-2.3190477
17266.666,-9.747619,-2.3111112
17283.334,-9.74127,-2.3015873
17300.0,-9.733334,-2.2857144
17316.666,-9.725397,-2.2698412
17333.334,-9.738095,-2.2746031
17350.0,-9.755953,-2.2845237
17366.666,-9.779366,-2.2761905
17383.334,-9.811111,-2.2404761
17400.0,-9.842857,-2.204762
17416.666,-9.842857,-2.0916667
17433.334,-9.842857,-1.9785714
17450.0,-9.867857,-1.9297619
17466.666,-9.909524,-1.9238095
17483.334,-9.949405,-1.9220238
17500.0,-9.982142,-1.9369048
17516.666,-10.014881,-1.9517857
17533.334,-9.685715,-1.5285715
17550.0,-9.266071,-0.99583334
17566.666,-9.010318,-0.6805556
17583.334,-9.000397,-0.69146824
17600.0,-8.990477,-0.70238096
17616.666,-9.014286,-0.7251984
17633.334,-9.038095,-0.7480159
17650.0,-9.038095,-0.7488095
17666.666,-9.0222225,-0.7349206
17683.334,-9.013492,-0.72579366
17700.0,-9.033334,-0.73571426
17716.666,-9.053175,-0.7456349
17733.334,-9.063492,-0.73015875
17750.0,-9.071428,-0.7083333
17766.666,-9.084921,-0.6718254
17783.334,-9.106746,-0.61329365
17800.0,-9.1285715,-0.5547619
17816.666,-9.1285715,-0.52996033
17833.334,-9.1285715,-0.5051587
17850.0,-9.1285715,-0.50238097
17866.666,-9.1285715,-0.51428574
17883.334,-9.129762,-0.5218254
17900.0,-9.135715,-0.5119048
17916.666,-9.141666,-0.5019841
17933.334,-9.159524,-0.49285713
17950.0,-9.180357,-0.48392856
17966.666,-9.2047615,-0.475
17983.334,-9.234524,-0.46607143
18000.0,-9.264286,-0.45714286
18016.666,-9.285119,-0.42142856
18033.334,-9.305952,-0.3857143
18050.0,-9.2952385,-0.3547619
18066.666,-9.263492,-0.32698414
18083.334,-9.23373,-0.30198413
18100.0,-9.211905,-0.28809524
18116.666,-9.19008,-0.27420634
18133.334,-9.214286,-0.22380953
18150.0,-9.25,-0.16428572
18166.666,-9.275397,-0.11904762
18183.334,-9.285317,-0.0952381
18200.0,-9.2952385,-0.071428575
18216.666,-9.302182,-0.10119048
18233.334,-9.309127,-0.13095239
18250.0,-9.305357,-0.13333334
18266.666,-9.294444,-0.11746032
18283.334,-9.284524,-0.109126985
18300.0,-9.278571,-0.13095239
18316.666,-9.272619,-0.15277778
18333.334,-9.261905,-0.1920635
18350.0,-9.25,-0.23571429
18366.666,-9.242857,-0.27142859
18383.334,-9.242857,-0.2952381
18400.0,-9.242857,-0.31904763
18416.666,-9.966071,-1.0918651
18433.334,-10.689285,-1.8646826
18450.0,-10.979762,-2.1815476
18466.666,-10.981746,-2.1944444
18483.334,-10.977579,-2.2003968
18500.0,-10.94881,-2.1785715
18516.666,-10.92004,-2.1567461
18533.334,-10.8714285,-2.1444445
18550.0,-10.817857,-2.1345239
18566.666,-10.785714,-2.14127
18583.334,-10.785714,-2.1730158
18600.0,-10.785714,-2.204762
18616.666,-10.732142,-2.2007937
18633.334,-10.678572,-2.1968255
18650.0,-10.62381,-2.192857
18666.666,-10.5682535,-2.1888888
18683.334,-10.521826,-2.192857
18700.0,-10.511905,-2.2285714
18716.666,-10.501985,-2.2642858
18733.334,-10.487302,-2.2936509
18750.0,-10.471429,-2.3214285
18766.666,-10.456349,-2.3460317
18783.334,-10.44246,-2.365873
18800.0,-10.428572,-2.3857143
18816.666,-10.400794,-2.3876984
18833.334,-10.373015,-2.3896825
18850.0,-10.361905,-2.3934524
18866.666,-10.361905,-2.3984127
18883.334,-10.363095,-2.4001985
18900.0,-10.369047,-2.3892858
18916.666,-10.375,-2.378373
18933.334,-10.388095,-2.3936508
18950.0,-10.402976,-2.415476
18966.666,-10.404366,-2.4345238
18983.334,-10.385516,-2.4494047
19000.0,-10.366667,-2.4642856
19016.666,-10.366667,-2.4771826
19033.334,-10.366667,-2.4900794
19050.0,-9.957143,-2.9630952
19066.666,-9.274603,-3.7428572
19083.334,-8.733334,-4.365476
19100.0,-8.757143,-4.359524
19116.666,-8.780952,-4.3535714
19133.334,-8.785714,-4.3444443
19150.0,-8.785714,-4.3345237
19166.666,-8.799207,-4.347619
19183.334,-8.832936,-4.395238
19200.0,-8.866667,-4.4428573
19216.666,-8.924207,-4.4825397
19233.334,-8.981746,-4.522222
19250.0,-9.035714,-4.5226192
19266.666,-9.087301,-4.496825
19283.334,-9.128968,-4.4714284
19300.0,-9.130953,-4.447619
19316.666,-9.1329365,-4.4238095
19333.334,-9.112699,-4.357143
19350.0,-9.086905,-4.279762
19366.666,-9.070635,-4.229365
19383.334,-9.068651,-4.2194443
19400.0,-9.066667,-4.2095237
19416.666,-9.025,-4.1916666
19433.334,-8.983334,-4.1738095
19450.0,-8.840476,-4.5464287
19466.666,-8.630158,-5.179365
19483.334,-8.455953,-5.684921
19500.0,-8.42619,-5.6809525
19516.666,-8.396428,-5.6769843
19533.334,-8.368254,-5.65873
19550.0,-8.340476,-5.6369047
19566.666,-8.325397,-5.6325397
19583.334,-8.329365,-5.654365
19600.0,-8.333333,-5.6761904
19616.666,-8.363095,-5.713889
19633.334,-8.392858,-5.7515874
19650.0,-8.4,-5.7726192
19666.666,-8.392063,-5.78254
19683.334,-8.392659,-5.798016
19700.0,-8.427381,-5.8357143
19716.666,-8.462103,-5.8734126
19733.334,-8.629365,-4.9301586
19750.0,-8.8297615,-3.7416666
19766.666,-8.953571,-3.0246031
19783.334,-8.9625,-3.0146825
19800.0,-8.971429,-3.004762
19816.666,-9.007143,-3.0126984
19833.334,-9.042857,-3.020635
19850.0,-9.059524,-3.052381
19866.666,-9.063492,-3.1
19883.334,-9.071032,-3.1420634
19900.0,-9.092857,-3.1619048
19916.666,-9.114682,-3.181746
19933.334,-9.122222,-3.2039683
19950.0,-9.12619,-3.2267857
19966.666,-9.130953,-3.2503967
19983.334,-9.136905,-3.2751985
20000.0,-9.142858,-3.3
20016.666,-9.136905,-3.3436508
20033.334,-9.130953,-3.3873017
20050.0,-9.132143,-3.4309523
20066.666,-9.138095,-3.4746032
20083.334,-9.090873,-3.522619
20100.0,-8.830953,-3.5880952
20116.666,-8.571032,-3.6535714
20133.334,-7.6174603,-3.857143
20150.0,-6.490476,-4.095238
20166.666,-5.80873,-4.2492065
20183.334,-5.7948413,-4.276984
20200.0,-5.7809525,-4.304762
20216.666,-5.7492065,-4.3761907
20233.334,-5.71746,-4.447619
20250.0,-5.6809525,-4.4666667
20266.666,-5.6412697,-4.4507937
20283.334,-5.5960317,-4.438889
20300.0,-5.5285716,-4.4428573
20316.666,-5.461111,-4.4468255
20333.334,-5.4126983,-4.415873
20350.0,-5.3690476,-4.3761907
20366.666,-5.326984,-4.3190475
20383.334,-5.2873015,-4.2357144
20400.0,-5.247619,-4.152381
20416.666,-5.247619,-4.152381
20433.334,-5.247619,-4.152381
20450.0,-5.247619,-4.152381
20466.666,-5.247619,-4.152381
20483.334,-5.247619,-4.152381
20500.0,-5.247619,-4.152381
20516.666,-5.247619,-4.152381
20533.334,-5.247619,-4.152381
20550.0,-5.247619,-4.152381
20566.666,-5.247619,-4.152381
20583.334,-5.247619,-4.152381
20600.0,-5.247619,-4.152381
20616.666,-5.247619,-4.152381
20633.334,-5.247619,-4.152381
20650.0,-5.247619,-4.152381
20666.666,-5.247619,-4.152381
20683.334,-5.247619,-4.152381
20700.0,-5.247619,-4.152381
20716.666,-5.247619,-4.152381
20733.334,-5.247619,-4.152381
20750.0,-5.247619,-4.152381
20766.666,-5.247619,-4.152381
20783.334,-5.247619,-4.152381
20800.0,-5.247619,-4.152381
20816.666,-5.247619,-4.152381
20833.334,-5.247619,-4.152381
20850.0,-5.247619,-4.152381
20866.666,-5.247619,-4.152381
20883.334,-5.247619,-4.152381
20900.0,-5.247619,-4.152381
20916.666,-5.247619,-4.152381
20933.334,-5.247619,-4.152381
20950.0,-5.247619,-4.152381
20966.666,-5.247619,-4.152381
20983.334,-5.247619,-4.152381
