0.0,-6.6666665,-4.338095
16.666666,-6.65873,-4.3123016
33.333332,-6.6507936,-4.286508
50.0,-6.660714,-4.2880955
66.666664,-6.6825395,-4.3079367
83.333336,-6.702778,-4.327976
100.0,-6.7166667,-4.3488097
116.666664,-6.7305555,-4.3696427
133.33333,-6.736508,-4.3555555
150.0,-6.740476,-4.332738
166.66667,-6.7357144,-4.3
183.33333,-6.7178574,-4.252381
200.0,-6.7,-4.204762
216.66667,-7.188095,-4.768254
233.33333,-7.6761904,-5.331746
250.0,-8.190476,-6.356548
266.66666,-8.722222,-7.688889
283.33334,-9.142063,-8.755953
300.0,-9.114285,-8.761905
316.66666,-9.086508,-8.767858
333.33334,-9.080953,-8.782539
350.0,-9.080953,-8.799405
366.66666,-9.071428,-8.814285
383.33334,-9.047619,-8.826191
400.0,-9.023809,-8.838096
416.66666,-9.003968,-8.855952
433.33334,-8.984127,-8.87381
450.0,-8.94881,-8.896428
466.66666,-8.903174,-8.922222
483.33334,-8.858334,-8.949206
500.0,-8.816667,-8.980952
516.6667,-8.775,-9.012698
533.3333,-8.764286,-9.009523
550.0,-8.76131,-8.997619
566.6667,-8.750793,-8.967461
583.3333,-8.728969,-8.909921
600.0,-8.707143,-8.852381
616.6667,-8.680357,-8.852381
633.3333,-8.653571,-8.852381
650.0,-8.642858,-8.832143
666.6667,-8.642858,-8.798412
683.3333,-8.638492,-8.765476
700.0,-8.616667,-8.735714
716.6667,-8.594841,-8.705953
733.3333,-8.580953,-8.680952
750.0,-8.569048,-8.657143
766.6667,-8.521428,-8.538095
783.3333,-8.4202385,-8.276191
800.0,-8.319048,-8.014286
816.6667,-8.061111,-7.7325397
833.3333,-7.8031745,-7.4507937
850.0,-7.705952,-7.358333
866.6667,-7.7158732,-7.3920636
883.3333,-7.7285714,-7.425397
900.0,-7.752381,-7.457143
916.6667,-7.7761903,-7.4888887
933.3333,-7.7904763,-7.5539684
950.0,-7.802381,-7.627381
966.6667,-7.973016,-7.8492064
983.3333,-8.381746,-8.293651
1000.0,-8.790476,-8.738095
1016.6667,-9.051389,-9.110119
1033.3334,-9.312302,-9.482142
1050.0,-9.427977,-9.622024
1066.6666,-9.446825,-9.607142
1083.3334,-9.460913,-9.590476
1100.0,-9.455953,-9.566667
1116.6666,-9.450992,-9.542857
1133.3334,-9.468254,-9.514286
1150.0,-9.491072,-9.484524
1166.6666,-9.505555,-9.439683
1183.3334,-9.50754,-9.372222
1200.0,-9.509523,-9.304762
1216.6666,-9.501587,-9.2442465
1233.3334,-9.49365,-9.18373
1250.0,-9.4827385,-9.141071
1266.6666,-9.469841,-9.110317
1283.3334,-9.460913,-9.084127
1300.0,-9.467857,-9.076191
1316.6666,-9.474802,-9.0682535
1333.3334,-9.4777775,-9.039682
1350.0,-9.479762,-9.005953
1366.6666,-9.480159,-8.974603
1383.3334,-9.478174,-8.946825
1400.0,-9.476191,-8.919047
1416.6666,-9.468254,-8.915079
1433.3334,-9.460318,-8.911111
1450.0,-9.446428,-8.919047
1466.6666,-9.428572,-8.93492
1483.3334,-9.407936,-8.953968
1500.0,-9.37619,-8.985714
1516.6666,-9.344444,-9.01746
1533.3334,-9.331746,-9.033334
1550.0,-9.32381,-9.0452385
1566.6666,-9.31746,-9.053968
1583.3334,-9.313492,-9.057937
1600.0,-9.309524,-9.061905
1616.6666,-9.295635,-9.086706
1633.3334,-9.281746,-9.111508
1650.0,-9.265476,-9.120833
1666.6666,-9.247619,-9.119842
1683.3334,-9.013492,-8.700992
1700.0,-7.9142857,-6.6107144
1716.6666,-6.815079,-4.5204363
1733.3334,-6.593651,-4.0825396
1750.0,-6.5916667,-4.0577383
1766.6666,-6.6023808,-4.0857143
1783.3334,-6.632143,-4.1928573
1800.0,-6.661905,-4.3
1816.6666,-6.677778,-4.3535714
1833.3334,-6.6936507,-4.4071426
1850.0,-6.707143,-4.438095
1866.6666,-6.7190475,-4.453968
1883.3334,-6.734127,-4.461508
1900.0,-6.7619047,-4.4357142
1916.6666,-6.7896824,-4.4099207
1933.3334,-6.8174605,-4.385714
1950.0,-6.845238,-4.3619046
1966.6666,-6.8674603,-4.353968
1983.3334,-6.881349,-4.369841
2000.0,-6.895238,-4.385714
2016.6666,-7.802976,-4.00377
2033.3334,-8.710714,-3.6218255
2050.0,-9.158334,-3.4095237
2066.6667,-9.299207,-3.3103175
2083.3333,-9.410317,-3.2295635
2100.0,-9.402381,-3.222619
2116.6667,-9.394444,-3.2156746
2133.3333,-9.398413,-3.2619047
2150.0,-9.405357,-3.3214285
2166.6667,-9.407143,-3.3698413
2183.3333,-9.401191,-3.4015872
2200.0,-9.395238,-3.4333334
2216.6667,-9.462698,-3.5087302
2233.3333,-9.530159,-3.584127
2250.0,-9.713096,-4.2458334
2266.6667,-9.973016,-5.298413
2283.3333,-10.180159,-6.144246
2300.0,-10.17619,-6.1630955
2316.6667,-10.172222,-6.1819444
2333.3333,-10.15,-6.1761904
2350.0,-10.123215,-6.1642857
2366.6667,-10.100397,-6.159524
2383.3333,-10.083531,-6.1654763
2400.0,-10.066667,-6.1714287
2416.6667,-10.038889,-6.0960317
2433.3333,-10.011111,-6.020635
2450.0,-10.0035715,-5.9934525
2466.6667,-10.009523,-5.9984126
2483.3333,-10.013492,-6.010119
2500.0,-10.009523,-6.0488095
2516.6667,-10.005555,-6.0875
2533.3333,-9.988889,-6.1
2550.0,-9.969048,-6.1059523
2566.6667,-9.948413,-6.1031747
2583.3333,-9.926587,-6.0873017
2600.0,-9.904762,-6.071429
2616.6667,-9.861111,-6.0793653
2633.3333,-9.81746,-6.0873017
2650.0,-9.711905,-6.304167
2666.6667,-9.56508,-6.6603174
2683.3333,-9.435317,-6.9486113
2700.0,-9.37381,-6.965476
2716.6667,-9.312302,-6.9823413
2733.3333,-9.255555,-6.963492
2750.0,-9.2,-6.9357142
2766.6667,-9.144444,-6.9079366
2783.3333,-9.088889,-6.880159
2800.0,-9.033334,-6.8523808
2816.6667,-8.975794,-6.8285713
2833.3333,-8.918254,-6.804762
2850.0,-8.855952,-6.765476
2866.6667,-8.790476,-6.7158732
2883.3333,-8.7327385,-6.672619
2900.0,-8.705953,-6.654762
2916.6667,-8.679167,-6.6369047
2933.3333,-8.661904,-6.626984
2950.0,-8.647024,-6.6190476
2966.6667,-8.627778,-6.5984125
2983.3333,-8.601984,-6.55873
3000.0,-8.576191,-6.5190477
3016.6667,-8.562302,-6.485317
3033.3333,-8.548412,-6.451587
3050.0,-8.548214,-6.447024
3066.6667,-8.557143,-6.4619045
3083.3333,-8.529166,-6.360119
3100.0,-8.353572,-5.7916665
3116.6667,-8.177977,-5.223214
3133.3333,-8.139683,-5.0666666
3150.0,-8.135715,-5.0130954
3166.6667,-8.123015,-4.9507937
3183.3333,-8.097222,-4.8753967
3200.0,-8.071428,-4.8
3216.6667,-8.035714,-4.756349
3233.3333,-8.0,-4.7126985
3250.0,-7.9767857,-4.6541667
3266.6667,-7.9619045,-4.5857143
3283.3333,-7.9501987,-4.525595
3300.0,-7.9511905,-4.4988093
3316.6667,-7.952183,-4.472024
3333.3333,-7.9507937,-4.438095
3350.0,-7.9488096,-4.402381
3366.6667,-7.9444447,-4.3722224
3383.3333,-7.9365077,-4.3503966
3400.0,-7.928571,-4.3285713
3416.6667,-7.9325395,-4.336508
3433.3333,-7.9365077,-4.3444443
3450.0,-7.957143,-4.3625
3466.6667,-7.9888887,-4.3873014
3483.3333,-8.021031,-4.4160714
3500.0,-8.054762,-4.4607143
3516.6667,-8.088492,-4.5053573
3533.3333,-8.096826,-4.5349207
3550.0,-8.098809,-4.5607142
3566.6667,-8.101587,-4.574603
3583.3333,-8.105556,-4.570635
3600.0,-8.109524,-4.5666666
3616.6667,-8.105556,-4.5626984
3633.3333,-8.101587,-4.55873
3650.0,-8.091666,-4.5416665
3666.6667,-8.077778,-4.515873
3683.3333,-8.069048,-4.4964285
3700.0,-8.080953,-4.502381
3716.6667,-8.092857,-4.508333
3733.3333,-8.095238,-4.509524
3750.0,-8.095238,-4.509524
3766.6667,-8.088889,-4.4992065
3783.3333,-8.073016,-4.4734125
3800.0,-8.057143,-4.447619
3816.6667,-8.021428,-4.380159
3833.3333,-7.9857144,-4.3126984
3850.0,-7.9535713,-4.266667
3866.6667,-7.9238095,-4.2349205
3883.3333,-7.8984127,-4.2146826
3900.0,-7.890476,-4.240476
3916.6667,-7.8825397,-4.2662697
3933.3333,-7.879365,-4.269841
3950.0,-7.877381,-4.267857
3966.6667,-7.8674603,-4.2555556
3983.3333,-7.845635,-4.227778
4000.0,-7.8238096,-4.2
4016.6667,-7.8416667,-4.201984
4033.3333,-7.859524,-4.203968
4050.0,-7.877381,-4.2083335
4066.6667,-7.895238,-4.214286
4083.3333,-7.9027777,-4.20873
4100.0,-7.8690476,-4.1571426
4116.6665,-7.8353176,-4.1055555
4133.3335,-7.7126985,-3.9063492
4150.0,-7.5678573,-3.670238
4166.6665,-7.4785714,-3.5190477
4183.3335,-7.472619,-3.495238
4200.0,-7.4666667,-3.4714286
4216.6665,-7.4775796,-3.4813492
4233.3335,-7.488492,-3.4912698
4250.0,-7.4970236,-3.4857142
4266.6665,-7.5039682,-3.4698412
4283.3335,-7.510714,-3.4607143
4300.0,-7.516667,-3.4785714
4316.6665,-7.5226192,-3.4964285
4333.3335,-7.509524,-3.4714286
4350.0,-7.491667,-3.4357142
4366.6665,-7.4753966,-3.4071429
4383.3335,-7.461508,-3.3892858
4400.0,-7.447619,-3.3714285
4416.6665,-7.4376984,-3.3674603
4433.3335,-7.427778,-3.363492
4450.0,-7.419048,-3.3654761
4466.6665,-7.411111,-3.3714285
4483.3335,-7.402381,-3.3789682
4500.0,-7.390476,-3.392857
4516.6665,-7.3785715,-3.4067461
4533.3335,-7.3714285,-3.3888888
4550.0,-7.365476,-3.3630953
4566.6665,-7.364286,-3.3555555
4583.3335,-7.3702383,-3.3753967
4600.0,-7.3761907,-3.3952382
4616.6665,-7.3940477,-3.4051588
4633.3335,-7.411905,-3.4150794
4650.0,-7.420238,-3.4107144
4666.6665,-7.422222,-3.3968253
4683.3335,-7.423413,-3.3882937
4700.0,-7.4214287,-3.4011905
4716.6665,-7.4194446,-3.4140873
4733.3335,-7.409524,-3.4507937
4750.0,-7.3976192,-3.4934523
4766.6665,-7.385714,-3.5253968
4783.3335,-7.3738093,-3.5412698
4800.0,-7.3619046,-3.557143
4816.6665,-7.336111,-3.5769842
4833.3335,-7.3103175,-3.5968254
4850.0,-7.2964287,-3.6464286
4866.6665,-7.2904763,-3.715873
4883.3335,-7.28254,-3.7757936
4900.0,-7.266667,-3.797619
4916.6665,-7.2507935,-3.8194444
4933.3335,-7.230159,-3.8126984
4950.0,-7.2083335,-3.7988095
4966.6665,-7.201587,-3.7984128
4983.3335,-7.21746,-3.818254
5000.0,-7.233333,-3.8380952
5016.6665,-7.213492,-3.8678572
5033.3335,-7.1936507,-3.897619
5050.0,-7.1583333,-3.9488096
5066.6665,-7.1126986,-4.0142856
5083.3335,-7.0646825,-4.0785713
5100.0,-7.007143,-4.1380954
5116.6665,-6.949603,-4.197619
5133.3335,-6.8825397,-4.234127
5150.0,-6.813095,-4.264881
5166.6665,-6.7424603,-4.286905
5183.3335,-6.6700397,-4.295833
5200.0,-6.597619,-4.304762
5216.6665,-6.5609126,-4.3325396
5233.3335,-6.524206,-4.360317
5250.0,-6.4761906,-4.392857
5266.6665,-6.4206347,-4.428571
5283.3335,-6.368254,-4.470635
5300.0,-6.3285713,-4.5380955
5316.6665,-6.288889,-4.6055555
5333.3335,-6.257143,-4.606349
5350.0,-6.2273808,-4.590476
5366.6665,-6.1992064,-4.5785713
5383.3335,-6.173413,-4.572619
5400.0,-6.1476192,-4.5666666
5416.6665,-6.115873,-4.5666666
5433.3335,-6.084127,-4.5666666
5450.0,-6.0559525,-4.5607142
5466.6665,-6.0301585,-4.5507936
5483.3335,-6.006349,-4.53373
5500.0,-5.990476,-4.4880953
5516.6665,-5.974603,-4.4424605
5533.3335,-5.957143,-4.369841
5550.0,-5.9392858,-4.2904763
5566.6665,-5.9301586,-4.238492
5583.3335,-5.934127,-4.2275796
5600.0,-5.938095,-4.2166667
5616.6665,-5.9033732,-4.1978173
5633.3335,-5.868651,-4.1789684
5650.0,-5.8434525,-4.1654763
5666.6665,-5.824603,-4.1555557
5683.3335,-5.8063493,-4.152381
5700.0,-5.7904763,-4.1761904
5716.6665,-5.7746034,-4.2
5733.3335,-5.769841,-4.204762
5750.0,-5.767857,-4.204762
5766.6665,-5.781746,-4.2119045
5783.3335,-5.8194447,-4.229762
5800.0,-5.857143,-4.247619
5816.6665,-5.8779764,-4.2545633
5833.3335,-5.8988094,-4.261508
5850.0,-5.9160714,-4.260119
5866.6665,-5.9309525,-4.253175
5883.3335,-5.9420633,-4.2496033
5900.0,-5.938095,-4.259524
5916.6665,-5.934127,-4.2694445
5933.3335,-5.9365077,-4.2841268
5950.0,-5.9404764,-4.3
5966.6665,-5.9396825,-4.3039684
5983.3335,-5.931746,-4.2900796
6000.0,-5.9238095,-4.2761903
6016.6665,-5.901984,-4.2662697
6033.3335,-5.880159,-4.256349
6050.0,-5.877381,-4.267857
6066.6665,-5.8873014,-4.2936506
6083.3335,-5.896032,-4.3126984
6100.0,-5.9,-4.304762
6116.6665,-5.9039683,-4.2968254
6133.3335,-5.9269843,-4.2968254
6150.0,-5.954762,-4.2988095
6166.6665,-5.976984,-4.2992063
6183.3335,-5.990873,-4.297222
6200.0,-6.0047617,-4.295238
6216.6665,-6.016667,-4.297222
6233.3335,-6.0285716,-4.2992063
6250.0,-6.025,-4.3166666
6266.6665,-6.0111113,-4.3444443
6283.3335,-6.0015874,-4.3710318
6300.0,-6.009524,-4.392857
6316.6665,-6.0174603,-4.4146824
6333.3335,-6.022222,-4.457143
6350.0,-6.0261903,-4.5047617
6366.6665,-6.029365,-4.5333333
6383.3335,-6.031349,-4.5333333
6400.0,-6.0333333,-4.5333333
6416.6665,-6.0174603,-4.5214286
6433.3335,-6.0015874,-4.509524
6450.0,-5.972619,-4.545238
6466.6665,-5.934921,-4.6126986
6483.3335,-5.8964286,-4.6813493
6500.0,-5.854762,-4.7547617
6516.6665,-5.813095,-4.8281746
6533.3335,-5.804762,-4.9
6550.0,-5.804762,-4.9714284
6566.6665,-5.8039684,-5.0007935
6583.3335,-5.8019843,-4.9670634
6600.0,-5.8,-4.9333334
6616.6665,-5.7642856,-4.996825
6633.3335,-5.7285714,-5.0603175
6650.0,-5.7,-5.117857
6666.6665,-5.6761904,-5.1714287
6683.3335,-5.663889,-5.2349205
6700.0,-5.697619,-5.338095
6716.6665,-5.731349,-5.44127
6733.3335,-5.730159,-5.4888887
6750.0,-5.720238,-5.5226192
6766.6665,-5.714286,-5.571429
6783.3335,-5.714286,-5.642857
6800.0,-5.714286,-5.714286
6816.6665,-5.7123017,-5.7549605
6833.3335,-5.7103176,-5.7956347
6850.0,-5.696429,-5.8517857
6866.6665,-5.674603,-5.918254
6883.3335,-5.65754,-5.9738097
6900.0,-5.659524,-5.9857144
6916.6665,-5.661508,-5.997619
6933.3335,-6.7309523,-5.230159
6950.0,-8.067262,-4.267857
6966.6665,-8.86627,-3.6849205
6983.3335,-8.859325,-3.6710317
7000.0,-8.852381,-3.6571429
7016.6665,-8.834524,-3.6988096
7033.3335,-8.816667,-3.7404761
7050.0,-8.80119,-3.7928572
7066.6665,-8.787302,-3.852381
7083.3335,-8.780159,-3.9210317
7100.0,-8.8,-4.0261903
7116.6665,-8.819841,-4.131349
7133.3335,-8.822222,-4.1650796
7150.0,-8.820238,-4.1809525
7166.6665,-8.81746,-4.177778
7183.3335,-8.813492,-4.146032
7200.0,-8.809524,-4.114286
7216.6665,-8.791667,-4.0507936
7233.3335,-8.773809,-3.9873016
7250.0,-8.769048,-3.915476
7266.6665,-8.773016,-3.8380952
7283.3335,-8.779366,-3.7686508
7300.0,-8.7952385,-3.7309523
7316.6665,-8.811111,-3.693254
7333.3335,-10.587301,-3.0619047
7350.0,-12.803572,-2.2821429
7366.6665,-14.656746,-1.5880952
7383.3335,-15.965278,-1.022619
7400.0,-17.27381,-0.45714286
7416.6665,-17.232143,-0.33214286
7433.3335,-17.190475,-0.20714286
7450.0,-17.172024,-0.083333336
7466.6665,-17.169048,0.03968254
7483.3335,-17.15873,0.14404762
7500.0,-17.119047,0.17380953
7516.6665,-17.079365,0.20357142
7533.3335,-17.042063,0.1952381
7550.0,-17.005358,0.17738095
7566.6665,-16.976587,0.16547619
7583.3335,-16.959723,0.1625
7600.0,-16.942858,0.15952381
7616.6665,-16.58869,-0.90099204
7633.3335,-16.234524,-1.9615079
7650.0,-16.067263,-2.392857
7666.6665,-16.024603,-2.4047618
7683.3335,-15.98373,-2.4079366
7700.0,-15.95,-2.3761904
7716.6665,-15.91627,-2.3444445
7733.3335,-15.885715,-2.3063493
7750.0,-15.855952,-2.2666667
7766.6665,-15.83254,-2.2357142
7783.3335,-15.818651,-2.2178571
7800.0,-15.804762,-2.2
7816.6665,-13.523016,-3.0640874
7833.3335,-11.24127,-3.9281745
7850.0,-9.541667,-4.5744047
7866.6665,-8.230159,-5.075397
7883.3335,-7.1769843,-5.46627
7900.0,-7.1571426,-5.4166665
7916.6665,-7.1373014,-5.3670635
7933.3335,-7.1253967,-5.353968
7950.0,-7.115476,-5.35
7966.6665,-7.1253967,-5.361508
7983.3335,-7.1650796,-5.39623
8000.0,-7.204762,-5.4309525
8016.6665,-7.253373,-5.4498014
8033.3335,-7.3019843,-5.468651
8050.0,-7.357738,-5.470238
8066.6665,-7.418254,-5.4603176
8083.3335,-7.478373,-5.447024
8100.0,-7.536905,-5.420238
8116.6665,-7.5954366,-5.393452
8133.3335,-7.626984,-5.4015875
8150.0,-7.651786,-5.4184523
8166.6665,-7.588889,-5.725794
8183.3335,-7.3944445,-6.468849
8200.0,-7.2,-7.2119045
8216.667,-6.9142857,-8.325992
8233.333,-6.6285715,-9.44008
8250.0,-6.5464287,-9.915476
8266.667,-6.6,-9.965079
8283.333,-6.6478176,-10.012301
8300.0,-6.672619,-10.05
8316.667,-6.6974206,-10.087698
8333.333,-6.7190475,-10.122222
8350.0,-6.739881,-10.155952
8366.667,-6.763492,-10.187302
8383.333,-6.79127,-10.215079
8400.0,-6.8190475,-10.242857
8416.667,-6.8815475,-10.181349
8433.333,-6.9440475,-10.119842
8450.0,-7.0160713,-10.059524
8466.667,-7.0944443,-10.0
8483.333,-7.1603174,-9.957936
8500.0,-7.1761904,-9.985714
8516.667,-7.1920633,-10.013492
8533.333,-7.231746,-10.014286
8550.0,-7.277381,-10.008333
8566.667,-7.3174605,-9.972619
8583.333,-7.3492064,-9.8922615
8600.0,-7.3809524,-9.811905
8616.667,-7.448413,-9.650198
8633.333,-7.515873,-9.488492
8650.0,-7.8886905,-8.855952
8666.667,-8.465079,-7.909524
8683.333,-8.9339285,-7.114286
8700.0,-8.972619,-6.9238095
8716.667,-9.01131,-6.733333
8733.333,-9.015873,-6.620635
8750.0,-9.011905,-6.527381
8766.667,-9.002381,-6.445238
8783.333,-8.984524,-6.3797617
8800.0,-8.966666,-6.3142858
8816.667,-8.926984,-6.2785716
8833.333,-8.887301,-6.242857
8850.0,-8.877381,-6.220238
8866.667,-8.887301,-6.2063494
8883.333,-8.886508,-6.1944447
8900.0,-8.842857,-6.1904764
8916.667,-8.799207,-6.1865077
8933.333,-8.687302,-6.119841
8950.0,-8.558333,-6.0375
8966.667,-8.446032,-5.9511905
8983.333,-8.35873,-5.8589287
9000.0,-8.271428,-5.766667
9016.667,-8.213889,-5.697222
9033.333,-8.156349,-5.6277776
9050.0,-8.104762,-5.5690475
9066.667,-8.057143,-5.5174603
9083.333,-8.009325,-5.463095
9100.0,-7.9607143,-5.3976192
9116.667,-7.912103,-5.332143
9133.333,-7.9428573,-4.9214287
9150.0,-7.9934525,-4.4244046
9166.667,-8.119842,-3.7694445
9183.333,-8.3599205,-2.8775795
9200.0,-8.6,-1.9857143
9216.667,-8.54246,-1.9896826
9233.333,-8.4849205,-1.9936508
9250.0,-8.43631,-2.0071428
9266.667,-8.393651,-2.0269842
9283.333,-8.354167,-2.0545635
9300.0,-8.327381,-2.1130953
9316.667,-8.300595,-2.171627
9333.333,-8.279366,-2.1936507
9350.0,-8.259523,-2.2065477
9366.667,-8.235714,-2.2087302
9383.333,-8.205953,-2.1948414
9400.0,-8.17619,-2.1809523
9416.667,-8.207936,-2.2563493
9433.333,-8.239682,-2.331746
9450.0,-8.258333,-2.35
9466.667,-8.268254,-2.3301587
9483.333,-8.275,-2.3121033
9500.0,-8.269048,-2.3011904
9516.667,-8.263095,-2.2902777
9533.333,-8.260318,-2.2761905
9550.0,-8.258333,-2.2613096
9566.667,-8.264286,-2.2412698
9583.333,-8.282143,-2.2134922
9600.0,-8.3,-2.1857142
9616.667,-8.320833,-2.148016
9633.333,-8.341666,-2.1103175
9650.0,-8.389286,-2.0988095
9666.667,-8.4547615,-2.1047618
9683.333,-8.512897,-2.1035714
9700.0,-8.541667,-2.0738096
9716.667,-8.5704365,-2.0440476
9733.333,-8.599206,-2.011111
9750.0,-8.627976,-1.977381
9766.667,-8.658334,-1.963492
9783.333,-8.6910715,-1.9793651
9800.0,-8.723809,-1.9952381
9816.667,-8.76746,-2.0289683
9833.333,-8.811111,-2.0626984
9850.0,-8.861905,-2.05
9866.667,-8.91746,-2.0063493
9883.333,-8.969444,-1.9638889
9900.0,-9.007143,-1.9261905
9916.667,-9.044841,-1.8884921
9933.333,-9.080953,-1.895238
9950.0,-9.116667,-1.9130952
9966.667,-9.155952,-1.9333333
9983.333,-9.200595,-1.9571428
10000.0,-9.245238,-1.9809524
10016.667,-9.237302,-1.9630952
10033.333,-9.229365,-1.9452381
10050.0,-9.226786,-1.9738095
10066.667,-9.2277775,-2.0333333
10083.333,-9.225199,-2.0950396
10100.0,-9.208333,-2.165476
10116.667,-9.191468,-2.2359128
10133.333,-9.17619,-2.3063493
10150.0,-9.161309,-2.3767858
10166.667,-9.134127,-2.4
10183.333,-9.088492,-2.352381
10200.0,-9.042857,-2.304762
10216.667,-9.2650795,-2.834524
10233.333,-9.487302,-3.3642857
10250.0,-9.586905,-3.6380951
10266.667,-9.604762,-3.7412698
10283.333,-9.615278,-3.822619
10300.0,-9.596429,-3.8166666
10316.667,-9.5775795,-3.8107142
10333.333,-9.58254,-3.7928572
10350.0,-9.593452,-3.772024
10366.667,-9.595238,-3.7488096
10383.333,-9.583333,-3.7220237
10400.0,-9.571428,-3.695238
10416.667,-9.577381,-3.7686508
10433.333,-9.583333,-3.8420634
10450.0,-9.598809,-3.8904762
10466.667,-9.620635,-3.9222221
10483.333,-9.633135,-3.9349205
10500.0,-9.608334,-3.8714285
10516.667,-9.583531,-3.8079364
10533.333,-9.580953,-3.7666667
10550.0,-9.583928,-3.7309523
10566.667,-9.588096,-3.7071428
10583.333,-9.594048,-3.7011905
10600.0,-9.6,-3.695238
10616.667,-9.607937,-3.7051587
10633.333,-9.615873,-3.7150793
10650.0,-9.629762,-3.7380953
10666.667,-9.647619,-3.7698412
10683.333,-9.659524,-3.7968254
10700.0,-9.647619,-3.804762
10716.667,-9.635715,-3.8126984
10733.333,-9.637301,-3.838889
10750.0,-9.6422615,-3.869643
10766.667,-9.644841,-3.925
10783.333,-9.643849,-4.017262
10800.0,-9.642858,-4.109524
10816.667,-9.662699,-4.065873
10833.333,-9.68254,-4.022222
10850.0,-9.701191,-3.995238
10866.667,-9.719048,-3.979365
10883.333,-9.73254,-3.9682539
10900.0,-9.728572,-3.9761906
10916.667,-9.724603,-3.984127
10933.333,-9.734127,-3.9944444
10950.0,-9.747024,-4.0053573
10966.667,-9.755158,-4.014683
10983.333,-9.756151,-4.021627
11000.0,-9.757143,-4.0285716
11016.667,-9.771031,-4.0226192
11033.333,-9.784921,-4.016667
11050.0,-9.80119,-4.025
11066.667,-9.819048,-4.042857
11083.333,-9.838889,-4.059127
11100.0,-9.866667,-4.0690475
11116.667,-9.894444,-4.078968
11133.333,-9.906349,-4.0920634
11150.0,-9.914286,-4.1059523
11166.667,-9.92619,-4.1253967
11183.333,-9.944048,-4.1531744
11200.0,-9.961905,-4.1809525
11216.667,-9.97877,-4.171032
11233.333,-9.995635,-4.161111
11250.0,-9.995833,-4.140476
11266.667,-9.9849205,-4.1126986
11283.333,-9.983334,-4.0948415
11300.0,-10.019048,-4.116667
11316.667,-10.054762,-4.138492
11333.333,-10.071428,-4.1825395
11350.0,-10.083333,-4.232143
11366.667,-10.088096,-4.25
11383.333,-10.082143,-4.220238
11400.0,-10.076191,-4.1904764
11416.667,-10.034524,-4.1289682
11433.333,-9.992857,-4.0674605
11450.0,-9.94881,-4.029762
11466.667,-9.903174,-4.0079365
11483.333,-9.865278,-3.988889
11500.0,-9.858334,-3.9809523
11516.667,-9.851389,-3.9730158
11533.333,-9.838096,-3.9507937
11550.0,-9.823215,-3.925
11566.667,-9.811905,-3.8968253
11583.333,-9.805952,-3.8650794
11600.0,-9.8,-3.8333333
11616.667,-9.770238,-3.7738094
11633.333,-9.740477,-3.7142856
11650.0,-9.711905,-3.6559525
11666.667,-9.684127,-3.5984128
11683.333,-9.653174,-3.5428572
11700.0,-9.609524,-3.495238
11716.667,-9.565873,-3.447619
11733.333,-9.553968,-3.431746
11750.0,-9.55,-3.4238095
11766.667,-9.553175,-3.4230158
11783.333,-9.567063,-3.4329364
11800.0,-9.580953,-3.442857
11816.667,-9.60873,-3.4686508
11833.333,-9.636508,-3.4944444
11850.0,-9.652381,-3.5071428
11866.667,-9.660317,-3.511111
11883.333,-9.663095,-3.5146825
11900.0,-9.645238,-3.5166667
11916.667,-9.627381,-3.5186508
11933.333,-9.618254,-3.534127
11950.0,-9.611309,-3.5529761
11966.667,-9.584524,-3.5559523
11983.333,-9.527976,-3.535119
12000.0,-9.471429,-3.5142858
12016.667,-9.479365,-3.5123017
12033.333,-9.487302,-3.5103176
12050.0,-9.5035715,-3.4964285
12066.667,-9.525397,-3.4746032
12083.333,-9.54504,-3.4541667
12100.0,-9.555952,-3.4392858
12116.667,-9.566865,-3.4244049
12133.333,-9.861905,-3.3730159
12150.0,-10.227976,-3.3125
12166.667,-10.446825,-3.2714286
12183.333,-10.444841,-3.2595239
12200.0,-10.442857,-3.2476192
12216.667,-10.436905,-3.245635
12233.333,-10.430952,-3.2436507
12250.0,-10.423809,-3.2458334
12266.667,-10.415873,-3.2507937
12283.333,-10.407539,-3.2501984
12300.0,-10.397619,-3.227381
12316.667,-10.387698,-3.2045634
12333.333,-10.36746,-3.1809523
12350.0,-10.344643,-3.1571429
12366.667,-10.342064,-3.1460319
12383.333,-10.369842,-3.1539683
12400.0,-10.397619,-3.1619048
12416.667,-10.438293,-3.1599207
12433.333,-10.478969,-3.1579366
12450.0,-10.502381,-3.1488094
12466.667,-10.514286,-3.1349206
12483.333,-10.520238,-3.1257937
12500.0,-10.502381,-3.1357143
12516.667,-10.484524,-3.145635
12533.333,-10.452381,-3.14127
12550.0,-10.416667,-3.1333334
12566.667,-10.400794,-3.1515872
12583.333,-10.414682,-3.209127
12600.0,-10.428572,-3.2666667
12616.667,-10.412699,-3.2765872
12633.333,-10.396826,-3.2865078
12650.0,-10.380953,-3.2964287
12666.667,-10.365079,-3.3063493
12683.333,-10.346826,-3.3146825
12700.0,-10.319048,-3.3166666
12716.667,-10.29127,-3.3186507
12733.333,-10.257143,-3.297619
12750.0,-10.221429,-3.2708333
12766.667,-10.188095,-3.2480159
12783.333,-10.158334,-3.2311509
12800.0,-10.1285715,-3.2142856
12816.667,-9.902381,-3.4424603
12833.333,-9.67619,-3.670635
12850.0,-9.565476,-3.7869048
12866.667,-9.531746,-3.8285713
12883.333,-9.503175,-3.870635
12900.0,-9.495238,-3.9142857
12916.667,-9.487302,-3.9579365
12933.333,-9.495238,-3.9714286
12950.0,-9.507143,-3.977381
12966.667,-9.513095,-3.9968255
12983.333,-9.510119,-4.036508
13000.0,-9.507143,-4.0761905
13016.667,-9.484325,-4.070238
13033.333,-9.461508,-4.0642858
13050.0,-9.449405,-4.070833
13066.667,-9.444445,-4.0857143
13083.333,-9.439881,-4.099008
13100.0,-9.436905,-4.1059523
13116.667,-9.4339285,-4.112897
13133.333,-9.393651,-4.0920634
13150.0,-9.344048,-4.0642858
13166.667,-9.307937,-4.054762
13183.333,-9.292064,-4.072619
13200.0,-9.276191,-4.090476
13216.667,-9.269246,-4.1361113
13233.333,-9.262301,-4.181746
13250.0,-9.266071,-4.6297617
13266.667,-9.276984,-5.3460317
13283.333,-9.282539,-6.053571
13300.0,-9.266666,-6.7261906
13316.667,-9.250793,-7.3988094
13333.333,-9.214286,-7.584127
13350.0,-9.172619,-7.6476192
13366.667,-9.11627,-7.6884923
13383.333,-9.037897,-7.6954365
13400.0,-8.959524,-7.702381
13416.667,-8.930754,-7.717262
13433.333,-8.901984,-7.732143
13450.0,-8.880953,-7.784524
13466.667,-8.865079,-7.8619046
13483.333,-8.849603,-7.929365
13500.0,-8.835714,-7.957143
13516.667,-8.821825,-7.9849205
13533.333,-8.776191,-7.996825
13550.0,-8.722619,-8.004762
13566.667,-8.676984,-8.024603
13583.333,-8.643254,-8.062302
13600.0,-8.609524,-8.1
13616.667,-8.57381,-8.1099205
13633.333,-8.538095,-8.119842
13650.0,-8.5035715,-8.139881
13666.667,-8.469841,-8.166667
13683.333,-8.437698,-8.197818
13700.0,-8.411904,-8.2464285
13716.667,-8.386111,-8.29504
13733.333,-8.357142,-8.350794
13750.0,-8.327381,-8.408334
13766.667,-8.303968,-8.453968
13783.333,-8.290079,-8.481746
13800.0,-8.276191,-8.509523
13816.667,-8.25635,-8.501587
13833.333,-8.236508,-8.49365
13850.0,-8.209524,-8.492857
13866.667,-8.177778,-8.496825
13883.333,-8.147619,-8.503968
13900.0,-8.12381,-8.523809
13916.667,-8.1,-8.543651
13933.333,-8.063492,-8.539682
13950.0,-8.023809,-8.529762
13966.667,-7.9876986,-8.496032
13983.333,-7.9569445,-8.426587
14000.0,-7.9261904,-8.357142
14016.667,-7.8676586,-8.265873
14033.333,-7.809127,-8.174603
14050.0,-7.766667,-8.094048
14066.667,-7.7349205,-8.020635
14083.333,-7.735317,-7.7273808
14100.0,-7.864286,-6.554762
14116.667,-7.993254,-5.382143
14133.333,-8.053968,-4.6476192
14150.0,-8.097619,-4.0226192
14166.667,-8.113492,-3.6174603
14183.333,-8.087698,-3.5420635
14200.0,-8.061905,-3.4666667
14216.667,-8.067857,-3.4369047
14233.333,-8.07381,-3.4071429
14250.0,-8.076191,-3.3428571
14266.667,-8.076191,-3.2555556
14283.333,-8.079365,-3.1742063
14300.0,-8.095238,-3.1166666
14316.667,-8.111111,-3.059127
14333.333,-8.139683,-3.0412698
14350.0,-8.171429,-3.0333333
14366.667,-8.212698,-2.8162699
14383.333,-8.268254,-2.2855158
14400.0,-8.32381,-1.7547619
14416.667,-8.355556,-1.194246
14433.333,-8.387301,-0.6337302
14450.0,-8.419047,-0.43095237
14466.667,-8.450793,-0.46666667
14483.333,-8.482937,-0.5031746
14500.0,-8.516666,-0.54285717
14516.667,-8.550397,-0.5825397
14533.333,-8.590476,-0.6142857
14550.0,-8.632143,-0.6440476
14566.667,-8.672619,-0.6654762
14583.333,-8.711309,-0.67440474
14600.0,-8.75,-0.68333334
14616.667,-8.751985,-0.6724206
14633.333,-8.753968,-0.66150796
14650.0,-8.757738,-0.65119046
14666.667,-8.762698,-0.64126986
14683.333,-8.769048,-0.62658733
14700.0,-8.780952,-0.5928571
14716.667,-8.792857,-0.559127
14733.333,-8.788889,-0.53015876
14750.0,-8.780952,-0.50238097
14766.667,-8.780952,-0.47619048
14783.333,-8.792857,-0.45238096
14800.0,-8.804762,-0.42857143
14816.667,-8.800794,-0.41269842
14833.333,-8.796825,-0.3968254
14850.0,-9.029762,-0.10595238
14866.667,-9.420635,0.36825398
14883.333,-9.73373,0.7519841
14900.0,-9.735714,0.77380955
14916.667,-9.737699,0.7956349
14933.333,-9.746032,0.7968254
14950.0,-9.755953,0.79285717
14966.667,-9.756746,0.8055556
14983.333,-9.743849,0.84325397
15000.0,-9.730952,0.88095236
15016.667,-9.72996,0.8154762
15033.333,-9.728969,0.75
15050.0,-9.729762,0.675
15066.667,-9.731746,0.5936508
15083.333,-9.730952,0.5277778
15100.0,-9.719048,0.52380955
15116.667,-9.707143,0.51984125
15133.333,-9.721429,0.50793654
15150.0,-9.742262,0.4940476
15166.667,-9.756746,0.46031746
15183.333,-9.761706,0.3968254
15200.0,-9.766666,0.33333334
15216.667,-9.725,0.27480158
15233.333,-9.683333,0.21626984
15250.0,-9.642858,0.1375
15266.667,-9.603174,0.045238096
15283.333,-9.56508,-0.03373016
15300.0,-9.533334,-0.05952381
15316.667,-9.501587,-0.08531746
15333.333,-9.390476,-0.25396827
15350.0,-9.259523,-0.45833334
15366.667,-9.171429,-0.5714286
15383.333,-9.147619,-0.54761904
15400.0,-9.12381,-0.52380955
15416.667,-9.090079,-0.5257937
15433.333,-9.056349,-0.5277778
15450.0,-9.033334,-0.53809524
15466.667,-9.01746,-0.55396825
15483.333,-9.004365,-0.5718254
15500.0,-9.002381,-0.59761906
15516.667,-9.000397,-0.62341267
15533.333,-8.969841,-0.62539685
15550.0,-8.932143,-0.62142855
15566.667,-8.892858,-0.60873014
15583.333,-8.851191,-0.5829365
15600.0,-8.809524,-0.55714285
15616.667,-8.797619,-0.58492064
15633.333,-8.785714,-0.61269844
15650.0,-8.772619,-0.61071426
15666.667,-8.75873,-0.5888889
15683.333,-8.687698,-0.64166665
15700.0,-8.388095,-0.99285716
15716.667,-8.088492,-1.3440477
15733.333,-7.9952383,-1.4285715
15750.0,-7.9535713,-1.4464285
15766.667,-7.923016,-1.431746
15783.333,-7.9091268,-1.368254
15800.0,-7.895238,-1.3047619
15816.667,-7.8892856,-1.2412698
15833.333,-7.883333,-1.1777778
15850.0,-7.872619,-1.1142857
15866.667,-7.8587303,-1.0507936
15883.333,-7.8492064,-1.0059524
15900.0,-7.857143,-1.0357143
15916.667,-7.8650794,-1.0654762
15933.333,-7.879365,-1.0222223
15950.0,-7.895238,-0.9607143
15966.667,-7.896032,-0.9063492
15983.333,-7.8742065,-0.86269844
16000.0,-7.8523808,-0.81904763
16016.667,-7.864286,-0.84880954
16033.333,-7.8761907,-0.87857145
16050.0,-7.890476,-0.8666667
16066.667,-7.906349,-0.8269841
16083.333,-7.9198413,-0.7986111
16100.0,-7.9238095,-0.8154762
16116.667,-7.927778,-0.83234125
16133.333,-7.938889,-0.8301587
16150.0,-7.9517856,-0.8232143
16166.667,-7.9765873,-0.8420635
16183.333,-8.019246,-0.8996032
16200.0,-8.061905,-0.95714283
16216.667,-8.053968,-0.9611111
16233.333,-8.046032,-0.96507937
16250.0,-8.047619,-0.97380954
16266.667,-8.055555,-0.98571426
16283.333,-8.061508,-1.009127
16300.0,-8.059524,-1.0785714
16316.667,-8.05754,-1.1480159
16333.333,-8.057143,-1.1936508
16350.0,-8.057143,-1.2333333
16366.667,-8.062698,-1.2976191
16383.333,-8.076588,-1.3988096
16400.0,-8.090476,-1.5
16416.666,-8.124207,-1.5257937
16433.334,-8.157936,-1.5515873
16450.0,-8.167857,-1.5726191
16466.666,-8.161904,-1.5904762
16483.334,-8.163492,-1.6063492
16500.0,-8.195238,-1.6142857
16516.666,-8.226984,-1.6222222
16533.334,-8.280952,-1.6555556
16550.0,-8.340476,-1.6952381
16566.666,-8.378175,-1.709127
16583.334,-8.383135,-1.6843253
16600.0,-8.388095,-1.6595238
16616.666,-8.399008,-1.6505952
16633.334,-8.409921,-1.6416667
16650.0,-8.426785,-1.667262
16666.666,-8.447619,-1.715873
16683.334,-8.458135,-1.7569444
16700.0,-8.427381,-1.7678572
16716.666,-8.396627,-1.7787699
16733.334,-8.385715,-1.7603174
16750.0,-8.379762,-1.7345238
16766.666,-8.361905,-1.7238095
16783.334,-8.326191,-1.7357143
16800.0,-8.290476,-1.747619
16816.666,-8.265675,-1.7317461
16833.334,-8.240873,-1.715873
16850.0,-8.199405,-1.7
16866.666,-8.146826,-1.684127
16883.334,-8.104365,-1.6801587
16900.0,-8.102381,-1.7238095
16916.666,-8.100397,-1.7674603
16933.334,-8.119047,-1.8515873
16950.0,-8.142858,-1.9458333
16966.666,-8.147619,-2.0083334
16983.334,-8.12381,-2.0232143
17000.0,-8.1,-2.0380952
17016.666,-8.090079,-2.0400794
17033.334,-8.080159,-2.0420635
17050.0,-8.095238,-2.0595238
17066.666,-8.126985,-2.0873015
17083.334,-8.152381,-2.1136904
17100.0,-8.152381,-2.1345239
17116.666,-8.152381,-2.1553571
17133.334,-8.15,-2.1761904
17150.0,-8.147024,-2.1970239
17166.666,-8.145635,-2.206746
17183.334,-8.146627,-2.1998017
17200.0,-8.147619,-2.192857
17216.666,-8.119842,-2.2017858
17233.334,-8.092064,-2.2107143
17250.0,-8.108334,-2.209524
17266.666,-8.153968,-2.2015872
17283.334,-8.296032,-2.1845238
17300.0,-8.82381,-2.1309524
17316.666,-9.351587,-2.077381
17333.334,-9.4777775,-2.1047618
17350.0,-9.5035715,-2.152381
17366.666,-9.5222225,-2.181746
17383.334,-9.530159,-2.1837301
17400.0,-9.538095,-2.1857142
17416.666,-9.520238,-2.1678572
17433.334,-9.502381,-2.15
17450.0,-9.482142,-2.1345239
17466.666,-9.460318,-2.120635
17483.334,-9.447222,-2.1103175
17500.0,-9.469048,-2.1142857
17516.666,-9.490873,-2.118254
17533.334,-9.485714,-2.1119049
17550.0,-9.473809,-2.102976
17566.666,-9.465873,-2.0809524
17583.334,-9.463889,-2.0392857
17600.0,-9.461905,-1.997619
17616.666,-9.442063,-1.9212302
17633.334,-9.422222,-1.8448412
17650.0,-9.394048,-1.7488096
17666.666,-9.360317,-1.6396825
17683.334,-9.33254,-1.5436507
17700.0,-9.328571,-1.5
17716.666,-9.324603,-1.4563493
17733.334,-9.336508,-1.4555556
17750.0,-9.352381,-1.4654762
17766.666,-9.361111,-1.4746032
17783.334,-9.359127,-1.4825397
17800.0,-9.357142,-1.4904761
17816.666,-9.357142,-1.5420635
17833.334,-9.357142,-1.5936508
17850.0,-9.354762,-1.6154761
17866.666,-9.350794,-1.6174604
17883.334,-9.351587,-1.6174604
17900.0,-9.3714285,-1.6095238
17916.666,-9.39127,-1.6015873
17933.334,-9.426984,-1.6
17950.0,-9.466666,-1.6
17966.666,-9.496032,-1.5920635
17983.334,-9.509921,-1.5722222
18000.0,-9.523809,-1.5523809
18016.666,-9.523809,-1.5087302
18033.334,-9.523809,-1.4650793
18050.0,-9.526786,-1.4535714
18066.666,-9.531746,-1.463492
18083.334,-9.545635,-1.4841269
18100.0,-9.595238,-1.5476191
18116.666,-9.644841,-1.6111112
18133.334,-9.661904,-1.668254
18150.0,-9.670834,-1.7238095
18166.666,-9.665476,-1.7543651
18183.334,-9.638691,-1.7474207
18200.0,-9.611905,-1.7404761
18216.666,-9.620833,-1.7176588
18233.334,-9.629762,-1.6948413
18250.0,-9.654762,-1.675
18266.666,-9.690476,-1.6571429
18283.334,-9.724404,-1.6517857
18300.0,-9.75119,-1.6964285
18316.666,-9.777976,-1.7410715
18333.334,-9.769841,-1.6968254
18350.0,-9.752976,-1.6303571
18366.666,-9.742857,-1.5666667
18383.334,-9.742857,-1.5071429
18400.0,-9.742857,-1.4476191
18416.666,-9.719048,-1.431746
18433.334,-9.695238,-1.415873
18450.0,-9.67619,-1.4047619
18466.666,-9.660317,-1.3968254
18483.334,-9.644048,-1.3900794
18500.0,-9.62619,-1.3880953
18516.666,-9.608334,-1.3861111
18533.334,-9.603969,-1.3825396
18550.0,-9.602976,-1.3785714
18566.666,-9.6027775,-1.381746
18583.334,-9.60377,-1.3956349
18600.0,-9.604762,-1.4095238
18616.666,-9.598809,-1.4075397
18633.334,-9.592857,-1.4055556
18650.0,-9.586905,-1.4
18666.666,-9.580953,-1.3920635
18683.334,-9.569841,-1.3825396
18700.0,-9.538095,-1.3666667
18716.666,-9.50635,-1.3507936
18733.334,-9.512698,-1.3769841
18750.0,-9.528571,-1.4136904
18766.666,-9.538889,-1.4281746
18783.334,-9.540873,-1.4093254
18800.0,-9.542857,-1.3904762
18816.666,-9.521031,-1.3884921
18833.334,-9.499207,-1.386508
18850.0,-9.477381,-1.3964286
18866.666,-9.455556,-1.4142857
18883.334,-9.43373,-1.4246032
18900.0,-9.411904,-1.4047619
18916.666,-9.3900795,-1.3849206
18933.334,-10.044444,-1.636508
18950.0,-10.867857,-1.9559524
18966.666,-11.361905,-2.147619
18983.334,-11.361905,-2.147619
19000.0,-11.361905,-2.147619
19016.666,-11.31627,-2.086111
19033.334,-11.270635,-2.0246031
19050.0,-11.276786,-2.0386906
19066.666,-11.31746,-2.1031747
19083.334,-11.356547,-2.1617064
19100.0,-11.389286,-2.1964285
19116.666,-11.422024,-2.2311509
19133.334,-11.4087305,-2.1904762
19150.0,-11.383928,-2.1309524
19166.666,-11.354762,-2.0837302
19183.334,-11.319048,-2.0549603
19200.0,-11.283334,-2.0261905
19216.666,-11.288294,-2.0271826
19233.334,-11.293254,-2.0281746
19250.0,-11.290476,-2.0202382
19266.666,-11.282539,-2.0063493
19283.334,-11.257341,-2.1382937
19300.0,-11.163095,-2.8535714
19316.666,-11.06885,-3.5688493
19333.334,-11.056349,-3.7277777
19350.0,-11.064285,-3.7476192
19366.666,-11.069841,-3.7821429
19383.334,-11.071825,-3.8386905
19400.0,-11.07381,-3.8952382
19416.666,-12.297024,-4.897222
19433.334,-13.520238,-5.899206
19450.0,-14.466666,-6.6821427
19466.666,-15.228572,-7.3190475
19483.334,-15.844444,-7.8444443
19500.0,-15.87619,-7.9238095
19516.666,-15.907936,-8.003175
19533.334,-15.94127,-8.101587
19550.0,-15.975,-8.2047615
19566.666,-15.952778,-8.438889
19583.334,-15.846627,-8.869445
19600.0,-15.740477,-9.3
19616.666,-15.531151,-9.673016
19633.334,-15.321825,-10.046032
19650.0,-15.25119,-10.230952
19666.666,-15.273016,-10.290476
19683.334,-15.293651,-10.350397
19700.0,-15.309524,-10.411904
19716.666,-15.325397,-10.4734125
19733.334,-15.363492,-10.5682535
19750.0,-15.407143,-10.671429
19766.666,-15.44127,-10.771428
19783.334,-15.461111,-10.866667
19800.0,-15.480952,-10.961905
19816.666,-16.014683,-11.134523
19833.334,-16.548412,-11.307143
19850.0,-16.789286,-11.382143
19866.666,-16.83492,-11.392063
19883.334,-16.86984,-11.399206
19900.0,-16.861904,-11.395238
19916.666,-16.853968,-11.39127
19933.334,-16.874603,-11.439683
19950.0,-16.902382,-11.50119
19966.666,-16.932539,-11.571428
19983.334,-16.96627,-11.654762
20000.0,-17.0,-11.738095
20016.666,-17.03373,-11.880953
20033.334,-17.067461,-12.023809
20050.0,-17.08869,-12.145833
20066.666,-17.101587,-12.253968
20083.334,-17.116468,-12.37877
20100.0,-17.139286,-12.570238
20116.666,-17.162104,-12.761706
20133.334,-17.203175,-12.873015
20150.0,-17.24881,-12.964286
20166.666,-17.294445,-13.053175
20183.334,-17.34008,-13.138492
20200.0,-17.385714,-13.223809
20216.666,-17.40754,-13.31508
20233.334,-17.429365,-13.406349
20250.0,-17.469643,-13.490477
20266.666,-17.522223,-13.569841
20283.334,-17.573015,-13.648016
20300.0,-17.616667,-13.721429
20316.666,-17.660318,-13.794841
20333.334,-17.676191,-13.830159
20350.0,-17.68512,-13.855952
20366.666,-16.025396,-12.768254
20383.334,-11.862699,-10.010318
20400.0,-7.7,-7.252381
20416.666,-7.4142857,-7.113492
20433.334,-7.1285715,-6.974603
20450.0,-7.008333,-6.936905
20466.666,-6.9984126,-6.9666667
20483.334,-6.979762,-6.9944444
20500.0,-6.9261904,-7.0142856
20516.666,-6.872619,-7.0341268
20533.334,-6.863492,-7.0968256
20550.0,-6.865476,-7.170238
20566.666,-6.8690476,-7.2619047
20583.334,-6.875,-7.3809524
20600.0,-6.8809524,-7.5
20616.666,-6.873016,-7.5257936
20633.334,-6.8650794,-7.551587
20650.0,-6.857143,-7.552381
20666.666,-6.8492064,-7.536508
20683.334,-6.8416667,-7.5226192
20700.0,-6.8357143,-7.516667
20716.666,-6.829762,-7.510714
20733.334,-6.798413,-7.509524
20750.0,-6.760714,-7.509524
20766.666,-7.656746,-6.71627
20783.334,-9.953373,-4.7331347
20800.0,-12.25,-2.75
20816.666,-12.344246,-2.6160715
20833.334,-12.438492,-2.482143
20850.0,-12.458333,-2.4214287
20866.666,-12.428572,-2.4095237
20883.334,-12.405159,-2.397619
20900.0,-12.407143,-2.3857143
20916.666,-12.409127,-2.3738096
20933.334,-12.415873,-2.3777778
20950.0,-12.423809,-2.3857143
20966.666,-12.423809,-2.3857143
20983.334,-12.423809,-2.3857143
