0.0,-7.104762,-4.8333335
16.666666,-7.0988097,-4.8373017
33.333332,-7.0928574,-4.84127
50.0,-7.1035714,-4.8333335
66.666664,-7.1253967,-4.8174605
83.333336,-7.146032,-4.8051586
100.0,-7.161905,-4.8071427
116.666664,-7.177778,-4.809127
133.33333,-7.2238097,-4.8492064
150.0,-7.277381,-4.8988094
166.66667,-7.3174605,-4.923016
183.33333,-7.3373017,-4.9091268
200.0,-7.357143,-4.895238
216.66667,-7.4027777,-4.8912697
233.33333,-7.448413,-4.8873014
250.0,-7.4958334,-4.910119
266.66666,-7.5444446,-4.9507937
283.33334,-7.5914683,-4.9924603
300.0,-7.632143,-5.0380955
316.66666,-7.672817,-5.08373
333.33334,-7.7166667,-5.095238
350.0,-7.7613096,-5.098214
366.66666,-7.7900796,-5.0920634
383.33334,-7.7950397,-5.072222
400.0,-7.8,-5.052381
416.66666,-7.7920637,-5.06627
433.33334,-7.7841268,-5.0801587
450.0,-7.752381,-5.0857143
466.66666,-7.704762,-5.0857143
483.33334,-7.6630955,-5.0795636
500.0,-7.645238,-5.0488095
516.6667,-7.627381,-5.0180554
533.3333,-7.6079364,-5.003175
550.0,-7.588095,-4.992262
566.6667,-7.561111,-4.9888887
583.3333,-7.5234127,-4.996825
600.0,-7.4857144,-5.0047617
616.6667,-7.4738097,-5.0226192
633.3333,-7.4619045,-5.0404763
650.0,-7.4238095,-5.042857
666.6667,-7.368254,-5.0349207
683.3333,-7.3228173,-5.023016
700.0,-7.3178573,-4.9952383
716.6667,-7.3128967,-4.96746
733.3333,-7.3031745,-4.9404764
750.0,-7.292262,-4.9136906
766.6667,-7.285714,-4.892857
783.3333,-7.285714,-4.8809524
800.0,-7.285714,-4.8690476
816.6667,-7.2718253,-4.883929
833.3333,-7.2579365,-4.8988094
850.0,-7.247619,-4.920238
866.6667,-7.2396827,-4.9460316
883.3333,-7.2363095,-4.9710317
900.0,-7.2511907,-4.992857
916.6667,-7.2660713,-5.014683
933.3333,-7.2849207,-5.0246034
950.0,-7.304762,-5.0315475
966.6667,-7.315873,-5.0305557
983.3333,-7.313889,-5.0176587
1000.0,-7.311905,-5.0047617
1016.6667,-7.318849,-5.036508
1033.3334,-7.3257937,-5.068254
1050.0,-7.3357143,-5.0857143
1066.6666,-7.347619,-5.093651
1083.3334,-7.356349,-5.0968256
1100.0,-7.3523808,-5.080952
1116.6666,-7.3484125,-5.065079
1133.3334,-9.35873,-4.383333
1150.0,-11.872619,-3.535119
1166.6666,-13.403174,-3.0099206
1183.3334,-13.45873,-2.9692461
1200.0,-13.514286,-2.9285715
1216.6666,-13.478572,-2.8888888
1233.3334,-13.442857,-2.8492064
1250.0,-13.427381,-2.8107142
1266.6666,-13.425397,-2.773016
1283.3334,-13.425794,-2.7480159
1300.0,-13.435715,-2.7738094
1316.6666,-13.445635,-2.7996032
1333.3334,-13.450793,-2.8301587
1350.0,-13.4547615,-2.8619049
1366.6666,-13.471429,-2.8785715
1383.3334,-13.507143,-2.8726192
1400.0,-13.542857,-2.8666666
1416.6666,-15.422817,-4.3696427
1433.3334,-17.302778,-5.872619
1450.0,-18.719643,-7.6589284
1466.6666,-19.827778,-9.634127
1483.3334,-20.690872,-11.197222
1500.0,-20.573809,-11.111905
1516.6666,-20.456745,-11.0265875
1533.3334,-20.428572,-10.968254
1550.0,-20.422619,-10.916667
1566.6666,-20.426191,-10.875397
1583.3334,-20.444048,-10.849603
1600.0,-20.461905,-10.82381
1616.6666,-20.47381,-10.817857
1633.3334,-20.485714,-10.811905
1650.0,-20.490477,-10.813095
1666.6666,-20.490477,-10.819048
1683.3334,-20.49008,-10.824008
1700.0,-20.488094,-10.825
1716.6666,-20.48611,-10.825992
1733.3334,-17.028572,-8.179365
1750.0,-12.707143,-4.8708334
1766.6666,-10.073016,-2.813492
1783.3334,-9.969841,-2.6329365
1800.0,-9.866667,-2.452381
1816.6666,-9.89246,-2.5059524
1833.3334,-9.918254,-2.5595238
1850.0,-9.936905,-2.610119
1866.6666,-9.950793,-2.6587303
1883.3334,-9.968849,-2.7007937
1900.0,-10.0035715,-2.7166667
1916.6666,-10.038294,-2.7325397
1933.3334,-10.053968,-2.7555556
1950.0,-10.064881,-2.7803571
1966.6666,-10.083333,-2.7928572
1983.3334,-10.113095,-2.7869048
2000.0,-10.142858,-2.7809525
2016.6666,-10.180555,-2.8107142
2033.3334,-10.218254,-2.8404763
2050.0,-9.526786,-2.977381
2066.6667,-8.349206,-3.1857142
2083.3333,-6.5301585,-3.5156746
2100.0,-2.1452382,-4.332143
2116.6667,2.2396824,-5.148611
2133.3333,3.0920634,-5.2809525
2150.0,3.0613096,-5.242262
2166.6667,3.023016,-5.204762
2183.3333,2.9734128,-5.169048
2200.0,2.9238095,-5.133333
2216.6667,2.9436507,-5.1303573
2233.3333,2.9634922,-5.127381
2250.0,2.9761906,-5.1208334
2266.6667,2.984127,-5.1119046
2283.3333,2.9944444,-5.0984125
2300.0,3.0142858,-5.0666666
2316.6667,3.034127,-5.0349207
2333.3333,3.047619,-5.022222
2350.0,3.0595238,-5.0142856
2366.6667,3.0626984,-5.003175
2383.3333,3.0527778,-4.9873013
2400.0,3.0428572,-4.9714284
2416.6667,3.056746,-4.979365
2433.3333,3.0706348,-4.9873013
2450.0,3.0666666,-4.983333
2466.6667,3.0507936,-4.9714284
2483.3333,3.0353174,-4.9678574
2500.0,3.0214286,-4.997619
2516.6667,3.0075397,-5.027381
2533.3333,2.9968255,-5.0603175
2550.0,2.9869049,-5.0940475
2566.6667,2.9857142,-5.1285715
2583.3333,2.9976192,-5.1642857
2600.0,3.0095239,-5.2
2616.6667,3.0174603,-5.2
2633.3333,3.0253968,-5.2
2650.0,3.0369048,-5.196429
2666.6667,3.0507936,-5.1904764
2683.3333,3.222619,-4.99127
2700.0,4.0261903,-4.0190477
2716.6667,4.829762,-3.0468254
2733.3333,5.003175,-2.8349206
2750.0,5.0190477,-2.8130953
2766.6667,5.0321426,-2.8174603
2783.3333,5.0410714,-2.8611112
2800.0,5.05,-2.9047618
2816.6667,5.0549603,-2.9394841
2833.3333,5.059921,-2.9742064
2850.0,5.072024,-2.9934523
2866.6667,5.088889,-3.0023808
2883.3333,5.101389,-3.0257936
2900.0,5.0964284,-3.107143
2916.6667,5.0914683,-3.188492
2933.3333,5.095238,-3.2222223
2950.0,5.1011906,-3.2440476
2966.6667,5.1119046,-3.2563493
2983.3333,5.1297617,-3.254365
3000.0,5.1476192,-3.2523808
3016.6667,3.4194446,-3.0857143
3033.3333,1.6912699,-2.9190476
3050.0,-0.37797618,-2.8773808
3066.6667,-2.6746032,-2.9190476
3083.3333,-4.4958334,-2.9478176
3100.0,-4.4154763,-2.925
3116.6667,-4.3351192,-2.9021826
3133.3333,-4.288889,-2.9095237
3150.0,-4.2511907,-2.9244049
3166.6667,-4.214286,-2.9277778
3183.3333,-4.178571,-2.913889
3200.0,-4.142857,-2.9
3216.6667,-4.135913,-2.8761904
3233.3333,-4.1289682,-2.852381
3250.0,-4.106548,-2.8559523
3266.6667,-4.0738096,-2.8777778
3283.3333,-4.044048,-2.8962302
3300.0,-4.0261903,-2.9011905
3316.6667,-4.008333,-2.9061508
3333.3333,-3.9857142,-2.9063492
3350.0,-3.9619048,-2.9053571
3366.6667,-3.942857,-2.897619
3383.3333,-3.9309523,-2.879762
3400.0,-3.9190476,-2.8619049
3416.6667,-5.4011903,-2.7607143
3433.3333,-6.883333,-2.6595237
3450.0,-7.8071427,-2.697619
3466.6667,-8.35873,-2.8285713
3483.3333,-8.799603,-2.936508
3500.0,-8.797619,-2.952381
3516.6667,-8.795635,-2.9682539
3533.3333,-8.774603,-2.9698412
3550.0,-8.74881,-2.9678571
3566.6667,-8.719841,-2.9634922
3583.3333,-8.686111,-2.9555554
3600.0,-8.652381,-2.947619
3616.6667,-8.650397,-2.9535713
3633.3333,-8.648413,-2.959524
3650.0,-8.639286,-2.9678571
3666.6667,-8.625397,-2.9777777
3683.3333,-7.930357,-2.1160715
3700.0,-4.510714,2.232143
3716.6667,-1.0910715,6.580357
3733.3333,-0.35873017,7.609524
3750.0,-0.2982143,7.8089285
3766.6667,-0.26468253,7.934921
3783.3333,-0.27162698,7.9507937
3800.0,-0.27857143,7.9666667
3816.6667,-0.2795635,7.9924603
3833.3333,-0.28055555,8.018254
3850.0,-0.28809524,8.023809
3866.6667,-0.3,8.015873
3883.3333,-0.31309524,8.013492
3900.0,-0.33095238,8.033334
3916.6667,-0.3488095,8.053175
3933.3333,-0.35873017,8.050794
3950.0,-0.36666667,8.042857
3966.6667,-0.10873016,8.326191
3983.3333,0.5480159,9.046429
4000.0,1.2047619,9.766666
4016.6667,1.2027777,9.788492
4033.3333,1.2007936,9.810317
4050.0,1.1916667,9.8089285
4066.6667,1.1777778,9.792064
4083.3333,1.1686507,9.775992
4100.0,1.1785715,9.763095
4116.6665,1.1884921,9.750198
4133.3335,1.1873016,9.746032
4150.0,1.1833333,9.744047
4166.6665,1.1833333,9.752778
4183.3335,1.1892858,9.777579
4200.0,1.1952381,9.802381
4216.6665,0.85198414,9.2875
4233.3335,0.5087302,8.772619
4250.0,0.29285714,8.2464285
4266.6665,0.16190477,7.7126985
4283.3335,0.050992064,7.2841268
4300.0,0.020238096,7.2761903
4316.6665,-0.010515873,7.268254
4333.3335,-0.023809524,7.2619047
4350.0,-0.032738097,7.2559524
4366.6665,-0.03730159,7.2579365
4383.3335,-0.035317462,7.2718253
4400.0,-0.033333335,7.285714
4416.6665,-0.025396826,7.2876983
4433.3335,-0.017460318,7.2896824
4450.0,-0.025595238,7.2964287
4466.6665,-0.044444446,7.3063493
4483.3335,-0.062103175,7.3134923
4500.0,-0.075,7.3095236
4516.6665,-0.087896824,7.3055553
4533.3335,-0.08888889,7.350794
4550.0,-0.086904764,7.4083333
4566.6665,-0.07619048,7.4531746
4583.3335,-0.052380953,7.478968
4600.0,-0.028571429,7.5047617
4616.6665,-3.2666667,3.1079366
4633.3335,-6.5047617,-1.2888889
4650.0,-7.7273808,-3.4928572
4666.6665,-7.606349,-4.2349205
4683.3335,-7.5007935,-4.811111
4700.0,-7.457143,-4.7238097
4716.6665,-7.413492,-4.636508
4733.3335,-7.385714,-4.5761905
4750.0,-7.3619046,-4.5226192
4766.6665,-7.336508,-4.4781747
4783.3335,-7.30873,-4.4474206
4800.0,-7.2809525,-4.4166665
4816.6665,-7.297817,-4.4007936
4833.3335,-7.3146825,-4.3849206
4850.0,-7.3244047,-4.374405
4866.6665,-7.3293653,-4.3674603
4883.3335,-7.334722,-4.358532
4900.0,-7.3416667,-4.3416667
4916.6665,-7.348611,-4.3248014
4933.3335,-7.366667,-4.3142858
4950.0,-7.3875,-4.305357
4966.6665,-7.3944445,-4.288889
4983.3335,-7.3805556,-4.2611113
5000.0,-7.366667,-4.233333
5016.6665,-7.366667,-4.2273808
5033.3335,-7.366667,-4.2214284
5050.0,-7.5964284,-3.7821429
5066.6665,-7.979365,-3.0539682
5083.3335,-8.283334,-2.4626985
5100.0,-8.271428,-2.4190476
5116.6665,-8.259523,-2.3753967
5133.3335,-8.261905,-2.3904762
5150.0,-8.267858,-2.420238
5166.6665,-10.230952,-4.1535716
5183.3335,-15.129762,-8.442262
5200.0,-20.028572,-12.730952
5216.6665,-19.274048,-11.262222
5233.3335,-18.519524,-9.793492
5250.0,-17.765,-8.324762
5266.6665,-17.010477,-6.856032
5283.3335,-16.255953,-5.3873014
5300.0,-15.501429,-3.9185715
5316.6665,-14.746904,-2.4498413
5333.3335,-13.992381,-0.9811111
5350.0,-13.237857,0.48761904
5366.6665,-12.483334,1.9563493
5383.3335,-12.417857,0.58531743
5400.0,-12.352381,-0.78571427
5416.6665,-12.439683,-1.4980159
5433.3335,-12.526984,-2.2103174
5450.0,-12.625,-2.7488096
5466.6665,-12.730159,-3.1714287
5483.3335,-12.824603,-3.5369048
5500.0,-12.87619,-3.6738095
5516.6665,-12.927778,-3.8107142
5533.3335,-12.969841,-3.8952382
5550.0,-13.009523,-3.9666667
5566.6665,-13.0452385,-4.0238094
5583.3335,-13.075,-4.0595236
5600.0,-13.104762,-4.095238
5616.6665,-13.114682,-4.0873017
5633.3335,-13.124603,-4.0793653
5650.0,-13.15,-4.097619
5666.6665,-13.185715,-4.133333
5683.3335,-13.217857,-4.165873
5700.0,-13.235714,-4.1857142
5716.6665,-13.2535715,-4.2055554
5733.3335,-13.25635,-4.195238
5750.0,-13.255357,-4.177381
5766.6665,-13.255158,-4.1630955
5783.3335,-13.256151,-4.1541667
5800.0,-13.257143,-4.145238
5816.6665,-12.971429,-4.1700397
5833.3335,-12.685715,-4.1948414
5850.0,-11.589286,-4.295238
5866.6665,-9.952381,-4.4460316
5883.3335,-8.641666,-4.565079
5900.0,-8.635715,-4.5571427
5916.6665,-8.629762,-4.5492063
5933.3335,-8.642858,-4.5539684
5950.0,-8.660714,-4.561905
5966.6665,-8.025397,-3.704762
5983.3335,-6.4103174,-1.55
6000.0,-4.795238,0.6047619
6016.6665,-3.6246033,3.7128968
6033.3335,-2.4539683,6.8210316
6050.0,-1.9869047,8.075595
6066.6665,-1.9888889,8.094444
6083.3335,-1.9924604,8.106349
6100.0,-2.0023808,8.090476
6116.6665,-2.0123017,8.074603
6133.3335,-2.0142858,8.05873
6150.0,-2.0142858,8.042857
6166.6665,-1.7666667,7.993254
6183.3335,-1.147619,7.8930554
6200.0,-0.5285714,7.792857
6216.6665,-0.5246032,7.797817
6233.3335,-0.52063495,7.802778
6250.0,-0.53571427,7.8059525
6266.6665,-0.56349206,7.8079367
6283.3335,-0.5873016,7.8103175
6300.0,-0.5952381,7.8142858
6316.6665,-0.6031746,7.818254
6333.3335,-0.6174603,7.811905
6350.0,-0.6333333,7.802976
6366.6665,-0.64444447,7.8011904
6383.3335,-0.6484127,7.810119
6400.0,-0.65238094,7.8190475
6416.6665,-0.6702381,7.813095
6433.3335,-0.6880952,7.8071427
6450.0,-0.69285715,7.8190475
6466.6665,-0.6888889,7.8428574
6483.3335,-0.6420635,7.90873
6500.0,-0.42380953,8.142858
6516.6665,-0.20555556,8.376985
6533.3335,-0.14920636,8.45873
6550.0,-0.13333334,8.502381
6566.6665,-0.11666667,8.530952
6583.3335,-0.098809525,8.536904
6600.0,-0.08095238,8.542857
6616.6665,-0.07103175,8.542857
6633.3335,-0.06111111,8.542857
6650.0,-0.057142857,8.547619
6666.6665,-0.057142857,8.555555
6683.3335,-0.060714286,8.561111
6700.0,-0.07857143,8.557143
6716.6665,-0.09642857,8.553175
6733.3335,-2.4976192,4.357143
6750.0,-5.4946427,-0.8869048
6766.6665,-7.2337303,-4.2690477
6783.3335,-7.0859127,-4.858333
6800.0,-6.938095,-5.447619
6816.6665,-6.854762,-5.315675
6833.3335,-6.7714286,-5.18373
6850.0,-6.734524,-5.106548
6866.6665,-6.7285714,-5.065873
6883.3335,-6.7158732,-5.0285716
6900.0,-6.6761904,-5.0047617
6916.6665,-6.636508,-4.9809523
6933.3335,-6.6238093,-4.9650793
6950.0,-6.617857,-4.9511905
6966.6665,-6.614286,-4.9460316
6983.3335,-6.614286,-4.953968
7000.0,-6.614286,-4.9619045
7016.6665,-6.6003966,-4.9460316
7033.3335,-6.586508,-4.9301586
7050.0,-6.595238,-4.920238
7066.6665,-6.6190476,-4.9142857
7083.3335,-6.63373,-4.9
7100.0,-6.6119046,-4.8523808
7116.6665,-6.5900793,-4.804762
7133.3335,-6.590476,-4.795238
7150.0,-6.5964284,-4.795238
7166.6665,-6.5944443,-4.8019843
7183.3335,-6.5805554,-4.818849
7200.0,-6.5666666,-4.8357143
7216.6665,-6.5448413,-4.8684525
7233.3335,-6.523016,-4.9011903
7250.0,-6.5142856,-4.936905
7266.6665,-6.5142856,-4.974603
7283.3335,-6.511508,-5.005159
7300.0,-6.497619,-5.007143
7316.6665,-6.4837303,-5.009127
7333.3335,-6.4761906,-5.0142856
7350.0,-6.470238,-5.020238
7366.6665,-7.5876985,-5.2527776
7383.3335,-10.390278,-5.8251987
7400.0,-13.192857,-6.3976192
7416.6665,-13.156151,-6.4402776
7433.3335,-13.119445,-6.4829364
7450.0,-13.090476,-6.489286
7466.6665,-13.066667,-6.4714284
7483.3335,-13.05,-6.4543653
7500.0,-13.061905,-6.4404764
7516.6665,-13.07381,-6.426587
7533.3335,-13.053175,-6.4031744
7550.0,-13.024405,-6.377381
7566.6665,-12.997222,-6.350794
7583.3335,-12.972421,-6.3230157
7600.0,-12.947619,-6.295238
7616.6665,-12.965476,-6.311111
7633.3335,-12.983334,-6.326984
7650.0,-13.005953,-6.322619
7666.6665,-13.031746,-6.304762
7683.3335,-13.051984,-6.2880955
7700.0,-13.05,-6.2761903
7716.6665,-13.048016,-6.2642856
7733.3335,-12.714286,-4.8920636
7750.0,-12.297619,-3.179762
7766.6665,-12.049207,-2.0527778
7783.3335,-12.053175,-1.8037698
7800.0,-12.057143,-1.5547619
7816.6665,-12.049207,-1.5537698
7833.3335,-12.04127,-1.5527778
7850.0,-12.046429,-1.5440476
7866.6665,-12.060317,-1.5301588
7883.3335,-12.07004,-1.5188493
7900.0,-12.063095,-1.5178572
7916.6665,-12.05615,-1.5168651
7933.3335,-12.046032,-1.5174603
7950.0,-12.035119,-1.5184524
7966.6665,-12.035714,-1.5285715
7983.3335,-12.053572,-1.5523809
8000.0,-12.071428,-1.5761905
8016.6665,-12.071428,-1.5583333
8033.3335,-12.071428,-1.5404762
8050.0,-12.061905,-1.5321429
8066.6665,-12.046032,-1.5301588
8083.3335,-12.034127,-1.5325397
8100.0,-12.038095,-1.5523809
8116.6665,-12.042064,-1.5722222
8133.3335,-12.028571,-1.5666667
8150.0,-12.010715,-1.5547619
8166.6665,-11.515873,-1.5468254
8183.3335,-10.305555,-1.5448413
8200.0,-9.095238,-1.5428572
8216.667,-6.6924605,-0.54781747
8233.333,-4.2896824,0.44722223
8250.0,-3.3404763,0.82678574
8266.667,-3.3603175,0.7960318
8283.333,-3.379762,0.7615079
8300.0,-3.397619,0.71190476
8316.667,-3.415476,0.6623016
8333.333,-3.4301586,0.6301587
8350.0,-3.4440477,0.60238093
8366.667,-3.4587302,0.572619
8383.333,-3.4746032,0.53988093
8400.0,-3.4904761,0.50714284
8416.667,-3.6329365,0.67956346
8433.333,-3.7753968,0.85198414
8450.0,-3.9178572,1.0244048
8466.667,-4.0603175,1.1968254
8483.333,-4.202778,1.369246
8500.0,-4.345238,1.5416666
8516.667,-4.4876986,1.7140872
8533.333,-4.630159,1.886508
8550.0,-4.7726192,2.0589285
8566.667,-4.9150796,2.2313492
8583.333,-5.0575395,2.4037697
8600.0,-5.2,2.5761905
8616.667,-5.4440475,0.6
8633.333,-5.688095,-1.3761904
8650.0,-5.804762,-2.6666667
8666.667,-5.836508,-3.5
8683.333,-5.880159,-4.290873
8700.0,-5.9714284,-4.911905
8716.667,-6.0626984,-5.5329366
8733.333,-6.1349206,-5.911111
8750.0,-6.202381,-6.2285714
8766.667,-6.2559524,-6.494841
8783.333,-6.2886906,-6.684325
8800.0,-6.321429,-6.8738093
8816.667,-6.3224206,-6.916468
8833.333,-6.323413,-6.959127
8850.0,-6.3142858,-7.0035715
8866.667,-6.298413,-7.0492063
8883.333,-6.2835317,-7.089286
8900.0,-6.2726192,-7.107143
8916.667,-6.2617064,-7.125
8933.333,-6.240476,-7.163492
8950.0,-6.2166667,-7.207143
8966.667,-6.1948414,-7.2511907
8983.333,-6.175992,-7.295833
9000.0,-6.1571426,-7.340476
9016.667,-6.1571426,-7.42877
9033.333,-6.1571426,-7.5170636
9050.0,-6.140476,-7.5583334
9066.667,-6.1126986,-7.568254
9083.333,-6.0876985,-7.5793653
9100.0,-6.0738096,-7.595238
9116.667,-6.059921,-7.611111
9133.333,-6.046032,-7.673016
9150.0,-6.0321426,-7.7464285
9166.667,-6.0238094,-7.8007936
9183.333,-6.0238094,-7.826587
9200.0,-6.0238094,-7.8523808
9216.667,-6.0257936,-7.884127
9233.333,-6.0277777,-7.915873
9250.0,-6.042857,-7.946429
9266.667,-6.0666666,-7.9761906
9283.333,-6.0900793,-8.005953
9300.0,-6.1119046,-8.035714
9316.667,-6.13373,-8.065476
9333.333,-6.1476192,-8.088889
9350.0,-6.159524,-8.110714
9366.667,-6.1761904,-8.12381
9383.333,-6.2,-8.12381
9400.0,-6.2238097,-8.12381
9416.667,-6.265476,-8.113889
9433.333,-6.3071427,-8.103969
9450.0,-6.330952,-8.060715
9466.667,-6.3428574,-7.9952383
9483.333,-6.3523808,-7.931746
9500.0,-6.3523808,-7.8761907
9516.667,-6.3523808,-7.820635
9533.333,-6.350794,-7.7507935
9550.0,-6.3488097,-7.677381
9566.667,-6.3523808,-7.6150794
9583.333,-6.364286,-7.5694447
9600.0,-6.3761907,-7.5238094
9616.667,-5.4595237,-6.0575395
9633.333,-4.542857,-4.59127
9650.0,-3.852381,-2.5238094
9666.667,-3.3126984,-0.055555556
9683.333,-2.879365,1.9123015
9700.0,-2.8714285,1.8785714
9716.667,-2.863492,1.8448412
9733.333,-2.8873017,1.7492063
9750.0,-2.9190476,1.6380953
9766.667,-2.9388888,1.5103174
9783.333,-2.940873,1.3575397
9800.0,-2.942857,1.2047619
9816.667,-2.9388888,1.1373016
9833.333,-2.9349205,1.0698413
9850.0,-2.932143,0.99285716
9866.667,-2.9301586,0.9095238
9883.333,-2.930754,0.8373016
9900.0,-2.9416666,0.8095238
9916.667,-2.9525793,0.78174603
9933.333,-2.9380953,0.768254
9950.0,-2.9172618,0.7583333
9966.667,-2.7984128,0.39761904
9983.333,-2.5325396,-0.4892857
10000.0,-2.2666667,-1.3761904
10016.667,-2.2339287,-2.3573413
10033.333,-2.2011905,-3.3384922
10050.0,-2.2059524,-3.7363095
10066.667,-2.2357142,-3.745238
10083.333,-2.2613096,-3.7623017
10100.0,-2.2702382,-3.8119047
10116.667,-2.2791667,-3.861508
10133.333,-2.2825396,-3.9333334
10150.0,-2.2845237,-4.010714
10166.667,-2.2896826,-4.097619
10183.333,-2.2996032,-4.1988096
10200.0,-2.3095238,-4.3
10216.667,-2.297619,-4.3019843
10233.333,-2.2857144,-4.3039684
10250.0,-2.2785714,-4.3
10266.667,-2.2746031,-4.2920637
10283.333,-2.2702382,-4.2765875
10300.0,-2.2642858,-4.2309523
10316.667,-2.2583334,-4.1853175
10333.333,-2.2650793,-4.2349205
10350.0,-2.275,-4.3083334
10366.667,-2.6568377,-3.4926739
10383.333,-3.0386753,-2.6770146
10400.0,-3.420513,-1.8613553
10416.667,-3.8023505,-1.045696
10433.333,-4.184188,-0.23003663
10450.0,-4.5660257,0.5856227
10466.667,-4.947863,1.4012821
10483.333,-5.329701,2.2169414
10500.0,-5.7115383,3.0326006
10516.667,-6.093376,3.8482602
10533.333,-6.4752135,4.6639194
10550.0,-6.8570514,5.479579
10566.667,-7.2388887,6.295238
10583.333,-7.7170634,3.8309524
10600.0,-8.195238,1.3666667
10616.667,-8.135715,0.684127
10633.333,-8.076191,0.0015873016
10650.0,-8.048809,-0.4482143
10666.667,-8.042857,-0.74285716
10683.333,-8.059127,-1.0311508
10700.0,-8.164286,-1.2940476
10716.667,-8.269444,-1.5569445
10733.333,-8.35873,-1.6777778
10750.0,-8.444048,-1.7630953
10766.667,-8.519841,-1.8785714
10783.333,-8.581349,-2.0392857
10800.0,-8.642858,-2.2
10816.667,-8.773809,-2.340873
10833.333,-8.904762,-2.481746
10850.0,-9.036904,-2.6452382
10866.667,-9.169841,-2.8238096
10883.333,-9.596826,-3.1607144
10900.0,-11.2,-4.1309524
10916.667,-12.803175,-5.1011906
10933.333,-13.192063,-5.5150795
10950.0,-13.277381,-5.7898808
10966.667,-13.333333,-5.9321427
10983.333,-13.345238,-5.875595
11000.0,-13.357142,-5.8190475
11016.667,-13.357142,-5.7694445
11033.333,-13.357142,-5.7198415
11050.0,-13.320238,-5.7261906
11066.667,-13.25873,-5.769841
11083.333,-13.200198,-5.8069444
11100.0,-13.153571,-5.8178573
11116.667,-13.106944,-5.8287697
11133.333,-13.076191,-5.8
11150.0,-13.049405,-5.7613096
11166.667,-13.013492,-5.7095237
11183.333,-12.963889,-5.6380954
11200.0,-12.914286,-5.5666666
11216.667,-12.86865,-5.505159
11233.333,-12.823016,-5.4436507
11250.0,-13.364285,-6.607143
11266.667,-14.296825,-8.587301
11283.333,-15.018254,-10.235317
11300.0,-14.895238,-10.554762
11316.667,-14.7722225,-10.874207
11333.333,-14.690476,-10.854762
11350.0,-14.619047,-10.750595
11366.667,-14.573016,-10.677381
11383.333,-14.56508,-10.650596
11400.0,-14.557143,-10.62381
11416.667,-14.559127,-10.625793
11433.333,-14.561111,-10.627778
11450.0,-14.55119,-10.619047
11466.667,-14.533334,-10.603174
11483.333,-14.51746,-10.583333
11500.0,-14.509523,-10.547619
11516.667,-14.501587,-10.511905
11533.333,-14.528571,-10.468254
11550.0,-14.564285,-10.422619
11566.667,-14.595238,-10.389683
11583.333,-14.619047,-10.375793
11600.0,-14.642858,-10.361905
11616.667,-15.206349,-7.5960317
11633.333,-15.769841,-4.8301587
11650.0,-16.017857,-2.9309523
11666.667,-16.055555,-1.6095238
11683.333,-16.080952,-0.5543651
11700.0,-16.057142,-0.5642857
11716.667,-16.033333,-0.57420635
11733.333,-16.016666,-0.5865079
11750.0,-16.001785,-0.59940475
11766.667,-15.993254,-0.6099206
11783.333,-15.9942465,-0.6168651
11800.0,-15.995238,-0.6238095
11816.667,-16.010118,-0.64166665
11833.333,-16.025,-0.6595238
11850.0,-16.035118,-0.71190476
11866.667,-16.042063,-0.7873016
11883.333,-16.054365,-0.86388886
11900.0,-16.088095,-0.9452381
11916.667,-16.121826,-1.0265872
11933.333,-16.160318,-1.0619048
11950.0,-16.2,-1.0857143
11966.667,-14.63254,-2.231746
11983.333,-10.654366,-5.061111
12000.0,-6.6761904,-7.890476
12016.667,-6.5531745,-8.5035715
12033.333,-6.4301586,-9.116667
12050.0,-6.385714,-9.352381
12066.667,-6.393651,-9.336508
12083.333,-6.393651,-9.31508
12100.0,-6.3619046,-9.271428
12116.667,-6.3301587,-9.2277775
12133.333,-6.3,-9.225397
12150.0,-6.270238,-9.233334
12166.667,-6.2452383,-9.2579365
12183.333,-6.2273808,-9.30754
12200.0,-6.2095237,-9.357142
12216.667,-6.2075396,-9.390873
12233.333,-6.2055554,-9.424603
12250.0,-6.2309523,-9.457143
12266.667,-6.2746034,-9.488889
12283.333,-6.31627,-9.51627
12300.0,-6.35,-9.526191
12316.667,-6.38373,-9.536111
12333.333,-6.40873,-9.514286
12350.0,-6.4315476,-9.484524
12366.667,-6.4765873,-9.474603
12383.333,-6.5549603,-9.494445
12400.0,-6.633333,-9.514286
12416.667,-6.6769843,-9.60754
12433.333,-6.720635,-9.700793
12450.0,-6.765476,-9.735714
12466.667,-6.811111,-9.731746
12483.333,-6.856349,-9.730159
12500.0,-6.9,-9.738095
12516.667,-6.9436507,-9.746032
12533.333,-6.9492064,-9.749207
12550.0,-6.945238,-9.75119
12566.667,-6.938889,-9.7420635
12583.333,-6.9289684,-9.7162695
12600.0,-6.919048,-9.690476
12616.667,-6.8853173,-9.605159
12633.333,-6.8515873,-9.519841
12650.0,-6.8071427,-9.444048
12666.667,-6.7555556,-9.374603
12683.333,-6.701984,-9.305952
12700.0,-6.640476,-9.240477
12716.667,-6.578968,-9.175
12733.333,-6.522222,-9.080159
12750.0,-6.4666667,-8.977976
12766.667,-6.4015875,-8.878968
12783.333,-6.322222,-8.784722
12800.0,-6.242857,-8.690476
12816.667,-6.194246,-8.623015
12833.333,-6.145635,-8.555555
12850.0,-5.999405,-8.471429
12866.667,-5.7880955,-8.37619
12883.333,-5.1309524,-8.619047
12900.0,-2.6904762,-10.214286
12916.667,-0.25,-11.809524
12933.333,0.34920636,-12.07381
12950.0,0.48809522,-12.005357
12966.667,0.61904764,-11.918651
12983.333,0.7380952,-11.8045635
13000.0,0.85714287,-11.690476
13016.667,0.93650794,-11.648809
13033.333,1.0158731,-11.607142
13050.0,1.097619,-11.548809
13066.667,1.1809524,-11.479365
13083.333,1.3396826,-11.444643
13100.0,1.8,-11.548809
13116.667,2.2603176,-11.652976
13133.333,2.5968254,-11.692063
13150.0,2.902381,-11.714881
13166.667,3.1039681,-11.7047615
13183.333,3.1496031,-11.645238
13200.0,3.195238,-11.585714
13216.667,2.6257937,-11.11746
13233.333,2.0563493,-10.649206
13250.0,0.25238097,-7.0654764
13266.667,-2.3746033,-1.4047619
13283.333,-4.4773808,3.1367064
13300.0,-4.483333,3.2011905
13316.667,-4.489286,3.2656746
13333.333,-4.50873,3.2539682
13350.0,-4.5315475,3.2232144
13366.667,-4.5678573,3.204762
13383.333,-4.624405,3.204762
13400.0,-4.6809525,3.204762
13416.667,-4.7305555,3.2305555
13433.333,-4.7801585,3.2563493
13450.0,-4.8428574,3.254762
13466.667,-4.9142857,3.2349207
13483.333,-4.984524,3.2123015
13500.0,-5.05,3.1785715
13516.667,-5.115476,3.1448412
13533.333,-5.1674604,3.1269841
13550.0,-5.2160716,3.1130953
13566.667,-5.261508,3.088889
13583.333,-5.3021827,3.0492063
13600.0,-5.3428574,3.0095239
13616.667,-5.372619,2.918254
13633.333,-5.402381,2.8269842
13650.0,-5.4357142,2.7714286
13666.667,-5.4714284,2.7396824
13683.333,-5.356746,3.0376985
13700.0,-4.640476,4.654762
13716.667,-3.9242063,6.2718253
13733.333,-3.6507936,7.1325397
13750.0,-3.4880953,7.804167
13766.667,-3.4031746,8.171825
13783.333,-3.4349205,8.083531
13800.0,-3.4666667,7.9952383
13816.667,-3.5103176,7.913889
13833.333,-3.5539682,7.8325396
13850.0,-3.5684524,7.792857
13866.667,-3.563492,7.7809525
13883.333,-3.5660715,7.758333
13900.0,-3.5988095,7.6928573
13916.667,-3.6315477,7.627381
13933.333,-3.6603174,7.515873
13950.0,-3.6880953,7.392857
13966.667,-3.7214286,7.2968254
13983.333,-3.7630951,7.24127
14000.0,-3.804762,7.1857142
14016.667,-3.8494048,7.0845237
14033.333,-3.8940477,6.983333
14050.0,-3.942857,6.9065475
14066.667,-3.9944444,6.8460317
14083.333,-3.932391,6.82252
14100.0,-3.8703372,6.799008
14116.667,-3.8082838,6.775496
14133.333,-3.7462301,6.751984
14150.0,-3.6841767,6.728472
14166.667,-3.622123,6.7049603
14183.333,-3.5600696,6.6814485
14200.0,-3.4980159,6.6579366
14216.667,-3.4359622,6.6344247
14233.333,-3.3739088,6.610913
14250.0,-3.311855,6.587401
14266.667,-3.2498016,6.563889
14283.333,-3.187748,6.540377
14300.0,-3.1256945,6.5168653
14316.667,-3.0636408,6.4933534
14333.333,-3.0015874,6.4698415
14350.0,-3.2059524,4.902381
14366.667,-3.4507937,3.5515873
14383.333,-3.7563493,2.5257936
14400.0,-4.061905,1.5
14416.667,-4.036111,1.1170635
14433.333,-4.0103173,0.734127
14450.0,-3.9815476,0.49642858
14466.667,-3.9507937,0.35555556
14483.333,-3.919643,0.22222222
14500.0,-3.8869047,0.11904762
14516.667,-3.8541667,0.015873017
14533.333,-3.8190477,-0.06031746
14550.0,-3.7833333,-0.1297619
14566.667,-3.7476192,-0.21904762
14583.333,-3.7119048,-0.33809525
14600.0,-3.6761904,-0.45714286
14616.667,-3.6285715,-0.51865077
14633.333,-3.5809524,-0.5801587
14650.0,-1.0488095,-1.7321428
14666.667,3.1396825,-3.6111112
14683.333,6.491667,-5.1813493
14700.0,6.497619,-5.516667
14716.667,6.5035715,-5.851984
14733.333,6.4888887,-5.976984
14750.0,6.4690475,-6.0494046
14766.667,6.4563494,-6.1003966
14783.333,6.4543653,-6.119246
14800.0,6.452381,-6.1380954
14816.667,6.453373,-6.1361113
14833.333,6.4543653,-6.134127
14850.0,6.4583335,-6.151786
14866.667,6.464286,-6.1825395
14883.333,6.46627,-6.2176585
14900.0,6.452381,-6.270238
14916.667,6.4384923,-6.3228173
14933.333,6.4384923,-6.3228173
14950.0,6.4384923,-6.3228173
