0.0,-7.4857144,-4.733333
16.666666,-7.4589286,-4.74127
33.333332,-7.4321427,-4.7492065
50.0,-7.3886905,-4.7107143
66.666664,-7.334127,-4.6412697
83.333336,-7.2904763,-4.5742064
100.0,-7.2904763,-4.516667
116.666664,-7.2904763,-4.459127
133.33333,-7.288889,-4.4714284
150.0,-7.286905,-4.5011907
166.66667,-7.281746,-4.5623016
183.33333,-7.2718253,-4.6704364
200.0,-7.2619047,-4.7785716
216.66667,-7.1865077,-6.7438493
233.33333,-7.111111,-8.709127
250.0,-7.0928574,-9.559524
266.66666,-7.1126986,-9.666667
283.33334,-7.146032,-9.751587
300.0,-7.233333,-9.747619
316.66666,-7.320635,-9.74365
333.33334,-7.3984127,-9.803175
350.0,-7.4738097,-9.8785715
366.66666,-7.5261903,-9.920635
383.33334,-7.544048,-9.912699
400.0,-7.561905,-9.904762
416.66666,-9.254365,-7.968254
433.33334,-10.946825,-6.031746
450.0,-11.780952,-4.8095236
466.66666,-12.042857,-4.0634923
483.33334,-12.244047,-3.4626985
500.0,-12.202381,-3.442857
516.6667,-12.160714,-3.4230158
533.3333,-12.130158,-3.452381
550.0,-12.102381,-3.4940476
566.6667,-12.062698,-3.5373015
583.3333,-12.005158,-3.5829365
600.0,-11.947619,-3.6285715
616.6667,-11.915873,-3.6761904
633.3333,-11.884127,-3.7238095
650.0,-10.067857,-3.5238094
666.6667,-7.061905,-3.1587303
683.3333,-4.63373,-2.8545635
700.0,-4.516667,-2.7940476
716.6667,-4.3996034,-2.7335317
733.3333,-4.384127,-2.7555556
750.0,-4.3940477,-2.7982142
766.6667,-4.4015875,-2.8547618
783.3333,-4.4055557,-2.932143
800.0,-4.409524,-3.0095239
816.6667,-4.3797617,-3.0551586
833.3333,-4.35,-3.1007936
850.0,-4.329762,-3.175
866.6667,-4.315873,-3.268254
883.3333,-4.297619,-3.345635
900.0,-4.2619047,-3.3595238
916.6667,-4.2261906,-3.3734126
933.3333,-4.2380953,-3.3730159
950.0,-4.2619047,-3.3690476
966.6667,-4.2726192,-3.3801587
983.3333,-4.2636905,-3.413889
1000.0,-4.2547617,-3.447619
1016.6667,-4.224008,-3.525
1033.3334,-4.193254,-3.602381
1050.0,-4.1845236,-3.65
1066.6666,-4.1904764,-3.6777778
1083.3334,-4.2849207,-3.8083334
1100.0,-4.733333,-4.35
1116.6666,-5.181746,-4.891667
1133.3334,-5.3,-5.0047617
1150.0,-5.3357143,-5.010714
1166.6666,-5.347619,-4.9896827
1183.3334,-5.3238096,-4.9281745
1200.0,-5.3,-4.866667
1216.6666,-5.274206,-4.813095
1233.3334,-5.2484126,-4.759524
1250.0,-5.2261906,-4.7011905
1266.6666,-5.2063494,-4.639683
1283.3334,-5.1833334,-4.59504
1300.0,-5.1476192,-4.617857
1316.6666,-5.1119046,-4.6406746
1333.3334,-5.0833335,-4.661905
1350.0,-5.0565476,-4.6827383
1366.6666,-5.0353174,-4.7126985
1383.3334,-5.0224204,-4.756349
1400.0,-5.009524,-4.8
1416.6666,-4.9837303,-4.847619
1433.3334,-4.9579363,-4.895238
1450.0,-4.952381,-4.982143
1466.6666,-4.9603176,-5.095238
1483.3334,-4.9694443,-5.1884923
1500.0,-4.983333,-5.202381
1516.6666,-4.9972224,-5.21627
1533.3334,-5.025397,-5.276984
1550.0,-5.0571427,-5.349405
1566.6666,-5.072222,-5.397222
1583.3334,-5.0623016,-5.408135
1600.0,-5.052381,-5.419048
1616.6666,-6.0801587,-5.365476
1633.3334,-7.1079364,-5.311905
1650.0,-7.552381,-5.2761903
1666.6666,-7.6079364,-5.252381
1683.3334,-7.6484127,-5.231349
1700.0,-7.6285715,-5.2214284
1716.6666,-7.6087303,-5.211508
1733.3334,-8.423809,-4.0015874
1750.0,-9.447619,-2.4916666
1766.6666,-10.072619,-1.5654762
1783.3334,-10.099404,-1.5148809
1800.0,-10.12619,-1.4642857
1816.6666,-10.127183,-1.4831349
1833.3334,-10.128175,-1.5019841
1850.0,-10.144048,-1.5333333
1866.6666,-10.169841,-1.5730159
1883.3334,-10.187698,-1.6073413
1900.0,-10.173809,-1.6202381
1916.6666,-10.159921,-1.633135
1933.3334,-10.134921,-1.6079365
1950.0,-10.107142,-1.5732143
1966.6666,-10.87619,-1.4531746
1983.3334,-12.840476,-1.2051587
2000.0,-14.804762,-0.95714283
2016.6666,-14.95754,-0.9174603
2033.3334,-15.110317,-0.87777776
2050.0,-15.158334,-0.8654762
2066.6667,-15.136508,-0.87142855
2083.3333,-15.119445,-0.8865079
2100.0,-15.1214285,-0.9380952
2116.6667,-15.123413,-0.98968256
2133.3333,-15.125397,-1.0380952
2150.0,-15.127381,-1.0857143
2166.6667,-15.111508,-1.1150794
2183.3333,-15.06885,-1.1170635
2200.0,-15.026191,-1.1190476
2216.6667,-15.027183,-1.156746
2233.3333,-15.028174,-1.1944444
2250.0,-15.017858,-1.2285714
2266.6667,-15.0,-1.2603174
2283.3333,-14.29623,-1.2829365
2300.0,-10.848809,-1.2690476
2316.6667,-7.401389,-1.2551588
2333.3333,-6.5603175,-1.2380953
2350.0,-6.3708334,-1.2202381
2366.6667,-6.265873,-1.2103175
2383.3333,-6.2876983,-1.2123016
2400.0,-6.3095236,-1.2142857
2416.6667,-6.2886906,-1.2093254
2433.3333,-6.267857,-1.2043651
2450.0,-6.2732143,-2.164881
2466.6667,-6.296032,-3.7690477
2483.3333,-6.311905,-5.0928574
2500.0,-6.3,-5.295238
2516.6667,-6.2880955,-5.497619
2533.3333,-6.295238,-5.561905
2550.0,-6.3071427,-5.5916667
2566.6667,-6.334127,-5.6277776
2583.3333,-6.38373,-5.673413
2600.0,-6.4333334,-5.7190475
2616.6667,-6.409524,-5.766667
2633.3333,-6.385714,-5.8142858
2650.0,-6.3809524,-5.85
2666.6667,-6.388889,-5.8777776
2683.3333,-6.3976192,-5.90873
2700.0,-6.409524,-5.952381
2716.6667,-6.4214287,-5.9960318
2733.3333,-6.419048,-6.052381
2750.0,-6.4130955,-6.1119046
2766.6667,-6.402381,-6.149206
2783.3333,-6.384524,-6.1531744
2800.0,-6.366667,-6.1571426
2816.6667,-6.350794,-6.1214285
2833.3333,-6.3349204,-6.0857143
2850.0,-6.303571,-6.0761905
2866.6667,-6.2619047,-6.084127
2883.3333,-6.222619,-6.0896826
2900.0,-6.1928573,-6.0857143
2916.6667,-6.1630955,-6.081746
2933.3333,-6.139683,-6.1150794
2950.0,-6.117857,-6.157738
2966.6667,-6.090476,-6.205952
2983.3333,-6.054762,-6.2625
3000.0,-6.0190477,-6.3190475
3016.6667,-8.300794,-6.8785715
3033.3333,-10.58254,-7.438095
3050.0,-12.055357,-7.725
3066.6667,-12.988889,-7.8301587
3083.3333,-13.741865,-7.9142857
3100.0,-13.772619,-7.9142857
3116.6667,-13.803373,-7.9142857
3133.3333,-13.788889,-7.8873014
3150.0,-13.763095,-7.8535714
3166.6667,-13.738095,-7.8293653
3183.3333,-13.714286,-7.8194447
3200.0,-13.690476,-7.8095236
3216.6667,-13.680555,-7.823413
3233.3333,-13.670635,-7.8373017
3250.0,-13.691667,-7.857143
3266.6667,-13.733334,-7.8809524
3283.3333,-13.768849,-7.8996034
3300.0,-13.779762,-7.8976192
3316.6667,-13.790674,-7.895635
3333.3333,-13.7650795,-7.873016
3350.0,-13.730357,-7.845238
3366.6667,-13.705556,-7.8238096
3383.3333,-13.695635,-7.811905
3400.0,-13.685715,-7.8
3416.6667,-13.6817465,-7.8039684
3433.3333,-13.677778,-7.8079367
3450.0,-13.671429,-7.7964287
3466.6667,-13.663492,-7.7746034
3483.3333,-13.648809,-7.7527776
3500.0,-13.607142,-7.7309523
3516.6667,-13.565476,-7.709127
3533.3333,-13.566667,-7.7396827
3550.0,-13.578571,-7.7833333
3566.6667,-13.5912695,-7.821429
3583.3333,-13.605159,-7.8511906
3600.0,-13.619047,-7.8809524
3616.6667,-13.627976,-7.885913
3633.3333,-13.636905,-7.890873
3650.0,-13.766071,-7.8696427
3666.6667,-13.975397,-7.830952
3683.3333,-14.146031,-7.798413
3700.0,-14.161904,-7.7904763
3716.6667,-14.177778,-7.78254
3733.3333,-14.193651,-7.7714286
3750.0,-14.209524,-7.759524
3766.6667,-14.188889,-7.726984
3783.3333,-14.113492,-7.663492
3800.0,-14.038095,-7.6
3816.6667,-14.009325,-7.5940475
3833.3333,-13.980556,-7.588095
3850.0,-13.13631,-7.6107144
3866.6667,-11.748413,-7.652381
3883.3333,-10.24623,-7.6511903
3900.0,-8.286904,-7.4785714
3916.6667,-6.3275795,-7.3059525
3933.3333,-5.8587303,-7.227778
3950.0,-5.7625,-7.1732144
3966.6667,-5.697619,-7.134127
3983.3333,-5.679762,-7.118254
4000.0,-5.661905,-7.1023808
4016.6667,-5.6380954,-7.0795636
4033.3333,-5.614286,-7.056746
4050.0,-5.6107144,-7.0333333
4066.6667,-5.620635,-7.009524
4083.3333,-5.6246033,-6.9926586
4100.0,-5.604762,-7.0035715
4116.6665,-5.5849204,-7.014484
4133.3335,-5.6031747,-7.046032
4150.0,-5.6309524,-7.082738
4166.6665,-5.645635,-7.097619
4183.3335,-5.6406746,-7.079762
4200.0,-5.635714,-7.061905
4216.6665,-5.6367064,-6.9924603
4233.3335,-5.6376987,-6.923016
4250.0,-5.7785716,-6.4809523
4266.6665,-6.0126987,-5.7904763
4283.3335,-6.2734127,-5.052381
4300.0,-6.640476,-4.1238093
4316.6665,-7.0075397,-3.195238
4333.3335,-7.0698414,-2.9857142
4350.0,-7.0559525,-2.9559524
4366.6665,-7.05,-2.9460318
4383.3335,-7.0559525,-2.965873
4400.0,-7.061905,-2.9857142
4416.6665,-7.0698414,-2.9777777
4433.3335,-7.077778,-2.9698412
4450.0,-7.082143,-2.982738
4466.6665,-7.084127,-3.0095239
4483.3335,-7.0869045,-3.0279763
4500.0,-7.0928574,-3.0130951
4516.6665,-7.0988097,-2.9982142
4533.3335,-7.0825396,-2.9761906
4550.0,-7.0607142,-2.952381
4566.6665,-7.046032,-2.9301586
4583.3335,-7.0420637,-2.9103174
4600.0,-7.0380955,-2.8904762
4616.6665,-7.044048,-2.8805556
4633.3335,-7.05,-2.870635
4650.0,-7.0285716,-2.8494048
4666.6665,-6.9888887,-2.8206348
4683.3335,-6.9575396,-2.8001983
4700.0,-6.9595237,-2.8130953
4716.6665,-6.961508,-2.825992
4733.3335,-6.974603,-2.8333333
4750.0,-6.990476,-2.8392856
4766.6665,-7.0111113,-2.829365
4783.3335,-7.038889,-2.795635
4800.0,-7.0666666,-2.7619047
4816.6665,-7.0507936,-2.6775794
4833.3335,-7.0349207,-2.5932539
4850.0,-7.0285716,-2.5625
4866.6665,-7.0285716,-2.5674603
4883.3335,-7.029365,-2.5734127
4900.0,-7.0333333,-2.5833333
4916.6665,-7.0373015,-2.5932539
4933.3335,-7.020635,-2.5738096
4950.0,-6.9988093,-2.5470238
4966.6665,-6.977778,-2.5265872
4983.3335,-6.9579363,-2.5156746
5000.0,-6.938095,-2.504762
5016.6665,-6.9698415,-2.5742064
5033.3335,-7.0015874,-2.6436508
5050.0,-6.9934525,-2.675
5066.6665,-6.95873,-2.6809523
5083.3335,-6.923611,-2.6857142
5100.0,-6.8869047,-2.6857142
5116.6665,-6.8501983,-2.6857142
5133.3335,-6.838095,-2.7142856
5150.0,-6.832143,-2.75
5166.6665,-6.8301587,-2.7761905
5183.3335,-6.834127,-2.7880952
5200.0,-6.838095,-2.8
5216.6665,-7.3996034,-3.0460317
5233.3335,-7.961111,-3.2920635
5250.0,-8.1839285,-3.3994048
5266.6665,-8.180952,-3.4142857
5283.3335,-8.176389,-3.4150794
5300.0,-8.165476,-3.3595238
5316.6665,-8.154564,-3.3039682
5333.3335,-8.163492,-3.2777777
5350.0,-8.177381,-3.2589285
5366.6665,-8.199206,-3.2571428
5383.3335,-8.232937,-3.2809525
5400.0,-8.266666,-3.304762
5416.6665,-8.260715,-3.2551587
5433.3335,-8.254762,-3.2055554
5450.0,-8.255953,-3.2107143
5466.6665,-8.261905,-3.2523808
5483.3335,-8.269444,-3.286111
5500.0,-8.283334,-3.2880952
5516.6665,-8.297222,-3.2900794
5533.3335,-8.285714,-3.263492
5550.0,-8.267858,-3.2297618
5566.6665,-8.25873,-3.211111
5583.3335,-8.262698,-3.2150793
5600.0,-8.266666,-3.2190475
5616.6665,-8.246825,-3.225
5633.3335,-8.226984,-3.2309523
5650.0,-8.211905,-3.277381
5666.6665,-8.2,-3.3507936
5683.3335,-8.186111,-3.426984
5700.0,-8.164286,-3.5142858
5716.6665,-8.14246,-3.6015873
5733.3335,-8.614285,-3.6333334
5750.0,-9.209524,-3.6511905
5766.6665,-9.574603,-3.676984
5783.3335,-9.594444,-3.7146826
5800.0,-9.614285,-3.7523808
5816.6665,-9.614285,-3.7920635
5833.3335,-9.614285,-3.831746
5850.0,-9.6214285,-3.8535714
5866.6665,-9.633333,-3.863492
5883.3335,-9.645436,-3.8678572
5900.0,-9.658334,-3.85
5916.6665,-9.67123,-3.8321428
5933.3335,-9.669047,-3.8190477
5950.0,-9.663095,-3.807143
5966.6665,-9.655159,-3.815873
5983.3335,-9.644246,-3.8555555
6000.0,-9.633333,-3.8952382
6016.6665,-9.593651,-3.89127
6033.3335,-9.553968,-3.8873017
6050.0,-9.521428,-3.897024
6066.6665,-9.49365,-3.915873
6083.3335,-9.459127,-3.9355159
6100.0,-9.397619,-3.9583333
6116.6665,-9.336111,-3.9811509
6133.3335,-9.293651,-4.0142856
6150.0,-9.255953,-4.05
6166.6665,-9.2234125,-4.090476
6183.3335,-9.198611,-4.1380954
6200.0,-9.173809,-4.1857142
6216.6665,-9.172817,-4.1539683
6233.3335,-9.171825,-4.1222224
6250.0,-8.603572,-3.8619049
6266.6665,-7.6571426,-3.4492064
6283.3335,-6.879365,-3.1015873
6300.0,-6.7761903,-3.0142858
6316.6665,-6.673016,-2.926984
6333.3335,-6.639683,-2.9079366
6350.0,-6.6238093,-2.9059525
6366.6665,-6.6087303,-2.9047618
6383.3335,-6.5948415,-2.9047618
6400.0,-6.580952,-2.9047618
6416.6665,-6.6087303,-2.9027777
6433.3335,-6.636508,-2.9007936
6450.0,-6.634524,-2.8761904
6466.6665,-6.6126986,-2.836508
6483.3335,-6.4392858,-2.6988096
6500.0,-5.659524,-2.1690476
6516.6665,-4.8797617,-1.6392857
6533.3335,-4.4103174,-1.0801587
6550.0,-4.018452,-0.5136905
6566.6665,-3.759127,-0.14246032
6583.3335,-3.698611,-0.0640873
6600.0,-3.6380951,0.014285714
6616.6665,-3.634127,0.06388889
6633.3335,-3.6301587,0.113492064
6650.0,-3.6142857,0.1404762
6666.6665,-3.5904763,0.15238096
6683.3335,-3.574603,0.16547619
6700.0,-3.5904763,0.18333334
6716.6665,-3.6063492,0.20119047
6733.3335,-3.642857,0.22222222
6750.0,-3.6845238,0.24404761
6766.6665,-3.7071428,0.26984128
6783.3335,-3.7011905,0.3015873
6800.0,-3.695238,0.33333334
6816.6665,-4.6,-0.95039684
6833.3335,-5.5047617,-2.234127
6850.0,-5.883333,-2.7714286
6866.6665,-5.911111,-2.8111112
6883.3335,-5.9329367,-2.8412697
6900.0,-5.9309525,-2.8333333
6916.6665,-5.9289684,-2.8253968
6933.3335,-5.906349,-2.804762
6950.0,-5.8785715,-2.7809525
6966.6665,-5.8535714,-2.775
6983.3335,-5.832738,-2.7958333
7000.0,-5.811905,-2.8166666
7016.6665,-5.7890873,-2.8751984
7033.3335,-5.7662697,-2.9337301
7050.0,-5.739286,-2.9535713
7066.6665,-5.7095237,-2.947619
7083.3335,-5.6829367,-2.9325397
7100.0,-5.669048,-2.8809524
7116.6665,-5.6551585,-2.829365
7133.3335,-5.6555557,-2.8222222
7150.0,-5.659524,-2.8261905
7166.6665,-5.6484127,-2.831746
7183.3335,-5.6146827,-2.8396826
7200.0,-5.580952,-2.847619
7216.6665,-8.101786,-2.7781746
7233.3335,-10.622619,-2.7087302
7250.0,-11.747024,-2.6369047
7266.6665,-11.940476,-2.563492
7283.3335,-12.0912695,-2.5051587
7300.0,-12.071428,-2.5071428
7316.6665,-12.051587,-2.509127
7333.3335,-12.036508,-2.511111
7350.0,-12.022619,-2.5130951
7366.6665,-12.020635,-2.5087302
7383.3335,-12.036508,-2.4948413
7400.0,-12.052381,-2.4809523
7416.6665,-12.12381,-2.5107143
7433.3335,-12.195238,-2.540476
7450.0,-12.215476,-2.5535715
7466.6665,-12.201588,-2.5555556
7483.3335,-12.194841,-2.557143
7500.0,-12.216666,-2.557143
7516.6665,-12.238492,-2.557143
7533.3335,-12.298412,-2.5515873
7550.0,-12.367857,-2.544643
7566.6665,-12.407936,-2.5242064
7583.3335,-12.403968,-2.4835317
7600.0,-12.4,-2.442857
7616.6665,-12.384127,-2.4448414
7633.3335,-12.368254,-2.4468255
7650.0,-12.380953,-2.4666667
7666.6665,-12.412699,-2.4984126
7683.3335,-12.532539,-2.545635
7700.0,-13.004762,-2.6547618
7716.6665,-13.476984,-2.7638888
7733.3335,-13.584127,-2.7920635
7750.0,-13.6,-2.8
7766.6665,-13.614285,-2.8174603
7783.3335,-13.62619,-2.8492064
7800.0,-13.638095,-2.8809524
7816.6665,-13.608334,-2.8412697
7833.3335,-13.578571,-2.8015873
7850.0,-13.571428,-2.790476
7866.6665,-13.579365,-2.7984128
7883.3335,-13.5797615,-2.8
7900.0,-13.55,-2.7761905
7916.6665,-13.520238,-2.7523808
7933.3335,-13.525397,-2.7555556
7950.0,-13.539286,-2.7654762
7966.6665,-13.560715,-2.7694445
7983.3335,-13.593452,-2.7644842
8000.0,-13.62619,-2.7595239
8016.6665,-13.594444,-2.7426586
8033.3335,-13.562698,-2.7257936
8050.0,-13.543452,-2.7285714
8066.6665,-13.532539,-2.7444444
8083.3335,-13.534127,-2.7690477
8100.0,-13.585714,-2.8285713
8116.6665,-13.637301,-2.8880951
8133.3335,-13.655556,-2.8619049
8150.0,-13.665476,-2.8142858
8166.6665,-13.666667,-2.7753968
8183.3335,-13.654762,-2.7496033
8200.0,-13.642858,-2.7238095
8216.667,-13.654762,-2.7654762
8233.333,-13.666667,-2.807143
8250.0,-13.682143,-2.8130953
8266.667,-13.7,-2.795238
8283.333,-13.711508,-2.7837303
8300.0,-13.697619,-2.797619
8316.667,-13.68373,-2.811508
8333.333,-13.666667,-2.8206348
8350.0,-13.648809,-2.8285713
8366.667,-13.642063,-2.8349206
8383.333,-13.651984,-2.838889
8400.0,-13.661904,-2.8428571
8416.667,-13.653968,-2.823016
8433.333,-13.646031,-2.8031745
8450.0,-13.642858,-2.797619
8466.667,-13.642858,-2.8015873
8483.333,-13.642063,-2.8138888
8500.0,-13.638095,-2.8595238
8516.667,-13.634127,-2.9051588
8533.333,-13.660317,-2.952381
8550.0,-13.694048,-3.0
8566.667,-13.544444,-3.0035715
8583.333,-13.119842,-2.9410715
8600.0,-12.695238,-2.8785715
8616.667,-12.661508,-2.8597221
8633.333,-12.627778,-2.840873
8650.0,-12.578571,-2.817857
8666.667,-12.519048,-2.7920635
8683.333,-12.469444,-2.7722223
8700.0,-12.459524,-2.7761905
8716.667,-12.449603,-2.7801588
8733.333,-12.433333,-2.7666667
8750.0,-12.415476,-2.7488096
8766.667,-12.398413,-2.7309523
8783.333,-12.38254,-2.7130952
8800.0,-12.366667,-2.695238
8816.667,-12.354762,-2.6992064
8833.333,-12.342857,-2.7031746
8850.0,-11.245238,-2.9630952
8866.667,-9.423809,-3.3936508
8883.333,-7.9329367,-3.7511904
8900.0,-7.7642856,-3.8166666
8916.667,-7.595635,-3.8821428
8933.333,-7.5634923,-3.9285715
8950.0,-7.5654764,-3.9702382
8966.667,-7.5678573,-4.0039682
8983.333,-7.570833,-4.0257936
9000.0,-7.5738096,-4.047619
9016.667,-7.559921,-4.0833335
9033.333,-7.546032,-4.1190476
9050.0,-7.570833,-4.2119045
9066.667,-7.6214285,-4.3428574
9083.333,-7.6400795,-4.631349
9100.0,-7.5309525,-5.55
9116.667,-7.4218254,-6.468651
9133.333,-7.396032,-6.723016
9150.0,-7.3910713,-6.8113093
9166.667,-7.3789682,-6.8742065
9183.333,-7.3561506,-6.899008
9200.0,-7.3333335,-6.9238095
9216.667,-7.339286,-7.026984
9233.333,-7.345238,-7.130159
9250.0,-7.345238,-7.1988096
9266.667,-7.34127,-7.2444444
9283.333,-7.338889,-7.2956347
9300.0,-7.3428574,-7.3690476
9316.667,-7.3468256,-7.4424605
9333.333,-7.347619,-7.452381
9350.0,-7.347619,-7.446429
9366.667,-7.3444443,-7.4420633
9383.333,-7.336508,-7.440079
9400.0,-7.3285713,-7.438095
9416.667,-7.3761907,-7.4281745
9433.333,-7.4238095,-7.418254
9450.0,-7.429762,-7.366667
9466.667,-7.4079366,-7.2873015
9483.333,-7.3880954,-7.211111
9500.0,-7.3761907,-7.1476192
9516.667,-7.364286,-7.084127
9533.333,-7.379365,-7.00873
9550.0,-7.4011903,-6.930357
9566.667,-7.4103174,-6.8710318
9583.333,-7.400397,-6.8402777
9600.0,-7.390476,-6.8095236
9616.667,-7.3646827,-6.8690476
9633.333,-7.338889,-6.928571
9650.0,-7.3190475,-6.9761906
9666.667,-7.3031745,-7.015873
9683.333,-7.288889,-7.0468254
9700.0,-7.2809525,-7.042857
9716.667,-7.273016,-7.038889
9733.333,-7.242857,-7.076984
9750.0,-7.207143,-7.125595
9766.667,-7.179365,-7.21627
9783.333,-7.163492,-7.3700395
9800.0,-7.1476192,-7.5238094
9816.667,-7.13373,-7.5615077
9833.333,-7.119841,-7.5992064
9850.0,-7.1119046,-7.6285715
9866.667,-7.1079364,-7.652381
9883.333,-7.110317,-7.6805553
9900.0,-7.1380954,-7.7261906
9916.667,-7.165873,-7.7718253
9933.333,-7.1666665,-7.8142858
9950.0,-7.160714,-7.8559523
9966.667,-7.1468253,-7.923016
9983.333,-7.1210318,-8.028174
10000.0,-7.095238,-8.133333
10016.667,-7.1309524,-8.14127
10033.333,-7.1666665,-8.149206
10050.0,-7.1916666,-8.166667
10066.667,-7.2095237,-8.190476
10083.333,-7.2285714,-8.222222
10100.0,-7.252381,-8.285714
10116.667,-7.2761903,-8.349206
10133.333,-7.2809525,-8.418254
10150.0,-7.2809525,-8.48869
10166.667,-7.2809525,-8.552778
10183.333,-7.2809525,-8.607341
10200.0,-7.2809525,-8.661904
10216.667,-7.2948413,-8.721429
10233.333,-7.30873,-8.780952
10250.0,-7.3166666,-8.791667
10266.667,-7.320635,-8.769841
10283.333,-7.318254,-8.752976
10300.0,-7.2904763,-8.755953
10316.667,-7.2626987,-8.758928
10333.333,-7.2126985,-8.798412
10350.0,-7.1571426,-8.847024
10366.667,-7.1150794,-8.894444
10383.333,-7.093254,-8.94008
10400.0,-7.071429,-8.985714
10416.667,-7.1130953,-8.989682
10433.333,-7.154762,-8.99365
10450.0,-7.161905,-8.973809
10466.667,-7.146032,-8.938095
10483.333,-7.1251984,-8.899405
10500.0,-7.0845237,-8.848809
10516.667,-7.043849,-8.798214
10533.333,-7.052381,-8.820635
10550.0,-7.073214,-8.861309
10566.667,-7.0785713,-8.910317
10583.333,-7.0607142,-8.971826
10600.0,-7.042857,-9.033334
10616.667,-7.0626984,-9.059127
10633.333,-7.0825396,-9.084921
10650.0,-7.1297617,-9.102381
10666.667,-7.195238,-9.114285
10683.333,-7.2492065,-9.128175
10700.0,-7.257143,-9.15
10716.667,-7.2650795,-9.171825
10733.333,-7.252381,-9.226191
10750.0,-7.234524,-9.288691
10766.667,-7.234127,-9.347222
10783.333,-7.2599206,-9.399801
10800.0,-7.285714,-9.452381
10816.667,-7.323413,-9.462301
10833.333,-7.361111,-9.472222
10850.0,-7.4059525,-9.517858
10866.667,-7.4555554,-9.587301
10883.333,-7.506349,-9.649603
10900.0,-7.561905,-9.683333
10916.667,-7.6174603,-9.717064
10933.333,-7.688889,-9.709524
10950.0,-7.7642856,-9.691667
10966.667,-8.016666,-9.657143
10983.333,-8.534524,-9.597619
11000.0,-9.052381,-9.538095
11016.667,-9.969048,-9.4597225
11033.333,-10.885715,-9.38135
11050.0,-11.252381,-9.3577385
11066.667,-11.252381,-9.370635
11083.333,-11.24504,-9.386111
11100.0,-11.208333,-9.411904
11116.667,-11.171627,-9.437698
11133.333,-11.160317,-9.438095
11150.0,-11.155357,-9.432143
11166.667,-11.133333,-9.416667
11183.333,-11.085714,-9.386905
11200.0,-11.038095,-9.357142
11216.667,-10.952778,-9.350199
11233.333,-10.86746,-9.343254
11250.0,-10.772619,-9.352976
11266.667,-10.671429,-9.37381
11283.333,-10.576588,-9.385715
11300.0,-10.507143,-9.361905
11316.667,-10.437698,-9.338096
11333.333,-10.407143,-9.346032
11350.0,-10.38631,-9.361905
11366.667,-10.0797615,-9.48254
11383.333,-9.344643,-9.760318
11400.0,-8.609524,-10.038095
11416.667,-8.085714,-10.105556
11433.333,-7.561905,-10.173016
11450.0,-7.3345237,-10.202381
11466.667,-7.304762,-10.206349
11483.333,-7.2714286,-10.200397
11500.0,-7.2238097,-10.154762
11516.667,-7.1761904,-10.109127
11533.333,-7.1380954,-10.119047
11550.0,-7.1023808,-10.142858
11566.667,-7.071429,-10.175397
11583.333,-7.047619,-10.221032
11600.0,-7.0238094,-10.266666
11616.667,-7.0079365,-10.280556
11633.333,-6.9920635,-10.294444
11650.0,-6.965476,-10.342262
11666.667,-6.931746,-10.412699
11683.333,-6.9015875,-10.477579
11700.0,-6.885714,-10.520238
11716.667,-6.869841,-10.562897
11733.333,-6.8523808,-10.595238
11750.0,-6.8345237,-10.625
11766.667,-6.8166666,-10.657143
11783.333,-6.7988095,-10.692857
11800.0,-6.7809525,-10.728572
11816.667,-6.8464284,-11.0222225
11833.333,-6.911905,-11.315873
11850.0,-7.016667,-11.804762
11866.667,-7.1476192,-12.423809
11883.333,-7.2496033,-12.935715
11900.0,-7.2357144,-13.019048
11916.667,-7.2218256,-13.102381
11933.333,-7.2238097,-13.168254
11950.0,-7.229762,-13.229762
11966.667,-7.2079363,-13.282539
11983.333,-7.1444445,-13.322222
12000.0,-7.080952,-13.361905
12016.667,-6.9896827,-13.351984
12033.333,-6.8984127,-13.342064
12050.0,-6.804167,-13.321428
12066.667,-6.7079363,-13.293651
12083.333,-6.514683,-13.273413
12100.0,-5.9333334,-13.283334
12116.667,-5.351984,-13.293254
12133.333,-5.149206,-13.3412695
12150.0,-5.0410714,-13.398809
12166.667,-4.9698415,-13.45
12183.333,-4.953968,-13.491667
12200.0,-4.938095,-13.533334
12216.667,-4.936111,-13.633532
12233.333,-4.934127,-13.73373
12250.0,-4.929762,-13.806547
12266.667,-4.9238095,-13.861111
12283.333,-4.927381,-13.897619
12300.0,-4.9690475,-13.861905
12316.667,-5.010714,-13.826191
12333.333,-5.0444446,-13.804762
12350.0,-5.0761905,-13.786904
12366.667,-5.4650793,-13.622222
12383.333,-6.389683,-13.237302
12400.0,-7.3142858,-12.852381
12416.667,-7.413492,-12.812698
12433.333,-7.5126987,-12.773016
12450.0,-7.590476,-12.734524
12466.667,-7.6539683,-12.696825
12483.333,-7.713492,-12.669444
12500.0,-7.757143,-12.683333
12516.667,-7.8007936,-12.697222
12533.333,-7.8174605,-12.728572
12550.0,-7.827381,-12.764286
12566.667,-7.834127,-12.7579365
12583.333,-7.836111,-12.688492
12600.0,-7.838095,-12.619047
12616.667,-7.7309523,-12.462301
12633.333,-7.6238093,-12.305555
12650.0,-7.516667,-12.195238
12666.667,-7.409524,-12.115873
12683.333,-7.3007936,-12.037302
12700.0,-7.1857142,-11.961905
12716.667,-7.070635,-11.886508
12733.333,-7.0142856,-11.359524
12750.0,-6.972619,-10.719643
12766.667,-6.96746,-8.790873
12783.333,-7.0170636,-4.92877
12800.0,-7.0666666,-1.0666667
12816.667,-7.005159,-0.72936505
12833.333,-6.9436507,-0.3920635
12850.0,-6.885714,-0.25238097
12866.667,-6.8301587,-0.24444444
12883.333,-6.775,-0.23492064
12900.0,-6.7214284,-0.21904762
12916.667,-6.667857,-0.2031746
12933.333,-6.6666665,-0.2031746
12950.0,-6.678571,-0.20714286
12966.667,-6.669048,-0.17619048
12983.333,-6.627381,-0.092857145
13000.0,-6.5857143,-0.00952381
13016.667,-6.5579367,0.06587302
13033.333,-6.5301585,0.14126985
13050.0,-6.515476,0.2297619
13066.667,-6.509524,0.32698414
13083.333,-6.504365,0.41111112
13100.0,-6.502381,0.44285715
13116.667,-6.5003967,0.47460318
13133.333,-6.4880953,0.48253968
13150.0,-6.473214,0.4845238
13166.667,-6.4869046,0.4738095
13183.333,-6.5434523,0.44404763
13200.0,-6.6,0.41428572
13216.667,-7.131746,1.3230159
13233.333,-7.663492,2.231746
13250.0,-7.8892856,2.6309524
13266.667,-7.911111,2.6904762
13283.333,-7.938095,2.7305555
13300.0,-7.9857144,2.692857
13316.667,-8.033334,2.6551588
13333.333,-8.073016,2.6587303
13350.0,-8.110714,2.672619
13366.667,-8.157143,2.6936507
13383.333,-8.216666,2.7253969
13400.0,-8.276191,2.7571428
13416.667,-8.11746,2.3880951
13433.333,-7.95873,2.0190477
13450.0,-5.9625,-0.9089286
13466.667,-2.7412698,-5.542857
13483.333,-0.09781746,-9.297024
13500.0,0.2345238,-9.532143
13516.667,0.5668651,-9.7672615
13533.333,0.67460316,-9.8412695
13550.0,0.72619045,-9.875
13566.667,0.77301586,-10.174207
13583.333,0.8126984,-10.871627
13600.0,0.85238093,-11.569048
13616.667,1.1480159,-13.264484
13633.333,1.4436508,-14.959921
13650.0,1.6059524,-15.7
13666.667,1.679365,-15.803175
13683.333,1.7468253,-15.896031
13700.0,1.7904762,-15.947619
13716.667,1.834127,-15.999207
13733.333,1.847619,-16.020636
13750.0,1.8535714,-16.034523
13766.667,1.8468254,-16.073015
13783.333,1.8210317,-16.148413
13800.0,1.7952381,-16.22381
13816.667,1.7813492,-16.26746
13833.333,1.7674603,-16.311111
13850.0,1.727381,-16.315475
13866.667,1.6698413,-16.293652
13883.333,1.6051587,-16.26865
13900.0,1.5119047,-16.230953
13916.667,1.4186507,-16.193254
13933.333,1.2952381,-16.127777
13950.0,1.1642857,-16.055357
13966.667,1.0253968,-15.975794
13983.333,0.87460315,-15.885516
14000.0,0.72380954,-15.7952385
14016.667,0.44900793,-15.72877
14033.333,0.17420635,-15.662302
14050.0,-0.067261904,-15.571428
14066.667,-0.28650793,-15.464286
14083.333,-0.50674605,-15.341468
14100.0,-0.7309524,-15.155952
14116.667,-0.9551587,-14.970436
14133.333,-1.1460317,-14.814285
14150.0,-1.3285714,-14.665476
14166.667,-1.5230159,-14.4777775
14183.333,-1.7353175,-14.231746
14200.0,-1.9476191,-13.985714
14216.667,-2.0954366,-13.552182
14233.333,-2.243254,-13.11865
14250.0,-3.2404761,-10.619643
14266.667,-4.8039684,-6.743651
14283.333,-6.1319447,-3.4900794
14300.0,-6.517857,-2.7261906
14316.667,-6.90377,-1.9623016
14333.333,-7.0285716,-1.8174603
14350.0,-7.088095,-1.8273809
14366.667,-7.1238093,-1.8531746
14383.333,-7.1238093,-1.9027778
14400.0,-7.1238093,-1.9523809
14416.667,-7.161508,-1.9146825
14433.333,-7.1992064,-1.8769841
14450.0,-7.229762,-1.854762
14466.667,-7.2555556,-1.8428571
14483.333,-7.277381,-1.8440477
14500.0,-7.2833333,-1.897619
14516.667,-7.2892857,-1.9511905
14533.333,-6.8984127,-3.147619
14550.0,-6.4083333,-4.6297617
14566.667,-5.8492064,-6.188095
14583.333,-5.1865077,-7.8607144
14600.0,-4.5238094,-9.533334
14616.667,-4.498016,-9.67619
14633.333,-4.4722223,-9.819048
14650.0,-4.491667,-9.892858
14666.667,-4.54127,-9.920635
14683.333,-4.5875,-9.9597225
14700.0,-4.6202383,-10.044047
14716.667,-4.652976,-10.128373
14733.333,-4.695238,-10.206349
14750.0,-4.739881,-10.282738
14766.667,-4.7690477,-10.3527775
14783.333,-4.775,-10.413294
14800.0,-4.7809525,-10.473809
14816.667,-4.7234125,-11.67123
14833.333,-4.665873,-12.86865
14850.0,-4.6309524,-13.542262
14866.667,-4.611111,-13.866667
14883.333,-4.5968256,-14.143849
14900.0,-4.604762,-14.232142
14916.667,-4.6126986,-14.3204365
14933.333,-4.6126986,-14.3204365
14950.0,-4.6126986,-14.3204365
