0.0,-7.4142857,-4.733333
16.666666,-7.420238,-4.7214284
33.333332,-7.4261904,-4.7095237
50.0,-7.420238,-4.705952
66.666664,-7.406349,-4.7079363
83.333336,-7.3968253,-4.7126985
100.0,-7.404762,-4.7285714
116.666664,-7.4126983,-4.7444444
133.33333,-7.390476,-4.7555556
150.0,-7.3607144,-4.765476
166.66667,-7.343254,-4.7849207
183.33333,-7.344246,-4.8186507
200.0,-7.345238,-4.8523808
216.66667,-7.3343253,-4.882143
233.33333,-7.323413,-4.911905
250.0,-7.7690477,-6.154762
266.66666,-8.519048,-8.206349
283.33334,-9.122222,-9.848016
300.0,-9.138095,-9.85
316.66666,-9.153968,-9.851984
333.33334,-9.160317,-9.852381
350.0,-9.164286,-9.852381
366.66666,-9.154762,-9.865079
383.33334,-9.125,-9.896826
400.0,-9.095238,-9.928572
416.66666,-9.076389,-9.935515
433.33334,-9.05754,-9.94246
450.0,-9.041072,-9.977976
466.66666,-9.026191,-10.032539
483.33334,-9.014683,-10.076191
500.0,-9.016666,-10.076191
516.6667,-9.018651,-10.076191
533.3333,-9.028571,-10.053968
550.0,-9.040476,-10.026191
566.6667,-9.042857,-10.004762
583.3333,-9.030952,-9.992857
600.0,-9.019048,-9.980952
616.6667,-9.0150795,-9.982937
633.3333,-9.011111,-9.9849205
650.0,-9.029762,-9.994047
666.6667,-9.063492,-10.0079365
683.3333,-8.986508,-9.901984
700.0,-8.466666,-9.316667
716.6667,-7.9468255,-8.731349
733.3333,-7.8396826,-8.625397
750.0,-7.8357143,-8.639286
766.6667,-7.8261905,-8.6587305
783.3333,-7.8083334,-8.686508
800.0,-7.7904763,-8.714286
816.6667,-7.7805557,-8.751985
833.3333,-7.770635,-8.789682
850.0,-7.741667,-8.804167
866.6667,-7.7,-8.803175
883.3333,-7.6670637,-8.803175
900.0,-7.669048,-8.807143
916.6667,-7.671032,-8.811111
933.3333,-7.673016,-8.842857
950.0,-7.675,-8.881548
966.6667,-7.681746,-8.885715
983.3333,-7.695635,-8.838096
1000.0,-7.7095237,-8.790476
1016.6667,-7.701587,-8.713096
1033.3334,-7.6936507,-8.635715
1050.0,-7.672619,-8.590476
1066.6666,-7.642857,-8.566667
1083.3334,-7.611508,-8.552381
1100.0,-7.5738096,-8.576191
1116.6666,-7.536111,-8.6
1133.3334,-7.5,-8.579365
1150.0,-7.464286,-8.547619
1166.6666,-7.4420633,-8.484127
1183.3334,-7.440079,-8.373015
1200.0,-7.438095,-8.261905
1216.6666,-7.4569445,-8.218254
1233.3334,-7.475794,-8.174603
1250.0,-7.492262,-8.138095
1266.6666,-7.507143,-8.106349
1283.3334,-7.5214286,-8.078175
1300.0,-7.5333333,-8.064285
1316.6666,-7.545238,-8.050397
1333.3334,-9.611111,-8.003175
1350.0,-12.190476,-7.947619
1366.6666,-13.759523,-7.9015875
1383.3334,-13.813095,-7.869841
1400.0,-13.866667,-7.838095
1416.6666,-13.86865,-7.788492
1433.3334,-13.870635,-7.7388887
1450.0,-13.858334,-7.733333
1466.6666,-13.836508,-7.757143
1483.3334,-13.816667,-7.7746034
1500.0,-13.804762,-7.766667
1516.6666,-13.792857,-7.75873
1533.3334,-13.819048,-7.733333
1550.0,-13.854762,-7.7035713
1566.6666,-13.884921,-7.6809525
1583.3334,-13.906746,-7.669048
1600.0,-13.928572,-7.6571426
1616.6666,-13.952381,-7.693849
1633.3334,-13.976191,-7.7305555
1650.0,-13.9964285,-7.7458334
1666.6666,-14.014286,-7.746825
1683.3334,-14.032539,-7.742857
1700.0,-14.052381,-7.7190475
1716.6666,-14.072222,-7.695238
1733.3334,-14.07381,-7.713492
1750.0,-14.070833,-7.742262
1766.6666,-13.713492,-7.6468253
1783.3334,-12.824603,-7.3650794
1800.0,-11.935715,-7.0833335
1816.6666,-9.954563,-6.407738
1833.3334,-7.9734125,-5.732143
1850.0,-7.213095,-5.45
1866.6666,-7.266667,-5.4301586
1883.3334,-7.3115077,-5.4206347
1900.0,-7.321429,-5.452381
1916.6666,-7.3313494,-5.484127
1933.3334,-7.3523808,-5.5015874
1950.0,-7.3761907,-5.515476
1966.6666,-7.384127,-5.5341268
1983.3334,-7.368254,-5.559921
2000.0,-7.3523808,-5.5857143
2016.6666,-7.36627,-5.6015873
2033.3334,-7.380159,-5.6174603
2050.0,-7.404762,-5.6107144
2066.6667,-7.4365077,-5.588889
2083.3333,-7.4531746,-5.5694447
2100.0,-7.409524,-5.5595236
2116.6667,-7.365873,-5.549603
2133.3333,-7.336508,-5.5396824
2150.0,-7.3107142,-5.529762
2166.6667,-7.288889,-5.5380955
2183.3333,-7.273016,-5.5738096
2200.0,-7.257143,-5.609524
2216.6667,-7.290873,-5.6373014
2233.3333,-7.324603,-5.6650796
2250.0,-7.7083335,-5.8529763
2266.6667,-8.325397,-6.1476192
2283.3333,-8.822619,-6.384722
2300.0,-8.840476,-6.391667
2316.6667,-8.858334,-6.398611
2333.3333,-8.864285,-6.4214287
2350.0,-8.867262,-6.448214
2366.6667,-8.865477,-6.465476
2383.3333,-8.856547,-6.4684525
2400.0,-8.847619,-6.4714284
2416.6667,-8.855556,-6.4734125
2433.3333,-8.863492,-6.4753966
2450.0,-8.882143,-6.4738097
2466.6667,-8.907936,-6.4698415
2483.3333,-8.926587,-6.463492
2500.0,-8.916667,-6.447619
2516.6667,-8.906746,-6.431746
2533.3333,-8.893651,-6.3968253
2550.0,-8.879762,-6.357143
2566.6667,-8.864285,-6.327778
2583.3333,-8.846429,-6.313889
2600.0,-8.828571,-6.3
2616.6667,-8.820635,-6.4964285
2633.3333,-8.812698,-6.6928573
2650.0,-8.773809,-7.036905
2666.6667,-8.714286,-7.479365
2683.3333,-8.663492,-7.8333335
2700.0,-8.647619,-7.8333335
2716.6667,-8.631746,-7.8333335
2733.3333,-8.622222,-7.866667
2750.0,-8.614285,-7.9083333
2766.6667,-8.596032,-7.9154763
2783.3333,-8.562302,-7.8708334
2800.0,-8.528571,-7.8261905
2816.6667,-8.482937,-7.741865
2833.3333,-8.437302,-7.65754
2850.0,-8.413095,-7.6130953
2866.6667,-8.403174,-7.595238
2883.3333,-8.385516,-7.5795636
2900.0,-8.336905,-7.572619
2916.6667,-8.288294,-7.565675
2933.3333,-8.242857,-7.5396824
2950.0,-8.198215,-7.508929
2966.6667,-8.156349,-7.486111
2983.3333,-8.11865,-7.4751983
3000.0,-8.080953,-7.464286
3016.6667,-8.05119,-7.332341
3033.3333,-8.021428,-7.200397
3050.0,-7.814881,-6.659524
3066.6667,-7.490476,-5.8460317
3083.3333,-7.230754,-5.177778
3100.0,-7.229762,-5.090476
3116.6667,-7.22877,-5.003175
3133.3333,-7.2444444,-4.9492064
3150.0,-7.2642856,-4.9035716
3166.6667,-7.266667,-4.8690476
3183.3333,-7.242857,-4.8511906
3200.0,-7.2190475,-4.8333335
3216.6667,-7.2210317,-4.8115077
3233.3333,-7.223016,-4.7896824
3250.0,-7.233333,-4.7785716
3266.6667,-7.2492065,-4.7746034
3283.3333,-7.267262,-4.779762
3300.0,-7.294048,-4.821429
3316.6667,-7.320833,-4.8630953
3333.3333,-7.3349204,-4.863492
3350.0,-7.3458333,-4.8535714
3366.6667,-7.3619046,-4.8333335
3383.3333,-7.385714,-4.797619
3400.0,-7.409524,-4.7619047
3416.6667,-7.4214287,-4.696429
3433.3333,-7.4333334,-4.6309524
3450.0,-7.4309525,-4.6190476
3466.6667,-7.419048,-4.642857
3483.3333,-7.411905,-4.6650796
3500.0,-7.4238095,-4.6809525
3516.6667,-7.4357142,-4.6968255
3533.3333,-7.453968,-4.6920633
3550.0,-7.4738097,-4.6821427
3566.6667,-7.4900794,-4.6781745
3583.3333,-7.5009923,-4.683135
3600.0,-7.5119047,-4.688095
3616.6667,-7.5248017,-4.7089286
3633.3333,-7.5376983,-4.729762
3650.0,-7.536905,-4.7464285
3666.6667,-7.526984,-4.7603173
3683.3333,-7.5194445,-4.763492
3700.0,-7.5214286,-4.7238097
3716.6667,-7.5234127,-4.684127
3733.3333,-7.54127,-4.6571426
3750.0,-7.563095,-4.633333
3766.6667,-7.575,-4.6138887
3783.3333,-7.572024,-4.600992
3800.0,-7.5690475,-4.588095
3816.6667,-7.5710316,-4.5900793
3833.3333,-7.5730157,-4.5920634
3850.0,-7.5565476,-4.616071
3866.6667,-7.5277777,-4.654762
3883.3333,-7.5079365,-4.683135
3900.0,-7.5238094,-4.670238
3916.6667,-7.5396824,-4.6573415
3933.3333,-7.5492063,-4.649206
3950.0,-7.5571427,-4.642262
3966.6667,-7.548016,-4.642857
3983.3333,-7.5132937,-4.654762
4000.0,-7.4785714,-4.6666665
4016.6667,-7.459722,-4.696429
4033.3333,-7.440873,-4.7261906
4050.0,-7.4345236,-4.741667
4066.6667,-7.4365077,-4.747619
4083.3333,-7.447619,-4.743651
4100.0,-7.4952383,-4.7
4116.6665,-7.542857,-4.656349
4133.3335,-7.5555553,-4.6349206
4150.0,-7.5595236,-4.6190476
4166.6665,-7.5531745,-4.6031747
4183.3335,-7.531349,-4.5873017
4200.0,-7.509524,-4.571429
4216.6665,-7.497619,-4.515873
4233.3335,-7.4857144,-4.4603176
4250.0,-7.479762,-4.4166665
4266.6665,-7.477778,-4.3809524
4283.3335,-7.4773808,-4.350794
4300.0,-7.483333,-4.3428574
4316.6665,-7.489286,-4.3349204
4333.3335,-7.4960318,-4.3261905
4350.0,-7.5029764,-4.3172617
4366.6665,-7.510714,-4.2900796
4383.3335,-7.519643,-4.235516
4400.0,-7.5285716,-4.1809525
4416.6665,-7.5563493,-4.147222
4433.3335,-7.584127,-4.113492
4450.0,-7.5940475,-4.109524
4466.6665,-7.5920634,-4.1253967
4483.3335,-7.588095,-4.1392856
4500.0,-7.5761905,-4.145238
4516.6665,-7.5642858,-4.1511903
4533.3335,-7.5761905,-4.1380954
4550.0,-7.5940475,-4.1202383
4566.6665,-7.6138887,-4.099603
4583.3335,-7.6367064,-4.0748014
4600.0,-7.659524,-4.05
4616.6665,-7.648611,-4.033135
4633.3335,-7.6376987,-4.0162697
4650.0,-7.625,-4.0321426
4666.6665,-7.611111,-4.0698414
4683.3335,-7.600794,-4.1059523
4700.0,-7.604762,-4.135714
4716.6665,-7.6087303,-4.1654763
4733.3335,-7.6214285,-4.174603
4750.0,-7.6363096,-4.178571
4766.6665,-7.654365,-4.1968255
4783.3335,-7.6771827,-4.236508
4800.0,-7.7,-4.2761903
4816.6665,-7.7079363,-4.265278
4833.3335,-7.7158732,-4.254365
4850.0,-7.7011905,-4.2565475
4866.6665,-7.6714287,-4.2674603
4883.3335,-7.6468253,-4.276984
4900.0,-7.642857,-4.2809525
4916.6665,-7.638889,-4.2849207
4933.3335,-7.6285715,-4.3
4950.0,-7.616667,-4.3178573
4966.6665,-7.6059523,-4.329762
4983.3335,-7.597024,-4.332738
5000.0,-7.588095,-4.3357143
5016.6665,-7.579167,-4.3406744
5033.3335,-7.570238,-4.345635
5050.0,-7.561905,-4.354762
5066.6665,-7.5539684,-4.366667
5083.3335,-7.230159,-4.3059525
5100.0,-5.642857,-3.954762
5116.6665,-4.0555553,-3.6035714
5133.3335,-3.7190475,-3.511111
5150.0,-3.695238,-3.4833333
5166.6665,-3.6734128,-3.4579365
5183.3335,-3.6545634,-3.4361112
5200.0,-3.6357143,-3.4142857
5216.6665,-3.6109128,-3.434127
5233.3335,-3.586111,-3.4539683
5250.0,-3.5690477,-3.4690475
5266.6665,-3.557143,-3.4809523
5283.3335,-3.5428572,-3.4829366
5300.0,-3.5190477,-3.445238
5316.6665,-3.495238,-3.4075396
5333.3335,-3.4666667,-3.3952382
5350.0,-3.4369047,-3.3892858
5366.6665,-3.4198413,-3.3769841
5383.3335,-3.4218254,-3.3551588
5400.0,-3.4238095,-3.3333333
5416.6665,-3.4416666,-3.2996032
5433.3335,-3.459524,-3.265873
5450.0,-3.4738095,-3.2511904
5466.6665,-3.4857142,-3.2492063
5483.3335,-3.4934523,-3.2376983
5500.0,-3.4845238,-3.1880953
5516.6665,-3.4755952,-3.138492
5533.3335,-3.4650793,-3.1
5550.0,-3.4541667,-3.0642858
5566.6665,-3.442857,-3.047619
5583.3335,-3.4309523,-3.0595238
5600.0,-3.4190476,-3.0714285
5616.6665,-3.4329364,-3.077381
5633.3335,-3.4468255,-3.0833333
5650.0,-3.4630952,-3.084524
5666.6665,-3.4809523,-3.0825398
5683.3335,-3.4988096,-3.0781746
5700.0,-3.5166667,-3.0642858
5716.6665,-3.5345237,-3.050397
5733.3335,-3.5555556,-3.0857143
5750.0,-3.577381,-3.1333334
5766.6665,-3.5928571,-3.1801586
5783.3335,-3.5988095,-3.2257936
5800.0,-3.6047618,-3.2714286
5816.6665,-3.6186507,-3.2714286
5833.3335,-3.6325397,-3.2714286
5850.0,-3.6357143,-3.2583334
5866.6665,-3.631746,-3.236508
5883.3335,-3.6349206,-3.2178571
5900.0,-3.6666667,-3.2119048
5916.6665,-3.6984127,-3.2059524
5933.3335,-5.1079364,-3.704762
5950.0,-6.8619046,-4.329762
5966.6665,-7.9174604,-4.75
5983.3335,-7.925397,-4.8630953
6000.0,-7.9333334,-4.9761906
6016.6665,-7.9085317,-4.9920635
6033.3335,-7.88373,-5.0079365
6050.0,-7.867262,-5.029762
6066.6665,-7.856349,-5.0555553
6083.3335,-7.8448415,-5.0694447
6100.0,-7.830952,-5.035714
6116.6665,-7.8170633,-5.001984
6133.3335,-7.7873015,-4.984127
6150.0,-7.7535715,-4.970238
6166.6665,-7.7515874,-4.943254
6183.3335,-7.797222,-4.896627
6200.0,-7.8428574,-4.85
6216.6665,-7.856746,-4.8013887
6233.3335,-7.870635,-4.7527776
6250.0,-7.8702383,-4.733333
6266.6665,-7.860317,-4.733333
6283.3335,-7.8440475,-4.7309523
6300.0,-7.802381,-4.7190475
6316.6665,-7.760714,-4.707143
6333.3335,-7.029365,-5.0444446
6350.0,-6.125595,-5.4690475
6366.6665,-5.5424604,-5.763492
6383.3335,-5.4402776,-5.8626986
6400.0,-5.338095,-5.9619045
6416.6665,-5.334127,-5.9867063
6433.3335,-5.3301587,-6.011508
6450.0,-5.345238,-6.0232143
6466.6665,-5.373016,-6.0261903
6483.3335,-5.395635,-6.0353174
6500.0,-5.3976192,-6.0690475
6516.6665,-5.3996034,-6.102778
6533.3335,-5.393651,-6.115873
6550.0,-5.385714,-6.1238093
6566.6665,-5.381746,-6.1190476
6583.3335,-5.38373,-6.095238
6600.0,-5.385714,-6.071429
6616.6665,-5.365873,-6.1309524
6633.3335,-5.3460317,-6.1904764
6650.0,-5.3488097,-6.2261906
6666.6665,-5.366667,-6.2460318
6683.3335,-5.386508,-6.264683
6700.0,-5.4142857,-6.2785716
6716.6665,-5.4420633,-6.2924604
6733.3335,-5.4619045,-6.3126984
6750.0,-5.479762,-6.3345237
6766.6665,-5.4984126,-6.3523808
6783.3335,-5.518254,-6.364286
6800.0,-5.5380955,-6.3761907
6816.6665,-5.548016,-6.37123
6833.3335,-5.5579367,-6.36627
6850.0,-5.55,-6.4065475
6866.6665,-5.5301585,-6.476984
6883.3335,-5.512897,-6.5353174
6900.0,-5.5059524,-6.545238
6916.6665,-5.4990077,-6.5551586
6933.3335,-5.5301585,-6.5539684
6950.0,-5.570833,-6.55
6966.6665,-5.5944443,-6.547619
6983.3335,-5.59246,-6.547619
7000.0,-5.590476,-6.547619
7016.6665,-5.61627,-6.573413
7033.3335,-5.6420636,-6.5992064
7050.0,-5.6559525,-6.6214285
7066.6665,-5.661905,-6.6412697
7083.3335,-5.6670637,-6.6623015
7100.0,-5.669048,-6.688095
7116.6665,-5.671032,-6.713889
7133.3335,-5.679365,-6.7222223
7150.0,-5.6892858,-6.7261906
7166.6665,-5.7,-6.7190475
7183.3335,-5.7119045,-6.695238
7200.0,-5.7238097,-6.6714287
7216.6665,-5.7714286,-6.6386905
7233.3335,-5.8190475,-6.6059523
7250.0,-5.8464284,-6.573214
7266.6665,-5.860317,-6.5404763
7283.3335,-5.8777776,-6.511508
7300.0,-5.909524,-6.497619
7316.6665,-5.94127,-6.4837303
7333.3335,-5.963492,-6.452381
7350.0,-5.983333,-6.4166665
7366.6665,-5.9952383,-6.3944445
7383.3335,-5.9952383,-6.3924603
7400.0,-5.9952383,-6.390476
7416.6665,-6.0011907,-6.390476
7433.3335,-6.007143,-6.390476
7450.0,-6.0380955,-6.3976192
7466.6665,-6.0857143,-6.409524
7483.3335,-6.1297617,-6.4218254
7500.0,-6.159524,-6.4357142
7516.6665,-6.1892858,-6.449603
7533.3335,-6.2158732,-6.447619
7550.0,-6.241667,-6.4416666
7566.6665,-6.265873,-6.4373016
7583.3335,-6.2876983,-6.4353175
7600.0,-6.3095236,-6.4333334
7616.6665,-6.3511906,-6.413492
7633.3335,-6.392857,-6.393651
7650.0,-6.4357142,-6.384524
7666.6665,-6.479365,-6.3825397
7683.3335,-6.519841,-6.3777776
7700.0,-6.547619,-6.3619046
7716.6665,-6.575397,-6.3460317
7733.3335,-6.597619,-6.3039684
7750.0,-6.6184525,-6.2553573
7766.6665,-6.643254,-6.201984
7783.3335,-6.674008,-6.141468
7800.0,-6.704762,-6.080952
7816.6665,-6.7166667,-6.0373015
7833.3335,-6.7285714,-5.993651
7850.0,-6.733333,-5.9785714
7866.6665,-6.733333,-5.9825397
7883.3335,-6.734524,-5.9751983
7900.0,-6.740476,-5.922619
7916.6665,-6.7464285,-5.8700395
7933.3335,-6.757143,-5.8174605
7950.0,-6.7690477,-5.764881
7966.6665,-6.788889,-5.7198415
7983.3335,-6.820635,-5.686111
8000.0,-6.8523808,-5.652381
8016.6665,-6.898016,-5.650397
8033.3335,-6.9436507,-5.6484127
8050.0,-7.0,-5.6440477
8066.6665,-7.0634923,-5.6380954
8083.3335,-7.122619,-5.6309524
8100.0,-7.1642857,-5.6190476
8116.6665,-7.205952,-5.607143
8133.3335,-7.2492065,-5.649206
8150.0,-7.292857,-5.704762
8166.6665,-7.338889,-5.747619
8183.3335,-7.388492,-5.7714286
8200.0,-7.438095,-5.795238
8216.667,-7.450992,-5.8031745
8233.333,-7.463889,-5.811111
8250.0,-7.4946427,-5.8071427
8266.667,-7.5373015,-5.795238
8283.333,-7.575397,-5.785714
8300.0,-7.595238,-5.785714
8316.667,-7.6150794,-5.785714
8333.333,-7.646032,-5.8190475
8350.0,-7.679762,-5.8607144
8366.667,-7.723016,-5.911111
8383.333,-7.7805557,-5.974603
8400.0,-7.838095,-6.0380955
8416.667,-7.838095,-5.988492
8433.333,-7.838095,-5.938889
8450.0,-7.8702383,-5.8976192
8466.667,-7.9238095,-5.8619046
8483.333,-7.9710317,-5.827778
8500.0,-7.992857,-5.8
8516.667,-8.014683,-5.772222
8533.333,-8.031746,-5.7603173
8550.0,-8.047619,-5.752381
8566.667,-8.072222,-5.743651
8583.333,-8.1099205,-5.7337303
8600.0,-8.147619,-5.7238097
8616.667,-8.111905,-5.703968
8633.333,-8.076191,-5.684127
8650.0,-8.059524,-5.6666665
8666.667,-8.055555,-5.6507936
8683.333,-8.046429,-5.6170635
8700.0,-8.016666,-5.5119047
8716.667,-7.9869046,-5.406746
8733.333,-7.954762,-5.3174605
8750.0,-7.922024,-5.232143
8766.667,-7.9154763,-5.154762
8783.333,-7.948214,-5.089286
8800.0,-7.9809523,-5.0238094
8816.667,-7.976984,-4.9543653
8833.333,-7.973016,-4.8849206
8850.0,-7.9601192,-4.820833
8866.667,-7.94127,-4.7603173
8883.333,-7.922817,-4.7037697
8900.0,-7.9059525,-4.6630955
8916.667,-7.889087,-4.622421
8933.333,-7.879365,-4.572222
8950.0,-7.8714285,-4.519643
8966.667,-7.8626986,-4.4678574
8983.333,-7.852778,-4.417262
9000.0,-7.8428574,-4.366667
9016.667,-7.8031745,-4.281349
9033.333,-7.763492,-4.1960316
9050.0,-7.742857,-2.3988094
9066.667,-7.7349205,0.53968257
9083.333,-7.722619,3.0684524
9100.0,-7.6928573,3.9583333
9116.667,-7.6630955,4.848214
9133.333,-7.6531744,5.0301585
9150.0,-7.6482143,5.035119
9166.667,-7.644841,5.0404763
9183.333,-7.6438494,5.0464287
9200.0,-7.642857,5.052381
9216.667,-7.6170635,5.084127
9233.333,-7.59127,5.115873
9250.0,-7.570238,5.1369047
9266.667,-7.552381,5.1507936
9283.333,-7.536111,5.1440477
9300.0,-7.5261903,5.054762
9316.667,-7.5162697,4.965476
9333.333,-7.496825,4.889683
9350.0,-7.475,4.8172617
9366.667,-7.457143,4.760714
9383.333,-7.445238,4.7279763
9400.0,-7.4333334,4.695238
9416.667,-7.4035716,4.6813493
9433.333,-7.3738093,4.6674604
9450.0,-7.3880954,4.6583333
9466.667,-7.431746,4.652381
9483.333,-7.472619,4.643651
9500.0,-7.502381,4.6238093
9516.667,-7.5321426,4.603968
9533.333,-7.545238,4.5968256
9550.0,-7.554167,4.5928574
9566.667,-7.588889,4.5349207
9583.333,-7.6623015,4.396032
9600.0,-7.7357144,4.257143
9616.667,-8.45496,2.2988095
9633.333,-9.174207,0.34047619
9650.0,-9.479762,-0.42976192
9666.667,-9.509523,-0.4079365
9683.333,-9.534524,-0.3809524
9700.0,-9.540476,-0.33333334
9716.667,-9.546429,-0.2857143
9733.333,-9.561905,-0.24444444
9750.0,-9.5797615,-0.20476191
9766.667,-9.598809,-0.16468254
9783.333,-9.619643,-0.12400793
9800.0,-9.640476,-0.083333336
9816.667,-9.667262,-0.06845238
9833.333,-9.694048,-0.05357143
9850.0,-9.710714,-0.03809524
9866.667,-9.720634,-0.022222223
9883.333,-9.729762,-0.008333334
9900.0,-9.735714,-0.0023809525
9916.667,-9.741667,0.0035714286
9933.333,-9.757143,0.012698413
9950.0,-9.775,0.022619048
9966.667,-9.799207,0.030952381
9983.333,-9.832936,0.036904763
10000.0,-9.866667,0.042857144
10016.667,-9.904366,0.011111111
10033.333,-9.942063,-0.020634921
10050.0,-9.936905,-0.06666667
10066.667,-9.903174,-0.12222222
10083.333,-9.87381,-0.17579365
10100.0,-9.861905,-0.22142857
10116.667,-9.85,-0.2670635
10133.333,-9.856349,-0.30476192
10150.0,-9.867262,-0.34047619
10166.667,-9.888492,-0.3809524
10183.333,-9.925199,-0.42857143
10200.0,-9.961905,-0.47619048
10216.667,-9.987699,-0.48809522
10233.333,-10.013492,-0.5
10250.0,-10.021428,-0.52380955
10266.667,-10.01746,-0.5555556
10283.333,-10.013293,-0.58809525
10300.0,-10.008333,-0.6238095
10316.667,-10.003373,-0.6595238
10333.333,-9.979365,-1.3698412
10350.0,-9.950595,-2.2488096
10366.667,-9.913492,-2.9920635
10383.333,-9.863889,-3.5317461
10400.0,-9.814285,-4.071429
10416.667,-9.812302,-4.0724206
10433.333,-9.810317,-4.073413
10450.0,-9.809524,-4.044643
10466.667,-9.809524,-3.9960318
10483.333,-9.804365,-3.954762
10500.0,-9.778571,-3.942857
10516.667,-9.752778,-3.9309523
10533.333,-9.736508,-3.9412699
10550.0,-9.722619,-3.9571428
10566.667,-9.702381,-3.970635
10583.333,-9.672619,-3.9805555
10600.0,-9.642858,-3.9904761
10616.667,-9.619047,-3.9845238
10633.333,-9.595238,-3.9785714
10650.0,-9.575595,-3.9630952
10666.667,-9.55873,-3.9412699
10683.333,-9.546627,-3.926984
10700.0,-9.553572,-3.942857
10716.667,-9.560515,-3.9587302
10733.333,-9.557143,-3.9761906
10750.0,-9.55119,-3.9940476
10766.667,-9.553968,-4.0103173
10783.333,-9.569841,-4.024206
10800.0,-9.585714,-4.0380955
10816.667,-9.603572,-4.0579367
10833.333,-9.6214285,-4.077778
10850.0,-9.603572,-4.0833335
10866.667,-9.561905,-4.0793653
10883.333,-9.526389,-4.0742064
10900.0,-9.515476,-4.0642858
10916.667,-9.504563,-4.054365
10933.333,-9.49127,-4.051587
10950.0,-9.477381,-4.0505953
10966.667,-9.475,-4.044048
10983.333,-9.489881,-4.0291667
11000.0,-9.504762,-4.0142856
11016.667,-9.553373,-4.0281744
11033.333,-9.601984,-4.0420637
11050.0,-9.643453,-4.042857
11066.667,-9.680159,-4.0349207
11083.333,-9.706548,-4.0323415
11100.0,-9.691667,-4.0511904
11116.667,-9.676785,-4.0700397
11133.333,-9.655556,-4.0571427
11150.0,-9.632738,-4.0363097
11166.667,-9.619842,-4.020635
11183.333,-9.621825,-4.0126987
11200.0,-9.62381,-4.0047617
11216.667,-9.6099205,-4.018651
11233.333,-9.596032,-4.03254
11250.0,-9.590476,-4.070833
11266.667,-9.590476,-4.1253967
11283.333,-9.591468,-4.1603174
11300.0,-9.596429,-4.116667
11316.667,-9.601389,-4.0730157
11333.333,-9.616667,-4.0571427
11350.0,-9.634523,-4.0482144
11366.667,-9.648016,-4.0373015
11383.333,-9.654961,-4.0234127
11400.0,-9.661904,-4.009524
11416.667,-9.658929,-3.9519842
11433.333,-9.655952,-3.8944445
11450.0,-9.639286,-3.8583333
11466.667,-9.613492,-3.836508
11483.333,-9.591468,-3.8166666
11500.0,-9.584524,-3.804762
11516.667,-9.5775795,-3.7928572
11533.333,-9.607937,-3.768254
11550.0,-9.647619,-3.7404761
11566.667,-9.711111,-3.8460317
11583.333,-9.810317,-4.1515875
11600.0,-9.909524,-4.457143
11616.667,-9.919444,-4.615873
11633.333,-9.929365,-4.7746034
11650.0,-9.935715,-4.811905
11666.667,-9.939683,-4.768254
11683.333,-9.939683,-4.7285714
11700.0,-9.923809,-4.704762
11716.667,-9.907936,-4.6809525
11733.333,-9.904762,-4.6857142
11750.0,-9.904762,-4.697619
11766.667,-9.9087305,-4.7079363
11783.333,-9.918651,-4.7158732
11800.0,-9.928572,-4.7238097
11816.667,-9.94246,-4.7575397
11833.333,-9.956349,-4.79127
11850.0,-9.978572,-4.8178573
11866.667,-10.00635,-4.8396826
11883.333,-10.031349,-4.855159
11900.0,-10.0452385,-4.845238
11916.667,-10.059127,-4.8353176
11933.333,-10.06508,-4.8460317
11950.0,-10.069048,-4.8619046
11966.667,-10.06508,-4.8722224
11983.333,-10.049207,-4.8742065
12000.0,-10.033334,-4.8761907
12016.667,-10.029366,-4.8722224
12033.333,-10.025397,-4.868254
12050.0,-10.023214,-4.8761907
12066.667,-10.0222225,-4.8920636
12083.333,-10.019246,-4.9055557
12100.0,-10.008333,-4.909524
12116.667,-9.99742,-4.913492
12133.333,-9.985714,-4.9206347
12150.0,-9.973809,-4.928571
12166.667,-9.973809,-4.9436507
12183.333,-9.991667,-4.9694443
12200.0,-10.009523,-4.9952383
12216.667,-10.005555,-4.993254
12233.333,-10.001587,-4.99127
12250.0,-9.989285,-4.9761906
12266.667,-9.971429,-4.952381
12283.333,-9.955953,-4.9345236
12300.0,-9.95,-4.9404764
12316.667,-9.944048,-4.946429
12333.333,-9.963492,-4.938095
12350.0,-9.989285,-4.9261904
12366.667,-10.013492,-4.9166665
12383.333,-10.035317,-4.910714
12400.0,-10.057143,-4.904762
12416.667,-10.078968,-4.8809524
12433.333,-10.100794,-4.857143
12450.0,-10.104762,-4.839286
12466.667,-10.096826,-4.825397
12483.333,-10.087698,-4.815873
12500.0,-10.07381,-4.8238096
12516.667,-10.05992,-4.831746
12533.333,-10.036508,-4.847619
12550.0,-10.010715,-4.865476
12566.667,-9.5265875,-4.7896824
12583.333,-8.35496,-4.573413
12600.0,-7.1833334,-4.357143
12616.667,-7.182341,-4.297619
12633.333,-7.1813493,-4.2380953
12650.0,-7.1988096,-4.214286
12666.667,-7.2285714,-4.214286
12683.333,-7.2599206,-4.213889
12700.0,-7.297619,-4.2119045
12716.667,-7.3353176,-4.2099204
12733.333,-7.3746033,-4.2222223
12750.0,-7.4142857,-4.2380953
12766.667,-7.4396825,-4.24127
12783.333,-7.4436507,-4.2253966
12800.0,-7.447619,-4.2095237
12816.667,-7.4545636,-4.2035713
12833.333,-7.461508,-4.197619
12850.0,-7.385714,-4.2017856
12866.667,-7.2547617,-4.2126985
12883.333,-6.3930554,-4.033135
12900.0,-2.6083333,-3.0916667
12916.667,1.1763889,-2.1501985
12933.333,1.9476191,-1.9888889
12950.0,1.9654762,-2.022619
12966.667,1.9793651,-2.0325396
12983.333,1.9873016,-2.006746
13000.0,1.9952381,-1.9809524
13016.667,1.9982142,-1.9779762
13033.333,2.0011904,-1.975
13050.0,2.0035715,-1.9660715
13066.667,2.0055556,-1.9531746
13083.333,2.2803571,-2.384127
13100.0,3.6464286,-4.590476
13116.667,5.0125,-6.7968254
13133.333,5.8444443,-8.657143
13150.0,6.542857,-10.430952
13166.667,6.9507937,-11.489682
13183.333,6.923016,-11.475794
13200.0,6.895238,-11.461905
13216.667,6.8664684,-11.443055
13233.333,6.8376985,-11.424207
13250.0,6.8089285,-11.430357
13266.667,6.7801585,-11.453175
13283.333,6.7555556,-11.479365
13300.0,6.747619,-11.519048
13316.667,6.7396827,-11.55873
13333.333,6.7460318,-11.56508
13350.0,6.7559524,-11.563095
13366.667,6.7492065,-11.962698
13383.333,6.71746,-12.964683
13400.0,6.6857142,-13.966666
13416.667,6.667857,-13.962698
13433.333,6.65,-13.95873
13450.0,6.6238093,-13.94881
13466.667,6.5920634,-13.93492
13483.333,6.5654764,-13.914286
13500.0,6.5595236,-13.866667
13516.667,6.553571,-13.819048
13533.333,6.5555553,-13.776191
13550.0,6.5595236,-13.734524
13566.667,6.552381,-13.7047615
13583.333,6.5285716,-13.692857
13600.0,6.5047617,-13.680952
13616.667,6.4551587,-13.64127
13633.333,6.4055557,-13.601587
13650.0,6.375,-13.575
13666.667,6.357143,-13.557143
13683.333,6.34127,-13.537699
13700.0,6.3333335,-13.511905
13716.667,6.325397,-13.486111
13733.333,6.3174605,-13.446032
13750.0,6.3095236,-13.402381
13766.667,6.2920637,-13.361905
13783.333,6.2603173,-13.326191
13800.0,6.2285714,-13.290476
13816.667,6.2107143,-13.242857
13833.333,6.1928573,-13.195238
13850.0,6.1821427,-13.165476
13866.667,6.1761904,-13.147619
13883.333,6.168254,-13.128968
13900.0,6.152381,-13.107142
13916.667,6.136508,-13.085318
13933.333,6.103968,-13.103174
13950.0,6.0672617,-13.130953
13966.667,6.0353174,-13.13254
13983.333,6.0105157,-13.094841
14000.0,5.9857144,-13.057143
14016.667,5.107738,-12.631548
14033.333,4.229762,-12.205953
14050.0,0.5077381,-10.570833
14066.667,-5.110317,-8.129365
14083.333,-9.615079,-6.1646824
14100.0,-9.666667,-6.107143
14116.667,-9.718254,-6.049603
14133.333,-9.706349,-6.0142856
14150.0,-9.678572,-5.984524
14166.667,-9.655556,-5.9825397
14183.333,-9.639683,-6.022222
14200.0,-9.62381,-6.061905
14216.667,-9.638691,-6.0301585
14233.333,-9.653571,-5.9984126
14250.0,-9.647024,-5.989286
14266.667,-9.62619,-5.9952383
14283.333,-9.594444,-5.8575397
14300.0,-9.519048,-5.145238
14316.667,-9.443651,-4.4329367
14333.333,-9.2952385,-3.1666667
14350.0,-9.1285715,-1.7619047
14366.667,-9.01746,-0.9142857
14383.333,-8.989682,-0.90238094
14400.0,-8.961905,-0.89047617
14416.667,-8.918254,-0.90436506
14433.333,-8.874603,-0.91825396
14450.0,-8.831548,-0.9369048
14466.667,-8.788889,-0.95873016
14483.333,-8.756548,-0.97579366
14500.0,-8.765476,-0.97380954
14516.667,-8.774405,-0.9718254
14533.333,-8.757143,-0.98571426
14550.0,-8.733334,-1.0035714
14566.667,-8.707143,-1.0182539
14583.333,-8.677381,-1.0281746
14600.0,-8.647619,-1.0380952
14616.667,-8.629762,-1.0638889
14633.333,-8.611905,-1.0896826
14650.0,-8.588096,-1.0738095
14666.667,-8.560317,-1.0301588
14683.333,-8.530556,-0.98888886
14700.0,-8.492857,-0.95714283
14716.667,-8.455159,-0.9253968
14733.333,-8.43492,-0.8857143
14750.0,-8.419047,-0.8440476
14766.667,-8.413889,-0.7936508
14783.333,-8.424802,-0.73015875
14800.0,-8.435715,-0.6666667
14816.667,-8.469444,-0.59126985
14833.333,-8.503175,-0.515873
14850.0,-8.538691,-0.44761905
14866.667,-8.575397,-0.384127
14883.333,-8.613889,-0.31944445
14900.0,-8.659524,-0.25
14916.667,-8.705159,-0.18055555
14933.333,-8.726191,-0.15555556
14950.0,-8.741072,-0.14166667
14966.667,-8.759127,-0.12619048
14983.333,-8.781944,-0.108333334
15000.0,-8.804762,-0.09047619
15016.667,-8.844444,-0.076587304
15033.333,-8.884127,-0.06269842
15050.0,-8.902381,-0.041666668
15066.667,-8.906349,-0.015873017
15083.333,-8.907143,0.003968254
15100.0,-8.895238,-4.3368087e-16
15116.667,-8.883333,-0.003968254
15133.333,-8.874603,-0.015873017
15150.0,-8.866667,-0.029761905
15166.667,-8.853969,-0.04761905
15183.333,-8.834127,-0.071428575
15200.0,-8.814285,-0.0952381
15216.667,-8.796429,-0.13690476
15233.333,-8.778571,-0.17857143
15250.0,-8.761905,-0.21130952
15266.667,-8.746032,-0.23809524
15283.333,-8.731746,-0.25972223
15300.0,-8.723809,-0.2607143
15316.667,-8.715873,-0.26170635
15333.333,-8.711111,-0.2825397
15350.0,-8.707143,-0.30833334
15366.667,-8.702381,-0.33730158
15383.333,-8.696428,-0.37103173
15400.0,-8.690476,-0.4047619
15416.667,-8.670635,-0.43452382
15433.333,-8.650794,-0.4642857
15450.0,-8.651191,-0.51666665
15466.667,-8.665079,-0.584127
15483.333,-8.666667,-0.66071427
15500.0,-8.619047,-0.77380955
15516.667,-8.571428,-0.8869048
15533.333,-8.557143,-0.9412698
15550.0,-8.55119,-0.9809524
15566.667,-8.551587,-0.9936508
15583.333,-8.561508,-0.965873
15600.0,-8.571428,-0.9380952
15616.667,-8.583333,-0.9519841
15633.333,-8.595238,-0.965873
15650.0,-8.604762,-0.98214287
15666.667,-8.612699,-1.0
15683.333,-8.623413,-1.0126984
15700.0,-8.645238,-1.0047619
15716.667,-8.667064,-0.9968254
15733.333,-8.693651,-0.9539682
15750.0,-8.721429,-0.90238094
15766.667,-8.747619,-0.87103176
15783.333,-8.771428,-0.8700397
15800.0,-8.7952385,-0.86904764
15816.667,-8.793254,-0.8422619
15833.333,-8.79127,-0.8154762
15850.0,-8.782143,-0.8119048
15866.667,-8.768254,-0.8238095
15883.333,-8.763889,-0.818254
15900.0,-8.797619,-0.74285716
15916.667,-8.831349,-0.6674603
15933.333,-8.819048,-0.6174603
15950.0,-8.7952385,-0.5738095
15966.667,-8.779366,-0.54761904
15983.333,-8.775397,-0.54761904
16000.0,-8.771428,-0.54761904
16016.667,-8.76746,-0.48015872
16033.333,-8.763492,-0.41269842
16050.0,-8.759523,-0.35
16066.667,-8.755555,-0.2904762
16083.333,-8.755953,-0.2531746
16100.0,-8.773809,-0.30476192
16116.667,-8.791667,-0.3563492
16133.333,-8.803968,-0.30952382
16150.0,-8.814881,-0.23809524
16166.667,-8.823413,-0.19007936
16183.333,-8.828373,-0.17718254
16200.0,-8.833333,-0.16428572
16216.667,-8.863095,-0.22876984
16233.333,-8.892858,-0.29325396
16250.0,-8.903571,-0.35595238
16266.667,-8.9015875,-0.41746032
16283.333,-8.900397,-0.48690477
16300.0,-8.902381,-0.58809525
16316.667,-8.904366,-0.6892857
16333.333,-8.896826,-0.74920636
16350.0,-8.886905,-0.7988095
16366.667,-8.878968,-0.8468254
16383.333,-8.874008,-0.89246035
16400.0,-8.869047,-0.9380952
16416.666,-8.8462305,-0.9718254
16433.334,-8.823413,-1.0055555
16450.0,-8.824405,-1.05
16466.666,-8.8412695,-1.1015873
16483.334,-8.858929,-1.1511905
16500.0,-8.879762,-1.1928571
16516.666,-8.900596,-1.2345238
16533.334,-8.907936,-1.252381
16550.0,-8.911904,-1.2642857
16566.666,-8.69881,-1.6813492
16583.334,-8.160119,-2.7061508
16600.0,-7.6214285,-3.7309523
16616.666,-7.6323414,-3.835119
16633.334,-7.643254,-3.9392858
16650.0,-7.641667,-3.9880953
16666.666,-7.631746,-4.0
16683.334,-7.617262,-4.008333
16700.0,-7.5845237,-4.002381
16716.666,-7.551786,-3.9964285
16733.334,-7.536508,-3.9730158
16750.0,-7.525595,-3.945238
16766.666,-7.5277777,-3.934127
16783.334,-7.549603,-3.948016
16800.0,-7.571429,-3.9619048
16816.666,-7.5634923,-3.9400795
16833.334,-7.5555553,-3.918254
16850.0,-7.5583334,-3.8964286
16866.666,-7.568254,-3.8746033
16883.334,-7.5795636,-3.859127
16900.0,-7.5964284,-3.8690476
16916.666,-7.6132936,-3.8789682
16933.334,-7.643651,-3.920635
16950.0,-7.677381,-3.9702382
16966.666,-7.7055554,-4.0162697
16983.334,-7.7253966,-4.0569444
17000.0,-7.7452383,-4.097619
17016.666,-7.742262,-4.126389
17033.334,-7.739286,-4.1551585
17050.0,-7.7380953,-4.169048
17066.666,-7.7380953,-4.173016
17083.334,-7.74127,-4.179365
17100.0,-7.757143,-4.195238
17116.666,-7.773016,-4.211111
17133.334,-7.7746034,-4.21746
17150.0,-7.7726192,-4.2214284
17166.666,-7.7746034,-4.2222223
17183.334,-7.78254,-4.218254
17200.0,-7.7904763,-4.214286
17216.666,-7.820238,-4.1646824
17233.334,-7.85,-4.1150794
17250.0,-7.884524,-4.0988097
17266.666,-7.922222,-4.104762
17283.334,-7.952778,-4.1073413
17300.0,-7.954762,-4.0964284
17316.666,-7.956746,-4.085516
17333.334,-9.326984,-4.3984127
17350.0,-11.039286,-4.792262
17366.666,-12.073016,-5.0047617
17383.334,-12.088889,-4.945238
17400.0,-12.104762,-4.885714
17416.666,-12.084921,-4.889683
17433.334,-12.06508,-4.893651
17450.0,-12.070238,-4.8797617
17466.666,-12.092064,-4.853968
17483.334,-12.112699,-4.828968
17500.0,-12.1285715,-4.8071427
17516.666,-12.144444,-4.7853174
17533.334,-12.150794,-4.7619047
17550.0,-12.154762,-4.7380953
17566.666,-12.1587305,-4.698413
17583.334,-12.162699,-4.6349206
17600.0,-12.166667,-4.571429
17616.666,-12.136905,-4.4583335
17633.334,-12.107142,-4.345238
17650.0,-12.083333,-4.2714286
17666.666,-12.063492,-4.2238097
17683.334,-12.047222,-4.173016
17700.0,-12.0452385,-4.109524
17716.666,-12.043254,-4.046032
17733.334,-12.053968,-4.022222
17750.0,-12.067857,-4.008333
17766.666,-12.067063,-3.9904761
17783.334,-12.044246,-3.9666667
17800.0,-12.021428,-3.942857
17816.666,-12.044246,-3.9388888
17833.334,-12.067063,-3.9349205
17850.0,-12.05119,-3.914881
17866.666,-12.009523,-3.884127
17883.334,-11.977182,-3.8535714
17900.0,-11.982142,-3.8238096
17916.666,-11.987103,-3.7940476
17933.334,-11.973809,-3.7357142
17950.0,-11.955953,-3.670238
17966.666,-11.955159,-3.6289682
17983.334,-11.97996,-3.624008
18000.0,-12.004762,-3.6190476
18016.666,-12.018651,-3.688492
18033.334,-12.032539,-3.7579365
18050.0,-12.036309,-3.8
18066.666,-12.033334,-3.8238096
18083.334,-11.758532,-3.6708333
18100.0,-10.396428,-2.8107142
18116.666,-9.034326,-1.9505953
18133.334,-8.75873,-1.7825397
18150.0,-8.754762,-1.7875
18166.666,-8.7579365,-1.7980158
18183.334,-8.771826,-1.8168651
18200.0,-8.785714,-1.8357143
18216.666,-8.789682,-1.8406746
18233.334,-8.793651,-1.8456349
18250.0,-8.820238,-1.8380952
18266.666,-8.861905,-1.8222222
18283.334,-8.89127,-1.7948413
18300.0,-8.8714285,-1.7214285
18316.666,-8.851587,-1.6480159
18333.334,-8.852381,-1.597619
18350.0,-8.858334,-1.5529761
18366.666,-8.890476,-1.522619
18383.334,-8.961905,-1.5136905
18400.0,-9.033334,-1.5047619
18416.666,-9.059127,-1.506746
18433.334,-9.084921,-1.5087302
18450.0,-9.05119,-1.479762
18466.666,-8.9777775,-1.4301587
18483.334,-8.912302,-1.3819444
18500.0,-8.8785715,-1.3392857
18516.666,-8.844841,-1.2966269
18533.334,-8.844444,-1.2682539
18550.0,-8.852381,-1.2434524
18566.666,-8.853174,-1.2253969
18583.334,-8.843254,-1.2174603
18600.0,-8.833333,-1.2095238
18616.666,-8.827381,-1.2214285
18633.334,-8.821428,-1.2333333
18650.0,-8.817857,-1.2583333
18666.666,-8.815873,-1.2920635
18683.334,-8.820635,-1.3214285
18700.0,-8.852381,-1.3333334
18716.666,-8.884127,-1.3452381
18733.334,-8.906349,-1.3222222
18750.0,-8.92619,-1.2904762
18766.666,-8.930555,-1.2714286
18783.334,-8.911706,-1.2714286
18800.0,-8.892858,-1.2714286
18816.666,-8.877976,-1.2694445
18833.334,-8.863095,-1.2674603
18850.0,-8.848214,-1.2863095
18866.666,-8.833333,-1.3190476
18883.334,-8.828968,-1.3501984
18900.0,-8.866667,-1.375
18916.666,-8.904366,-1.3998016
18933.334,-8.9317465,-1.4055556
18950.0,-8.956548,-1.4065477
18966.666,-8.984127,-1.4138889
18983.334,-9.015873,-1.430754
19000.0,-9.047619,-1.4476191
19016.666,-9.05754,-1.4615079
19033.334,-9.06746,-1.4753969
19050.0,-9.065476,-1.4714285
19066.666,-9.055555,-1.4555556
19083.334,-9.058333,-1.4416667
19100.0,-9.111905,-1.4357142
19116.666,-9.165476,-1.4297619
19133.334,-9.196032,-1.4365079
19150.0,-9.220834,-1.4464285
19166.666,-9.226984,-1.4452381
19183.334,-9.205159,-1.4273809
19200.0,-9.183333,-1.4095238
19216.666,-9.178373,-1.4373016
19233.334,-9.173412,-1.4650793
19250.0,-9.135715,-1.6785715
19266.666,-9.076191,-2.015873
19283.334,-9.027778,-2.3007936
19300.0,-9.023809,-2.3761904
19316.666,-9.019841,-2.4515872
19333.334,-9.025397,-2.4761906
19350.0,-9.033334,-2.4880953
19366.666,-9.043254,-2.4853175
19383.334,-9.05615,-2.460516
19400.0,-9.069048,-2.4357142
19416.666,-9.083928,-2.4089286
19433.334,-9.098809,-2.3821428
19450.0,-9.114285,-2.3785715
19466.666,-9.130158,-2.3904762
19483.334,-9.146826,-2.397619
19500.0,-9.166667,-2.3857143
19516.666,-9.186508,-2.3738096
19533.334,-9.184127,-2.3285713
19550.0,-9.17619,-2.275
19566.666,-9.192857,-2.25
19583.334,-9.2464285,-2.267857
19600.0,-9.3,-2.2857144
19616.666,-9.327778,-2.2718253
19633.334,-9.355556,-2.2579365
19650.0,-9.363095,-2.2535715
19666.666,-9.357142,-2.2555556
19683.334,-9.218849,-2.3545635
19700.0,-8.55119,-2.8416667
19716.666,-7.8835316,-3.32877
19733.334,-7.720635,-3.4539683
19750.0,-7.6839285,-3.4886904
19766.666,-7.661111,-3.5174603
19783.334,-7.6591268,-3.5373015
19800.0,-7.6571426,-3.557143
19816.666,-7.631349,-3.5551586
19833.334,-7.6055555,-3.5531745
19850.0,-7.582143,-3.5345237
19866.666,-7.5603175,-3.504762
19883.334,-7.5420637,-3.479365
19900.0,-7.5380955,-3.4714286
19916.666,-7.5341268,-3.4634922
19933.334,-7.5055556,-3.4619048
19950.0,-7.4708333,-3.4619048
19966.666,-7.445635,-3.4690475
19983.334,-7.4347224,-3.4869049
20000.0,-7.4238095,-3.504762
20016.666,-7.401984,-3.5186508
20033.334,-7.380159,-3.5325396
20050.0,-7.340476,-3.5392857
20066.666,-7.288889,-3.5412698
20083.334,-7.24127,-3.538889
20100.0,-7.2095237,-3.5190477
20116.666,-7.177778,-3.4992063
20133.334,-7.149206,-3.4809523
20150.0,-7.1214285,-3.4630952
20166.666,-7.1055555,-3.4587302
20183.334,-7.1075397,-3.4746032
20200.0,-7.109524,-3.4904761
20216.666,-7.093651,-3.518254
20233.334,-7.077778,-3.5460317
20250.0,-7.0666666,-3.5464287
20266.666,-7.05873,-3.5285714
20283.334,-7.051587,-3.5099206
20300.0,-7.047619,-3.4880953
20316.666,-7.0436506,-3.4662697
20333.334,-8.54127,-3.1825397
20350.0,-10.414286,-2.8333333
20366.666,-11.559524,-2.613492
20383.334,-11.613095,-2.5876985
20400.0,-11.666667,-2.5619047
20416.666,-11.660714,-2.5638888
20433.334,-11.654762,-2.565873
20450.0,-11.630953,-2.5690477
20466.666,-11.595238,-2.573016
20483.334,-11.562302,-2.586508
20500.0,-11.540476,-2.6380951
20516.666,-11.518651,-2.6896825
20533.334,-11.503175,-2.7492063
20550.0,-11.489285,-2.8107142
20566.666,-11.479365,-2.857143
20583.334,-11.475397,-2.8809524
20600.0,-11.471429,-2.9047618
20616.666,-11.483334,-2.8769841
20633.334,-11.495238,-2.8492064
20650.0,-11.5035715,-2.829762
20666.666,-11.509523,-2.815873
20683.334,-11.514683,-2.8087301
20700.0,-11.516666,-2.8285713
20716.666,-11.518651,-2.8484128
20733.334,-11.5222225,-2.8650794
20750.0,-11.526191,-2.8809524
20766.666,-11.523016,-2.8789682
20783.334,-11.509127,-2.8501985
20800.0,-11.495238,-2.8214285
20816.666,-11.49127,-2.7867064
20833.334,-11.487302,-2.7519841
20850.0,-11.460714,-2.7291667
20866.666,-11.419047,-2.7142856
20883.334,-11.383333,-2.703373
20900.0,-11.3714285,-2.7083333
20916.666,-11.359524,-2.7132936
20933.334,-10.793651,-2.6301587
20950.0,-10.089286,-2.525
20966.666,-10.089286,-2.525
20983.334,-10.089286,-2.525
