0.0,-7.4142857,-4.6857142
16.666666,-7.3964286,-4.665873
33.333332,-7.3785715,-4.646032
50.0,-7.382143,-4.651786
66.666664,-7.4,-4.674603
83.333336,-7.4180555,-4.693254
100.0,-7.436905,-4.695238
116.666664,-7.455754,-4.697222
133.33333,-7.461111,-4.7031746
150.0,-7.463095,-4.7101192
166.66667,-7.4511905,-4.704762
183.33333,-7.4184523,-4.6809525
200.0,-7.385714,-4.6571426
216.66667,-7.393651,-4.740476
233.33333,-7.4015875,-4.8238096
250.0,-7.410714,-4.866071
266.66666,-7.4206347,-4.8809524
283.33334,-7.423413,-4.89623
300.0,-7.3976192,-4.9130955
316.66666,-7.371825,-4.9299603
333.33334,-7.3746033,-4.931746
350.0,-7.384524,-4.929762
366.66666,-7.4325395,-5.376984
383.33334,-7.5376983,-6.498016
400.0,-7.642857,-7.6190476
416.66666,-7.7440476,-8.003968
433.33334,-7.845238,-8.388889
450.0,-7.885714,-8.511905
466.66666,-7.885714,-8.460318
483.33334,-7.877381,-8.408334
500.0,-7.8357143,-8.354762
516.6667,-7.794048,-8.30119
533.3333,-7.7761903,-8.287302
550.0,-7.7642856,-8.283334
566.6667,-7.7690477,-8.294444
583.3333,-7.7988095,-8.328175
600.0,-7.8285713,-8.361905
616.6667,-7.822619,-8.298412
633.3333,-7.8166666,-8.2349205
650.0,-7.825,-8.206548
666.6667,-7.8428574,-8.201588
683.3333,-7.8650794,-8.198215
700.0,-7.904762,-8.201191
716.6667,-7.9444447,-8.204166
733.3333,-7.9658732,-8.221429
750.0,-7.982738,-8.242262
766.6667,-7.9869046,-8.263889
783.3333,-7.972024,-8.286706
800.0,-7.957143,-8.309524
816.6667,-7.927381,-8.323413
833.3333,-7.8976192,-8.337301
850.0,-7.866667,-8.338096
866.6667,-7.8349204,-8.330159
883.3333,-7.806746,-8.322023
900.0,-7.792857,-8.313095
916.6667,-7.7789683,-8.304167
933.3333,-7.786508,-8.279366
950.0,-7.7994046,-8.250595
966.6667,-7.825,-8.228572
983.3333,-7.8696427,-8.216666
1000.0,-7.9142857,-8.2047615
1016.6667,-7.91627,-8.194841
1033.3334,-7.918254,-8.18492
1050.0,-7.9011903,-8.122619
1066.6666,-7.8714285,-8.025397
1083.3334,-7.8523808,-7.9396825
1100.0,-7.8761907,-7.9
1116.6666,-7.9,-7.860317
1133.3334,-7.9079366,-7.8428574
1150.0,-7.911905,-7.830952
1166.6666,-7.9142857,-7.813889
1183.3334,-7.9142857,-7.7890873
1200.0,-7.9142857,-7.7642856
1216.6666,-7.9281745,-7.695833
1233.3334,-7.9420633,-7.627381
1250.0,-7.9595237,-7.6119046
1266.6666,-7.979365,-7.631746
1283.3334,-7.9940476,-7.643651
1300.0,-7.9880953,-7.6238093
1316.6666,-7.982143,-7.603968
1333.3334,-8.053968,-7.611111
1350.0,-8.145238,-7.625
1366.6666,-8.488095,-7.720238
1383.3334,-9.208333,-7.9375
1400.0,-9.928572,-8.154762
1416.6666,-9.944445,-8.168651
1433.3334,-9.960318,-8.18254
1450.0,-9.94881,-8.166072
1466.6666,-9.919047,-8.129365
1483.3334,-9.894048,-8.094048
1500.0,-9.888095,-8.064285
1516.6666,-9.882143,-8.034524
1533.3334,-9.9,-8.026984
1550.0,-9.923809,-8.025
1566.6666,-9.940476,-8.021031
1583.3334,-9.946428,-8.014088
1600.0,-9.952381,-8.007143
1616.6666,-9.946428,-8.037897
1633.3334,-9.940476,-8.068651
1650.0,-9.941667,-8.084524
1666.6666,-9.947619,-8.090476
1683.3334,-9.953175,-8.097619
1700.0,-9.957143,-8.109524
1716.6666,-9.961111,-8.1214285
1733.3334,-9.960318,-8.120635
1750.0,-9.958333,-8.116667
1766.6666,-9.961111,-8.127778
1783.3334,-9.971032,-8.161508
1800.0,-9.980952,-8.195238
1816.6666,-10.000793,-8.1932535
1833.3334,-10.020635,-8.19127
1850.0,-10.048214,-8.194048
1866.6666,-10.080953,-8.2
1883.3334,-10.106944,-8.198413
1900.0,-10.105952,-8.166667
1916.6666,-10.10496,-8.134921
1933.3334,-10.101587,-8.106349
1950.0,-10.097619,-8.078571
1966.6666,-10.097619,-8.076191
1983.3334,-10.103572,-8.111905
2000.0,-10.109524,-8.147619
2016.6666,-10.109524,-8.088096
2033.3334,-10.109524,-8.028571
2050.0,-10.117857,-7.997619
2066.6667,-10.131746,-7.9857144
2083.3333,-10.14127,-7.964286
2100.0,-10.133333,-7.904762
2116.6667,-10.125397,-7.845238
2133.3333,-10.1285715,-7.84127
2150.0,-10.134523,-7.8511906
2166.6667,-10.14127,-7.8468256
2183.3333,-10.149206,-7.8210316
2200.0,-10.157143,-7.795238
2216.6667,-10.17004,-7.681151
2233.3333,-10.182937,-7.5670633
2250.0,-9.960119,-7.018452
2266.6667,-9.580159,-6.1801586
2283.3333,-9.272619,-5.504365
2300.0,-9.254762,-5.4785714
2316.6667,-9.236905,-5.452778
2333.3333,-9.211111,-5.4365077
2350.0,-9.183333,-5.422619
2366.6667,-9.159524,-5.434921
2383.3333,-9.141666,-5.486508
2400.0,-9.12381,-5.5380955
2416.6667,-9.124802,-5.565873
2433.3333,-9.125793,-5.593651
2450.0,-9.110119,-5.588095
2466.6667,-9.083333,-5.5603175
2483.3333,-9.055159,-5.5261903
2500.0,-9.021428,-5.4666667
2516.6667,-8.987699,-5.4071426
2533.3333,-8.938095,-5.4206347
2550.0,-8.884523,-5.452381
2566.6667,-8.853969,-5.4869046
2583.3333,-8.857937,-5.525595
2600.0,-8.861905,-5.5642858
2616.6667,-8.862897,-5.5761905
2633.3333,-8.863889,-5.588095
2650.0,-8.8625,-5.579167
2666.6667,-8.859524,-5.5563493
2683.3333,-8.857937,-5.5380955
2700.0,-8.861905,-5.5380955
2716.6667,-8.865873,-5.5380955
2733.3333,-8.847619,-5.5333333
2750.0,-8.82381,-5.527381
2766.6667,-8.805159,-5.518254
2783.3333,-8.794246,-5.504365
2800.0,-8.783334,-5.490476
2816.6667,-8.778373,-5.4984126
2833.3333,-8.773413,-5.506349
2850.0,-8.763095,-5.515476
2866.6667,-8.749207,-5.525397
2883.3333,-8.744047,-5.534524
2900.0,-8.773809,-5.5404763
2916.6667,-8.803572,-5.5464287
2933.3333,-8.804762,-5.5047617
2950.0,-8.798809,-5.4511905
2966.6667,-8.789286,-5.3964286
2983.3333,-8.774405,-5.339881
3000.0,-8.759523,-5.2833333
3016.6667,-8.758532,-5.234722
3033.3333,-8.75754,-5.186111
3050.0,-8.745238,-5.152381
3066.6667,-8.725397,-5.1285715
3083.3333,-8.705159,-5.090476
3100.0,-8.683333,-4.9952383
3116.6667,-8.661508,-4.9
3133.3333,-8.663492,-4.795238
3150.0,-8.671429,-4.688095
3166.6667,-8.68254,-4.613492
3183.3333,-8.698413,-4.5876985
3200.0,-8.714286,-4.561905
3216.6667,-8.703373,-4.5748014
3233.3333,-8.69246,-4.5876985
3250.0,-8.676785,-4.5839286
3266.6667,-8.657936,-4.5690475
3283.3333,-8.640476,-4.5468254
3300.0,-8.6285715,-4.4952383
3316.6667,-8.616667,-4.4436507
3333.3333,-8.613492,-4.4031744
3350.0,-8.6125,-4.365476
3366.6667,-8.610714,-4.3444443
3383.3333,-8.6077385,-4.3484125
3400.0,-8.604762,-4.3523808
3416.6667,-8.60377,-4.3295636
3433.3333,-8.6027775,-4.306746
3450.0,-8.606547,-4.275595
3466.6667,-8.613492,-4.2388887
3483.3333,-8.618254,-4.207143
3500.0,-8.614285,-4.195238
3516.6667,-8.610317,-4.1833334
3533.3333,-8.620635,-4.1809525
3550.0,-8.634523,-4.1809525
3566.6667,-8.645238,-4.1873016
3583.3333,-8.651191,-4.2031746
3600.0,-8.657143,-4.2190475
3616.6667,-8.640278,-4.225
3633.3333,-8.623413,-4.2309523
3650.0,-8.589881,-4.0607142
3666.6667,-8.5452385,-3.773016
3683.3333,-8.295536,-3.2061508
3700.0,-8.045834,-2.6392858
3716.6667,-7.796131,-2.0724206
3733.3333,-7.5464287,-1.5055555
3750.0,-7.296726,-0.9386905
3766.6667,-7.047024,-0.3718254
3783.3333,-6.7973213,0.19503969
3800.0,-6.547619,0.7619048
3816.6667,-6.6349206,-0.46031746
3833.3333,-6.7222223,-1.6825397
3850.0,-6.741667,-2.232143
3866.6667,-6.7158732,-2.3333333
3883.3333,-6.6940475,-2.4210317
3900.0,-6.688095,-2.454762
3916.6667,-6.6821427,-2.488492
3933.3333,-6.6936507,-2.504762
3950.0,-6.7095237,-2.5166667
3966.6667,-6.881746,-2.60873
3983.3333,-7.288492,-2.8210318
4000.0,-7.695238,-3.0333333
4016.6667,-7.6714287,-2.995635
4033.3333,-7.6476192,-2.9579365
4050.0,-7.635714,-2.95
4066.6667,-7.631746,-2.9619048
4083.3333,-7.629365,-2.9654763
4100.0,-7.633333,-2.9357142
4116.6665,-7.6373014,-2.9059525
4133.3335,-7.656349,-2.8785715
4150.0,-7.679167,-2.8517857
4166.6665,-7.679762,-2.8353174
4183.3335,-7.6470237,-2.8343253
4200.0,-7.614286,-2.8333333
4216.6665,-7.6361113,-2.8035715
4233.3335,-7.6579366,-2.7738094
4250.0,-7.678571,-2.7464285
4266.6665,-7.698413,-2.720635
4283.3335,-7.7107143,-2.7031746
4300.0,-7.6928573,-2.7190475
4316.6665,-7.675,-2.7349207
4333.3335,-7.6507936,-2.7428572
4350.0,-7.625,-2.7488096
4366.6665,-7.610317,-2.7412698
4383.3335,-7.6123013,-2.7134922
4400.0,-7.614286,-2.6857142
4416.6665,-7.61627,-2.6876984
4433.3335,-7.618254,-2.6896825
4450.0,-7.615476,-2.6880953
4466.6665,-7.609524,-2.684127
4483.3335,-7.605159,-2.6845238
4500.0,-7.607143,-2.702381
4516.6665,-7.609127,-2.7202382
4533.3335,-7.604762,-2.7523808
4550.0,-7.5988097,-2.7880952
4566.6665,-7.588889,-2.8099205
4583.3335,-7.5730157,-2.8109126
4600.0,-7.5571427,-2.8119047
4616.6665,-7.5511904,-2.7910714
4633.3335,-7.545238,-2.7702382
4650.0,-7.542262,-2.7845237
4666.6665,-7.54127,-2.8222222
4683.3335,-7.5390873,-2.865873
4700.0,-7.5321426,-2.9333334
4716.6665,-7.5251985,-3.0007937
4733.3335,-7.5190477,-3.0333333
4750.0,-7.5130954,-3.057143
4766.6665,-7.5111113,-3.054762
4783.3335,-7.5150795,-3.0130951
4800.0,-7.5190477,-2.9714286
4816.6665,-7.492262,-3.0021825
4833.3335,-7.465476,-3.0329366
4850.0,-7.4589286,-3.1113095
4866.6665,-7.4658732,-3.2214286
4883.3335,-7.4678574,-3.3075397
4900.0,-7.45,-3.297619
4916.6665,-7.4321427,-3.2876985
4933.3335,-7.4396825,-3.2920635
4950.0,-7.4535713,-3.3
4966.6665,-7.461111,-3.318254
4983.3335,-7.459127,-3.351984
5000.0,-7.457143,-3.3857143
5016.6665,-7.4214287,-3.4234128
5033.3335,-7.385714,-3.461111
5050.0,-7.3488097,-3.5583334
5066.6665,-7.311111,-3.695238
5083.3335,-7.270635,-3.8176587
5100.0,-7.2190475,-3.8821428
5116.6665,-7.1674604,-3.946627
5133.3335,-7.1349206,-3.9968255
5150.0,-7.107143,-4.0434523
5166.6665,-7.0730157,-4.343651
5183.3335,-7.029365,-5.024206
5200.0,-6.9857144,-5.704762
5216.6665,-6.951984,-5.7464285
5233.3335,-6.918254,-5.7880955
5250.0,-6.8738093,-5.8690476
5266.6665,-6.822222,-5.9761906
5283.3335,-6.7765875,-6.063095
5300.0,-6.7547617,-6.0690475
5316.6665,-6.7329364,-6.075
5333.3335,-6.6968255,-6.051587
5350.0,-6.6571426,-6.0208335
5366.6665,-6.614286,-5.9972224
5383.3335,-6.5666666,-5.9843254
5400.0,-6.5190477,-5.9714284
5416.6665,-6.4773808,-5.927778
5433.3335,-6.4357142,-5.884127
5450.0,-6.427381,-5.839286
5466.6665,-6.44127,-5.7936506
5483.3335,-6.447024,-5.7555556
5500.0,-6.420238,-5.747619
5516.6665,-6.393452,-5.7396827
5533.3335,-6.4079366,-5.675397
5550.0,-6.4327383,-5.597024
5566.6665,-6.45,-5.5448413
5583.3335,-6.455952,-5.5319443
5600.0,-6.4619045,-5.5190477
5616.6665,-6.438095,-5.5190477
5633.3335,-6.4142857,-5.5190477
5650.0,-6.3958335,-5.517857
5666.6665,-6.3809524,-5.515873
5683.3335,-6.3688493,-5.5168653
5700.0,-6.367857,-5.529762
5716.6665,-6.366865,-5.542659
5733.3335,-6.388889,-5.5396824
5750.0,-6.4166665,-5.532738
5766.6665,-6.43373,-5.5309525
5783.3335,-6.4347224,-5.536905
5800.0,-6.4357142,-5.542857
5816.6665,-6.3811507,-5.5984125
5833.3335,-6.326587,-5.6539683
5850.0,-6.3011904,-5.6833334
5866.6665,-6.295238,-5.695238
5883.3335,-6.2964287,-5.6936507
5900.0,-6.3261905,-5.6380954
5916.6665,-6.3559523,-5.5825396
5933.3335,-6.3587303,-5.5920634
5950.0,-6.354762,-5.617857
5966.6665,-6.3444443,-5.6476192
5983.3335,-6.324603,-5.6833334
6000.0,-6.304762,-5.7190475
6016.6665,-6.3007936,-5.7349205
6033.3335,-6.2968254,-5.7507935
6050.0,-5.758333,-5.320238
6066.6665,-4.863492,-4.5920634
6083.3335,-4.147222,-3.9992063
6100.0,-4.145238,-3.947619
6116.6665,-4.143254,-3.8960319
6133.3335,-4.135714,-3.8730159
6150.0,-4.1267858,-3.857143
6166.6665,-4.128175,-3.8674603
6183.3335,-4.1450396,-3.9170635
6200.0,-4.161905,-3.9666667
6216.6665,-4.1698413,-3.9170635
6233.3335,-4.177778,-3.8674603
6250.0,-4.1815476,-3.8505952
6266.6665,-4.1825395,-3.8555555
6283.3335,-4.1878967,-3.862897
6300.0,-4.2107143,-3.879762
6316.6665,-4.233532,-3.896627
6333.3335,-4.2460318,-3.9190476
6350.0,-4.2559524,-3.942857
6366.6665,-4.2690477,-3.9630952
6383.3335,-4.286905,-3.977976
6400.0,-4.304762,-3.9928572
6416.6665,-4.290873,-4.0117064
6433.3335,-4.276984,-4.0305557
6450.0,-4.2726192,-4.080952
6466.6665,-4.2746034,-4.152381
6483.3335,-4.2765875,-4.2132936
6500.0,-4.2785716,-4.232143
6516.6665,-4.2805557,-4.2509923
6533.3335,-4.28254,-4.263492
6550.0,-4.284524,-4.2744045
6566.6665,-4.2809525,-4.28254
6583.3335,-4.2690477,-4.286508
6600.0,-4.257143,-4.2904763
6616.6665,-4.2273808,-4.3599205
6633.3335,-4.197619,-4.429365
6650.0,-4.1857142,-4.490476
6666.6665,-4.1857142,-4.546032
6683.3335,-4.1916666,-4.595635
6700.0,-4.2214284,-4.6214285
6716.6665,-4.2511907,-4.647222
6733.3335,-4.270635,-4.6904764
6750.0,-4.2875,-4.7380953
6766.6665,-4.7396827,-4.984127
6783.3335,-5.8448415,-5.5277777
6800.0,-6.95,-6.071429
6816.6665,-6.9609127,-6.2093253
6833.3335,-6.9718256,-6.3472223
6850.0,-6.963095,-6.4255953
6866.6665,-6.94127,-6.464286
6883.3335,-6.9214287,-6.5015874
6900.0,-6.909524,-6.5333333
6916.6665,-6.8976192,-6.565079
6933.3335,-6.8809524,-6.604762
6950.0,-6.8630953,-6.6464286
6966.6665,-6.8460317,-6.703968
6983.3335,-6.8301587,-6.7853174
7000.0,-6.8142858,-6.866667
7016.6665,-6.8123016,-6.9123015
7033.3335,-6.8103175,-6.9579363
7050.0,-6.8107142,-6.9773808
7066.6665,-6.8126984,-6.979365
7083.3335,-6.8126984,-6.9849205
7100.0,-6.804762,-7.0047617
7116.6665,-6.7968254,-7.0246034
7133.3335,-6.811111,-7.0285716
7150.0,-6.830952,-7.0285716
7166.6665,-6.8444443,-6.8126984
7183.3335,-6.8484125,-6.273016
7200.0,-7.270172,-5.971065
7216.6665,-7.6919312,-5.6691136
7233.3335,-8.11369,-5.3671627
7250.0,-8.53545,-5.065212
7266.6665,-8.957209,-4.7632604
7283.3335,-9.378968,-4.4613094
7300.0,-9.369047,-5.922619
7316.6665,-9.359127,-7.383929
7333.3335,-9.423016,-7.7166667
7350.0,-9.505357,-7.767262
7366.6665,-9.555952,-7.815873
7383.3335,-9.5589285,-7.861508
7400.0,-9.561905,-7.9071426
7416.6665,-9.605556,-7.9498014
7433.3335,-9.649206,-7.9924603
7450.0,-9.671429,-8.021428
7466.6665,-9.679365,-8.04127
7483.3335,-9.6910715,-8.048214
7500.0,-9.717857,-8.0035715
7516.6665,-9.744643,-7.9589286
7533.3335,-9.7722225,-7.919048
7550.0,-9.8,-7.8803573
7566.6665,-9.818651,-7.8619046
7583.3335,-9.823611,-7.8738093
7600.0,-9.828571,-7.885714
7616.6665,-9.852381,-7.9015875
7633.3335,-9.87619,-7.9174604
7650.0,-9.866667,-7.8809524
7666.6665,-9.834921,-7.8095236
7683.3335,-9.811707,-7.742262
7700.0,-9.822619,-7.6916666
7716.6665,-9.833531,-7.6410713
7733.3335,-9.880953,-7.59127
7750.0,-9.9375,-7.5416665
7766.6665,-9.988889,-7.4900794
7783.3335,-10.032539,-7.435516
7800.0,-10.076191,-7.3809524
7816.6665,-10.092064,-7.343254
7833.3335,-10.107937,-7.3055553
7850.0,-10.125,-7.2833333
7866.6665,-10.142858,-7.2714286
7883.3335,-10.16746,-7.2488093
7900.0,-10.219048,-7.1833334
7916.6665,-10.270635,-7.117857
7933.3335,-10.314285,-7.0666666
7950.0,-10.355952,-7.0190477
7966.6665,-10.39127,-6.9829364
7983.3335,-10.417064,-6.9640875
8000.0,-10.442857,-6.945238
8016.6665,-10.44881,-6.975992
8033.3335,-10.4547615,-7.006746
8050.0,-10.461905,-7.0309525
8066.6665,-10.469841,-7.0507936
8083.3335,-10.478174,-7.0634923
8100.0,-10.488095,-7.047619
8116.6665,-10.498015,-7.031746
8133.3335,-10.523809,-6.990476
8150.0,-10.553572,-6.9428573
8166.6665,-10.576191,-6.9214287
8183.3335,-10.588096,-6.9392858
8200.0,-10.6,-6.957143
8216.667,-10.613889,-6.973016
8233.333,-10.627778,-6.9888887
8250.0,-10.638095,-6.9988093
8266.667,-10.646031,-7.0047617
8283.333,-10.6515875,-7.0142856
8300.0,-10.647619,-7.0380955
8316.667,-10.643651,-7.061905
8333.333,-10.660317,-7.0920634
8350.0,-10.682143,-7.1238093
8366.667,-10.712698,-7.133333
8383.333,-10.75635,-7.109524
8400.0,-10.8,-7.0857143
8416.667,-10.839683,-7.1164684
8433.333,-10.879365,-7.147222
8450.0,-10.915476,-7.139881
8466.667,-10.949206,-7.107143
8483.333,-10.983532,-7.075397
8500.0,-11.020238,-7.047619
8516.667,-11.056945,-7.019841
8533.333,-11.069841,-6.9825397
8550.0,-11.076786,-6.9428573
8566.667,-11.084127,-6.9079366
8583.333,-11.092064,-6.880159
8600.0,-11.1,-6.8523808
8616.667,-11.121825,-6.840476
8633.333,-11.143651,-6.8285713
8650.0,-11.165476,-6.7809525
8666.667,-11.187302,-6.7095237
8683.333,-11.20377,-6.6349206
8700.0,-11.19881,-6.547619
8716.667,-11.19385,-6.4603176
8733.333,-11.190476,-6.3285713
8750.0,-11.1875,-6.1857142
8766.667,-11.188095,-6.065079
8783.333,-11.194048,-5.977778
8800.0,-11.2,-5.890476
8816.667,-11.160317,-5.8825397
8833.333,-11.120635,-5.8746033
8850.0,-11.067857,-5.8238096
8866.667,-11.00635,-5.7444444
8883.333,-10.946428,-5.661111
8900.0,-10.892858,-5.561905
8916.667,-10.839286,-5.4626985
8933.333,-10.750793,-5.3523808
8950.0,-10.653571,-5.239286
8966.667,-10.569841,-5.1484127
8983.333,-10.50635,-5.0908732
9000.0,-10.442857,-5.0333333
9016.667,-10.3972225,-5.0015874
9033.333,-10.351587,-4.9698415
9050.0,-10.317857,-4.9214287
9066.667,-10.292064,-4.8619046
9083.333,-10.259127,-4.806151
9100.0,-10.197619,-4.765476
9116.667,-10.136111,-4.7248015
9133.333,-10.092064,-4.684127
9150.0,-10.052381,-4.643452
9166.667,-10.025397,-4.59127
9183.333,-10.01746,-4.5218253
9200.0,-10.009523,-4.452381
9216.667,-9.956944,-4.4315476
9233.333,-9.904366,-4.410714
9250.0,-9.879762,-4.426786
9266.667,-9.87381,-4.46746
9283.333,-9.860119,-4.509127
9300.0,-9.815476,-4.554762
9316.667,-9.770833,-4.6003966
9333.333,-9.753968,-4.5896826
9350.0,-9.744047,-4.564881
9366.667,-9.734127,-4.5234127
9383.333,-9.724206,-4.4569445
9400.0,-9.714286,-4.390476
9416.667,-9.691468,-4.3765874
9433.333,-9.668651,-4.3626986
9450.0,-9.672024,-4.364881
9466.667,-9.692857,-4.3777776
9483.333,-9.711111,-4.376389
9500.0,-9.719048,-4.3178573
9516.667,-9.726984,-4.2593255
9533.333,-9.760318,-4.214286
9550.0,-9.8,-4.172619
9566.667,-9.831746,-4.1079364
9583.333,-9.851587,-4.00873
9600.0,-9.8714285,-3.9095237
9616.667,-9.925,-3.851984
9633.333,-9.978572,-3.7944446
9650.0,-10.019048,-3.7202382
9666.667,-10.050794,-3.6349206
9683.333,-10.082143,-3.565873
9700.0,-10.111905,-3.5619047
9716.667,-10.141666,-3.5579364
9733.333,-10.152381,-3.563492
9750.0,-10.158334,-3.5714285
9766.667,-10.173016,-3.5706348
9783.333,-10.200793,-3.556746
9800.0,-10.228572,-3.5428572
9816.667,-10.235516,-3.509127
9833.333,-10.24246,-3.4753969
9850.0,-10.260119,-3.459524
9866.667,-10.284921,-3.4555554
9883.333,-10.30873,-3.4597223
9900.0,-10.328571,-3.4964285
9916.667,-10.3484125,-3.533135
9933.333,-10.385715,-3.5428572
9950.0,-10.427381,-3.5458333
9966.667,-10.4547615,-3.5968254
9983.333,-10.460714,-3.7198412
10000.0,-10.466666,-3.8428571
10016.667,-10.462698,-3.8944445
10033.333,-10.45873,-3.9460318
10050.0,-10.451191,-3.9940476
10066.667,-10.44127,-4.0396824
10083.333,-10.432143,-4.088889
10100.0,-10.42619,-4.152381
10116.667,-10.4202385,-4.2158732
10133.333,-10.4015875,-4.2936506
10150.0,-10.379762,-4.375
10166.667,-10.351587,-4.4309525
10183.333,-10.313889,-4.4488096
10200.0,-10.276191,-4.4666667
10216.667,-10.280159,-4.4805555
10233.333,-10.284127,-4.4944444
10250.0,-10.289286,-4.489881
10266.667,-10.2952385,-4.473016
10283.333,-10.298412,-4.4623017
10300.0,-10.290476,-4.4761906
10316.667,-10.282539,-4.4900794
10333.333,-10.25873,-4.5111113
10350.0,-10.230952,-4.5339284
10366.667,-10.212698,-4.5396824
10383.333,-10.20873,-4.519841
10400.0,-10.2047615,-4.5
10416.667,-10.20873,-4.501984
10433.333,-10.212698,-4.5039682
10450.0,-10.199405,-4.517262
10466.667,-10.174603,-4.5380955
10483.333,-10.159326,-4.5494046
10500.0,-10.182143,-4.5226192
10516.667,-10.20496,-4.4958334
10533.333,-10.211111,-4.493651
10550.0,-10.213096,-4.497619
10566.667,-10.209524,-4.4920635
10583.333,-10.197619,-4.4722223
10600.0,-10.185715,-4.452381
10616.667,-10.177778,-4.4494047
10633.333,-10.169841,-4.446429
10650.0,-10.1702385,-4.4666667
10666.667,-10.17619,-4.502381
10683.333,-10.182143,-4.527976
10700.0,-10.188095,-4.5130954
10716.667,-10.194048,-4.4982142
10733.333,-10.196825,-4.490476
10750.0,-10.19881,-4.484524
10766.667,-10.20873,-4.481746
10783.333,-10.230556,-4.4837303
10800.0,-10.252381,-4.4857144
10816.667,-10.268254,-4.495635
10833.333,-10.284127,-4.5055556
10850.0,-10.294047,-4.489286
10866.667,-10.3,-4.4555554
10883.333,-10.301587,-4.4309525
10900.0,-10.285714,-4.4428573
10916.667,-10.269841,-4.454762
10933.333,-10.260318,-4.4984126
10950.0,-10.252381,-4.55
10966.667,-10.244445,-4.576984
10983.333,-10.236508,-4.5670633
11000.0,-10.228572,-4.5571427
11016.667,-10.243452,-4.5670633
11033.333,-10.258333,-4.576984
11050.0,-10.251785,-4.6119046
11066.667,-10.230952,-4.663492
11083.333,-10.210714,-4.7043653
11100.0,-10.192857,-4.702381
11116.667,-10.175,-4.700397
11133.333,-10.171429,-4.6809525
11150.0,-10.171429,-4.6571426
11166.667,-10.162302,-4.640476
11183.333,-10.139484,-4.634524
11200.0,-10.116667,-4.6285715
11216.667,-10.115675,-4.616667
11233.333,-10.114682,-4.604762
11250.0,-11.271428,-4.785714
11266.667,-13.2,-5.095238
11283.333,-14.8785715,-5.3650794
11300.0,-15.557143,-5.4761906
11316.667,-16.235714,-5.5873017
11333.333,-16.350794,-5.5666666
11350.0,-16.325,-5.5130954
11366.667,-16.301191,-5.4849205
11383.333,-16.280357,-5.494841
11400.0,-16.259523,-5.5047617
11416.667,-16.21885,-5.4531746
11433.333,-16.178175,-5.4015875
11450.0,-16.157738,-5.35
11466.667,-16.150793,-5.298413
11483.333,-16.150396,-5.2430553
11500.0,-16.176191,-5.172619
11516.667,-16.201984,-5.1021824
11533.333,-16.206348,-5.061905
11550.0,-16.205357,-5.0291667
11566.667,-16.200397,-4.9960318
11583.333,-16.189484,-4.9623017
11600.0,-16.178572,-4.928571
11616.667,-18.771826,-5.1706347
11633.333,-21.36508,-5.4126983
11650.0,-22.451786,-5.5285716
11666.667,-22.534126,-5.5603175
11683.333,-22.59365,-5.5785713
11700.0,-22.561905,-5.542857
11716.667,-22.530159,-5.507143
11733.333,-22.503174,-5.493651
11750.0,-22.47738,-5.4857144
11766.667,-22.449205,-5.490476
11783.333,-22.41746,-5.5142856
11800.0,-22.385714,-5.5380955
11816.667,-22.367857,-5.58373
11833.333,-22.35,-5.629365
11850.0,-22.342857,-5.6261907
11866.667,-22.342857,-5.590476
11883.333,-21.133333,-5.3670635
11900.0,-15.085714,-4.392857
11916.667,-9.038095,-3.4186509
11933.333,-4.4126983,-2.7539682
11950.0,-0.14285715,-2.1666667
11966.667,2.3968253,-1.7658731
11983.333,2.3412697,-1.6448413
12000.0,2.2857144,-1.5238096
12016.667,2.267857,-1.5694444
12033.333,2.25,-1.6150794
12050.0,2.225,-1.6464286
12066.667,2.195238,-1.668254
12083.333,2.1678572,-1.684127
12100.0,2.15,-1.6761905
12116.667,2.1321428,-1.668254
12133.333,2.115873,-1.6571429
12150.0,2.1,-1.645238
12166.667,2.079365,-1.6194445
12183.333,2.0515873,-1.5728174
12200.0,2.0238094,-1.5261905
12216.667,2.0218253,-1.4894841
12233.333,2.0198412,-1.4527777
12250.0,2.0190477,-1.4202381
12266.667,2.0190477,-1.3904762
12283.333,2.0170634,-1.3567461
12300.0,2.0071428,-1.3071429
12316.667,1.9972222,-1.2575396
12333.333,1.963492,-1.2285714
12350.0,1.9238095,-1.2047619
12366.667,2.7222223,0.44960317
12383.333,4.7777777,4.5498013
12400.0,6.8333335,8.65
12416.667,7.015873,8.855357
12433.333,7.198413,9.060715
12450.0,7.270238,9.141666
12466.667,7.268254,9.139683
12483.333,7.2690477,9.141666
12500.0,7.2809525,9.159524
12516.667,7.292857,9.177381
12533.333,7.3103175,9.18492
12550.0,7.329167,9.189881
12566.667,7.3511906,9.19008
12583.333,7.3779764,9.183135
12600.0,7.404762,9.17619
12616.667,4.9206347,8.699008
12633.333,2.436508,8.221826
12650.0,1.6011904,7.352335
12666.667,0.765873,6.482845
12683.333,-0.06944445,5.6133547
12700.0,-0.9047619,4.7438645
12716.667,-1.7400794,3.8743742
12733.333,-2.5753968,3.004884
12750.0,-3.4107144,2.1353939
12766.667,-4.2460318,1.2659036
12783.333,-5.0813494,0.3964133
12800.0,-5.9166665,-0.4730769
12816.667,-6.751984,-1.3425672
12833.333,-7.5873017,-2.2120574
12850.0,-8.422619,-3.0815477
12866.667,-8.428572,-3.1896825
12883.333,-8.446825,-3.2829366
12900.0,-8.514286,-3.3166666
12916.667,-8.581746,-3.3503969
12933.333,-8.619842,-3.3507936
12950.0,-8.650596,-3.3428571
12966.667,-8.676587,-3.3642857
12983.333,-8.6954365,-3.429762
13000.0,-8.714286,-3.495238
13016.667,-8.734127,-3.5031745
13033.333,-8.753968,-3.511111
13050.0,-8.7625,-3.5440476
13066.667,-8.763492,-3.5936508
13083.333,-8.761905,-3.6373017
13100.0,-8.75,-3.6571429
13116.667,-8.738095,-3.676984
13133.333,-8.723809,-3.6603174
13150.0,-8.708928,-3.6345239
13166.667,-8.692857,-3.6154761
13183.333,-8.675,-3.6065476
13200.0,-8.657143,-3.597619
13216.667,-8.633333,-3.51627
13233.333,-8.609524,-3.4349205
13250.0,-8.652381,-3.257738
13266.667,-8.739682,-3.0166667
13283.333,-9.187996,-2.9232142
13300.0,-9.63631,-2.829762
13316.667,-10.084623,-2.7363095
13333.333,-10.532936,-2.642857
13350.0,-10.98125,-2.5494049
13366.667,-11.4295635,-2.4559524
13383.333,-11.877877,-2.3625
13400.0,-12.326191,-2.2690477
13416.667,-12.305357,-3.055754
13433.333,-12.284524,-3.8424604
13450.0,-12.297619,-4.1714287
13466.667,-12.333333,-4.195238
13483.333,-12.366667,-4.2309523
13500.0,-12.390476,-4.3142858
13516.667,-12.414286,-4.3976192
13533.333,-12.439683,-4.4333334
13550.0,-12.465476,-4.457143
13566.667,-12.495238,-4.4595237
13583.333,-12.530952,-4.429762
13600.0,-12.566667,-4.4
13616.667,-12.590476,-4.3722224
13633.333,-12.614285,-4.3444443
13650.0,-11.851191,-4.919048
13666.667,-10.563492,-5.895238
13683.333,-9.518254,-6.6920633
13700.0,-9.442857,-6.7714286
13716.667,-9.36746,-6.850794
13733.333,-9.350794,-6.8523808
13750.0,-9.348809,-6.8345237
13766.667,-9.350794,-6.8198414
13783.333,-9.35873,-6.809921
13800.0,-9.366667,-6.8
13816.667,-9.406349,-6.827778
13833.333,-9.446032,-6.8555555
13850.0,-9.436905,-6.8702383
13866.667,-9.395238,-6.8761907
13883.333,-9.367857,-6.882143
13900.0,-9.397619,-6.8880954
13916.667,-9.427381,-6.8940477
13933.333,-9.42619,-6.8674603
13950.0,-9.417262,-6.832738
13966.667,-9.396428,-6.779762
13983.333,-9.3577385,-6.6994047
14000.0,-9.319048,-6.6190476
14016.667,-9.29127,-6.6011906
14033.333,-9.263492,-6.5833335
14050.0,-9.266666,-6.553571
14066.667,-9.290476,-6.515873
14083.333,-9.309127,-6.472619
14100.0,-9.307143,-6.4071426
14116.667,-9.305159,-6.3416667
14133.333,-9.301587,-6.2873015
14150.0,-9.297619,-6.2357144
14166.667,-9.290476,-6.169048
14183.333,-9.278571,-6.079762
14200.0,-9.266666,-5.990476
14216.667,-9.198215,-4.481548
14233.333,-9.129762,-2.972619
14250.0,-9.106547,-2.3125
14266.667,-9.113492,-2.2182539
14283.333,-9.118254,-2.1339285
14300.0,-9.114285,-2.0892856
14316.667,-9.110317,-2.044643
14333.333,-9.106349,-2.0301588
14350.0,-9.102381,-2.0232143
14366.667,-9.0984125,-2.0142858
14383.333,-9.094444,-2.0023808
14400.0,-9.090476,-1.9904761
14416.667,-9.0984125,-1.9785714
14433.333,-9.106349,-1.9666667
14450.0,-9.095238,-1.9369048
14466.667,-9.071428,-1.895238
14483.333,-9.053175,-1.8527777
14500.0,-9.057143,-1.8071429
14516.667,-9.061111,-1.761508
14533.333,-9.052381,-1.7547619
14550.0,-9.040476,-1.7577381
14566.667,-9.031746,-1.7472222
14583.333,-9.027778,-1.7164682
14600.0,-9.023809,-1.6857142
14616.667,-9.00496,-1.6916667
14633.333,-8.986111,-1.6976191
14650.0,-9.302977,-1.3559524
14666.667,-9.843651,-0.78253967
14683.333,-10.29246,-0.30912697
14700.0,-10.37381,-0.23571429
14716.667,-10.455159,-0.16230159
14733.333,-10.490477,-0.12063492
14750.0,-10.514286,-0.086904764
14766.667,-10.519048,-0.053174604
14783.333,-10.495238,-0.019444445
14800.0,-10.471429,0.014285714
14816.667,-10.466468,0.017261906
14833.333,-10.461508,0.020238096
14850.0,-10.4625,0.032738097
14866.667,-10.467461,0.051587302
14883.333,-10.468254,0.06349207
14900.0,-10.452381,0.04761905
14916.667,-10.436508,0.031746034
14933.333,-10.411111,0.015873017
14950.0,-10.383333,-1.0547119e-15
14966.667,-10.3714285,-0.034920637
14983.333,-10.383333,-0.0984127
15000.0,-10.395238,-0.16190477
15016.667,-10.531151,-0.9456349
15033.333,-10.667064,-1.7293651
15050.0,-10.713096,-2.0904763
15066.667,-10.699206,-2.1698413
15083.333,-10.6875,-2.2519841
15100.0,-10.684524,-2.3452382
15116.667,-10.681547,-2.438492
15133.333,-10.669841,-2.5285714
15150.0,-10.655952,-2.6178572
15166.667,-10.634127,-2.6992064
15183.333,-10.600397,-2.7686508
15200.0,-10.566667,-2.8380952
15216.667,-10.542857,-2.9234128
15233.333,-10.519048,-3.0087302
15250.0,-10.50119,-3.0880952
15266.667,-10.487302,-3.163492
15283.333,-10.478969,-3.2325397
15300.0,-10.492857,-3.2761905
15316.667,-10.506746,-3.3198414
15333.333,-10.490477,-3.3349206
15350.0,-10.466666,-3.3428571
15366.667,-10.450793,-3.3472223
15383.333,-10.446825,-3.3462303
15400.0,-10.442857,-3.3452382
15416.667,-10.411111,-3.3948412
15433.333,-10.379365,-3.4444444
15450.0,-10.352381,-3.494643
15466.667,-10.328571,-3.545238
15483.333,-10.250793,-3.6142857
15500.0,-9.957143,-3.7571428
15516.667,-9.663492,-3.9
15533.333,-9.268254,-4.230159
15550.0,-8.847619,-4.607143
15566.667,-8.592461,-4.847619
15583.333,-8.585516,-4.883333
15600.0,-8.578571,-4.919048
15616.667,-8.571627,-4.9150796
15633.333,-8.564683,-4.911111
15650.0,-8.559524,-4.892857
15666.667,-8.555555,-4.8650794
15683.333,-8.553572,-4.8261905
15700.0,-8.559524,-4.742857
15716.667,-8.565476,-4.659524
15733.333,-8.580953,-4.6174603
15750.0,-8.598809,-4.5857143
15766.667,-8.607937,-4.554762
15783.333,-8.603969,-4.525
15800.0,-8.6,-4.4952383
15816.667,-8.488889,-2.9337301
15833.333,-8.377778,-1.3722222
15850.0,-8.338096,-0.68333334
15866.667,-8.346032,-0.5761905
15883.333,-8.35,-0.48015872
15900.0,-8.338096,-0.42857143
15916.667,-8.326191,-0.37698412
15933.333,-8.339683,-0.33174604
15950.0,-8.359524,-0.28809524
15966.667,-8.387301,-0.24285714
15983.333,-8.426984,-0.1952381
16000.0,-8.466666,-0.14761905
16016.667,-8.468651,-0.12480158
16033.333,-8.470634,-0.10198413
16050.0,-8.473214,-0.07976191
16066.667,-8.476191,-0.05793651
16083.333,-8.476786,-0.047420636
16100.0,-8.467857,-0.08214286
16116.667,-8.458928,-0.116865076
16133.333,-8.468254,-0.10634921
16150.0,-8.482142,-0.08452381
16166.667,-8.488095,-0.06269842
16183.333,-8.482142,-0.040873017
16200.0,-8.476191,-0.01904762
16216.667,-8.515873,-0.031944446
16233.333,-8.555555,-0.04484127
16250.0,-8.580953,-0.08988095
16266.667,-8.596826,-0.15634921
16283.333,-8.607937,-0.22539683
16300.0,-8.6,-0.30476192
16316.667,-8.592064,-0.384127
16333.333,-8.590476,-0.48412699
16350.0,-8.590476,-0.58928573
16366.667,-8.5912695,-0.6603175
16383.333,-8.593254,-0.68015873
16400.0,-8.595238,-0.7
16416.666,-8.588294,-0.7505952
16433.334,-8.581349,-0.8011905
16450.0,-8.570833,-0.8434524
16466.666,-8.557937,-0.8801587
16483.334,-8.546032,-0.9103175
16500.0,-8.538095,-0.9142857
16516.666,-8.530159,-0.91825396
16533.334,-8.526984,-0.93650794
16550.0,-8.525,-0.9583333
16566.666,-8.509523,-1.0015873
16583.334,-8.473809,-1.0769842
16600.0,-8.438095,-1.152381
16616.666,-8.434127,-0.684127
16633.334,-8.430159,-0.21587302
16650.0,-8.423148,0.054761905
16666.666,-8.416138,0.32539684
16683.334,-8.409127,0.5960317
16700.0,-8.402117,0.8666667
16716.666,-8.395105,1.1373016
16733.334,-8.388095,1.4079365
16750.0,-8.289881,-0.32619047
16766.666,-8.232142,-1.4468254
16783.334,-8.235119,-1.6472223
16800.0,-8.238095,-1.847619
16816.666,-8.275794,-1.8892857
16833.334,-8.313492,-1.9309524
16850.0,-8.338691,-1.9761904
16866.666,-8.355556,-2.0238094
16883.334,-8.374802,-2.0706348
16900.0,-8.403571,-2.1142857
16916.666,-8.432342,-2.1579366
16933.334,-8.439683,-2.168254
16950.0,-8.441667,-2.170238
16966.666,-8.439683,-2.202381
16983.334,-8.4317465,-2.2797618
17000.0,-8.423809,-2.357143
17016.666,-8.461508,-2.295635
17033.334,-8.499207,-2.234127
17050.0,-8.495238,-2.2083333
17066.666,-8.463492,-2.2063491
17083.334,-8.43373,-2.2188492
17100.0,-8.411904,-2.2892857
17116.666,-8.3900795,-2.3597221
17133.334,-8.360317,-2.329365
17150.0,-8.328571,-2.2738094
17166.666,-8.307143,-2.2281747
17183.334,-8.30119,-2.1974206
17200.0,-8.2952385,-2.1666667
17216.666,-8.325,-2.1468253
17233.334,-8.354762,-2.1269841
17250.0,-8.351191,-2.0761905
17266.666,-8.325397,-2.004762
17283.334,-8.304762,-1.959127
17300.0,-8.304762,-2.0166667
17316.666,-8.304762,-2.0742064
17333.334,-8.509523,-3.5428572
17350.0,-8.765476,-5.364286
17366.666,-8.911904,-6.4507937
17383.334,-8.894048,-6.434921
17400.0,-8.87619,-6.419048
17416.666,-8.870238,-6.425
17433.334,-8.864285,-6.4309525
17450.0,-8.865477,-6.400595
17466.666,-8.8714285,-6.3460317
17483.334,-8.877381,-6.2994046
17500.0,-8.883333,-6.284524
17516.666,-8.889286,-6.269643
17533.334,-8.923809,-6.252381
17550.0,-8.965476,-6.234524
17566.666,-8.996825,-6.188889
17583.334,-9.012698,-6.1015873
17600.0,-9.028571,-6.0142856
17616.666,-9.016666,-5.9071426
17633.334,-9.004762,-5.8
17650.0,-8.991072,-5.6988096
17666.666,-8.976191,-5.6015873
17683.334,-8.963691,-5.522222
17700.0,-8.960714,-5.5142856
17716.666,-8.957738,-5.506349
17733.334,-8.966666,-5.5079365
17750.0,-8.978572,-5.5119047
17766.666,-8.990477,-5.5111113
17783.334,-9.002381,-5.503175
17800.0,-9.014286,-5.4952383
17816.666,-9.1214285,-5.179762
17833.334,-9.228572,-4.864286
17850.0,-9.330358,-4.4678574
17866.666,-9.428572,-4.0174603
17883.334,-9.507738,-3.6567461
17900.0,-9.510715,-3.6547618
17916.666,-9.513691,-3.6527777
17933.334,-9.4920635,-3.5928571
17950.0,-9.464286,-3.5184524
17966.666,-9.455556,-3.475
17983.334,-9.475397,-3.477976
18000.0,-9.495238,-3.4809523
18016.666,-9.788889,-3.818254
18033.334,-10.08254,-4.1555557
18050.0,-10.82381,-5.516667
18066.666,-11.863492,-7.5603175
18083.334,-12.69504,-9.217857
18100.0,-12.694048,-9.330953
18116.666,-12.693055,-9.444048
18133.334,-12.68254,-9.5079365
18150.0,-12.669642,-9.559524
18166.666,-12.663492,-9.588889
18183.334,-12.66746,-9.584921
18200.0,-12.671429,-9.580953
18216.666,-12.709127,-9.594841
18233.334,-12.746825,-9.60873
18250.0,-12.766666,-9.607142
18266.666,-12.774603,-9.595238
18283.334,-12.777778,-9.570833
18300.0,-12.761905,-9.4964285
18316.666,-12.746032,-9.422024
18333.334,-12.749207,-9.409524
18350.0,-12.757143,-9.4125
18366.666,-12.755555,-9.415079
18383.334,-12.739682,-9.417064
18400.0,-12.723809,-9.419047
18416.666,-12.705953,-9.321825
18433.334,-12.688095,-9.224603
18450.0,-12.6839285,-9.161309
18466.666,-12.688889,-9.120635
18483.334,-12.687103,-9.080754
18500.0,-12.658334,-9.044047
18516.666,-12.629563,-9.007341
18533.334,-11.487302,-6.8349204
18550.0,-10.066667,-4.1285715
18566.666,-9.216666,-2.4603174
18583.334,-9.222619,-2.3492064
18600.0,-9.228572,-2.2380953
18616.666,-9.248413,-2.2281747
18633.334,-9.268254,-2.2182539
18650.0,-9.270238,-2.2154763
18666.666,-9.260318,-2.2174604
18683.334,-9.24881,-2.2220237
18700.0,-9.230952,-2.2369049
18716.666,-9.213096,-2.2517858
18733.334,-9.219048,-2.2126985
18750.0,-9.230952,-2.160119
18766.666,-9.24127,-2.1261904
18783.334,-9.249207,-2.120238
18800.0,-9.257143,-2.1142857
18816.666,-9.276984,-2.118254
18833.334,-9.296825,-2.1222222
18850.0,-9.309524,-2.1047618
18866.666,-9.31746,-2.073016
18883.334,-9.331349,-2.0472221
18900.0,-9.369047,-2.045238
18916.666,-9.406746,-2.043254
18933.334,-9.409524,-2.0063493
18950.0,-9.403571,-1.9607143
18966.666,-9.407936,-1.9269841
18983.334,-9.427778,-1.9111111
19000.0,-9.447619,-1.895238
19016.666,-9.435715,-1.9111111
19033.334,-9.423809,-1.9269841
19050.0,-9.427381,-1.9428571
19066.666,-9.44127,-1.9587301
19083.334,-9.459921,-1.972619
19100.0,-9.497619,-1.9785714
19116.666,-9.535317,-1.9845238
19133.334,-9.555555,-1.9492064
19150.0,-9.571428,-1.9035715
19166.666,-9.586508,-1.8484128
19183.334,-9.600397,-1.7789682
19200.0,-9.614285,-1.7095238
19216.666,-9.62619,-1.7244048
19233.334,-9.638095,-1.7392857
19250.0,-9.652976,-1.7511904
19266.666,-9.669841,-1.7611111
19283.334,-9.682143,-1.7617064
19300.0,-9.67619,-1.725
19316.666,-9.6702385,-1.6882937
19333.334,-9.67619,-1.6603174
19350.0,-9.685119,-1.6345239
19366.666,-9.687302,-1.6388888
19383.334,-9.679365,-1.6884921
19400.0,-9.671429,-1.7380953
19416.666,-9.6515875,-1.7341269
19433.334,-9.631746,-1.7301587
19450.0,-9.62381,-1.7321428
19466.666,-9.62381,-1.7380953
19483.334,-9.622222,-1.7452381
19500.0,-9.614285,-1.7571429
19516.666,-9.606349,-1.7690476
19533.334,-9.593651,-1.7904762
19550.0,-9.5797615,-1.8142858
19566.666,-9.563492,-1.8214285
19583.334,-9.543651,-1.8035715
19600.0,-9.523809,-1.7857143
19616.666,-9.525794,-1.7976191
19633.334,-9.527778,-1.8095238
19650.0,-9.533334,-1.8392857
19666.666,-9.54127,-1.8809524
19683.334,-9.548809,-1.9178572
19700.0,-9.554762,-1.9357142
19716.666,-9.560715,-1.9535714
19733.334,-9.531746,-1.9253968
19750.0,-9.494047,-1.8857143
19766.666,-9.473016,-1.8809524
19783.334,-9.476984,-1.9285715
19800.0,-9.480952,-1.9761904
19816.666,-9.471032,-1.9563493
19833.334,-9.461111,-1.9365079
19850.0,-9.470238,-1.9178572
19866.666,-9.4920635,-1.9
19883.334,-9.511905,-1.8813492
19900.0,-9.523809,-1.8595238
19916.666,-9.535714,-1.8376985
19933.334,-9.520635,-1.8412699
19950.0,-9.49881,-1.8511904
19966.666,-9.480952,-1.8603175
19983.334,-9.469048,-1.868254
20000.0,-9.457143,-1.8761904
20016.666,-9.41746,-1.8980159
20033.334,-9.377778,-1.9198413
20050.0,-9.356547,-1.9357142
20066.666,-9.347619,-1.9476191
20083.334,-9.3390875,-1.956746
20100.0,-9.332143,-1.9547619
20116.666,-9.325198,-1.9527777
20133.334,-9.306349,-1.9539683
20150.0,-9.284524,-1.9559524
20166.666,-9.25635,-1.9579365
20183.334,-9.218651,-1.9599206
20200.0,-9.180952,-1.9619048
20216.666,-9.17004,-1.9867064
20233.334,-9.159127,-2.011508
20250.0,-9.1422615,-2.0375
20266.666,-9.1214285,-2.0642858
20283.334,-9.100794,-2.086111
20300.0,-9.080953,-2.0880952
20316.666,-9.061111,-2.0900793
20333.334,-9.052381,-2.0904763
20350.0,-9.046429,-2.0904763
20366.666,-9.042857,-2.115873
20383.334,-9.042857,-2.1793652
20400.0,-9.042857,-2.2428572
20416.666,-8.999207,-2.2180555
20433.334,-8.955556,-2.193254
20450.0,-8.942857,-2.1708333
20466.666,-8.950793,-2.15
20483.334,-8.953968,-2.136111
20500.0,-8.938095,-2.15
20516.666,-8.922222,-2.163889
20533.334,-8.9015875,-2.2079365
20550.0,-8.879762,-2.2595239
20566.666,-8.864285,-2.3039682
20583.334,-8.858334,-2.3376985
20600.0,-8.852381,-2.3714285
20616.666,-8.840476,-2.3436508
20633.334,-8.828571,-2.315873
20650.0,-8.804762,-2.3214285
20666.666,-8.773016,-2.3492064
20683.334,-8.746032,-2.3765874
20700.0,-8.738095,-2.402381
20716.666,-8.730159,-2.4281745
20733.334,-8.726984,-2.4444444
20750.0,-8.725,-2.4583333
20766.666,-8.726191,-2.459524
20783.334,-8.732142,-2.4416666
20800.0,-8.738095,-2.4238095
20816.666,-8.7420635,-2.4
20833.334,-8.746032,-2.3761904
20850.0,-8.74881,-2.3547618
20866.666,-8.750793,-2.3349206
20883.334,-8.758333,-2.3166666
20900.0,-8.788095,-2.304762
20916.666,-8.817857,-2.2928572
20933.334,-8.817857,-2.2928572
20950.0,-8.817857,-2.2928572
20966.666,-8.817857,-2.2928572
20983.334,-8.817857,-2.2928572
