0.0,-7.061905,-4.6238093
16.666666,-7.0857143,-4.6654763
33.333332,-7.109524,-4.707143
50.0,-7.1380954,-4.7821426
66.666664,-7.1698413,-4.879365
83.333336,-7.1916666,-4.9670634
100.0,-7.1738095,-5.016667
116.666664,-7.1559525,-5.06627
133.33333,-7.139683,-5.047619
150.0,-7.1238093,-5.0119047
166.66667,-7.234127,-5.203968
183.33333,-7.53373,-5.7376986
200.0,-7.8333335,-6.2714286
216.66667,-8.5912695,-7.900397
233.33333,-9.349206,-9.529366
250.0,-9.564285,-10.107142
266.66666,-9.41746,-9.984127
283.33334,-9.301587,-9.874603
300.0,-9.309524,-9.819048
316.66666,-9.31746,-9.763492
333.33334,-9.31245,-9.924752
350.0,-9.307441,-10.086012
366.66666,-9.30243,-10.247272
383.33334,-9.2974205,-10.408532
400.0,-9.292411,-10.569792
416.66666,-9.287401,-10.731051
433.33334,-9.282391,-10.892311
450.0,-9.277381,-11.053572
466.66666,-9.033334,-10.753968
483.33334,-8.851587,-10.520635
500.0,-8.919047,-10.552381
516.6667,-8.986508,-10.584127
533.3333,-8.987302,-10.620635
550.0,-8.971429,-10.658334
566.6667,-8.951588,-10.685715
583.3333,-8.925794,-10.697619
600.0,-8.9,-10.709524
616.6667,-8.826588,-10.703571
633.3333,-8.753175,-10.697619
650.0,-8.396428,-9.664881
666.6667,-7.850794,-7.947619
683.3333,-7.4186506,-6.5966268
700.0,-7.4404764,-6.7107143
716.6667,-7.4623017,-6.8248014
733.3333,-7.5015874,-6.9031744
750.0,-7.545238,-6.972619
766.6667,-7.565873,-7.0333333
783.3333,-7.5519843,-7.080952
800.0,-7.5380955,-7.1285715
816.6667,-7.484524,-7.225794
833.3333,-7.4309525,-7.3230157
850.0,-7.392857,-7.3714285
866.6667,-7.3650794,-7.3873014
883.3333,-7.3517857,-7.398016
900.0,-7.3964286,-7.3880954
916.6667,-7.4410715,-7.378175
933.3333,-7.453968,-7.338095
950.0,-7.4589286,-7.2904763
966.6667,-7.656349,-7.53254
983.3333,-8.14246,-8.209127
1000.0,-8.6285715,-8.885715
1016.6667,-8.678175,-9.155556
1033.3334,-8.7277775,-9.425397
1050.0,-8.75,-9.458333
1066.6666,-8.753968,-9.333333
1083.3334,-8.755158,-9.223611
1100.0,-8.745238,-9.175
1116.6666,-8.735317,-9.126389
1133.3334,-8.752381,-9.104762
1150.0,-8.776191,-9.089881
1166.6666,-8.770635,-9.059127
1183.3334,-8.721032,-9.004563
1200.0,-8.671429,-8.95
1216.6666,-13.028571,-7.6950397
1233.3334,-17.385714,-6.440079
1250.0,-19.89762,-5.241667
1266.6666,-21.179365,-4.080952
1283.3334,-22.120832,-3.197619
1300.0,-21.70119,-3.4238095
1316.6666,-21.281548,-3.65
1333.3334,-21.118254,-3.7539682
1350.0,-21.019047,-3.827381
1366.6666,-20.971031,-3.8674603
1383.3334,-20.999802,-3.8575397
1400.0,-21.028572,-3.847619
1416.6666,-21.004763,-3.8376985
1433.3334,-20.980953,-3.8277779
1450.0,-20.925,-3.8452382
1466.6666,-20.847618,-3.8809524
1483.3334,-20.78254,-3.925397
1500.0,-20.766666,-4.0047617
1516.6666,-20.750793,-4.084127
1533.3334,-20.714285,-4.184127
1550.0,-20.672619,-4.2892857
1566.6666,-20.629366,-4.356349
1583.3334,-20.58373,-4.36627
1600.0,-20.538095,-4.3761907
1616.6666,-19.409126,-4.8146825
1633.3334,-18.280159,-5.253175
1650.0,-15.884523,-6.7880955
1666.6666,-12.644444,-9.053968
1683.3334,-10.1515875,-10.820635
1700.0,-10.647619,-10.590476
1716.6666,-11.143651,-10.360317
1733.3334,-11.277778,-10.276191
1750.0,-11.321428,-10.228572
1766.6666,-11.360317,-10.193651
1783.3334,-11.392063,-10.177778
1800.0,-11.423809,-10.161904
1816.6666,-11.392063,-10.166865
1833.3334,-11.360317,-10.171825
1850.0,-11.339881,-10.145833
1866.6666,-11.326984,-10.099206
1883.3334,-11.315675,-10.062698
1900.0,-11.310715,-10.066667
1916.6666,-11.305754,-10.070635
1933.3334,-11.226984,-10.069841
1950.0,-11.129762,-10.067857
1966.6666,-10.180952,-9.095238
1983.3334,-7.954762,-6.6666665
2000.0,-5.7285714,-4.2380953
2016.6666,-5.9488096,-4.4563494
2033.3334,-6.169048,-4.674603
2050.0,-6.2690477,-4.8190475
2066.6667,-6.288889,-4.9142857
2083.3333,-6.301587,-4.996627
2100.0,-6.285714,-5.027381
2116.6667,-6.269841,-5.058135
2133.3333,-6.269841,-5.065079
2150.0,-6.2738094,-5.0660715
2166.6667,-6.2785716,-5.0710316
2183.3333,-6.284524,-5.0819445
2200.0,-6.2904763,-5.0928574
2216.6667,-7.598016,-4.6355157
2233.3333,-8.905556,-4.1781745
2250.0,-9.799405,-3.6214285
2266.6667,-10.41746,-2.9984126
2283.3333,-10.858929,-2.5130951
2300.0,-10.594048,-2.5785713
2316.6667,-10.329166,-2.6440477
2333.3333,-10.247619,-2.7015872
2350.0,-10.211905,-2.7571428
2366.6667,-10.164286,-2.7912698
2383.3333,-10.098809,-2.793254
2400.0,-10.033334,-2.795238
2416.6667,-9.9777775,-2.8269842
2433.3333,-9.922222,-2.85873
2450.0,-9.492857,-3.5142858
2466.6667,-8.814285,-4.5857143
2483.3333,-8.283134,-5.4255953
2500.0,-8.341666,-5.339286
2516.6667,-8.400198,-5.2529764
2533.3333,-8.433333,-5.1555557
2550.0,-8.460119,-5.055357
2566.6667,-8.475397,-4.9920635
2583.3333,-8.4734125,-4.984127
2600.0,-8.471429,-4.9761906
2616.6667,-8.459524,-4.9880953
2633.3333,-8.447619,-5.0
2650.0,-8.435715,-4.997619
2666.6667,-8.423809,-4.9857144
2683.3333,-8.409921,-4.9773808
2700.0,-8.388095,-4.983333
2716.6667,-8.36627,-4.989286
2733.3333,-8.357142,-4.984127
2750.0,-8.351191,-4.9761906
2766.6667,-7.3285713,-5.464286
2783.3333,-4.7809525,-6.696429
2800.0,-2.2333333,-7.928571
2816.6667,-1.6321429,-8.369047
2833.3333,-1.0309523,-8.809524
2850.0,-0.94404763,-8.901191
2866.6667,-1.2,-8.760318
2883.3333,-1.4273809,-8.64246
2900.0,-1.5404762,-8.616667
2916.6667,-1.6535715,-8.590873
2933.3333,-1.6888889,-8.576191
2950.0,-1.7047619,-8.564285
2966.6667,-1.7285714,-8.559524
2983.3333,-1.7642857,-8.565476
3000.0,-1.8,-8.571428
3016.6667,-4.752381,-6.9206347
3033.3333,-7.704762,-5.269841
3050.0,-8.647024,-4.6875
3066.6667,-8.249207,-4.8174605
3083.3333,-7.902976,-4.928373
3100.0,-7.7630954,-4.963095
3116.6667,-7.6232142,-4.9978175
3133.3333,-7.565079,-5.006349
3150.0,-7.527381,-5.008333
3166.6667,-7.507143,-5.0
3183.3333,-7.5130954,-4.9761906
3200.0,-7.5190477,-4.952381
3216.6667,-7.5170636,-4.8174605
3233.3333,-7.5150795,-4.6825395
3250.0,-7.5285716,-4.616667
3266.6667,-7.552381,-4.5968256
3283.3333,-7.5742064,-4.5833335
3300.0,-7.588095,-4.595238
3316.6667,-7.601984,-4.607143
3333.3333,-7.5825396,-4.6126986
3350.0,-7.554762,-4.616667
3366.6667,-7.54127,-4.633333
3383.3333,-7.5492063,-4.669048
3400.0,-7.5571427,-4.704762
3416.6667,-7.640476,-4.8843255
3433.3333,-7.7238097,-5.063889
3450.0,-7.847857,-4.9255953
3466.6667,-7.9719048,-4.7873015
3483.3333,-8.095952,-4.649008
3500.0,-8.22,-4.510714
3516.6667,-8.344048,-4.372421
3533.3333,-8.468095,-4.234127
3550.0,-8.592143,-4.0958333
3566.6667,-8.71619,-3.9575398
3583.3333,-8.840239,-3.819246
3600.0,-8.964286,-3.6809523
3616.6667,-8.9454365,-3.722619
3633.3333,-8.926587,-3.7642858
3650.0,-8.932143,-3.8154762
3666.6667,-8.953968,-3.8730159
3683.3333,-8.969048,-3.9186509
3700.0,-8.957143,-3.9166667
3716.6667,-8.945238,-3.9146826
3733.3333,-8.949206,-3.8936508
3750.0,-8.957143,-3.8678572
3766.6667,-8.961111,-3.8507936
3783.3333,-8.959127,-3.8468254
3800.0,-8.957143,-3.8428571
3816.6667,-8.932342,-3.838889
3833.3333,-8.907539,-3.8349206
3850.0,-8.88631,-3.8488095
3866.6667,-8.86746,-3.8746033
3883.3333,-8.840476,-3.8960319
3900.0,-8.780952,-3.9
3916.6667,-8.721429,-3.9039683
3933.3333,-8.744445,-3.947619
3950.0,-8.788095,-4.0011907
3966.6667,-8.826984,-4.0301585
3983.3333,-8.85873,-4.022222
4000.0,-8.890476,-4.0142856
4016.6667,-8.870635,-3.9686508
4033.3333,-8.850794,-3.9230158
4050.0,-8.842857,-3.9059525
4066.6667,-8.842857,-3.9079366
4083.3333,-8.821428,-3.89127
4100.0,-8.714286,-3.8
4116.6665,-8.607142,-3.7087302
4133.3335,-7.7158732,-3.4126985
4150.0,-6.6285715,-3.0654762
4166.6665,-6.009524,-2.8746033
4183.3335,-6.0928574,-2.918254
4200.0,-6.1761904,-2.9619048
4216.6665,-6.218849,-2.9916666
4233.3335,-6.261508,-3.0214286
4250.0,-6.282738,-3.05
4266.6665,-6.2896824,-3.0777779
4283.3335,-6.2876983,-3.0996032
4300.0,-6.25,-3.097619
4316.6665,-6.2123017,-3.095635
4333.3335,-6.236508,-3.131746
4350.0,-6.2761903,-3.177381
4366.6665,-6.297619,-3.2198412
4383.3335,-6.2916665,-3.2575397
4400.0,-6.285714,-3.295238
4416.6665,-6.3174605,-3.338889
4433.3335,-6.3492064,-3.3825397
4450.0,-8.116667,-3.9238095
4466.6665,-11.04127,-4.7968254
4483.3335,-13.345238,-5.516667
4500.0,-13.166667,-5.6238093
4516.6665,-12.988095,-5.7309523
4533.3335,-12.787302,-5.720635
4550.0,-12.580953,-5.6809525
4566.6665,-12.44008,-5.65
4583.3335,-12.397421,-5.632143
4600.0,-12.354762,-5.614286
4616.6665,-12.292262,-5.5805554
4633.3335,-12.229762,-5.5468254
4650.0,-12.184524,-5.516667
4666.6665,-12.150794,-5.4888887
4683.3335,-12.118254,-5.476389
4700.0,-12.090476,-5.525
4716.6665,-12.062698,-5.5736113
4733.3335,-12.039682,-5.5873017
4750.0,-12.017858,-5.592262
4766.6665,-11.9920635,-5.6023808
4783.3335,-11.960318,-5.6202383
4800.0,-11.928572,-5.6380954
4816.6665,-9.963294,-2.7819445
4833.3335,-7.998016,0.07420635
4850.0,-7.264881,1.1303571
4866.6665,-7.3531747,0.98650795
4883.3335,-7.4440475,0.82420635
4900.0,-7.545238,0.58809525
4916.6665,-7.6464286,0.3519841
4933.3335,-7.6571426,0.22698413
4950.0,-7.645238,0.1297619
4966.6665,-9.612699,-0.86269844
4983.3335,-14.549207,-3.198016
5000.0,-19.485714,-5.5333333
5016.6665,-19.383532,-5.734722
5033.3335,-19.28135,-5.936111
5050.0,-19.104761,-5.946429
5066.6665,-18.87857,-5.8293653
5083.3335,-18.676786,-5.722024
5100.0,-18.572618,-5.6535716
5116.6665,-18.468452,-5.5851192
5133.3335,-18.646032,-5.65873
5150.0,-18.894047,-5.767857
5166.6665,-19.506746,-6.046032
5183.3335,-20.666468,-6.577778
5200.0,-21.82619,-7.109524
5216.6665,-21.630754,-7.0142856
5233.3335,-21.435318,-6.919048
5250.0,-21.335714,-6.8630953
5266.6665,-21.3,-6.8333335
5283.3335,-21.265476,-6.811111
5300.0,-21.235714,-6.8190475
5316.6665,-21.205952,-6.826984
5333.3335,-21.142063,-6.838095
5350.0,-21.069643,-6.85
5366.6665,-21.017857,-6.8619046
5383.3335,-20.997025,-6.8738093
5400.0,-20.97619,-6.885714
5416.6665,-20.964285,-6.895635
5433.3335,-20.952381,-6.9055557
5450.0,-20.95,-6.864286
5466.6665,-20.953968,-6.788889
5483.3335,-20.95377,-6.713095
5500.0,-20.936905,-6.635714
5516.6665,-20.92004,-6.5583334
5533.3335,-15.652381,-4.9944444
5550.0,-9.072023,-3.0589285
5566.6665,-4.6857142,-1.4615079
5583.3335,-3.5904763,-0.37123016
5600.0,-2.495238,0.7190476
5616.6665,-2.976389,0.51468253
5633.3335,-3.4575398,0.31031746
5650.0,-3.6803572,0.16190477
5666.6665,-3.7309523,0.05079365
5683.3335,-3.7686508,-0.04246032
5700.0,-3.754762,-0.06428572
5716.6665,-3.740873,-0.08611111
5733.3335,-3.7142856,-0.16190477
5750.0,-3.6845238,-0.25119048
5766.6665,-3.6603174,-0.31269842
5783.3335,-3.6444445,-0.33253968
5800.0,-3.6285715,-0.35238096
5816.6665,-3.6424603,-0.32261905
5833.3335,-3.6563492,-0.29285714
5850.0,-3.6595237,-0.2797619
5866.6665,-3.6555555,-0.2777778
5883.3335,-3.6563492,-0.27896824
5900.0,-3.6761904,-0.29285714
5916.6665,-3.6960318,-0.30674604
5933.3335,-3.6833334,-0.31111112
5950.0,-3.6625,-0.31309524
5966.6665,-3.6626985,-0.31865078
5983.3335,-3.6944444,-0.3295635
6000.0,-3.7261906,-0.34047619
6016.6665,-3.7757936,-0.4109127
6033.3335,-3.8253968,-0.4813492
6050.0,-3.817262,-0.53333336
6066.6665,-3.770635,-0.57301587
6083.3335,-3.9787698,-0.6843254
6100.0,-5.205952,-1.0821428
6116.6665,-6.433135,-1.4799603
6133.3335,-7.8095236,-2.115873
6150.0,-9.223214,-2.8113096
6166.6665,-9.910714,-3.2019842
6183.3335,-9.508928,-3.135516
6200.0,-9.107142,-3.0690477
6216.6665,-8.991072,-3.0521824
6233.3335,-8.875,-3.0353174
6250.0,-8.792857,-3.057143
6266.6665,-8.733334,-3.1047618
6283.3335,-8.690476,-3.1448412
6300.0,-8.714286,-3.1547618
6316.6665,-8.738095,-3.1646826
6333.3335,-8.721429,-3.1968255
6350.0,-8.694643,-3.2345238
6366.6665,-8.655952,-3.2746031
6383.3335,-8.599404,-3.318254
6400.0,-8.542857,-3.3619049
6416.6665,-8.534921,-3.4571428
6433.3335,-8.526984,-3.552381
6450.0,-8.508333,-3.6244047
6466.6665,-8.48254,-3.6809523
6483.3335,-8.457936,-3.7376983
6500.0,-8.438095,-3.795238
6516.6665,-8.418254,-3.8527777
6533.3335,-8.404762,-3.8984127
6550.0,-8.392858,-3.9410715
6566.6665,-8.380953,-3.9702382
6583.3335,-8.369047,-3.9791667
6600.0,-8.357142,-3.9880953
6616.6665,-8.303572,-4.0724206
6633.3335,-8.25,-4.156746
6650.0,-8.221429,-4.2273808
6666.6665,-8.209524,-4.288889
6683.3335,-8.196825,-4.349603
6700.0,-8.180952,-4.4071426
6716.6665,-8.165079,-4.4646826
6733.3335,-8.180952,-4.5079365
6750.0,-8.2047615,-4.547619
6766.6665,-8.220238,-4.593651
6783.3335,-8.223214,-4.649206
6800.0,-8.226191,-4.704762
6816.6665,-8.163691,-4.7761903
6833.3335,-8.101191,-4.847619
6850.0,-8.075,-4.884524
6866.6665,-8.073016,-4.8984127
6883.3335,-8.0682535,-4.9194446
6900.0,-8.052381,-4.9690475
6916.6665,-8.036508,-5.018651
6933.3335,-8.009523,-5.077778
6950.0,-7.979762,-5.1392856
6966.6665,-7.9416666,-5.2
6983.3335,-7.8910713,-5.259524
7000.0,-7.840476,-5.3190475
7016.6665,-7.797817,-5.4103174
7033.3335,-7.755159,-5.5015874
7050.0,-7.725,-5.5666666
7066.6665,-7.7031746,-5.614286
7083.3335,-7.6845236,-5.6531744
7100.0,-7.678571,-5.6571426
7116.6665,-7.672619,-5.661111
7133.3335,-7.6555557,-5.646032
7150.0,-7.635714,-5.6261907
7166.6665,-7.6138887,-5.5896826
7183.3335,-7.5890875,-5.5281744
7200.0,-7.5642858,-5.4666667
7216.6665,-7.619841,-5.4785714
7233.3335,-7.675397,-5.490476
7250.0,-7.720238,-5.472619
7266.6665,-7.7579365,-5.434921
7283.3335,-7.7906747,-5.404365
7300.0,-7.803571,-5.402381
7316.6665,-7.8164682,-5.400397
7333.3335,-7.820635,-5.409524
7350.0,-7.822619,-5.4214287
7366.6665,-7.825397,-5.4261904
7383.3335,-7.8293653,-5.420238
7400.0,-7.8333335,-5.4142857
7416.6665,-7.84127,-5.390476
7433.3335,-7.8492064,-5.366667
7450.0,-7.8636904,-5.3702383
7466.6665,-7.8825397,-5.3920636
7483.3335,-7.769643,-5.4664683
7500.0,-7.1297617,-5.7511907
7516.6665,-6.489881,-6.0359125
7533.3335,-6.2095237,-6.204762
7550.0,-6.0190477,-6.3446426
7566.6665,-5.947619,-6.449603
7583.3335,-6.054762,-6.5021825
7600.0,-6.161905,-6.554762
7616.6665,-6.176786,-6.527976
7633.3335,-6.1916666,-6.5011907
7650.0,-7.2482142,-6.1089287
7666.6665,-8.304762,-5.7166667
7683.3335,-9.361309,-5.3244047
7700.0,-10.417857,-4.9321427
7716.6665,-11.474404,-4.5398808
7733.3335,-12.530952,-4.1476192
7750.0,-13.5875,-3.755357
7766.6665,-14.644048,-3.3630953
7783.3335,-15.700595,-2.9708333
7800.0,-16.757143,-2.5785713
7816.6665,-16.75119,-2.5170634
7833.3335,-16.745237,-2.4555554
7850.0,-16.789286,-2.4279761
7866.6665,-16.866667,-2.4230158
7883.3335,-16.930952,-2.4190476
7900.0,-16.942858,-2.4190476
7916.6665,-16.954762,-2.4190476
7933.3335,-16.957144,-2.4087303
7950.0,-16.957144,-2.3958333
7966.6665,-16.959524,-2.3940477
7983.3335,-16.965477,-2.4089286
8000.0,-16.971428,-2.4238095
8016.6665,-16.951588,-2.4456348
8033.3335,-16.931746,-2.4674604
8050.0,-16.922619,-2.4940476
8066.6665,-16.920635,-2.5238094
8083.3335,-16.809921,-2.5496032
8100.0,-16.264286,-2.5595238
8116.6665,-15.718651,-2.5694444
8133.3335,-11.847619,-3.9460318
8150.0,-7.145238,-5.6642857
8166.6665,-4.581746,-6.630159
8183.3335,-5.2265873,-6.46746
8200.0,-5.8714285,-6.304762
8216.667,-5.9051585,-6.2849207
8233.333,-5.938889,-6.2650795
8250.0,-5.939881,-6.2636905
8266.667,-5.919048,-6.2746034
8283.333,-5.9033732,-6.2962303
8300.0,-5.9083333,-6.3607144
8316.667,-5.913294,-6.4251986
8333.333,-5.9015875,-6.4650793
8350.0,-5.885714,-6.4988093
8366.667,-5.9,-6.545238
8383.333,-5.9595237,-6.6107144
8400.0,-6.0190477,-6.6761904
8416.667,-6.0378966,-6.643452
8433.333,-6.056746,-6.6107144
8450.0,-6.092262,-6.5863094
8466.667,-6.138889,-6.5674605
8483.333,-6.193849,-6.5519843
8500.0,-6.2821426,-6.55
8516.667,-6.3704367,-6.548016
8533.333,-6.428571,-6.5142856
8550.0,-6.4791665,-6.472619
8566.667,-6.523016,-6.423016
8583.333,-6.556746,-6.361508
8600.0,-6.590476,-6.3
8616.667,-6.576587,-6.2176585
8633.333,-6.5626984,-6.1353173
8650.0,-6.544048,-6.047024
8666.667,-6.522222,-5.954762
8683.333,-6.5075397,-5.8674603
8700.0,-6.5214286,-5.8
8716.667,-6.5353174,-5.7325397
8733.333,-6.631746,-5.5920634
8750.0,-6.7488093,-5.4333334
8766.667,-7.630159,-4.2253966
8783.333,-9.657936,-1.4436508
8800.0,-11.685715,1.3380952
8816.667,-11.237302,1.1436508
8833.333,-10.788889,0.94920635
8850.0,-10.575,0.8452381
8866.667,-10.51746,0.8015873
8883.333,-10.462897,0.7656746
8900.0,-10.4202385,0.7607143
8916.667,-10.37758,0.755754
8933.333,-10.374603,0.76428574
8950.0,-10.381548,0.77619046
8966.667,-9.430159,0.5107143
8983.333,-7.04127,-0.17083333
9000.0,-4.652381,-0.85238093
9016.667,-4.9460316,-0.70555556
9033.333,-5.2396827,-0.5587302
9050.0,-5.391667,-0.43809524
9066.667,-5.4492064,-0.33492064
9083.333,-5.491667,-0.23888889
9100.0,-5.4738097,-0.17142858
9116.667,-5.455952,-0.103968255
9133.333,-5.4071426,-0.08492064
9150.0,-5.3505955,-0.07797619
9166.667,-5.3007936,-0.06587302
9183.333,-5.2611113,-0.046031747
9200.0,-5.2214284,-0.026190476
9216.667,-5.1847224,-0.02123016
9233.333,-5.148016,-0.016269842
9250.0,-5.1190476,-0.030357143
9266.667,-5.095238,-0.057142857
9283.333,-5.0674605,-0.08154762
9300.0,-5.0238094,-0.09642857
9316.667,-4.980159,-0.11130952
9333.333,-6.311111,-0.16825397
9350.0,-7.9857144,-0.23571429
9366.667,-9.771428,-0.3595238
9383.333,-11.723809,-0.56785715
9400.0,-13.67619,-0.77619046
9416.667,-13.160317,-0.77420634
9433.333,-12.644444,-0.7722222
9450.0,-12.391666,-0.7952381
9466.667,-12.314285,-0.83492064
9483.333,-12.247619,-0.86845237
9500.0,-12.223809,-0.87738097
9516.667,-12.2,-0.8863095
9533.333,-12.187302,-0.8730159
9550.0,-12.177381,-0.8541667
9566.667,-12.177778,-0.8357143
9583.333,-12.193651,-0.81785715
9600.0,-12.209524,-0.8
9616.667,-12.201588,-0.76031744
9633.333,-12.193651,-0.72063494
9650.0,-12.175,-0.6869048
9666.667,-12.149206,-0.6571429
9683.333,-12.130555,-0.62777776
9700.0,-12.140476,-0.6
9716.667,-12.150397,-0.57222223
9733.333,-12.126985,-0.57301587
9750.0,-12.095238,-0.5809524
9766.667,-12.052381,-0.5873016
9783.333,-11.992857,-0.59126985
9800.0,-11.933333,-0.5952381
9816.667,-11.889683,-0.60714287
9833.333,-11.846032,-0.61904764
9850.0,-11.826191,-0.63035715
9866.667,-11.822222,-0.64126986
9883.333,-11.81746,-0.6577381
9900.0,-11.809524,-0.6964286
9916.667,-11.801587,-0.73511904
9933.333,-11.780952,-0.8055556
9950.0,-11.757143,-0.8839286
9966.667,-11.73254,-0.9511905
9983.333,-11.706746,-1.0017858
10000.0,-11.680952,-1.0523809
10016.667,-11.629365,-1.1277778
10033.333,-11.577778,-1.2031746
10050.0,-11.536904,-1.3178571
10066.667,-11.503175,-1.4587301
10083.333,-11.465873,-1.5936508
10100.0,-11.414286,-1.7047619
10116.667,-11.362699,-1.815873
10133.333,-10.499207,-1.8706349
10150.0,-9.432738,-1.9113095
10166.667,-7.9694443,-1.9138889
10183.333,-5.9109125,-1.8593254
10200.0,-3.852381,-1.8047619
10216.667,-4.276984,-1.8474207
10233.333,-4.701587,-1.8900794
10250.0,-4.9059525,-1.9327381
10266.667,-4.963492,-1.9753969
10283.333,-5.0126987,-2.0198412
10300.0,-5.0285716,-2.0714285
10316.667,-5.0444446,-2.1230159
10333.333,-5.0047617,-2.120635
10350.0,-4.9511905,-2.1047618
10366.667,-4.9325395,-2.097619
10383.333,-4.96627,-2.1035714
10400.0,-5.0,-2.1095238
10416.667,-4.9960318,-2.111508
10433.333,-4.9920635,-2.113492
10450.0,-4.972619,-2.129762
10466.667,-4.9428573,-2.1555555
10483.333,-4.9180555,-2.1734128
10500.0,-4.9130955,-2.1595237
10516.667,-4.908135,-2.145635
10533.333,-6.9960318,-2.1722221
10550.0,-9.607142,-2.2089286
10566.667,-11.00754,-2.232143
10583.333,-10.591866,-2.235119
10600.0,-10.17619,-2.2380953
10616.667,-10.093849,-2.1994047
10633.333,-10.011508,-2.1607144
10650.0,-9.957738,-2.1255953
10666.667,-9.923016,-2.0928571
10683.333,-9.952147,-2.3089826
10700.0,-9.981277,-2.5251083
10716.667,-10.010407,-2.7412338
10733.333,-10.039538,-2.9573593
10750.0,-10.068668,-3.1734848
10766.667,-10.097799,-3.3896103
10783.333,-10.12693,-3.605736
10800.0,-10.15606,-3.8218615
10816.667,-10.185191,-4.037987
10833.333,-10.214322,-4.2541127
10850.0,-10.243452,-4.470238
10866.667,-10.188889,-4.484127
10883.333,-10.147818,-4.4849205
10900.0,-10.160714,-4.4333334
10916.667,-10.173611,-4.381746
10933.333,-10.17619,-4.3619046
10950.0,-10.17619,-4.35
10966.667,-10.156349,-4.334127
10983.333,-10.106746,-4.3123016
11000.0,-10.057143,-4.2904763
11016.667,-10.068055,-4.300397
11033.333,-10.078968,-4.3103175
11050.0,-10.093452,-4.320238
11066.667,-10.110317,-4.3301587
11083.333,-10.127183,-4.3498015
11100.0,-10.144048,-4.4083333
11116.667,-10.1609125,-4.466865
11133.333,-10.168254,-4.5119047
11150.0,-10.173214,-4.553571
11166.667,-10.180159,-4.582143
11183.333,-10.19008,-4.5910716
11200.0,-10.2,-4.6
11216.667,-10.207936,-4.5900793
11233.333,-10.215873,-4.5801587
11250.0,-10.217857,-4.5869045
11266.667,-10.215873,-4.604762
11283.333,-10.211508,-4.6265874
11300.0,-10.197619,-4.6642857
11316.667,-10.18373,-4.701984
11333.333,-10.205556,-4.7507935
11350.0,-10.236309,-4.802381
11366.667,-10.254365,-4.8190475
11383.333,-10.253373,-4.7833333
11400.0,-10.252381,-4.747619
11416.667,-10.228572,-4.7535715
11433.333,-10.2047615,-4.759524
11450.0,-10.205953,-4.7214284
11466.667,-10.223809,-4.6539683
11483.333,-10.234524,-4.5896826
11500.0,-10.216666,-4.5380955
11516.667,-10.19881,-4.486508
11533.333,-10.192857,-4.463492
11550.0,-10.189881,-4.447619
11566.667,-10.191667,-4.4261904
11583.333,-10.200595,-4.3964286
11600.0,-10.209524,-4.366667
11616.667,-10.209524,-4.3230157
11633.333,-10.209524,-4.279365
11650.0,-10.186905,-4.2559524
11666.667,-10.149206,-4.2460318
11683.333,-10.11746,-4.247619
11700.0,-10.109524,-4.295238
11716.667,-10.101587,-4.3428574
11733.333,-10.107937,-4.3587303
11750.0,-10.117857,-4.366667
11766.667,-10.123015,-4.364286
11783.333,-10.121032,-4.3464284
11800.0,-10.119047,-4.3285713
11816.667,-10.111111,-4.3345237
11833.333,-10.103174,-4.340476
11850.0,-10.084524,-4.3619046
11866.667,-10.05873,-4.393651
11883.333,-10.0337305,-4.427381
11900.0,-10.011905,-4.4690475
11916.667,-9.990079,-4.510714
11933.333,-9.979365,-4.526984
11950.0,-9.971429,-4.536905
11966.667,-9.975,-4.5559525
11983.333,-9.995833,-4.5886903
12000.0,-10.016666,-4.6214285
12016.667,-9.995833,-4.6323414
12033.333,-9.975,-4.643254
12050.0,-9.979762,-4.678571
12066.667,-10.001587,-4.730159
12083.333,-9.937302,-4.703968
12100.0,-9.528571,-4.366667
12116.667,-9.119842,-4.029365
12133.333,-7.7746034,-2.8555555
12150.0,-6.195238,-1.472619
12166.667,-5.297619,-0.68968254
12183.333,-5.422619,-0.806746
12200.0,-5.547619,-0.9238095
12216.667,-5.5972223,-1.0130953
12233.333,-5.6468253,-1.102381
12250.0,-5.7166667,-1.1619048
12266.667,-5.8,-1.2015873
12283.333,-6.2853174,-1.3099207
12300.0,-8.3785715,-1.6928571
12316.667,-10.471826,-2.0757937
12333.333,-11.073016,-2.211111
12350.0,-11.30119,-2.2845237
12366.667,-11.351984,-2.288889
12383.333,-11.136706,-2.1896825
12400.0,-10.921429,-2.0904763
12416.667,-10.868849,-2.0130951
12433.333,-10.81627,-1.9357142
12450.0,-10.853572,-1.8833333
12466.667,-10.950793,-1.847619
12483.333,-10.986327,-2.0066018
12500.0,-11.021861,-2.1655843
12516.667,-11.057395,-2.324567
12533.333,-11.092929,-2.4835498
12550.0,-11.128463,-2.6425323
12566.667,-11.163997,-2.801515
12583.333,-11.199531,-2.9604979
12600.0,-11.2350645,-3.1194806
12616.667,-11.270598,-3.2784631
12633.333,-11.306132,-3.4374459
12650.0,-11.341666,-3.5964286
12666.667,-11.315873,-3.5984128
12683.333,-11.289286,-3.6007936
12700.0,-11.259523,-3.6047618
12716.667,-11.229762,-3.60873
12733.333,-11.222222,-3.5753968
12750.0,-11.220238,-3.5327382
12766.667,-11.207936,-3.5130951
12783.333,-11.180159,-3.5279763
12800.0,-11.152381,-3.5428572
12816.667,-11.093849,-3.5904763
12833.333,-11.035317,-3.6380951
12850.0,-10.9875,-3.6708333
12866.667,-10.946825,-3.6936507
12883.333,-10.905952,-3.716865
12900.0,-10.864285,-3.7416666
12916.667,-10.822619,-3.7664683
12933.333,-9.787302,-4.1539683
12950.0,-8.5035715,-4.632143
12966.667,-7.7650795,-4.928571
12983.333,-7.8444443,-4.952381
13000.0,-7.9238095,-4.9761906
13016.667,-7.9734125,-5.0079365
13033.333,-8.023016,-5.0396824
13050.0,-8.076191,-5.035714
13066.667,-8.131746,-5.0079365
13083.333,-8.17619,-4.9869046
13100.0,-8.17619,-4.992857
13116.667,-8.17619,-4.9988093
13133.333,-8.160317,-5.036508
13150.0,-8.140476,-5.082143
13166.667,-8.122222,-5.1277776
13183.333,-8.106349,-5.173413
13200.0,-8.090476,-5.2190475
13216.667,-8.090476,-5.2150793
13233.333,-8.090476,-5.211111
13250.0,-8.101191,-5.2470236
13266.667,-8.119047,-5.3095236
13283.333,-8.126985,-5.360119
13300.0,-8.095238,-5.3630953
13316.667,-8.063492,-5.366071
13333.333,-8.073016,-5.384127
13350.0,-8.092857,-5.4059525
13366.667,-8.086905,-5.4206347
13383.333,-8.042262,-5.424603
13400.0,-7.997619,-5.428571
13416.667,-7.9748015,-5.4345236
13433.333,-7.951984,-5.4404764
13450.0,-6.3136907,-6.3994045
13466.667,-3.5984128,-7.993651
13483.333,-1.244246,-9.389088
13500.0,-0.3345238,-9.989285
13516.667,0.5751984,-10.589484
13533.333,0.48809522,-10.51746
13550.0,0.15178572,-10.277381
13566.667,-0.08968254,-10.120635
13583.333,-0.18888889,-10.088889
13600.0,-0.28809524,-10.057143
13616.667,-0.33472222,-10.0660715
13633.333,-0.3813492,-10.075
13650.0,-1.0404762,-10.030952
13666.667,-2.1079366,-9.951588
13683.333,-3.14127,-9.864881
13700.0,-4.0380955,-9.74881
13716.667,-4.934921,-9.632738
13733.333,-4.94127,-9.648413
13750.0,-4.725,-9.697023
13766.667,-4.58373,-9.731349
13783.333,-4.5549603,-9.7442465
13800.0,-4.5261903,-9.757143
13816.667,-4.5232143,-9.705556
13833.333,-4.520238,-9.653968
13850.0,-5.438095,-9.521428
13866.667,-6.9698415,-9.334921
13883.333,-8.289682,-9.169841
13900.0,-8.761905,-9.090476
13916.667,-9.234127,-9.011111
13933.333,-9.126985,-8.9777775
13950.0,-8.875,-8.955953
13966.667,-8.694445,-8.930952
13983.333,-8.621032,-8.901191
14000.0,-8.547619,-8.8714285
14016.667,-8.482142,-8.839683
14033.333,-8.416667,-8.807937
14050.0,-8.397619,-8.742262
14066.667,-8.409524,-8.653968
14083.333,-8.413889,-8.568453
14100.0,-8.388095,-8.494047
14116.667,-8.362302,-8.419642
14133.333,-8.2902975,-7.6503177
14150.0,-8.218293,-6.880992
14166.667,-8.14629,-6.1116667
14183.333,-8.0742855,-5.3423414
14200.0,-8.002282,-4.5730157
14216.667,-7.930278,-3.8036904
14233.333,-7.858274,-3.0343652
14250.0,-7.7862697,-2.2650397
14266.667,-7.714266,-1.4957143
14283.333,-7.642262,-0.7263889
14300.0,-7.627381,-0.72738093
14316.667,-7.6125,-0.728373
14333.333,-7.652381,-0.7904762
14350.0,-7.705952,-0.86785716
14366.667,-7.731349,-0.9039683
14383.333,-7.714484,-0.8781746
14400.0,-7.697619,-0.85238093
14416.667,-7.708532,-0.8325397
14433.333,-7.7194443,-0.8126984
14450.0,-7.739286,-0.8154762
14466.667,-7.7650795,-0.8333333
14483.333,-7.7853174,-0.8452381
14500.0,-7.7833333,-0.8333333
14516.667,-7.781349,-0.8214286
14533.333,-7.7507935,-0.802381
14550.0,-7.713095,-0.7815476
14566.667,-7.7063494,-0.76944447
14583.333,-7.7460318,-0.7704365
14600.0,-7.785714,-0.7714286
14616.667,-7.861111,-0.76349205
14633.333,-7.9365077,-0.75555557
14650.0,-8.6422615,0.26607144
14666.667,-9.768254,1.963492
14683.333,-10.630357,3.2998016
14700.0,-10.436905,3.1916666
14716.667,-10.243452,3.0835319
14733.333,-10.144444,2.9619048
14750.0,-10.069048,2.8369048
14766.667,-10.023016,2.736508
14783.333,-10.021031,2.6730158
14800.0,-10.019048,2.6095238
14816.667,-10.003175,2.597619
14833.333,-9.987302,2.5857143
14850.0,-10.006548,2.584524
14866.667,-10.049207,2.5904763
14883.333,-10.0775795,2.6015873
14900.0,-10.048809,2.6333334
14916.667,-10.02004,2.6650794
14933.333,-10.020635,2.6888888
14950.0,-10.028571,2.7107143
14966.667,-10.030159,2.7150793
14983.333,-10.0222225,2.693254
15000.0,-10.014286,2.6714287
15016.667,-10.024206,2.630754
15033.333,-10.034127,2.5900793
15050.0,-10.032143,2.5625
15066.667,-10.0222225,2.5436509
15083.333,-10.002778,2.5238094
15100.0,-9.945238,2.5
15116.667,-9.887698,2.4761906
15133.333,-9.938095,2.3952382
15150.0,-10.015476,2.3
15166.667,-10.374603,1.6825397
15183.333,-11.156349,0.28174603
15200.0,-11.938095,-1.1190476
15216.667,-11.827976,-0.9970238
15233.333,-11.717857,-0.875
15250.0,-11.632143,-0.78809524
15266.667,-11.562698,-0.7246032
15283.333,-11.50258,-0.68710315
15300.0,-11.479762,-0.75357145
15316.667,-11.456944,-0.8200397
15333.333,-11.461905,-0.8634921
15350.0,-11.473809,-0.90119046
15366.667,-11.478572,-0.92777777
15383.333,-11.472619,-0.9376984
15400.0,-11.466666,-0.947619
15416.667,-11.474603,-0.9615079
15433.333,-11.48254,-0.9753968
15450.0,-11.458333,-1.0035714
15466.667,-11.412699,-1.0412699
15483.333,-11.030556,-1.0722222
15500.0,-9.302381,-1.0761905
15516.667,-7.5742064,-1.0801587
15533.333,-7.350794,-1.1063492
15550.0,-7.5035715,-1.1380953
15566.667,-7.6174603,-1.1642857
15583.333,-7.673016,-1.1821429
15600.0,-7.7285714,-1.2
15616.667,-7.7166667,-1.2138889
15633.333,-7.704762,-1.2277777
15650.0,-7.696429,-1.2511904
15666.667,-7.6904764,-1.2809523
15683.333,-7.665873,-1.5206349
15700.0,-7.5666666,-2.6
15716.667,-7.46746,-3.6793652
15733.333,-7.376984,-4.4873013
15750.0,-7.2886906,-5.2273808
15766.667,-7.2400794,-5.5940475
15783.333,-7.2509923,-5.400595
15800.0,-7.2619047,-5.207143
15816.667,-7.2261906,-5.1277776
15833.333,-7.1904764,-5.048413
15850.0,-7.167857,-4.9946427
15866.667,-7.1539683,-4.9579363
15883.333,-7.145238,-4.9174604
15900.0,-7.1571426,-4.8619046
15916.667,-7.169048,-4.8063493
15933.333,-7.1603174,-4.736508
15950.0,-7.1464286,-4.6630955
15966.667,-7.1246033,-4.571429
15983.333,-7.0908732,-4.452381
16000.0,-7.0571427,-4.3333335
16016.667,-7.063095,-4.2559524
16033.333,-7.0690475,-4.178571
16050.0,-7.089286,-4.0833335
16066.667,-7.1190476,-3.9761906
16083.333,-7.143254,-3.8845239
16100.0,-7.145238,-3.8547618
16116.667,-7.147222,-3.825
16133.333,-7.1380954,-3.7825396
16150.0,-7.1261907,-3.7369049
16166.667,-7.116667,-3.695238
16183.333,-7.1107144,-3.6595237
16200.0,-7.104762,-3.6238096
16216.667,-7.0908732,-3.629762
16233.333,-7.076984,-3.6357143
16250.0,-7.0666666,-3.6738095
16266.667,-7.05873,-3.7333333
16283.333,-7.2095237,-3.577381
16300.0,-7.9952383,-2.5595238
16316.667,-8.780952,-1.5416666
16333.333,-8.890476,-1.2206349
16350.0,-8.830953,-1.0738095
16366.667,-8.771428,-1.0238096
16383.333,-8.711905,-1.1190476
16400.0,-8.652381,-1.2142857
16416.666,-8.6027775,-1.3035715
16433.334,-8.553175,-1.3928572
16450.0,-8.535714,-1.4154762
16466.666,-8.539682,-1.3936508
16483.334,-8.542857,-1.3837302
16500.0,-8.542857,-1.4214286
16516.666,-8.542857,-1.459127
16533.334,-8.576191,-1.4888889
16550.0,-8.617857,-1.5166667
16566.666,-8.646031,-1.5460317
16583.334,-8.653968,-1.5777777
16600.0,-8.661904,-1.6095238
16616.666,-8.659921,-1.6511905
16633.334,-8.657936,-1.6928571
16650.0,-8.648809,-1.7178571
16666.666,-8.634921,-1.7317461
16683.334,-8.61865,-1.7438492
16700.0,-8.592857,-1.7488096
16716.666,-8.567063,-1.7537699
16733.334,-8.54127,-1.8
16750.0,-8.515476,-1.8565476
16766.666,-8.489682,-1.9063492
16783.334,-8.463889,-1.9460317
16800.0,-8.438095,-1.9857143
16816.666,-8.404366,-2.0055556
16833.334,-8.370635,-2.0253968
16850.0,-8.348809,-2.1
16866.666,-8.334921,-2.211111
16883.334,-8.31746,-2.313492
16900.0,-8.285714,-2.3809524
16916.666,-8.253968,-2.4484127
16933.334,-8.246032,-2.5063493
16950.0,-8.244047,-2.5619047
16966.666,-8.288889,-2.8769841
16983.334,-8.403968,-3.5813491
17000.0,-8.519048,-4.285714
17016.666,-8.538889,-4.5
17033.334,-8.55873,-4.714286
17050.0,-8.548809,-4.775
17066.666,-8.519048,-4.733333
17083.334,-8.497222,-4.701587
17100.0,-8.507143,-4.7095237
17116.666,-8.517063,-4.71746
17133.334,-8.51746,-4.7396827
17150.0,-8.515476,-4.765476
17166.666,-8.534921,-4.779365
17183.334,-8.586508,-4.775397
17200.0,-8.638095,-4.7714286
17216.666,-8.648016,-4.7734127
17233.334,-8.657936,-4.775397
17250.0,-8.639286,-4.7809525
17266.666,-8.601587,-4.788889
17283.334,-8.564285,-4.796032
17300.0,-8.528571,-4.8
17316.666,-8.492857,-4.8039684
17333.334,-8.714286,-5.1285715
17350.0,-9.0,-5.5333333
17366.666,-9.246032,-5.9166665
17383.334,-9.43254,-6.267857
17400.0,-9.619047,-6.6190476
17416.666,-9.613095,-6.6190476
17433.334,-9.607142,-6.6190476
17450.0,-9.616667,-6.614286
17466.666,-9.636508,-6.606349
17483.334,-9.644841,-6.5876985
17500.0,-9.607142,-6.5261903
17516.666,-9.569445,-6.4646826
17533.334,-9.566667,-6.388889
17550.0,-9.572619,-6.3095236
17566.666,-9.602381,-6.2261906
17583.334,-9.667857,-6.1369047
17600.0,-9.733334,-6.047619
17616.666,-9.729365,-5.9593253
17633.334,-9.725397,-5.8710318
17650.0,-9.708333,-5.8172617
17666.666,-9.68254,-5.786508
17683.334,-9.657539,-5.7626987
17700.0,-9.635715,-5.766667
17716.666,-9.613889,-5.770635
17733.334,-9.603174,-5.811111
17750.0,-9.595238,-5.8607144
17766.666,-9.596032,-5.8976192
17783.334,-9.6099205,-5.9154763
17800.0,-9.62381,-5.9333334
17816.666,-9.631746,-5.961111
17833.334,-9.639683,-5.9888887
17850.0,-9.633333,-5.983333
17866.666,-9.61746,-5.9555554
17883.334,-9.597222,-5.9257936
17900.0,-9.559524,-5.8880954
17916.666,-9.521826,-5.8503966
17933.334,-9.75873,-4.797619
17950.0,-10.064285,-3.4910715
17966.666,-10.253175,-2.3281746
17983.334,-10.267063,-1.380754
18000.0,-10.280952,-0.43333334
18016.666,-10.24127,-0.5861111
18033.334,-10.201588,-0.73888886
18050.0,-10.189285,-0.84166664
18066.666,-10.195238,-0.9111111
18083.334,-10.19246,-0.984127
18100.0,-10.154762,-1.0714285
18116.666,-10.1170635,-1.1587301
18133.334,-10.12381,-1.252381
18150.0,-10.141666,-1.347619
18166.666,-10.160714,-1.4142857
18183.334,-10.181547,-1.4380952
18200.0,-10.202381,-1.4619048
18216.666,-10.215278,-1.4579365
18233.334,-10.228174,-1.4539683
18250.0,-10.217857,-1.4321429
18266.666,-10.192063,-1.3984127
18283.334,-10.178572,-1.368254
18300.0,-10.214286,-1.352381
18316.666,-10.25,-1.3365079
18333.334,-10.260318,-1.3111111
18350.0,-10.264286,-1.2833333
18366.666,-10.2420635,-1.2571429
18383.334,-10.180555,-1.2333333
18400.0,-10.119047,-1.2095238
18416.666,-10.099206,-1.213492
18433.334,-10.079365,-1.2174603
18450.0,-10.130494,-1.4998627
18466.666,-10.181623,-1.782265
18483.334,-10.232754,-2.0646672
18500.0,-10.283883,-2.3470695
18516.666,-10.335012,-2.629472
18533.334,-10.386142,-2.9118743
18550.0,-10.437271,-3.1942766
18566.666,-10.4884,-3.4766788
18583.334,-10.53953,-3.7590811
18600.0,-10.590659,-4.0414834
18616.666,-10.6417885,-4.323886
18633.334,-10.692918,-4.606288
18650.0,-10.744047,-4.8886905
18666.666,-10.666667,-4.9492064
18683.334,-10.603969,-5.005754
18700.0,-10.6,-5.0464287
18716.666,-10.596032,-5.0871034
18733.334,-10.595238,-5.061905
18750.0,-10.595238,-5.020238
18766.666,-10.592461,-5.0007935
18783.334,-10.585516,-5.014683
18800.0,-10.578571,-5.0285716
18816.666,-10.543849,-5.0424604
18833.334,-10.509127,-5.0563493
18850.0,-10.479762,-5.090476
18866.666,-10.453968,-5.1380954
18883.334,-10.43373,-5.194246
18900.0,-10.435715,-5.284524
18916.666,-10.437698,-5.3748016
18933.334,-11.326984,-6.1484127
18950.0,-12.438095,-7.0928574
18966.666,-13.214286,-7.8146825
18983.334,-13.488095,-8.2025795
19000.0,-13.761905,-8.590476
19016.666,-13.690476,-8.4734125
19033.334,-13.619047,-8.356349
19050.0,-13.559524,-8.277381
19066.666,-13.5079365,-8.223809
19083.334,-13.466666,-8.173809
19100.0,-13.466666,-8.138095
19116.666,-13.466666,-8.102381
19133.334,-13.474603,-8.111111
19150.0,-13.484524,-8.130953
19166.666,-13.486508,-8.148016
19183.334,-13.476587,-8.1609125
19200.0,-13.466666,-8.173809
19216.666,-13.48254,-8.240278
19233.334,-13.498413,-8.3067465
19250.0,-13.492857,-8.360714
19266.666,-13.473016,-8.406349
19283.334,-13.330556,-8.396826
19300.0,-12.697619,-8.166667
19316.666,-12.064683,-7.9365077
19333.334,-11.06508,-7.1666665
19350.0,-9.973809,-6.2619047
19366.666,-9.37381,-5.7555556
19383.334,-9.510715,-5.8468256
19400.0,-9.647619,-5.938095
19416.666,-9.703175,-5.9837303
19433.334,-9.75873,-6.029365
19450.0,-9.810715,-6.047619
19466.666,-9.860317,-6.047619
19483.334,-9.9015875,-6.047619
19500.0,-9.909524,-6.047619
19516.666,-9.91746,-6.047619
19533.334,-9.899206,-6.0436506
19550.0,-9.874405,-6.0386906
19566.666,-9.844048,-6.0607142
19583.334,-9.805357,-6.1232142
19600.0,-9.766666,-6.1857142
19616.666,-9.767659,-6.2511907
19633.334,-9.768651,-6.3166666
19650.0,-9.766071,-6.3166666
19666.666,-9.761111,-6.273016
19683.334,-9.74881,-5.8964286
19700.0,-9.707143,-4.188095
19716.666,-9.665476,-2.4797618
19733.334,-9.642858,-2.1944444
19750.0,-9.625,-2.264881
19766.666,-9.608334,-2.3789682
19783.334,-9.593452,-2.5585318
19800.0,-9.578571,-2.7380953
19816.666,-9.611309,-2.7817461
19833.334,-9.644048,-2.8253968
19850.0,-9.605952,-2.8309524
19866.666,-9.520635,-2.8111112
19883.334,-9.209921,-2.9003968
19900.0,-7.997619,-3.4261904
19916.666,-6.7853174,-3.9519842
19933.334,-6.6,-4.0833335
19950.0,-6.6714287,-4.116071
19966.666,-6.7420635,-4.1496034
19983.334,-6.8115077,-4.184325
20000.0,-6.8809524,-4.2190475
20016.666,-6.845238,-4.2329364
20033.334,-6.8095236,-4.246825
20050.0,-6.767857,-4.285714
20066.666,-6.7222223,-4.34127
20083.334,-6.7714286,-4.490476
20100.0,-7.2,-5.0142856
20116.666,-7.6285715,-5.5380955
20133.334,-7.595238,-6.2619047
20150.0,-7.446429,-7.035714
20166.666,-7.327778,-7.4738097
20183.334,-7.254365,-7.4083333
20200.0,-7.1809525,-7.3428574
20216.666,-7.1789684,-7.356746
20233.334,-7.1769843,-7.370635
20250.0,-7.178571,-7.417857
20266.666,-7.1825395,-7.4873013
20283.334,-7.177381,-7.552778
20300.0,-7.135714,-7.6023808
20316.666,-7.0940475,-7.651984
20333.334,-7.05873,-7.688889
20350.0,-7.025,-7.722619
20366.666,-7.434921,-6.538889
20383.334,-8.510318,-3.5289683
20400.0,-9.585714,-0.5190476
20416.666,-9.442857,-0.6123016
20433.334,-9.3,-0.70555556
20450.0,-9.184524,-0.8940476
20466.666,-9.087301,-1.1460317
20483.334,-9.001985,-1.3599206
20500.0,-8.964286,-1.4214286
20516.666,-8.926587,-1.4829365
20533.334,-8.857142,-1.5984128
20550.0,-8.779762,-1.727381
20566.666,-8.705556,-1.8507936
20583.334,-8.636111,-1.965873
20600.0,-8.566667,-2.0809524
20616.666,-8.536904,-2.1325397
20633.334,-8.507143,-2.184127
20650.0,-8.486905,-2.204762
20666.666,-8.473016,-2.204762
20683.334,-8.449206,-2.211111
20700.0,-8.385715,-2.2428572
20716.666,-8.322222,-2.2746031
20733.334,-8.280952,-2.290476
20750.0,-8.245238,-2.302381
20766.666,-8.207143,-2.3087301
20783.334,-8.165476,-2.306746
20800.0,-8.12381,-2.304762
20816.666,-8.395635,-2.273016
20833.334,-8.66746,-2.2412698
20850.0,-11.440476,-1.4922619
20866.666,-15.880953,-0.26507938
20883.334,-19.39008,0.7537698
20900.0,-19.17381,0.9392857
20916.666,-18.95754,1.1248016
20933.334,-18.677778,1.1253968
20950.0,-18.382143,1.0797619
20966.666,-18.382143,1.0797619
20983.334,-18.382143,1.0797619
