0.0,-6.1904764,-4.304762
16.666666,-6.1904764,-4.2700396
33.333332,-6.1904764,-4.235317
50.0,-6.446429,-4.2565475
66.666664,-6.873016,-4.315079
83.333336,-7.222619,-4.3575397
100.0,-7.2642856,-4.3357143
116.666664,-7.3059525,-4.313889
133.33333,-7.311111,-4.252381
150.0,-7.3071427,-4.1809525
166.66667,-7.303571,-4.1583333
183.33333,-7.3005953,-4.2089286
200.0,-7.297619,-4.259524
216.66667,-7.342262,-4.308135
233.33333,-7.3869047,-4.356746
250.0,-7.4333334,-4.392857
266.66666,-7.4809523,-4.4206347
283.33334,-7.6267858,-4.6023808
300.0,-8.165476,-5.4
316.66666,-8.704166,-6.197619
333.33334,-9.0222225,-6.7190475
350.0,-9.285119,-7.1714287
366.66666,-9.4547615,-7.415873
383.33334,-9.484524,-7.3484125
400.0,-9.514286,-7.2809525
416.66666,-9.504365,-7.2492065
433.33334,-9.494445,-7.21746
450.0,-9.495238,-7.222619
466.66666,-9.503175,-7.252381
483.33334,-9.505555,-7.2714286
500.0,-9.485714,-7.247619
516.6667,-9.465873,-7.2238097
533.3333,-9.444445,-7.159524
550.0,-9.422619,-7.0851192
566.6667,-8.976984,-6.4900794
583.3333,-7.895635,-5.114087
600.0,-6.8142858,-3.7380953
616.6667,-6.740873,-3.7261906
633.3333,-6.6674604,-3.7142856
650.0,-6.632143,-3.7333333
666.6667,-6.6222224,-3.773016
683.3333,-6.615476,-3.7940476
700.0,-6.6214285,-3.7404761
716.6667,-6.627381,-3.6869047
733.3333,-6.6,-3.6079366
750.0,-6.5642858,-3.522619
766.6667,-7.3460317,-3.1238096
783.3333,-9.353969,-2.254762
800.0,-11.361905,-1.3857143
816.6667,-11.421429,-1.3123016
833.3333,-11.480952,-1.2388889
850.0,-11.467262,-1.2559524
866.6667,-11.404762,-1.3333334
883.3333,-11.345436,-1.3978175
900.0,-11.298809,-1.4107143
916.6667,-11.252183,-1.4236112
933.3333,-12.514286,-3.1444445
950.0,-14.103572,-5.292262
966.6667,-15.08254,-6.6507936
983.3333,-15.146031,-6.825397
1000.0,-15.209524,-7.0
1016.6667,-15.161904,-6.9543653
1033.3334,-15.114285,-6.90873
1050.0,-15.072619,-6.904762
1066.6666,-15.034921,-6.928571
1083.3334,-15.004762,-6.9480157
1100.0,-15.004762,-6.95
1116.6666,-15.004762,-6.951984
1133.3334,-14.9920635,-6.9174604
1150.0,-14.976191,-6.8738093
1166.6666,-14.959524,-6.836508
1183.3334,-14.941667,-6.80873
1200.0,-14.923809,-6.7809525
1216.6666,-14.961508,-6.802778
1233.3334,-14.999207,-6.824603
1250.0,-15.021428,-6.813095
1266.6666,-15.033334,-6.779365
1283.3334,-15.044047,-6.7484126
1300.0,-15.05,-6.7285714
1316.6666,-15.055952,-6.70873
1333.3334,-15.014286,-6.704762
1350.0,-14.960714,-6.704762
1366.6666,-14.93492,-6.6992064
1383.3334,-14.950793,-6.6853175
1400.0,-14.966666,-6.6714287
1416.6666,-14.984524,-6.65754
1433.3334,-15.002381,-6.643651
1450.0,-15.023809,-6.6583333
1466.6666,-15.047619,-6.6920633
1483.3334,-15.067857,-6.7273808
1500.0,-15.07381,-6.7690477
1516.6666,-15.0797615,-6.8107142
1533.3334,-11.296032,-5.5142856
1550.0,-6.564881,-3.8833334
1566.6666,-3.0765872,-2.7277777
1583.3334,-1.4525794,-2.2853174
1600.0,0.17142858,-1.8428571
1616.6666,0.19623016,-1.840873
1633.3334,0.22103174,-1.8388889
1650.0,0.22916667,-1.8648809
1666.6666,0.22619048,-1.9095238
1683.3334,0.21746032,-1.9503968
1700.0,0.18571429,-1.9761904
1716.6666,0.15396826,-2.0019841
1733.3334,0.13174604,-2.0190477
1750.0,0.11190476,-2.0339286
1766.6666,-1.3277777,-2.3436508
1783.3334,-4.897222,-3.095635
1800.0,-8.466666,-3.847619
1816.6666,-8.557937,-3.8555555
1833.3334,-8.649206,-3.863492
1850.0,-8.663691,-3.852976
1866.6666,-8.626985,-3.8301587
1883.3334,-8.594643,-3.8093255
1900.0,-8.5797615,-3.7964287
1916.6666,-8.564881,-3.7835317
1933.3334,-8.555555,-3.7619047
1950.0,-8.547619,-3.7380953
1966.6666,-8.552381,-3.7238095
1983.3334,-8.576191,-3.7238095
2000.0,-8.6,-3.7238095
2016.6666,-8.652579,-3.7208333
2033.3334,-8.705159,-3.7178571
2050.0,-8.717857,-3.7119048
2066.6667,-8.703968,-3.7039683
2083.3333,-8.685913,-3.699008
2100.0,-8.651191,-3.7059524
2116.6667,-8.616468,-3.7128968
2133.3333,-8.638095,-3.7031746
2150.0,-8.673809,-3.6892858
2166.6667,-8.689683,-3.6809523
2183.3333,-8.675794,-3.6809523
2200.0,-8.661904,-3.6809523
2216.6667,-8.6817465,-3.7027779
2233.3333,-8.701588,-3.7246032
2250.0,-8.715476,-3.7476192
2266.6667,-8.725397,-3.7714286
2283.3333,-9.29127,-4.0781746
2300.0,-12.080953,-5.516667
2316.6667,-14.870635,-6.9551587
2333.3333,-15.488889,-7.288889
2350.0,-15.564285,-7.3464284
2366.6667,-15.601587,-7.376984
2383.3333,-15.581746,-7.3670635
2400.0,-15.561905,-7.357143
2416.6667,-15.512301,-7.3670635
2433.3333,-15.462698,-7.376984
2450.0,-15.430952,-7.402381
2466.6667,-15.411111,-7.438095
2483.3333,-15.390476,-7.4714284
2500.0,-15.366667,-7.4952383
2516.6667,-15.342857,-7.5190477
2533.3333,-15.325397,-7.5396824
2550.0,-15.309524,-7.5595236
2566.6667,-15.302381,-7.574603
2583.3333,-15.308333,-7.5825396
2600.0,-15.314285,-7.590476
2616.6667,-15.31131,-7.5984125
2633.3333,-15.308333,-7.606349
2650.0,-15.314881,-7.6107144
2666.6667,-15.327778,-7.6126986
2683.3333,-15.337301,-7.613492
2700.0,-15.333333,-7.609524
2716.6667,-15.329365,-7.6055555
2733.3333,-15.325397,-7.6476192
2750.0,-15.321428,-7.7011905
2766.6667,-15.315476,-7.729365
2783.3333,-15.306547,-7.7194443
2800.0,-15.297619,-7.7095237
2816.6667,-12.064485,-6.7273808
2833.3333,-8.831349,-5.7452383
2850.0,-7.425,-5.301786
2866.6667,-7.236508,-5.21746
2883.3333,-7.0757937,-5.1521826
2900.0,-7.0261903,-5.1630955
2916.6667,-6.9765873,-5.174008
2933.3333,-6.9666667,-5.177778
2950.0,-6.9666667,-5.179762
2966.6667,-6.9468255,-5.197619
2983.3333,-6.897222,-5.239286
3000.0,-6.847619,-5.2809525
3016.6667,-6.8218255,-5.2968254
3033.3333,-6.796032,-5.3126984
3050.0,-6.8,-5.3416667
3066.6667,-6.8238096,-5.379365
3083.3333,-6.8373017,-5.411905
3100.0,-6.8095236,-5.4238095
3116.6667,-6.781746,-5.4357142
3133.3333,-6.7539682,-5.4174604
3150.0,-6.7261906,-5.391667
3166.6667,-6.6992064,-5.380159
3183.3333,-6.673413,-5.3900795
3200.0,-6.6476192,-5.4
3216.6667,-6.6099205,-5.4099207
3233.3333,-6.572222,-5.4198413
3250.0,-6.547619,-5.4184523
3266.6667,-6.531746,-5.409524
3283.3333,-7.177381,-5.3861113
3300.0,-10.469048,-5.304762
3316.6667,-13.760715,-5.2234125
3333.3333,-14.984127,-5.068254
3350.0,-15.690476,-4.894643
3366.6667,-16.107143,-4.7777777
3383.3333,-16.089285,-4.7460318
3400.0,-16.071428,-4.714286
3416.6667,-16.059525,-4.7103176
3433.3333,-16.047619,-4.7063494
3450.0,-16.035715,-4.7083335
3466.6667,-16.02381,-4.714286
3483.3333,-16.01627,-4.720635
3500.0,-16.02619,-4.7285714
3516.6667,-16.036112,-4.736508
3533.3333,-16.02381,-4.7507935
3550.0,-16.005953,-4.766667
3566.6667,-15.981746,-4.779365
3583.3333,-15.948016,-4.7873015
3600.0,-15.914286,-4.795238
3616.6667,-15.8875,-4.7982144
3633.3333,-15.860714,-4.8011904
3650.0,-15.828571,-4.7904763
3666.6667,-15.792857,-4.770635
3683.3333,-15.762897,-4.7470236
3700.0,-15.755953,-4.7083335
3716.6667,-15.749008,-4.669643
3733.3333,-15.009523,-4.5603175
3750.0,-14.086905,-4.4333334
3766.6667,-13.347619,-4.25873
3783.3333,-12.883333,-4.0126987
3800.0,-12.419047,-3.7666667
3816.6667,-12.409127,-3.7488096
3833.3333,-12.399206,-3.7309523
3850.0,-12.397619,-3.7339287
3866.6667,-12.4015875,-3.7507937
3883.3333,-12.402778,-3.7644842
3900.0,-12.392858,-3.7654762
3916.6667,-12.3829365,-3.7664683
3933.3333,-12.352381,-3.7619047
3950.0,-12.316667,-3.7559524
3966.6667,-12.290476,-3.7587302
3983.3333,-12.278571,-3.7746031
4000.0,-12.266666,-3.790476
4016.6667,-12.277579,-3.7587302
4033.3333,-12.288492,-3.726984
4050.0,-12.295834,-3.7214286
4066.6667,-12.300794,-3.7333333
4083.3333,-12.299207,-3.743254
4100.0,-12.271428,-3.745238
4116.6665,-12.24365,-3.7472222
4133.3335,-12.230159,-3.7412698
4150.0,-12.220238,-3.7333333
4166.6665,-12.053175,-4.3103175
4183.3335,-11.650397,-5.764683
4200.0,-11.247619,-7.2190475
4216.6665,-11.144444,-7.35
4233.3335,-11.04127,-7.4809523
4250.0,-10.971429,-7.5488095
4266.6665,-10.923809,-7.574603
4283.3335,-10.880555,-7.584127
4300.0,-10.854762,-7.5285716
4316.6665,-10.828968,-7.473016
4333.3335,-10.828571,-7.425397
4350.0,-10.834524,-7.3797617
4366.6665,-10.830159,-7.356349
4383.3335,-10.810317,-7.36627
4400.0,-10.790476,-7.3761907
4416.6665,-10.814285,-7.3940477
4433.3335,-10.838096,-7.411905
4450.0,-11.778571,-7.7880955
4466.6665,-13.330159,-8.403174
4483.3335,-14.58254,-8.894841
4500.0,-14.638095,-8.892858
4516.6665,-14.693651,-8.890873
4533.3335,-14.688095,-8.898413
4550.0,-14.667262,-8.908334
4566.6665,-14.647619,-8.910714
4583.3335,-14.629762,-8.901786
4600.0,-14.611905,-8.892858
4616.6665,-13.967064,-8.678572
4633.3335,-13.322222,-8.464286
4650.0,-11.758928,-7.9660716
4666.6665,-9.583333,-7.2785716
4683.3335,-7.827381,-6.730159
4700.0,-7.75,-6.7380953
4716.6665,-7.672619,-6.7460318
4733.3335,-7.6238093,-6.779365
4750.0,-7.582143,-6.8190475
4766.6665,-8.087698,-6.4170637
4783.3335,-9.414087,-5.3525796
4800.0,-10.740477,-4.2880955
4816.6665,-11.285119,-3.4061508
4833.3335,-11.8297615,-2.5242064
4850.0,-12.035714,-2.192857
4866.6665,-12.015873,-2.2285714
4883.3335,-11.995238,-2.2523808
4900.0,-11.971429,-2.2285714
4916.6665,-11.947619,-2.204762
4933.3335,-11.930159,-2.1761904
4950.0,-11.914286,-2.1464286
4966.6665,-11.9015875,-2.1194444
4983.3335,-11.893651,-2.096627
5000.0,-11.885715,-2.0738096
5016.6665,-11.879762,-2.0410714
5033.3335,-11.87381,-2.0083334
5050.0,-11.880953,-2.017857
5066.6665,-11.896826,-2.0555556
5083.3335,-11.906746,-2.088889
5100.0,-11.892858,-2.1047618
5116.6665,-11.878968,-2.120635
5133.3335,-11.864285,-2.0880952
5150.0,-11.849404,-2.0434523
5166.6665,-11.936905,-2.0321429
5183.3335,-12.177977,-2.0708334
5200.0,-12.419047,-2.1095238
5216.6665,-12.577778,-2.3416667
5233.3335,-12.736508,-2.5738096
5250.0,-12.786904,-2.682143
5266.6665,-12.7650795,-2.7079365
5283.3335,-12.752381,-2.7253969
5300.0,-12.776191,-2.709524
5316.6665,-12.8,-2.6936507
5333.3335,-12.811111,-2.6642857
5350.0,-12.819048,-2.6315477
5366.6665,-12.830159,-2.609127
5383.3335,-12.846032,-2.6021826
5400.0,-12.861905,-2.5952382
5416.6665,-12.865873,-2.6061509
5433.3335,-12.869842,-2.6170635
5450.0,-12.869047,-2.619643
5466.6665,-12.865079,-2.6166666
5483.3335,-12.864682,-2.6150794
5500.0,-12.8785715,-2.6190476
5516.6665,-12.89246,-2.6230159
5533.3335,-12.914286,-2.652381
5550.0,-12.938095,-2.6880953
5566.6665,-13.046032,-3.702381
5583.3335,-13.280159,-6.1845236
5600.0,-13.514286,-8.666667
5616.6665,-13.49246,-8.68254
5633.3335,-13.470634,-8.698413
5650.0,-13.45,-8.707143
5666.6665,-13.430159,-8.711111
5683.3335,-12.873413,-8.509127
5700.0,-10.169047,-7.483333
5716.6665,-7.4646826,-6.4575396
5733.3335,-6.580952,-5.8650794
5750.0,-6.152381,-5.3809524
5766.6665,-5.8849206,-5.0972223
5783.3335,-5.859127,-5.114087
5800.0,-5.8333335,-5.1309524
5816.6665,-5.8373017,-5.142857
5833.3335,-5.84127,-5.154762
5850.0,-5.8369045,-5.144643
5866.6665,-5.826984,-5.119841
5883.3335,-5.81627,-5.095238
5900.0,-5.802381,-5.071429
5916.6665,-5.788492,-5.047619
5933.3335,-5.7714286,-4.974603
5950.0,-5.7535715,-4.8892856
5966.6665,-5.7484126,-4.827778
5983.3335,-5.7623014,-4.8019843
6000.0,-5.7761903,-4.7761903
6016.6665,-5.751389,-4.7920637
6033.3335,-5.7265873,-4.8079367
6050.0,-5.7136903,-4.8261905
6066.6665,-5.70873,-4.8460317
6083.3335,-5.697222,-4.8761907
6100.0,-5.659524,-4.947619
6116.6665,-5.621825,-5.0190477
6133.3335,-5.6468253,-5.0634923
6150.0,-5.6875,-5.1011906
6166.6665,-5.7051587,-5.116667
6183.3335,-5.6882935,-5.0988097
6200.0,-5.6714287,-5.080952
6216.6665,-5.6694446,-5.080952
6233.3335,-5.6674604,-5.080952
6250.0,-5.642857,-5.1107144
6266.6665,-5.6031747,-5.1603174
6283.3335,-5.5674605,-5.195635
6300.0,-5.547619,-5.1738095
6316.6665,-5.5277777,-5.151984
6333.3335,-5.5333333,-5.131746
6350.0,-5.545238,-5.1119046
6366.6665,-5.2349205,-4.3444443
6383.3335,-4.44127,-2.4555554
6400.0,-3.647619,-0.56666666
6416.6665,-3.4869049,-0.23928571
6433.3335,-3.3261905,0.08809524
6450.0,-3.2559524,0.23809524
6466.6665,-3.2460318,0.26984128
6483.3335,-3.2412698,0.30912697
6500.0,-3.2571428,0.37857142
6516.6665,-3.273016,0.44801587
6533.3335,-3.2746031,0.5063492
6550.0,-3.272619,0.5619048
6566.6665,-3.2690477,0.6047619
6583.3335,-3.2630951,0.62857145
6600.0,-3.2571428,0.65238094
6616.6665,-3.259127,0.64940476
6633.3335,-3.261111,0.6464286
6650.0,-3.2630951,0.6267857
6666.6665,-3.2650793,0.5960317
6683.3335,-3.2609127,0.57043654
6700.0,-3.232143,0.5654762
6716.6665,-3.203373,0.5605159
6733.3335,-4.6325397,-0.48809522
6750.0,-6.4261904,-1.7976191
6766.6665,-7.5119047,-2.5698414
6783.3335,-7.535714,-2.536111
6800.0,-7.5595236,-2.5023808
6816.6665,-7.580357,-2.4934523
6833.3335,-7.6011906,-2.4845238
6850.0,-7.6059523,-2.4988096
6866.6665,-7.6,-2.5285714
6883.3335,-7.5920634,-2.5507936
6900.0,-7.5761905,-2.5428572
6916.6665,-7.5603175,-2.5349207
6933.3335,-7.5968256,-2.5515873
6950.0,-7.6464286,-2.5744047
6966.6665,-8.657936,-2.8099205
6983.3335,-11.112302,-3.364484
7000.0,-13.566667,-3.9190476
7016.6665,-13.525,-3.926984
7033.3335,-13.483334,-3.9349205
7050.0,-13.44881,-3.9583333
7066.6665,-13.419047,-3.9920635
7083.3335,-13.391666,-4.017857
7100.0,-13.37381,-4.0119047
7116.6665,-13.355952,-4.0059524
7133.3335,-13.35873,-4.003175
7150.0,-13.366667,-4.0011907
7166.6665,-13.363889,-4.0011907
7183.3335,-13.345039,-4.0041666
7200.0,-13.326191,-4.007143
7216.6665,-13.2974205,-4.0021825
7233.3335,-13.268651,-3.9972222
7250.0,-13.266666,-3.9738095
7266.6665,-13.282539,-3.9380953
7283.3335,-13.288889,-3.9071429
7300.0,-13.257143,-3.8952382
7316.6665,-13.225397,-3.8833334
7333.3335,-13.2,-3.8952382
7350.0,-13.17619,-3.9130952
7366.6665,-12.946032,-3.4634922
7383.3335,-12.406349,-2.3126984
7400.0,-11.866667,-1.1619048
7416.6665,-11.805159,-1.0111111
7433.3335,-11.74365,-0.86031747
7450.0,-11.720238,-0.7809524
7466.6665,-11.722222,-0.74920636
7483.3335,-11.730159,-0.7178571
7500.0,-11.761905,-0.6880952
7516.6665,-11.793651,-0.65833336
7533.3335,-11.815873,-0.64285713
7550.0,-11.835714,-0.63095236
7566.6665,-11.842857,-0.6154762
7583.3335,-11.830953,-0.5946429
7600.0,-11.819048,-0.5738095
7616.6665,-12.344841,-1.3654761
7633.3335,-12.870635,-2.1571429
7650.0,-13.12381,-2.5339286
7666.6665,-13.195238,-2.634127
7683.3335,-13.246825,-2.7140872
7700.0,-13.219048,-2.7130952
7716.6665,-13.19127,-2.7121031
7733.3335,-13.188889,-2.7063491
7750.0,-13.192857,-2.6994047
7766.6665,-13.200793,-2.7003968
7783.3335,-13.214683,-2.7132936
7800.0,-13.228572,-2.7261906
7816.6665,-13.25635,-2.7013888
7833.3335,-13.284127,-2.6765873
7850.0,-13.294047,-2.6642857
7866.6665,-13.292064,-2.6603174
7883.3335,-13.284921,-2.6468253
7900.0,-13.257143,-2.5952382
7916.6665,-13.229365,-2.5436509
7933.3335,-13.207936,-2.5142858
7950.0,-13.188095,-2.4904761
7966.6665,-13.175,-2.4777777
7983.3335,-13.172024,-2.481746
8000.0,-13.169047,-2.4857142
8016.6665,-13.171032,-2.5015874
8033.3335,-13.173016,-2.5174603
8050.0,-13.173214,-2.527381
8066.6665,-13.172222,-2.5333333
8083.3335,-13.172619,-2.5392857
8100.0,-13.178572,-2.545238
8116.6665,-13.184524,-2.5511904
8133.3335,-13.173016,-2.5253968
8150.0,-13.157143,-2.4916666
8166.6665,-13.144048,-2.461508
8183.3335,-13.135119,-2.4367063
8200.0,-13.12619,-2.4119048
8216.667,-11.201588,-3.0954366
8233.333,-9.276984,-3.7789683
8250.0,-8.445833,-4.070238
8266.667,-8.343651,-4.1
8283.333,-8.250793,-4.1265874
8300.0,-8.195238,-4.140476
8316.667,-8.139683,-4.154365
8333.333,-8.171429,-4.1253967
8350.0,-8.225,-4.0857143
8366.667,-8.263492,-4.0634923
8383.333,-8.279366,-4.0674605
8400.0,-8.2952385,-4.071429
8416.667,-8.287302,-4.0813494
8433.333,-8.279366,-4.09127
8450.0,-8.259523,-4.1190476
8466.667,-8.231746,-4.15873
8483.333,-8.209921,-4.1948414
8500.0,-8.211905,-4.2166667
8516.667,-8.213889,-4.238492
8533.333,-8.165079,-4.2539682
8550.0,-8.103572,-4.267857
8566.667,-7.9198413,-4.383333
8583.333,-7.552778,-4.6511903
8600.0,-7.1857142,-4.919048
8616.667,-7.070635,-4.9150796
8633.333,-6.9555554,-4.911111
8650.0,-6.8964286,-4.952381
8666.667,-6.8746033,-5.0238094
8683.333,-6.86627,-5.0900793
8700.0,-6.911905,-5.135714
8716.667,-6.9575396,-5.1813493
8733.333,-6.9650793,-5.263492
8750.0,-6.963095,-5.354762
8766.667,-6.96746,-5.4218254
8783.333,-6.981349,-5.4525795
8800.0,-6.9952383,-5.483333
8816.667,-7.007143,-5.4327383
8833.333,-7.0190477,-5.382143
8850.0,-7.529762,-4.8166666
8866.667,-8.373015,-3.9079366
8883.333,-9.045437,-3.1793652
8900.0,-9.034524,-3.1714287
8916.667,-9.023611,-3.163492
8933.333,-9.047619,-3.2166667
8950.0,-9.080358,-3.285119
8966.667,-9.111905,-3.3257937
8983.333,-9.141666,-3.3248017
9000.0,-9.171429,-3.3238096
9016.667,-9.197222,-3.3496032
9033.333,-9.223016,-3.3753967
9050.0,-9.228572,-3.415476
9066.667,-9.220634,-3.4650793
9083.333,-9.084921,-3.7412698
9100.0,-8.438095,-4.9238095
9116.667,-7.79127,-6.106349
9133.333,-7.3777776,-6.490476
9150.0,-7.0226192,-6.675
9166.667,-6.796032,-6.8031745
9183.333,-6.7623014,-6.8468256
9200.0,-6.7285714,-6.890476
9216.667,-6.770238,-6.920238
9233.333,-6.811905,-6.95
9250.0,-6.8440475,-6.9964285
9266.667,-6.869841,-7.0539684
9283.333,-6.8869047,-7.104762
9300.0,-6.8690476,-7.1285715
9316.667,-6.8511906,-7.152381
9333.333,-6.8714285,-7.1603174
9350.0,-6.9011903,-7.1642857
9366.667,-6.9238095,-7.1484127
9383.333,-6.9357142,-7.102778
9400.0,-6.947619,-7.0571427
9416.667,-6.9079366,-6.9579363
9433.333,-6.868254,-6.8587303
9450.0,-6.866667,-6.7482142
9466.667,-6.890476,-6.630159
9483.333,-7.1555557,-6.1748013
9500.0,-8.385715,-4.3702383
9516.667,-9.615873,-2.5656745
9533.333,-9.852381,-2.0317461
9550.0,-9.840476,-1.8154762
9566.667,-9.831746,-1.6619048
9583.333,-9.827778,-1.602381
9600.0,-9.82381,-1.5428572
9616.667,-11.388293,-4.555754
9633.333,-12.952778,-7.5686507
9650.0,-13.591071,-8.886905
9666.667,-13.611905,-9.075397
9683.333,-13.623015,-9.231944
9700.0,-13.595238,-9.260715
9716.667,-13.56746,-9.289484
9733.333,-13.549207,-9.334127
9750.0,-13.533334,-9.382738
9766.667,-13.499207,-9.432937
9783.333,-13.437698,-9.485516
9800.0,-13.37619,-9.538095
9816.667,-13.358334,-9.546032
9833.333,-13.340476,-9.553968
9850.0,-13.32381,-9.572619
9866.667,-13.307937,-9.5984125
9883.333,-13.280952,-9.6125
9900.0,-13.209524,-9.5797615
9916.667,-13.138095,-9.547024
9933.333,-10.996825,-8.784127
9950.0,-8.338096,-7.8386903
9966.667,-6.6531744,-7.2380953
9983.333,-6.4289684,-7.154762
10000.0,-6.204762,-7.071429
10016.667,-6.206746,-7.1527777
10033.333,-6.20873,-7.234127
10050.0,-6.2035713,-7.2785716
10066.667,-6.1936507,-7.298413
10083.333,-6.1871033,-7.31627
10100.0,-6.1940475,-7.3261905
10116.667,-6.200992,-7.336111
10133.333,-6.2126985,-7.419048
10150.0,-6.2255955,-7.520238
10166.667,-6.227778,-7.610317
10183.333,-6.213889,-7.68373
10200.0,-6.2,-7.757143
10216.667,-6.1960316,-7.7968254
10233.333,-6.1920633,-7.836508
10250.0,-6.196429,-7.845238
10266.667,-6.2063494,-7.8333335
10283.333,-6.1571426,-7.9416666
10300.0,-5.8714285,-8.530952
10316.667,-5.5857143,-9.120238
10333.333,-5.5015874,-9.266666
10350.0,-5.4678574,-9.302381
10366.667,-5.4261904,-9.330159
10383.333,-5.372619,-9.346032
10400.0,-5.3190475,-9.361905
10416.667,-5.315079,-9.334127
10433.333,-5.311111,-9.306349
10450.0,-5.2892857,-9.244047
10466.667,-5.2555556,-9.1587305
10483.333,-5.225794,-9.080159
10500.0,-5.2119045,-9.028571
10516.667,-5.1980157,-8.976984
10533.333,-6.9333334,-6.6706347
10550.0,-9.105952,-3.8005953
10566.667,-10.480159,-1.8892857
10583.333,-10.656746,-1.4160714
10600.0,-10.833333,-0.94285715
10616.667,-10.828373,-0.9795635
10633.333,-10.823413,-1.0162698
10650.0,-10.827976,-1.0446428
10666.667,-10.838889,-1.0674603
10683.333,-10.8527775,-1.089881
10700.0,-10.8785715,-1.1107143
10716.667,-10.904366,-1.1315476
10733.333,-10.944445,-1.1825397
10750.0,-10.988095,-1.2410715
10766.667,-11.035714,-1.286508
10783.333,-11.089286,-1.3123016
10800.0,-11.142858,-1.3380952
10816.667,-11.553572,-1.6535715
10833.333,-11.964286,-1.9690477
10850.0,-12.575,-2.6095238
10866.667,-13.319048,-3.4666667
10883.333,-13.930952,-4.172222
10900.0,-14.014286,-4.2714286
10916.667,-14.097619,-4.370635
10933.333,-15.078571,-4.6944447
10950.0,-16.283928,-5.0744047
10966.667,-16.999207,-5.300397
10983.333,-16.979364,-5.2954364
11000.0,-16.959524,-5.2904763
11016.667,-17.008135,-5.223016
11033.333,-17.056746,-5.1555557
11050.0,-17.067858,-5.15
11066.667,-17.053968,-5.1857142
11083.333,-17.043255,-5.22004
11100.0,-17.045238,-5.2488093
11116.667,-17.047222,-5.2775793
11133.333,-17.014286,-5.230159
11150.0,-16.972618,-5.1636906
11166.667,-16.946825,-5.104762
11183.333,-16.944841,-5.0571427
11200.0,-16.942858,-5.009524
11216.667,-15.238492,-5.6642857
11233.333,-13.534127,-6.3190475
11250.0,-11.3785715,-6.8630953
11266.667,-8.922222,-7.3333335
11283.333,-6.925,-7.714484
11300.0,-6.7642856,-7.739286
11316.667,-6.6035714,-7.764087
11333.333,-6.546032,-7.7873015
11350.0,-6.5142856,-7.810119
11366.667,-6.4825397,-7.822222
11383.333,-6.4507937,-7.818254
11400.0,-6.419048,-7.8142858
11416.667,-6.4011903,-7.9849205
11433.333,-6.383333,-8.155556
11450.0,-6.3523808,-8.689881
11466.667,-6.3126984,-9.466666
11483.333,-6.2785716,-10.073215
11500.0,-6.266667,-9.99881
11516.667,-6.2547617,-9.924405
11533.333,-6.24127,-9.892063
11550.0,-6.2273808,-9.870238
11566.667,-6.223016,-9.865873
11583.333,-6.2329364,-9.887698
11600.0,-6.242857,-9.909524
11616.667,-6.25873,-9.951191
11633.333,-6.2746034,-9.992857
11650.0,-6.285119,-10.015476
11666.667,-6.2920637,-10.025397
11683.333,-7.1138887,-9.768651
11700.0,-11.195238,-8.445238
11716.667,-15.2765875,-7.121825
11733.333,-16.257143,-6.6761904
11750.0,-16.4625,-6.45
11766.667,-16.580158,-6.3126984
11783.333,-16.566269,-6.30873
11800.0,-16.552382,-6.304762
11816.667,-16.577183,-6.335516
11833.333,-16.601984,-6.36627
11850.0,-16.597023,-6.4089284
11866.667,-16.572222,-6.4595237
11883.333,-16.548016,-6.4940476
11900.0,-16.52619,-6.464286
11916.667,-16.504366,-6.4345236
11933.333,-16.447618,-6.369841
11950.0,-16.382143,-6.2964287
11966.667,-15.276191,-5.8071427
11983.333,-12.609524,-4.6940475
12000.0,-9.942857,-3.5809524
12016.667,-9.803968,-3.5472221
12033.333,-9.665079,-3.513492
12050.0,-9.638095,-3.5238094
12066.667,-9.685715,-3.563492
12083.333,-9.714286,-3.5829365
12100.0,-9.666667,-3.5214286
12116.667,-9.619047,-3.4599206
12133.333,-9.606349,-3.4555554
12150.0,-9.602381,-3.4654763
12166.667,-9.599206,-3.4880953
12183.333,-9.597222,-3.5297618
12200.0,-9.595238,-3.5714285
12216.667,-9.640873,-3.5972223
12233.333,-9.686508,-3.6230159
12250.0,-9.725,-3.6380951
12266.667,-9.75873,-3.6460319
12283.333,-9.784524,-3.6531746
12300.0,-9.778571,-3.6571429
12316.667,-9.772619,-3.661111
12333.333,-9.865079,-3.6460319
12350.0,-9.982142,-3.6261904
12366.667,-10.836508,-3.1095238
12383.333,-12.796825,-1.847619
12400.0,-14.757143,-0.5857143
12416.667,-15.354365,0.23571429
12433.333,-15.951588,1.0571429
12450.0,-16.202381,1.4261905
12466.667,-16.222221,1.4936508
12483.333,-16.243254,1.5503968
12500.0,-16.269047,1.5642858
12516.667,-16.294842,1.5781746
12533.333,-16.293652,1.5666667
12550.0,-16.285715,1.5488095
12566.667,-16.274603,1.5285715
12583.333,-16.25873,1.5047619
12600.0,-16.242857,1.4809524
12616.667,-16.212103,1.5375
12633.333,-16.181349,1.5940477
12650.0,-13.717262,0.30416667
12666.667,-9.630953,-1.8833333
12683.333,-6.267857,-3.6567461
12700.0,-5.797619,-3.7738094
12716.667,-5.327381,-3.890873
12733.333,-5.168254,-3.8857143
12750.0,-5.0869045,-3.85
12766.667,-5.0333333,-3.788889
12783.333,-5.0214286,-3.6896825
12800.0,-5.009524,-3.5904763
12816.667,-4.011508,-4.9684525
12833.333,-3.013492,-6.3464284
12850.0,-2.3428571,-6.9625
12866.667,-1.8904762,-7.070635
12883.333,-1.5170635,-7.131746
12900.0,-1.4595238,-7.0047617
12916.667,-1.4019841,-6.8777776
12933.333,-1.2857143,-6.904762
12950.0,-1.1547619,-6.970238
12966.667,-0.66190475,-7.952778
12983.333,0.37380952,-10.310913
13000.0,1.4095238,-12.669047
13016.667,1.5702381,-12.629365
13033.333,1.7309524,-12.589683
13050.0,1.8511904,-12.555357
13066.667,1.9444444,-12.524603
13083.333,2.017857,-12.500793
13100.0,2.0119047,-12.504762
13116.667,2.0059524,-12.50873
13133.333,1.9619048,-12.250793
13150.0,1.9083333,-11.927381
13166.667,0.6527778,-9.344444
13183.333,-2.4057539,-3.3722222
13200.0,-5.464286,2.6
13216.667,-5.5009923,3.0166667
13233.333,-5.5376983,3.4333334
13250.0,-5.55,3.5904763
13266.667,-5.546032,3.574603
13283.333,-5.5464287,3.5694444
13300.0,-5.5642858,3.607143
13316.667,-5.582143,3.6448412
13333.333,-5.6539683,3.7079365
13350.0,-5.739286,3.777381
13366.667,-5.8079367,3.847619
13383.333,-5.8515873,3.9190476
13400.0,-5.895238,3.9904761
13416.667,-5.9468255,4.022222
13433.333,-5.9984126,4.0539684
13450.0,-6.036905,4.0845237
13466.667,-6.0666666,4.114286
13483.333,-6.1075397,4.1392856
13500.0,-6.1928573,4.145238
13516.667,-6.2781744,4.1511903
13533.333,-6.3174605,4.1603174
13550.0,-6.345238,4.170238
13566.667,-6.389683,4.172222
13583.333,-6.459127,4.1623015
13600.0,-6.5285716,4.152381
13616.667,-6.559325,4.1087303
13633.333,-6.5900793,4.065079
13650.0,-6.6089287,4.027381
13666.667,-6.619841,3.9936507
13683.333,-6.6353173,3.9626985
13700.0,-6.669048,3.942857
13716.667,-6.702778,3.9230158
13733.333,-10.2,3.6253967
13750.0,-14.563095,3.2583334
13766.667,-17.242857,3.023016
13783.333,-17.39762,2.9853175
13800.0,-17.552382,2.947619
13816.667,-17.523611,2.852381
13833.333,-17.49484,2.7571428
13850.0,-17.506548,2.6690476
13866.667,-17.545238,2.5857143
13883.333,-17.579762,2.51627
13900.0,-17.597618,2.5023808
13916.667,-17.615477,2.488492
13933.333,-17.62381,2.4619048
13950.0,-17.629763,2.432143
13966.667,-17.642063,2.3761904
13983.333,-17.663889,2.2809525
14000.0,-17.685715,2.1857142
14016.667,-17.716469,2.1678572
14033.333,-17.747223,2.15
14050.0,-17.77381,2.1261904
14066.667,-17.797619,2.0984128
14083.333,-17.374405,2.1825397
14100.0,-15.163095,2.7142856
14116.667,-12.951786,3.2460318
14133.333,-12.320635,3.4603174
14150.0,-12.084524,3.5952382
14166.667,-11.945238,3.692857
14183.333,-11.951191,3.7345238
14200.0,-11.957143,3.7761905
14216.667,-11.994842,3.786111
14233.333,-12.032539,3.7960317
14250.0,-12.060715,3.7940476
14266.667,-12.08254,3.784127
14283.333,-12.095634,3.76627
14300.0,-12.07381,3.7166667
14316.667,-12.051984,3.6670635
14333.333,-12.1,3.6380951
14350.0,-12.165476,3.6142857
14366.667,-12.212698,3.588889
14383.333,-12.23254,3.5611112
14400.0,-12.252381,3.5333333
14416.667,-12.240477,3.5531745
14433.333,-12.228572,3.573016
14450.0,-12.229762,3.5583334
14466.667,-12.239682,3.520635
14483.333,-12.251985,3.4825397
14500.0,-12.273809,3.442857
14516.667,-12.295635,3.4031746
14533.333,-12.3,3.368254
14550.0,-12.3,3.334524
14566.667,-13.211508,2.5261905
14583.333,-15.490278,0.55595237
14600.0,-17.769047,-1.4142857
14616.667,-17.84742,-1.5204365
14633.333,-17.925795,-1.6265873
14650.0,-17.95893,-1.6708333
14666.667,-17.961905,-1.6738095
14683.333,-17.9625,-1.6765873
14700.0,-17.953571,-1.6785715
14716.667,-17.944643,-1.6805556
14733.333,-17.914286,-1.6904762
14750.0,-17.87857,-1.7023809
14766.667,-17.839682,-1.7246032
14783.333,-17.796032,-1.7623016
14800.0,-17.75238,-1.8
14816.667,-17.700794,-1.8496032
14833.333,-17.649206,-1.8992064
14850.0,-17.598215,-1.9678571
14866.667,-17.547619,-2.0492063
14883.333,-17.504564,-2.1321428
14900.0,-17.491667,-2.2214286
14916.667,-17.47877,-2.3107142
14933.333,-17.47877,-2.3107142
14950.0,-17.47877,-2.3107142
