0.0,-7.2357144,-4.6928573
16.666666,-7.246627,-4.7156744
33.333332,-7.2575397,-4.738492
50.0,-7.257143,-4.7559524
66.666664,-7.2492065,-4.769841
83.333336,-7.254365,-4.7765875
100.0,-7.311905,-4.7547617
116.666664,-7.3694444,-4.7329364
133.33333,-7.393651,-4.7507935
150.0,-7.409524,-4.7785716
166.66667,-7.424603,-4.795238
183.33333,-7.4384923,-4.795238
200.0,-7.452381,-4.795238
216.66667,-7.4960318,-4.7704363
233.33333,-7.5396824,-4.745635
250.0,-7.117857,-3.7529762
266.66666,-6.385714,-2.1150794
283.33334,-5.7180557,-0.9646825
300.0,-5.3083334,-1.7642857
316.66666,-4.898611,-2.5638888
333.33334,-4.9404764,-3.161111
350.0,-5.095238,-3.7077382
366.66666,-5.225794,-4.048016
383.33334,-5.3200397,-4.0787697
400.0,-5.4142857,-4.109524
416.66666,-5.45,-4.175
433.33334,-5.4857144,-4.240476
450.0,-5.529762,-4.2744045
466.66666,-5.5793653,-4.2873015
483.33334,-5.6222224,-4.3001986
500.0,-5.6380954,-4.313095
516.6667,-5.6539683,-4.325992
533.3333,-5.672222,-4.3761907
550.0,-5.6910715,-4.4357142
566.6667,-5.711508,-4.515873
583.3333,-5.7343254,-4.626984
600.0,-5.757143,-4.7380953
616.6667,-5.790873,-4.8095236
633.3333,-5.824603,-4.8809524
650.0,-5.8464284,-4.9130955
666.6667,-5.860317,-4.919048
683.3333,-5.872619,-4.923413
700.0,-5.8785715,-4.9214287
716.6667,-5.884524,-4.9194446
733.3333,-5.3055553,-4.1666665
750.0,-4.580357,-3.2261906
766.6667,-4.160714,-2.625
783.3333,-4.1994047,-2.5327382
800.0,-4.2380953,-2.4404762
816.6667,-4.2420635,-2.4692461
833.3333,-4.2460318,-2.4980159
850.0,-4.2488093,-2.5428572
866.6667,-4.2507935,-2.5984128
883.3333,-4.2603173,-2.6519842
900.0,-4.3,-2.697619
916.6667,-4.3396826,-2.743254
933.3333,-4.360317,-2.779365
950.0,-4.3761907,-2.8130953
966.6667,-4.3964286,-2.8357143
983.3333,-4.4232144,-2.8416667
1000.0,-4.45,-2.847619
1016.6667,-4.4708333,-2.8833334
1033.3334,-4.491667,-2.9190476
1050.0,-4.508333,-2.9488096
1066.6666,-4.522222,-2.9746032
1083.3334,-4.542857,-2.9948413
1100.0,-4.590476,-2.9928572
1116.6666,-4.6380954,-2.990873
1133.3334,-4.677778,-2.9984126
1150.0,-4.715476,-3.0083334
1166.6666,-4.7452383,-3.0238094
1183.3334,-4.7630954,-3.047619
1200.0,-4.7809525,-3.0714285
1216.6666,-4.7988095,-3.0694444
1233.3334,-4.8166666,-3.0674603
1250.0,-4.3940477,-2.6357143
1266.6666,-3.6777778,-1.9174603
1283.3334,-3.107143,-1.339881
1300.0,-3.1190476,-1.325
1316.6666,-3.1309524,-1.310119
1333.3334,-3.1650794,-1.3079365
1350.0,-3.204762,-1.3089286
1366.6666,-3.2579365,-1.3301587
1383.3334,-3.3313491,-1.381746
1400.0,-3.4047618,-1.4333333
1416.6666,-3.420635,-1.4452381
1433.3334,-3.436508,-1.4571428
1450.0,-3.4583333,-1.497619
1466.6666,-3.484127,-1.5571429
1483.3334,-3.5150793,-1.6123016
1500.0,-3.5666666,-1.65
1516.6666,-3.618254,-1.6876984
1533.3334,-3.6507936,-1.7174603
1550.0,-3.6785715,-1.7452381
1566.6666,-3.7063491,-1.7658731
1583.3334,-3.734127,-1.7757937
1600.0,-3.7619047,-1.7857143
1616.6666,-3.8095238,-1.8154762
1633.3334,-3.857143,-1.8452381
1650.0,-3.9130952,-1.8958334
1666.6666,-3.9746032,-1.9603175
1683.3334,-4.031746,-2.0140872
1700.0,-4.071429,-2.025
1716.6666,-4.111111,-2.0359128
1733.3334,-4.1190476,-2.0396826
1750.0,-4.1190476,-2.0416667
1766.6666,-4.1190476,-2.0313492
1783.3334,-4.1190476,-2.0025795
1800.0,-4.1190476,-1.9738095
1816.6666,-4.1626983,-2.010516
1833.3334,-4.2063494,-2.0472221
1850.0,-4.2238097,-2.0648808
1866.6666,-4.2238097,-2.0698414
1883.3334,-4.985317,-2.1736112
1900.0,-8.792857,-2.672619
1916.6666,-12.600397,-3.171627
1933.3334,-13.822222,-3.2746031
1950.0,-14.397619,-3.2785714
1966.6666,-14.738095,-3.2761905
1983.3334,-14.726191,-3.2642858
2000.0,-14.714286,-3.2523808
2016.6666,-14.712301,-3.2722223
2033.3334,-14.710318,-3.2920635
2050.0,-14.690476,-3.3392856
2066.6667,-14.6587305,-3.4047618
2083.3333,-14.63135,-3.4603174
2100.0,-14.6214285,-3.4761906
2116.6667,-14.611508,-3.4920635
2133.3333,-14.630158,-3.488889
2150.0,-14.655952,-3.4809523
2166.6667,-14.668254,-3.4642856
2183.3333,-14.660317,-3.4345238
2200.0,-14.652381,-3.4047618
2216.6667,-14.640476,-3.4007936
2233.3333,-14.6285715,-3.3968253
2250.0,-14.616667,-3.4238095
2266.6667,-14.604762,-3.4714286
2283.3333,-14.711706,-3.8196428
2300.0,-15.294047,-5.3702383
2316.6667,-15.876389,-6.920833
2333.3333,-16.139683,-7.979365
2350.0,-16.323214,-8.914881
2366.6667,-16.423016,-9.468254
2383.3333,-16.397223,-9.448413
2400.0,-16.37143,-9.428572
2416.6667,-16.379366,-9.426587
2433.3333,-16.387302,-9.424603
2450.0,-16.410715,-9.423809
2466.6667,-16.444445,-9.423809
2483.3333,-16.478968,-9.424603
2500.0,-16.516666,-9.428572
2516.6667,-16.554365,-9.43254
2533.3333,-16.560318,-9.466666
2550.0,-16.558332,-9.508333
2566.6667,-16.558731,-9.538095
2583.3333,-16.562698,-9.55
2600.0,-16.566668,-9.561905
2616.6667,-16.578571,-9.587698
2633.3333,-16.590477,-9.613492
2650.0,-16.583334,-9.6285715
2666.6667,-16.563492,-9.636508
2683.3333,-16.542856,-9.648016
2700.0,-16.519047,-9.673809
2716.6667,-16.495237,-9.699603
2733.3333,-16.47619,-9.721429
2750.0,-16.458334,-9.742262
2766.6667,-16.443651,-9.748015
2783.3333,-16.433731,-9.731151
2800.0,-16.42381,-9.714286
2816.6667,-14.468452,-7.9325395
2833.3333,-12.513095,-6.1507936
2850.0,-11.714881,-5.3785715
2866.6667,-11.688095,-5.279365
2883.3333,-11.665873,-5.204762
2900.0,-11.661904,-5.2285714
2916.6667,-11.657936,-5.252381
2933.3333,-11.660317,-5.2555556
2950.0,-11.664286,-5.2535715
2966.6667,-11.666667,-5.2626987
2983.3333,-11.666667,-5.288492
3000.0,-11.666667,-5.3142858
3016.6667,-11.642858,-5.336111
3033.3333,-11.619047,-5.3579364
3050.0,-11.610714,-5.384524
3066.6667,-11.612699,-5.4142857
3083.3333,-11.624207,-5.4392858
3100.0,-11.673809,-5.445238
3116.6667,-11.7234125,-5.4511905
3133.3333,-11.74127,-5.4888887
3150.0,-11.75119,-5.534524
3166.6667,-11.764286,-5.5642858
3183.3333,-11.782143,-5.570238
3200.0,-11.8,-5.5761905
3216.6667,-11.813889,-5.586111
3233.3333,-11.827778,-5.5960317
3250.0,-12.353572,-5.4083333
3266.6667,-13.220634,-5.088889
3283.3333,-14.006746,-4.7809525
3300.0,-14.469048,-4.5190477
3316.6667,-14.931349,-4.257143
3333.3333,-15.04127,-4.1809525
3350.0,-15.063095,-4.1511903
3366.6667,-15.083333,-4.1257935
3383.3333,-15.101191,-4.1069446
3400.0,-15.119047,-4.088095
3416.6667,-15.119047,-4.082143
3433.3333,-15.119047,-4.0761905
3450.0,-15.1125,-4.092262
3466.6667,-15.101587,-4.123016
3483.3333,-15.086309,-4.1551585
3500.0,-15.053572,-4.1928573
3516.6667,-15.020833,-4.2305555
3533.3333,-14.984127,-4.2349205
3550.0,-14.946428,-4.2309523
3566.6667,-14.911111,-4.2190475
3583.3333,-14.879365,-4.195238
3600.0,-14.847619,-4.1714287
3616.6667,-16.317858,-4.8579364
3633.3333,-17.788095,-5.5444446
3650.0,-18.379763,-5.8369045
3666.6667,-18.385714,-5.866667
3683.3333,-18.388493,-5.8892856
3700.0,-18.37857,-5.883333
3716.6667,-18.36865,-5.877381
3733.3333,-18.36508,-5.890476
3750.0,-18.363094,-5.9083333
3766.6667,-18.35873,-5.925397
3783.3333,-18.350794,-5.94127
3800.0,-18.342857,-5.957143
3816.6667,-18.315079,-5.9501987
3833.3333,-18.287302,-5.943254
3850.0,-18.059525,-5.9339285
3866.6667,-17.698412,-5.923016
3883.3333,-17.140476,-5.8587303
3900.0,-15.7952385,-5.580952
3916.6667,-14.45,-5.3031745
3933.3333,-14.147619,-5.247619
3950.0,-14.105952,-5.247619
3966.6667,-14.079365,-5.247619
3983.3333,-14.075397,-5.247619
4000.0,-14.071428,-5.247619
4016.6667,-14.101191,-5.205952
4033.3333,-14.130953,-5.1642857
4050.0,-14.135715,-5.1202383
4066.6667,-14.12381,-5.074603
4083.3333,-14.115477,-5.0404763
4100.0,-14.1214285,-5.052381
4116.6665,-14.127381,-5.0642858
4133.3335,-14.1285715,-5.0634923
4150.0,-14.1285715,-5.0595236
4166.6665,-14.127778,-5.047619
4183.3335,-14.125793,-5.0238094
4200.0,-14.12381,-5.0
4216.6665,-14.125793,-4.9613094
4233.3335,-14.127778,-4.922619
4250.0,-14.12619,-4.883929
4266.6665,-14.122222,-4.845238
4283.3335,-14.119445,-4.813095
4300.0,-14.1214285,-4.8071427
4316.6665,-14.123413,-4.8011904
4333.3335,-14.12381,-4.779365
4350.0,-14.12381,-4.7535715
4366.6665,-14.124603,-4.7349205
4383.3335,-14.126587,-4.726984
4400.0,-14.1285715,-4.7190475
4416.6665,-14.136508,-4.711111
4433.3335,-14.144444,-4.7031746
4450.0,-14.155357,-4.6988096
4466.6665,-14.168254,-4.6968255
4483.3335,-14.182342,-4.6940475
4500.0,-14.201191,-4.688095
4516.6665,-14.220039,-4.6821427
4533.3335,-14.223809,-4.674603
4550.0,-14.223809,-4.6666665
4566.6665,-14.224206,-4.6686506
4583.3335,-14.225199,-4.685516
4600.0,-14.226191,-4.702381
4616.6665,-14.233135,-4.701389
4633.3335,-14.240079,-4.700397
4650.0,-14.24881,-4.6988096
4666.6665,-14.25873,-4.6968255
4683.3335,-14.270238,-4.6910715
4700.0,-14.288095,-4.670238
4716.6665,-14.305952,-4.6494045
4733.3335,-14.328571,-4.620635
4750.0,-14.352381,-4.589881
4766.6665,-14.370238,-4.5571427
4783.3335,-14.379167,-4.5214286
4800.0,-14.388095,-4.4857144
4816.6665,-14.400992,-4.455952
4833.3335,-14.413889,-4.4261904
4850.0,-14.419047,-4.4011903
4866.6665,-14.419047,-4.379365
4883.3335,-14.4202385,-4.359127
4900.0,-14.42619,-4.345238
4916.6665,-14.432143,-4.3313494
4933.3335,-14.312698,-5.6761904
4950.0,-14.161904,-7.3607144
4966.6665,-13.926984,-8.959524
4983.3335,-13.565873,-10.429762
5000.0,-13.2047615,-11.9
5016.6665,-13.161111,-11.858334
5033.3335,-13.11746,-11.816667
5050.0,-13.089286,-11.785714
5066.6665,-13.071428,-11.761905
5083.3335,-13.054365,-11.740079
5100.0,-13.040476,-11.726191
5116.6665,-13.0265875,-11.712301
5133.3335,-13.012698,-11.717461
5150.0,-12.99881,-11.727381
5166.6665,-12.987302,-11.730159
5183.3335,-12.979365,-11.722222
5200.0,-12.971429,-11.714286
5216.6665,-12.947619,-11.694445
5233.3335,-12.923809,-11.674603
5250.0,-12.879762,-11.646428
5266.6665,-12.822222,-11.612699
5283.3335,-12.777381,-11.584921
5300.0,-12.783334,-11.580953
5316.6665,-12.789286,-11.576984
5333.3335,-12.798412,-11.549207
5350.0,-12.808333,-11.515476
5366.6665,-12.819841,-11.4849205
5383.3335,-12.83373,-11.459127
5400.0,-12.847619,-11.433333
5416.6665,-12.8922615,-11.421429
5433.3335,-12.936905,-11.409524
5450.0,-12.964881,-11.401191
5466.6665,-12.981746,-11.395238
5483.3335,-12.524206,-11.343254
5500.0,-10.169047,-11.107142
5516.6665,-7.813889,-10.871032
5533.3335,-7.336508,-10.819048
5550.0,-7.3285713,-10.813095
5566.6665,-7.343651,-10.807143
5583.3335,-7.393254,-10.80119
5600.0,-7.4428573,-10.7952385
5616.6665,-7.472619,-10.813095
5633.3335,-7.502381,-10.830953
5650.0,-7.534524,-10.848809
5666.6665,-7.568254,-10.866667
5683.3335,-7.600794,-10.891071
5700.0,-7.6285715,-10.941667
5716.6665,-7.656349,-10.992262
5733.3335,-7.675397,-11.038095
5750.0,-7.6922617,-11.082738
5766.6665,-7.7107143,-11.107937
5783.3335,-7.731548,-11.103969
5800.0,-7.752381,-11.1
5816.6665,-8.563889,-9.381746
5833.3335,-9.375397,-7.663492
5850.0,-9.710714,-6.9321427
5866.6665,-9.728572,-6.8587303
5883.3335,-9.749207,-6.7968254
5900.0,-9.780952,-6.7809525
5916.6665,-9.812698,-6.7650795
5933.3335,-9.833333,-6.7873015
5950.0,-9.851191,-6.8190475
5966.6665,-9.869047,-6.845238
5983.3335,-9.886905,-6.8630953
6000.0,-9.904762,-6.8809524
6016.6665,-9.900794,-6.9136906
6033.3335,-9.896826,-6.946429
6050.0,-9.884523,-6.981548
6066.6665,-9.866667,-7.018254
6083.3335,-9.8527775,-7.0559525
6100.0,-9.854762,-7.097619
6116.6665,-9.856746,-7.1392856
6133.3335,-9.836508,-7.1539683
6150.0,-9.810715,-7.161905
6166.6665,-9.781746,-7.1539683
6183.3335,-9.748015,-7.1222224
6200.0,-9.714286,-7.090476
6216.6665,-9.871032,-7.0349207
6233.3335,-10.027778,-6.979365
6250.0,-11.334524,-6.107143
6266.6665,-13.407936,-4.6904764
6283.3335,-15.076588,-3.5496032
6300.0,-15.12619,-3.5119047
6316.6665,-15.175794,-3.4742064
6333.3335,-15.196825,-3.4603174
6350.0,-15.210714,-3.452381
6366.6665,-15.226191,-3.4484127
6383.3335,-15.244047,-3.4503968
6400.0,-15.261905,-3.452381
6416.6665,-15.255953,-3.4166667
6433.3335,-15.25,-3.3809524
6450.0,-15.264286,-3.3547618
6466.6665,-15.292064,-3.3349206
6483.3335,-15.314683,-3.3261905
6500.0,-15.316667,-3.3619049
6516.6665,-15.318651,-3.397619
6533.3335,-15.325397,-3.3555555
6550.0,-15.333333,-3.2940476
6566.6665,-15.338889,-3.2468255
6583.3335,-15.340873,-3.2210317
6600.0,-15.342857,-3.195238
6616.6665,-15.323016,-3.2031746
6633.3335,-15.303175,-3.211111
6650.0,-15.279762,-3.2238095
6666.6665,-15.253968,-3.2396824
6683.3335,-15.2349205,-3.2587302
6700.0,-15.242857,-3.290476
6716.6665,-15.250793,-3.3222222
6733.3335,-15.135715,-4.34127
6750.0,-14.989881,-5.607143
6766.6665,-14.831349,-6.8976192
6783.3335,-14.6537695,-8.225
6800.0,-14.476191,-9.552381
6816.6665,-14.4662695,-9.528571
6833.3335,-14.456349,-9.504762
6850.0,-14.457143,-9.495238
6866.6665,-14.465079,-9.495238
6883.3335,-14.472619,-9.498015
6900.0,-14.478572,-9.511905
6916.6665,-14.484524,-9.525794
6933.3335,-14.484127,-9.516666
6950.0,-14.482142,-9.501785
6966.6665,-14.464286,-9.489285
6983.3335,-14.422619,-9.480357
7000.0,-14.380953,-9.471429
7016.6665,-14.363095,-9.463492
7033.3335,-14.345238,-9.455556
7050.0,-13.477381,-9.215476
7066.6665,-12.042857,-8.820635
7083.3335,-10.57381,-8.162699
7100.0,-8.966666,-6.452381
7116.6665,-7.359524,-4.7420635
7133.3335,-7.0301585,-4.379365
7150.0,-7.020238,-4.3535714
7166.6665,-7.007143,-4.3301587
7183.3335,-6.989286,-4.3103175
7200.0,-6.9714284,-4.2904763
7216.6665,-6.985317,-4.2805557
7233.3335,-6.9992065,-4.270635
7250.0,-7.007143,-4.275
7266.6665,-7.0111113,-4.288889
7283.3335,-7.0142856,-4.3039684
7300.0,-7.0142856,-4.3238096
7316.6665,-7.0142856,-4.343651
7333.3335,-7.020635,-4.34127
7350.0,-7.0285716,-4.3333335
7366.6665,-7.0380955,-4.3293653
7383.3335,-7.05,-4.3313494
7400.0,-7.061905,-4.3333335
7416.6665,-7.0876985,-4.357143
7433.3335,-7.113492,-4.3809524
7450.0,-7.1285715,-4.3869047
7466.6665,-7.136508,-4.3809524
7483.3335,-7.139683,-4.3676586
7500.0,-7.1238093,-4.325
7516.6665,-7.1079364,-4.2823415
7533.3335,-7.114286,-4.266667
7550.0,-7.1261907,-4.257738
7566.6665,-7.140476,-4.255159
7583.3335,-7.1583333,-4.262103
7600.0,-7.1761904,-4.2690477
7616.6665,-7.1642857,-4.271032
7633.3335,-7.152381,-4.273016
7650.0,-7.1511903,-4.2803574
7666.6665,-7.1571426,-4.29127
7683.3335,-7.1626983,-4.296032
7700.0,-7.1666665,-4.2761903
7716.6665,-7.1706347,-4.256349
7733.3335,-11.101587,-3.6269841
7750.0,-16.014286,-2.8452382
7766.6665,-15.969246,-1.3803571
7783.3335,-15.924207,0.08452381
7800.0,-15.879167,1.5494047
7816.6665,-15.834127,3.0142858
7833.3335,-15.789087,4.4791665
7850.0,-15.744047,5.9440475
7866.6665,-16.11111,3.1285715
7883.3335,-16.392857,0.85873014
7900.0,-16.333334,0.7714286
7916.6665,-16.27381,0.684127
7933.3335,-16.268253,0.64285713
7950.0,-16.27619,0.6130952
7966.6665,-16.271826,0.59484124
7983.3335,-16.249008,0.5938492
8000.0,-16.22619,0.5928571
8016.6665,-16.225199,0.5700397
8033.3335,-16.224207,0.5472222
8050.0,-16.22381,0.5297619
8066.6665,-16.22381,0.515873
8083.3335,-16.224604,0.49920633
8100.0,-16.22857,0.47142857
8116.6665,-16.23254,0.44365078
8133.3335,-16.239683,0.42380953
8150.0,-16.24762,0.4059524
8166.6665,-16.239683,0.39126983
8183.3335,-16.207937,0.3813492
8200.0,-16.176191,0.37142858
8216.667,-16.174206,0.35357141
8233.333,-16.172222,0.33571428
8250.0,-15.567857,-1.1595238
8266.667,-14.561905,-3.6396825
8283.333,-13.713889,-5.720635
8300.0,-13.497619,-6.204762
8316.667,-13.281349,-6.688889
8333.333,-13.237302,-6.818254
8350.0,-13.236309,-6.8589287
8366.667,-13.247619,-6.8892856
8383.333,-13.277381,-6.9041667
8400.0,-13.307143,-6.919048
8416.667,-13.335913,-6.921032
8433.333,-13.364682,-6.923016
8450.0,-13.375,-6.9166665
8466.667,-13.373015,-6.904762
8483.333,-13.36865,-6.8978176
8500.0,-13.354762,-6.910714
8516.667,-13.340873,-6.923611
8533.333,-13.346032,-6.9238095
8550.0,-13.355952,-6.920833
8566.667,-13.364285,-6.9166665
8583.333,-13.370238,-6.910714
8600.0,-13.37619,-6.904762
8616.667,-13.37619,-6.888889
8633.333,-13.37619,-6.873016
8650.0,-13.377381,-6.8630953
8666.667,-13.379365,-6.857143
8683.333,-12.961905,-6.635714
8700.0,-10.866667,-5.552381
8716.667,-8.771428,-4.4690475
8733.333,-8.365079,-4.2555556
8750.0,-8.380953,-4.259524
8766.667,-8.4015875,-4.2841268
8783.333,-8.429365,-4.3396826
8800.0,-8.457143,-4.395238
8816.667,-8.463096,-4.452778
8833.333,-8.469048,-4.5103173
8850.0,-8.472619,-4.561905
8866.667,-8.474603,-4.609524
8883.333,-8.477381,-4.654365
8900.0,-8.483334,-4.688095
8916.667,-8.489285,-4.7218256
8933.333,-8.490477,-4.768254
8950.0,-8.490477,-4.8178573
8966.667,-8.486508,-4.869841
8983.333,-8.476587,-4.925397
9000.0,-8.466666,-4.9809523
9016.667,-8.473611,-5.035516
9033.333,-8.480556,-5.0900793
9050.0,-8.481547,-5.1386905
9066.667,-8.478572,-5.1833334
9083.333,-8.475397,-5.2242064
9100.0,-8.471429,-5.25
9116.667,-8.467461,-5.2757936
9133.333,-8.466666,-5.301587
9150.0,-8.466666,-5.327381
9166.667,-8.464286,-5.3468256
9183.333,-8.458333,-5.356746
9200.0,-8.452381,-5.366667
9216.667,-8.4662695,-5.4053574
9233.333,-8.480159,-5.4440475
9250.0,-8.517858,-5.739881
9266.667,-8.571428,-6.207143
9283.333,-8.61865,-6.661508
9300.0,-8.640476,-7.0642858
9316.667,-8.662302,-7.4670634
9333.333,-8.671429,-7.6079364
9350.0,-8.677381,-7.6833334
9366.667,-8.679365,-7.7214284
9383.333,-8.675397,-7.7035713
9400.0,-8.671429,-7.6857142
9416.667,-8.669444,-7.6738095
9433.333,-8.66746,-7.661905
9450.0,-8.6702385,-7.6440477
9466.667,-8.67619,-7.6222224
9483.333,-8.680555,-7.6
9500.0,-8.678572,-7.5761905
9516.667,-8.676587,-7.552381
9533.333,-8.685715,-7.525397
9550.0,-8.697619,-7.497619
9566.667,-8.7047615,-7.476984
9583.333,-8.7047615,-7.4670634
9600.0,-8.7047615,-7.457143
9616.667,-8.706746,-7.461111
9633.333,-8.70873,-7.4650793
9650.0,-8.697619,-7.4952383
9666.667,-8.677778,-7.542857
9683.333,-8.658334,-7.584722
9700.0,-8.640476,-7.6035714
9716.667,-8.622619,-7.622421
9733.333,-8.630158,-7.663492
9750.0,-8.644048,-7.7101192
9766.667,-8.645238,-7.781746
9783.333,-8.627381,-7.890873
9800.0,-8.609524,-8.0
9816.667,-8.581746,-8.027778
9833.333,-8.553968,-8.055555
9850.0,-8.225,-8.288691
9866.667,-7.695238,-8.6587305
9883.333,-7.270635,-8.966866
9900.0,-7.266667,-9.027381
9916.667,-7.2626987,-9.087897
9933.333,-7.263492,-9.147619
9950.0,-7.265476,-9.207143
9966.667,-7.263492,-9.277778
9983.333,-7.2555556,-9.365079
10000.0,-7.247619,-9.452381
10016.667,-7.2575397,-9.519841
10033.333,-7.2674603,-9.587301
10050.0,-7.2839284,-9.651786
10066.667,-7.304762,-9.714286
10083.333,-7.327976,-9.776389
10100.0,-7.3607144,-9.836905
10116.667,-7.393452,-9.897421
10133.333,-7.419048,-9.959524
10150.0,-7.4428573,-10.022024
10166.667,-7.461111,-10.082936
10183.333,-7.4710317,-10.141468
10200.0,-7.4809523,-10.2
10216.667,-7.0642858,-10.588889
10233.333,-6.6476192,-10.9777775
10250.0,-6.4761906,-11.141666
10266.667,-6.468254,-11.155556
10283.333,-6.4595237,-11.168254
10300.0,-6.447619,-11.17619
10316.667,-6.4357142,-11.184127
10333.333,-6.429365,-11.188095
10350.0,-6.4244046,-11.1910715
10366.667,-6.4091268,-11.198016
10383.333,-6.378373,-11.210913
10400.0,-6.347619,-11.223809
10416.667,-6.3257937,-11.209921
10433.333,-6.3039684,-11.196032
10450.0,-6.2880955,-11.185715
10466.667,-6.2761903,-11.177778
10483.333,-6.2650795,-11.169444
10500.0,-6.257143,-11.159524
10516.667,-6.2492065,-11.149603
10533.333,-6.247619,-11.12381
10550.0,-6.247619,-11.094048
10566.667,-6.252381,-11.086508
10583.333,-6.2642856,-11.112302
10600.0,-6.2761903,-11.138095
10616.667,-6.3059525,-11.187698
10633.333,-6.3357143,-11.237302
10650.0,-6.3940477,-11.298809
10666.667,-6.4714284,-11.368254
10683.333,-6.5450397,-11.425
10700.0,-6.6035714,-11.430952
10716.667,-6.662103,-11.436905
10733.333,-6.704762,-11.453968
10750.0,-6.7434525,-11.473809
10766.667,-6.997619,-11.526984
10783.333,-7.575,-11.630158
10800.0,-8.152381,-11.733334
10816.667,-8.221826,-11.763095
10833.333,-8.29127,-11.792857
10850.0,-8.3785715,-11.835714
10866.667,-8.4777775,-11.887301
10883.333,-8.574603,-11.940476
10900.0,-8.661904,-12.0
10916.667,-8.749207,-12.059524
10933.333,-8.819048,-12.08254
10950.0,-8.884523,-12.096429
10966.667,-8.9547615,-12.113492
10983.333,-9.032143,-12.135318
11000.0,-9.109524,-12.157143
11016.667,-9.175,-12.171032
11033.333,-9.240477,-12.18492
11050.0,-9.502381,-12.178572
11066.667,-9.895238,-12.1587305
11083.333,-10.221826,-12.140476
11100.0,-10.283334,-12.1285715
11116.667,-10.344841,-12.116667
11133.333,-10.35873,-12.106349
11150.0,-10.360714,-12.096429
11166.667,-10.357937,-12.075397
11183.333,-10.348016,-12.037699
11200.0,-10.338096,-12.0
11216.667,-10.304365,-11.998015
11233.333,-10.270635,-11.996032
11250.0,-10.233929,-12.004762
11266.667,-10.195238,-12.020635
11283.333,-10.157738,-12.032539
11300.0,-10.125,-12.028571
11316.667,-10.092262,-12.024603
11333.333,-9.44127,-11.774603
11350.0,-8.635715,-11.463096
11366.667,-8.135715,-11.278571
11383.333,-8.094048,-11.284524
11400.0,-8.052381,-11.290476
11416.667,-8.020635,-11.246825
11433.333,-7.9888887,-11.203175
11450.0,-7.9714284,-11.178572
11466.667,-7.963492,-11.166667
11483.333,-7.964286,-11.156349
11500.0,-8.0,-11.152381
11516.667,-8.035714,-11.148413
11533.333,-8.06508,-11.146031
11550.0,-8.092857,-11.144048
11566.667,-8.096826,-11.148809
11583.333,-8.06508,-11.163691
11600.0,-8.033334,-11.178572
11616.667,-8.028373,-11.171627
11633.333,-8.023413,-11.164682
11650.0,-7.9952383,-11.19881
11666.667,-7.951587,-11.260318
11683.333,-7.9089284,-11.308333
11700.0,-7.8702383,-11.302381
11716.667,-7.8315477,-11.296429
11733.333,-7.798413,-11.349206
11750.0,-7.766667,-11.416667
11766.667,-7.7515874,-11.466666
11783.333,-7.761508,-11.490477
11800.0,-7.7714286,-11.514286
11816.667,-7.813095,-11.563889
11833.333,-7.854762,-11.613492
11850.0,-7.885714,-11.630953
11866.667,-7.909524,-11.626985
11883.333,-7.924603,-11.686707
11900.0,-7.904762,-12.00119
11916.667,-7.8849206,-12.315675
11933.333,-7.8746033,-12.226984
11950.0,-7.866667,-12.0375
11966.667,-7.8531747,-11.918254
11983.333,-7.8313494,-11.904366
12000.0,-7.8095236,-11.890476
12016.667,-7.7757936,-11.890476
12033.333,-7.7420635,-11.890476
12050.0,-7.714286,-11.884523
12066.667,-7.6904764,-11.874603
12083.333,-7.5321426,-11.801587
12100.0,-6.8357143,-11.476191
12116.667,-6.1392856,-11.150794
12133.333,-5.993651,-11.104762
12150.0,-5.9857144,-11.1285715
12166.667,-5.980159,-11.1515875
12183.333,-5.9781747,-11.173412
12200.0,-5.9761906,-11.195238
12216.667,-5.9781747,-11.215079
12233.333,-5.980159,-11.2349205
12250.0,-6.0119047,-11.25
12266.667,-6.0634923,-11.261905
12283.333,-6.1146827,-11.275
12300.0,-6.1642857,-11.292857
12316.667,-6.213889,-11.310715
12333.333,-6.3007936,-11.333333
12350.0,-6.3970237,-11.357142
12366.667,-6.4742064,-11.374603
12383.333,-6.5228176,-11.38254
12400.0,-6.571429,-11.390476
12416.667,-7.1795635,-11.577976
12433.333,-7.7876983,-11.765476
12450.0,-8.06369,-11.844643
12466.667,-8.118254,-11.851587
12483.333,-8.168254,-11.860912
12500.0,-8.2,-11.879762
12516.667,-8.231746,-11.898611
12533.333,-8.245238,-11.953968
12550.0,-8.254167,-12.018453
12566.667,-8.267858,-12.056349
12583.333,-8.288691,-12.054365
12600.0,-8.309524,-12.052381
12616.667,-8.315476,-12.018651
12633.333,-8.321428,-11.9849205
12650.0,-8.32381,-11.961905
12666.667,-8.32381,-11.946032
12683.333,-8.324008,-11.938889
12700.0,-8.325,-11.966666
12716.667,-8.325992,-11.994445
12733.333,-8.312698,-11.971429
12750.0,-8.295834,-11.935715
12766.667,-8.138889,-10.965079
12783.333,-7.7718253,-8.592064
12800.0,-7.404762,-6.2190475
12816.667,-7.3710318,-5.9690475
12833.333,-7.3373017,-5.7190475
12850.0,-7.3,-5.509524
12866.667,-7.2603173,-5.326984
12883.333,-7.230357,-5.1593256
12900.0,-7.239286,-5.0511904
12916.667,-7.2482142,-4.9430556
12933.333,-7.3301587,-4.5968256
12950.0,-7.430357,-4.1910715
12966.667,-7.6015873,-3.3690476
12983.333,-7.879365,-1.9226191
13000.0,-8.157143,-0.47619048
13016.667,-8.180952,-0.39880952
13033.333,-8.2047615,-0.32142857
13050.0,-8.222619,-0.28333333
13066.667,-8.236508,-0.27142859
13083.333,-8.25496,-0.26031747
13100.0,-8.291667,-0.25238097
13116.667,-8.328373,-0.24444444
13133.333,-8.419047,-0.18888889
13150.0,-8.523214,-0.12142857
13166.667,-8.7047615,0.30079365
13183.333,-9.002381,1.2551588
13200.0,-9.3,2.209524
13216.667,-9.359524,2.1896825
13233.333,-9.419047,2.1698413
13250.0,-9.459524,2.1464286
13266.667,-9.487302,2.120635
13283.333,-9.513492,2.0994048
13300.0,-9.533334,2.0964286
13316.667,-9.553175,2.0934525
13333.333,-9.588889,2.1253967
13350.0,-9.6285715,2.1660714
13366.667,-9.668254,2.195238
13383.333,-9.707936,2.2071428
13400.0,-9.747619,2.2190475
13416.667,-9.014484,1.4630952
13433.333,-8.281349,0.70714283
13450.0,-5.9839287,-3.0761905
13466.667,-2.6436508,-8.877778
13483.333,0.060714286,-13.6515875
13500.0,0.22142857,-14.314285
13516.667,0.38214287,-14.976984
13533.333,0.42380953,-15.120635
13550.0,0.43571427,-15.134523
13566.667,0.44365078,-15.179762
13583.333,0.44563493,-15.272024
13600.0,0.44761905,-15.364285
13616.667,0.44761905,-15.416865
13633.333,0.44761905,-15.469444
13650.0,0.48809522,-15.495238
13666.667,0.5555556,-15.503175
13683.333,0.61706346,-15.502778
13700.0,0.6547619,-15.469048
13716.667,0.6924603,-15.435317
13733.333,0.697619,-15.376985
13750.0,0.69464284,-15.3125
13766.667,0.7075397,-15.2765875
13783.333,0.744246,-15.283532
13800.0,0.7809524,-15.290476
13816.667,0.74523807,-15.330159
13833.333,0.7095238,-15.369842
13850.0,0.65833336,-15.345238
13866.667,0.5968254,-15.277778
13883.333,0.5285714,-15.215873
13900.0,0.43333334,-15.17619
13916.667,0.33809525,-15.136508
13933.333,0.22063492,-15.101587
13950.0,0.09761905,-15.067857
13966.667,-1.8738096,-13.153968
13983.333,-6.617857,-8.419841
14000.0,-11.361905,-3.6857142
14016.667,-11.518651,-1.9138889
14033.333,-11.675397,-0.1420635
14050.0,-11.714286,0.5738095
14066.667,-11.674603,0.5857143
14083.333,-11.650794,0.59007937
14100.0,-11.690476,0.5642857
14116.667,-11.730159,0.5384921
14133.333,-11.761905,0.5460318
14150.0,-11.791667,0.5619048
14166.667,-11.837301,0.57539684
14183.333,-11.906746,0.58531743
14200.0,-11.976191,0.5952381
14216.667,-12.031746,0.625
14233.333,-12.087301,0.6547619
14250.0,-12.107142,0.6642857
14266.667,-12.103174,0.6603175
14283.333,-12.094444,0.659127
14300.0,-12.066667,0.6690476
14316.667,-12.038889,0.67896825
14333.333,-12.020635,0.67777777
14350.0,-12.004762,0.6738095
14366.667,-11.994445,0.6797619
14383.333,-11.99246,0.70059526
14400.0,-11.990477,0.7214286
14416.667,-12.003373,0.728373
14433.333,-12.01627,0.73531747
14450.0,-12.019643,0.74761903
14466.667,-12.016666,0.76349205
14483.333,-12.012301,0.7753968
14500.0,-12.002381,0.7714286
14516.667,-11.99246,0.76746035
14533.333,-11.971429,0.75555557
14550.0,-11.947619,0.7416667
14566.667,-12.5452385,0.81904763
14583.333,-14.075,1.0333333
14600.0,-15.604762,1.247619
14616.667,-16.216866,1.3686508
14633.333,-16.828968,1.4896826
14650.0,-17.067858,1.5339285
14666.667,-17.057936,1.5269841
14683.333,-17.042658,1.5200397
14700.0,-17.005953,1.5130953
14716.667,-16.969246,1.5061508
14733.333,-16.944445,1.4841269
14750.0,-16.922619,1.4583334
14766.667,-16.901587,1.4222223
14783.333,-16.881746,1.3706349
14800.0,-16.861904,1.3190476
14816.667,-16.829166,1.2873015
14833.333,-16.796429,1.2555555
14850.0,-16.675,1.1267858
14866.667,-16.494444,0.93333334
14883.333,-15.966866,-0.07797619
14900.0,-14.05119,-4.3607144
14916.667,-12.135516,-8.643453
14933.333,-12.135516,-8.643453
14950.0,-12.135516,-8.643453
