0.0,-6.9761906,-5.1238093
16.666666,-6.9761906,-5.084127
33.333332,-6.9761906,-5.0444446
50.0,-6.9607143,-5.009524
66.666664,-6.934921,-4.977778
83.333336,-6.9150796,-4.9563494
100.0,-6.919048,-4.9761906
116.666664,-6.923016,-4.9960318
133.33333,-6.9404764,-5.0111113
150.0,-6.9613094,-5.025
166.66667,-6.9734125,-5.038889
183.33333,-6.9724207,-5.052778
200.0,-6.9714284,-5.0666666
216.66667,-6.9595237,-5.0488095
233.33333,-6.947619,-5.0309525
250.0,-6.936905,-5.0261903
266.66666,-6.9269843,-5.0301585
283.33334,-7.10377,-5.410516
300.0,-8.027381,-7.2964287
316.66666,-8.950992,-9.182342
333.33334,-9.225397,-9.671429
350.0,-9.3375,-9.81131
366.66666,-9.395238,-9.89127
383.33334,-9.3714285,-9.88135
400.0,-9.347619,-9.8714285
416.66666,-9.32381,-9.89127
433.33334,-9.3,-9.911111
450.0,-9.297619,-9.932143
466.66666,-9.309524,-9.953968
483.33334,-9.317857,-9.978174
500.0,-9.311905,-10.011905
516.6667,-9.305952,-10.045635
533.3333,-9.304762,-10.053968
550.0,-9.304762,-10.055952
566.6667,-9.304762,-10.053968
583.3333,-9.304762,-10.046032
600.0,-9.304762,-10.038095
616.6667,-9.311707,-9.974603
633.3333,-9.318651,-9.911111
650.0,-9.31131,-9.861905
666.6667,-9.294444,-9.822222
683.3333,-9.279166,-9.783134
700.0,-9.270238,-9.7464285
716.6667,-9.26131,-9.7097225
733.3333,-8.75,-8.815873
750.0,-8.113095,-7.707738
766.6667,-7.7488093,-7.0246034
783.3333,-7.7934523,-6.978968
800.0,-7.838095,-6.9333334
816.6667,-7.8123016,-6.9333334
833.3333,-7.786508,-6.9333334
850.0,-7.7892857,-6.957143
866.6667,-7.811111,-6.996825
883.3333,-7.8396826,-7.02123
900.0,-7.895238,-6.984524
916.6667,-7.9507937,-6.9478173
933.3333,-7.8060517,-6.8788195
950.0,-7.6613097,-6.8098216
966.6667,-7.516567,-6.7408233
983.3333,-7.371825,-6.6718254
1000.0,-7.227083,-6.6028275
1016.6667,-7.082341,-6.533829
1033.3334,-6.937599,-6.4648314
1050.0,-6.792857,-6.3958335
1066.6666,-7.0349207,-6.7936506
1083.3334,-7.2309523,-7.116071
1100.0,-7.242857,-7.1369047
1116.6666,-7.2547617,-7.157738
1133.3334,-7.25873,-7.1904764
1150.0,-7.260714,-7.2261906
1166.6666,-7.269841,-7.2253966
1183.3334,-7.2896824,-7.1698413
1200.0,-7.3095236,-7.114286
1216.6666,-7.364087,-7.007143
1233.3334,-7.4186506,-6.9
1250.0,-7.4589286,-6.8369045
1266.6666,-7.4896827,-6.8031745
1283.3334,-7.520635,-6.7900796
1300.0,-7.552381,-6.859524
1316.6666,-7.584127,-6.9289684
1333.3334,-7.574603,-6.979365
1350.0,-7.554762,-7.025
1366.6666,-7.5444446,-7.035714
1383.3334,-7.548413,-6.9940476
1400.0,-7.552381,-6.952381
1416.6666,-7.5623016,-6.9424605
1433.3334,-7.572222,-6.9325395
1450.0,-7.582143,-6.9392858
1466.6666,-7.5920634,-6.957143
1483.3334,-7.6031747,-6.9825397
1500.0,-7.6190476,-7.0380955
1516.6666,-7.6349206,-7.093651
1533.3334,-7.698413,-7.1571426
1550.0,-7.7738094,-7.222619
1566.6666,-7.8428574,-7.292857
1583.3334,-7.902381,-7.3702383
1600.0,-7.9619045,-7.447619
1616.6666,-7.955952,-7.4555554
1633.3334,-7.95,-7.463492
1650.0,-7.9345236,-7.4416666
1666.6666,-7.9126983,-7.4
1683.3334,-7.895635,-7.3746033
1700.0,-7.8976192,-7.4142857
1716.6666,-7.8996034,-7.453968
1733.3334,-7.934921,-7.484127
1750.0,-7.9785714,-7.5119047
1766.6666,-7.997619,-7.5309525
1783.3334,-7.979762,-7.536905
1800.0,-7.9619045,-7.542857
1816.6666,-7.9480157,-7.540873
1833.3334,-7.934127,-7.538889
1850.0,-7.919048,-7.5404763
1866.6666,-7.9031744,-7.5444446
1883.3334,-7.8924603,-7.5376983
1900.0,-7.902381,-7.4880953
1916.6666,-7.9123015,-7.4384923
1933.3334,-7.586508,-6.5119047
1950.0,-7.176786,-5.366071
1966.6666,-6.8535714,-4.576587
1983.3334,-6.660119,-4.321627
2000.0,-6.4666667,-4.0666666
2016.6666,-6.472619,-4.0825396
2033.3334,-6.4785714,-4.0984125
2050.0,-6.4785714,-4.1107144
2066.6667,-6.474603,-4.120635
2083.3333,-6.4728174,-4.143651
2100.0,-6.479762,-4.2190475
2116.6667,-6.4867063,-4.2944446
2133.3333,-6.5047617,-4.322222
2150.0,-6.525595,-4.338095
2166.6667,-6.529365,-4.340476
2183.3333,-6.5075397,-4.322619
2200.0,-6.4857144,-4.304762
2216.6667,-6.45,-4.259127
2233.3333,-6.4142857,-4.213492
2250.0,-6.3880954,-4.198214
2266.6667,-6.368254,-4.2031746
2283.3333,-6.355159,-4.2113094
2300.0,-6.3690476,-4.232143
2316.6667,-6.3829365,-4.2529764
2333.3333,-6.3873014,-4.2619047
2350.0,-6.3892856,-4.267857
2366.6667,-6.9198413,-4.2555556
2383.3333,-8.243254,-4.2158732
2400.0,-9.566667,-4.1761904
2416.6667,-9.573611,-4.2069445
2433.3333,-9.580556,-4.2376986
2450.0,-9.579166,-4.2470236
2466.6667,-9.572222,-4.2420635
2483.3333,-9.567063,-4.2400794
2500.0,-9.569048,-4.25
2516.6667,-9.571032,-4.2599206
2533.3333,-9.542857,-4.273016
2550.0,-9.507143,-4.286905
2566.6667,-9.480159,-4.2833333
2583.3333,-9.4662695,-4.2535715
2600.0,-9.452381,-4.2238097
2616.6667,-9.398809,-4.230754
2633.3333,-9.345238,-4.2376986
2650.0,-9.331548,-4.239881
2666.6667,-9.344444,-4.2388887
2683.3333,-9.350199,-4.2373013
2700.0,-9.327381,-4.233333
2716.6667,-9.3045635,-4.229365
2733.3333,-9.328571,-4.2619047
2750.0,-9.364285,-4.303571
2766.6667,-9.396031,-4.3345237
2783.3333,-9.421825,-4.349405
2800.0,-9.447619,-4.364286
2816.6667,-9.403968,-4.3325396
2833.3333,-9.360317,-4.3007936
2850.0,-9.347619,-4.321429
2866.6667,-9.355556,-4.376984
2883.3333,-9.358929,-4.4125
2900.0,-9.344048,-4.367857
2916.6667,-9.329166,-4.323214
2933.3333,-9.350794,-4.3428574
2950.0,-9.381548,-4.3785715
2966.6667,-9.409524,-4.3920636
2983.3333,-9.433333,-4.3722224
3000.0,-9.457143,-4.3523808
3016.6667,-9.463096,-4.30873
3033.3333,-9.469048,-4.2650795
3050.0,-9.472619,-4.2511907
3066.6667,-9.474603,-4.257143
3083.3333,-9.474206,-4.252381
3100.0,-9.464286,-4.204762
3116.6667,-9.454365,-4.1571426
3133.3333,-9.4777775,-4.1222224
3150.0,-9.509523,-4.090476
3166.6667,-9.075397,-4.023016
3183.3333,-7.9424605,-3.9019842
3200.0,-6.8095236,-3.7809525
3216.6667,-6.2738094,-3.6896825
3233.3333,-5.7380953,-3.5984128
3250.0,-5.525,-3.5380952
3266.6667,-5.526984,-3.4984126
3283.3333,-5.5343256,-3.4702382
3300.0,-5.563095,-3.4880953
3316.6667,-5.591865,-3.5059524
3333.3333,-5.6253967,-3.5222223
3350.0,-5.660119,-3.5380952
3366.6667,-5.688095,-3.5515873
3383.3333,-5.705952,-3.561508
3400.0,-5.7238097,-3.5714285
3416.6667,-5.7376986,-3.5317461
3433.3333,-5.7515874,-3.4920635
3450.0,-5.7714286,-3.4785714
3466.6667,-5.795238,-3.4825397
3483.3333,-5.813095,-3.4869049
3500.0,-5.8071427,-3.4928572
3516.6667,-5.8011904,-3.4988096
3533.3333,-5.7809525,-3.4539683
3550.0,-5.757143,-3.3964286
3566.6667,-8.569048,-2.6722221
3583.3333,-15.634523,-0.94801587
3600.0,-14.272663,-0.93774253
3616.6667,-12.910803,-0.92746913
3633.3333,-11.548942,-0.9171958
3650.0,-10.187081,-0.9069224
3666.6667,-8.82522,-0.896649
3683.3333,-7.46336,-0.88637567
3700.0,-6.101499,-0.87610227
3716.6667,-4.7396383,-0.86582893
3733.3333,-3.3777778,-0.85555553
3750.0,-3.820238,-2.0023808
3766.6667,-4.0718255,-2.692857
3783.3333,-4.037103,-2.6988096
3800.0,-4.002381,-2.704762
3816.6667,-4.037103,-2.7484126
3833.3333,-4.0718255,-2.7920635
3850.0,-4.099405,-2.8375
3866.6667,-4.1222224,-2.884127
3883.3333,-4.1355157,-2.9255953
3900.0,-4.1107144,-2.9464285
3916.6667,-4.0859127,-2.9672618
3933.3333,-4.109524,-2.8920634
3950.0,-4.145238,-2.7928572
3966.6667,-4.1904764,-2.720635
3983.3333,-4.25,-2.6888888
4000.0,-4.3095236,-2.6571429
4016.6667,-4.343254,-2.690873
4033.3333,-4.376984,-2.7246032
4050.0,-4.383333,-2.7285714
4066.6667,-4.3714285,-2.7126985
4083.3333,-4.521032,-2.715873
4100.0,-5.3166666,-2.795238
4116.6665,-6.1123013,-2.8746033
4133.3335,-6.8825397,-3.1349206
4150.0,-7.6464286,-3.4404762
4166.6665,-8.096032,-3.5968254
4183.3335,-8.074206,-3.529365
4200.0,-8.052381,-3.4619048
4216.6665,-8.113889,-3.5075397
4233.3335,-8.175397,-3.5531745
4250.0,-8.203571,-3.5285714
4266.6665,-8.209524,-3.4571428
4283.3335,-8.210318,-3.4035714
4300.0,-8.190476,-3.4214287
4316.6665,-8.170635,-3.4392858
4333.3335,-8.188889,-3.4761906
4350.0,-8.216666,-3.517857
4366.6665,-8.223016,-3.534127
4383.3335,-8.197222,-3.5123017
4400.0,-8.171429,-3.4904761
4416.6665,-8.163492,-3.4785714
4433.3335,-8.155556,-3.4666667
4450.0,-8.161904,-3.4761906
4466.6665,-8.177778,-3.5
4483.3335,-8.194841,-3.525
4500.0,-8.216666,-3.554762
4516.6665,-8.238492,-3.584524
4533.3335,-8.239682,-3.6
4550.0,-8.235714,-3.6119049
4566.6665,-8.223809,-3.613492
4583.3335,-8.2,-3.5996032
4600.0,-8.17619,-3.5857143
4616.6665,-8.172222,-3.5837302
4633.3335,-8.168254,-3.581746
4650.0,-8.169047,-3.5928571
4666.6665,-8.173016,-3.6126983
4683.3335,-8.178175,-3.647619
4700.0,-8.188095,-3.7428572
4716.6665,-8.198016,-3.8380952
4733.3335,-8.193651,-3.8968253
4750.0,-8.185715,-3.9464285
4766.6665,-8.174603,-3.984127
4783.3335,-8.1587305,-4.0039682
4800.0,-8.142858,-4.0238094
4816.6665,-8.1537695,-4.1031747
4833.3335,-8.164682,-4.1825395
4850.0,-7.624405,-3.570238
4866.6665,-6.7166667,-2.4968255
4883.3335,-5.992262,-1.6470238
4900.0,-6.0011907,-1.6916667
4916.6665,-6.010119,-1.7363095
4933.3335,-6.0055556,-1.8190476
4950.0,-5.997619,-1.9113095
4966.6665,-6.0011907,-2.0027778
4983.3335,-6.0220237,-2.0930555
5000.0,-6.042857,-2.1833334
5016.6665,-6.0289683,-2.2428572
5033.3335,-6.0150795,-2.302381
5050.0,-5.9988093,-2.392262
5066.6665,-5.9809523,-2.5023808
5083.3335,-5.973016,-2.6230159
5100.0,-6.0047617,-2.7857144
5116.6665,-6.036508,-2.9484127
5133.3335,-6.036508,-3.0222223
5150.0,-6.0285716,-3.0738096
5166.6665,-6.0103173,-3.1126983
5183.3335,-5.9765873,-3.1325397
5200.0,-5.9428573,-3.152381
5216.6665,-5.8555555,-3.2664683
5233.3335,-5.768254,-3.3805556
5250.0,-5.725,-3.460119
5266.6665,-5.711111,-3.5166667
5283.3335,-5.698413,-3.5805554
5300.0,-5.6904764,-3.6738095
5316.6665,-5.6825395,-3.7670634
5333.3335,-5.6571426,-3.8412697
5350.0,-5.627381,-3.9107144
5366.6665,-5.5984125,-3.9539683
5383.3335,-5.570635,-3.9579365
5400.0,-5.542857,-3.9619048
5416.6665,-5.5329366,-3.902381
5433.3335,-5.523016,-3.8428571
5450.0,-5.5035715,-3.795238
5466.6665,-5.477778,-3.7555556
5483.3335,-5.4563494,-3.7146826
5500.0,-5.452381,-3.6690476
5516.6665,-5.448413,-3.6234126
5533.3335,-5.4507937,-3.5587301
5550.0,-5.454762,-3.4892857
5566.6665,-5.4555554,-3.4484127
5583.3335,-5.451587,-3.4503968
5600.0,-5.447619,-3.452381
5616.6665,-5.4079366,-3.4960318
5633.3335,-5.368254,-3.5396826
5650.0,-5.3619046,-3.5458333
5666.6665,-5.3777776,-3.5269842
5683.3335,-5.3892856,-3.505357
5700.0,-5.383333,-3.472619
5716.6665,-5.377381,-3.4398808
5733.3335,-6.879365,-2.4301586
5750.0,-8.758333,-1.1761905
5766.6665,-10.038095,-0.42817461
5783.3335,-10.419047,-0.4390873
5800.0,-10.8,-0.45
5816.6665,-10.789087,-0.465873
5833.3335,-10.778174,-0.48174602
5850.0,-10.793452,-0.51488096
5866.6665,-10.826191,-0.5595238
5883.3335,-10.856349,-0.59325397
5900.0,-10.87619,-0.5833333
5916.6665,-10.896031,-0.5734127
5933.3335,-10.898413,-0.5674603
5950.0,-10.896428,-0.5625
5966.6665,-10.903571,-0.58174604
5983.3335,-10.924405,-0.63730156
6000.0,-10.945238,-0.69285715
6016.6665,-10.942262,-0.7077381
6033.3335,-10.939285,-0.72261906
6050.0,-10.925,-0.73333335
6066.6665,-10.903174,-0.7412698
6083.3335,-10.886905,-0.75
6100.0,-10.892858,-0.7619048
6116.6665,-10.898809,-0.77380955
6133.3335,-10.807937,-0.74444443
6150.0,-10.692857,-0.7047619
6166.6665,-9.894444,-0.44087303
6183.3335,-8.071032,0.15932539
6200.0,-6.247619,0.7595238
6216.6665,-6.308135,0.7615079
6233.3335,-6.368651,0.76349205
6250.0,-6.4041667,0.7494048
6266.6665,-6.423016,0.7246032
6283.3335,-6.436905,0.7031746
6300.0,-6.4309525,0.6952381
6316.6665,-6.425,0.6873016
6333.3335,-6.428571,0.6365079
6350.0,-6.4345236,0.575
6366.6665,-6.4428573,0.51984125
6383.3335,-6.454762,0.47420636
6400.0,-6.4666667,0.42857143
6416.6665,-6.4200397,0.37301588
6433.3335,-6.3734126,0.31746033
6450.0,-6.0815477,-0.572619
6466.6665,-5.6261907,-2.0190477
6483.3335,-5.263889,-3.1837301
6500.0,-5.2738094,-3.2214286
6516.6665,-5.28373,-3.259127
6533.3335,-5.3071427,-3.290476
6550.0,-5.3339286,-3.320238
6566.6665,-5.355159,-3.363492
6583.3335,-5.3680553,-3.426984
6600.0,-5.3809524,-3.4904761
6616.6665,-5.3759923,-3.5648808
6633.3335,-5.3710318,-3.6392858
6650.0,-5.356548,-3.7119048
6666.6665,-5.3357143,-3.7833333
6683.3335,-5.3285713,-3.8609128
6700.0,-5.3761907,-3.9630952
6716.6665,-5.4238095,-4.0652776
6733.3335,-5.4579363,-4.1380954
6750.0,-5.4886904,-4.2035713
6766.6665,-5.4972224,-4.275397
6783.3335,-5.4724207,-4.356746
6800.0,-5.447619,-4.438095
6816.6665,-5.431746,-4.475794
6833.3335,-5.415873,-4.513492
6850.0,-5.4214287,-4.5642858
6866.6665,-5.44127,-4.6238093
6883.3335,-5.455952,-4.681746
6900.0,-5.45,-4.733333
6916.6665,-5.4440475,-4.7849207
6933.3335,-5.4301586,-4.8523808
6950.0,-5.4142857,-4.9238095
6966.6665,-5.4,-4.9888887
6983.3335,-5.3880954,-5.0444446
7000.0,-5.3761907,-5.1
7016.6665,-5.356349,-5.1674604
7033.3335,-5.336508,-5.2349205
7050.0,-5.329762,-5.2833333
7066.6665,-5.331746,-5.3190475
7083.3335,-5.332143,-5.348016
7100.0,-5.3261905,-5.35
7116.6665,-5.320238,-5.351984
7133.3335,-6.9761906,-4.4761906
7150.0,-9.047619,-3.3809524
7166.6665,-10.392858,-2.6861112
7183.3335,-10.648809,-2.591865
7200.0,-10.904762,-2.4976192
7216.6665,-10.926587,-2.4857142
7233.3335,-10.948413,-2.4738095
7250.0,-10.970238,-2.4505951
7266.6665,-10.9920635,-2.4198413
7283.3335,-11.019048,-2.3849206
7300.0,-11.066667,-2.3333333
7316.6665,-11.114285,-2.2817461
7333.3335,-11.157143,-2.2476192
7350.0,-11.19881,-2.2178571
7366.6665,-11.236508,-2.1968255
7383.3335,-11.268254,-2.1888888
7400.0,-11.3,-2.1809523
7416.6665,-11.307937,-2.161111
7433.3335,-11.315873,-2.14127
7450.0,-11.328571,-2.1321428
7466.6665,-11.344444,-2.1301587
7483.3335,-11.360714,-2.1416667
7500.0,-11.3785715,-2.2071428
7516.6665,-11.396428,-2.272619
7533.3335,-11.426984,-2.3206348
7550.0,-11.460714,-2.3642857
7566.6665,-11.500793,-2.411111
7583.3335,-11.550397,-2.4626985
7600.0,-11.6,-2.5142858
7616.6665,-11.62381,-2.5400794
7633.3335,-11.647619,-2.565873
7650.0,-11.657143,-2.5738096
7666.6665,-11.657143,-2.5698414
7683.3335,-11.660714,-2.5680556
7700.0,-11.678572,-2.575
7716.6665,-11.696428,-2.5819445
7733.3335,-11.712698,-2.5317461
7750.0,-11.728572,-2.4672618
7766.6665,-11.736508,-2.4031746
7783.3335,-11.73254,-2.3396826
7800.0,-11.728572,-2.2761905
7816.6665,-11.744445,-2.1888888
7833.3335,-11.760318,-2.1015873
7850.0,-11.784524,-2.0654762
7866.6665,-11.814285,-2.063492
7883.3335,-11.723611,-2.1162698
7900.0,-11.151191,-2.3880951
7916.6665,-10.57877,-2.6599207
7933.3335,-10.126985,-3.7650793
7950.0,-9.705358,-5.0785713
7966.6665,-9.478572,-5.8626986
7983.3335,-9.544047,-5.852778
8000.0,-9.609524,-5.8428574
8016.6665,-9.627381,-5.8369045
8033.3335,-9.645238,-5.830952
8050.0,-9.657143,-5.8511906
8066.6665,-9.665079,-5.888889
8083.3335,-9.675794,-5.923413
8100.0,-9.697619,-5.945238
8116.6665,-9.719444,-5.9670634
8133.3335,-9.749207,-6.006349
8150.0,-9.780952,-6.05
8166.6665,-9.806349,-6.086508
8183.3335,-9.822222,-6.1123013
8200.0,-9.838096,-6.1380954
8216.667,-9.879762,-6.181746
8233.333,-9.921429,-6.2253966
8250.0,-9.960714,-6.2619047
8266.667,-9.998413,-6.2936506
8283.333,-10.0337305,-6.3325396
8300.0,-10.059524,-6.4
8316.667,-10.085318,-6.46746
8333.333,-10.12381,-6.5396824
8350.0,-10.165476,-6.6130953
8366.667,-9.390476,-6.1896825
8383.333,-7.390476,-5.021032
8400.0,-5.390476,-3.852381
8416.667,-5.172222,-2.8503969
8433.333,-4.953968,-1.8484128
8450.0,-4.9154763,-1.4309524
8466.667,-4.996825,-1.4031746
8483.333,-5.0690475,-1.3853174
8500.0,-5.104762,-1.4071429
8516.667,-5.140476,-1.4289683
8533.333,-5.152381,-1.4444444
8550.0,-5.1583333,-1.4583334
8566.667,-5.1714287,-1.4650793
8583.333,-5.195238,-1.4611111
8600.0,-5.2190475,-1.4571428
8616.667,-5.2349205,-1.4412699
8633.333,-5.2507935,-1.4253968
8650.0,-5.265476,-1.402381
8666.667,-5.279365,-1.3746032
8683.333,-5.292659,-1.3396826
8700.0,-5.303571,-1.2761905
8716.667,-5.314484,-1.2126985
8733.333,-6.477778,-1.6587301
8750.0,-7.929167,-2.232143
8766.667,-8.826984,-2.5365078
8783.333,-8.894444,-2.4373016
8800.0,-8.961905,-2.3380952
8816.667,-8.995635,-2.2349207
8833.333,-9.029366,-2.131746
8850.0,-9.067857,-2.0559523
8866.667,-9.109524,-1.9984127
8883.333,-9.148016,-1.9297619
8900.0,-9.173809,-1.8166667
8916.667,-9.199603,-1.7035714
8933.333,-9.201588,-1.6238096
8950.0,-9.197619,-1.5523809
8966.667,-9.19127,-1.4892857
8983.333,-9.181349,-1.4386904
9000.0,-9.171429,-1.3880953
9016.667,-9.165476,-1.3652778
9033.333,-9.159524,-1.3424603
9050.0,-9.152381,-1.3011905
9066.667,-9.144444,-1.247619
9083.333,-9.134523,-1.1892858
9100.0,-9.116667,-1.1119047
9116.667,-9.098809,-1.0345238
9133.333,-9.066667,-0.984127
9150.0,-9.030952,-0.9404762
9166.667,-8.995238,-0.90238094
9183.333,-8.959524,-0.87261903
9200.0,-8.923809,-0.8428571
9216.667,-8.872222,-0.82301587
9233.333,-8.820635,-0.8031746
9250.0,-8.788095,-0.7916667
9266.667,-8.768254,-0.78571427
9283.333,-8.74365,-0.78650796
9300.0,-8.7,-0.8142857
9316.667,-8.656349,-0.8420635
9333.333,-8.836508,-1.0238096
9350.0,-9.072619,-1.2440476
9366.667,-9.354762,-1.6063492
9383.333,-9.705953,-2.181746
9400.0,-10.057143,-2.7571428
9416.667,-10.057143,-2.7650793
9433.333,-10.057143,-2.773016
9450.0,-10.07381,-2.767857
9466.667,-10.101587,-2.7539682
9483.333,-10.129365,-2.7448413
9500.0,-10.157143,-2.754762
9516.667,-10.18492,-2.7646825
9533.333,-10.206349,-2.7650793
9550.0,-10.226191,-2.7630951
9566.667,-10.25635,-2.736508
9583.333,-10.301984,-2.6730158
9600.0,-10.347619,-2.6095238
9616.667,-10.387301,-2.5400794
9633.333,-10.426984,-2.470635
9650.0,-10.483929,-2.3744047
9666.667,-10.552381,-2.2603176
9683.333,-10.617262,-2.1511905
9700.0,-10.667857,-2.0619047
9716.667,-10.718452,-1.972619
9733.333,-10.769841,-1.8857143
9750.0,-10.821428,-1.7994047
9766.667,-10.874603,-1.7285714
9783.333,-10.930159,-1.6809524
9800.0,-10.985714,-1.6333333
9816.667,-11.023413,-1.6234127
9833.333,-11.061111,-1.613492
9850.0,-11.102381,-1.5880952
9866.667,-11.146031,-1.5523809
9883.333,-11.1910715,-1.5194445
9900.0,-11.241667,-1.497619
9916.667,-11.292262,-1.4757936
9933.333,-11.32381,-1.4873016
9950.0,-11.350595,-1.5071429
9966.667,-11.385715,-1.5206349
9983.333,-11.433333,-1.5246031
10000.0,-11.480952,-1.5285715
10016.667,-11.471032,-1.5662699
10033.333,-11.461111,-1.6039683
10050.0,-11.442857,-1.6785715
10066.667,-11.419047,-1.7777778
10083.333,-11.389484,-1.872619
10100.0,-11.336905,-1.95
10116.667,-11.284326,-2.027381
10133.333,-11.259523,-2.1119049
10150.0,-11.241667,-2.1982143
10166.667,-11.224206,-2.2694445
10183.333,-11.207341,-2.3180556
10200.0,-11.190476,-2.3666666
10216.667,-11.18254,-2.402381
10233.333,-11.174603,-2.4380953
10250.0,-11.161904,-2.4654763
10266.667,-11.146031,-2.4873016
10283.333,-11.12877,-2.5075397
10300.0,-11.105952,-2.5214286
10316.667,-11.083135,-2.5353174
10333.333,-11.069841,-2.552381
10350.0,-11.0589285,-2.570238
10366.667,-11.049207,-2.584127
10383.333,-11.04127,-2.5920634
10400.0,-11.033334,-2.6
10416.667,-11.0452385,-2.6357143
10433.333,-11.057143,-2.6714287
10450.0,-10.147024,-2.7172618
10466.667,-8.622222,-2.7698412
10483.333,-7.3001986,-2.8359127
10500.0,-6.7892857,-2.9559524
10516.667,-6.2783732,-3.075992
10533.333,-6.1857142,-3.115873
10550.0,-6.197619,-3.1357143
10566.667,-6.1992064,-3.1531746
10583.333,-6.1853175,-3.1670635
10600.0,-6.1714287,-3.1809523
10616.667,-6.1853175,-3.1948414
10633.333,-6.1992064,-3.2087302
10650.0,-6.2035713,-3.182143
10666.667,-6.201587,-3.1285715
10683.333,-6.3430014,-3.2203462
10700.0,-6.4844155,-3.3121212
10716.667,-6.6258297,-3.403896
10733.333,-6.767244,-3.495671
10750.0,-6.908658,-3.587446
10766.667,-7.050072,-3.6792207
10783.333,-7.1914864,-3.7709956
10800.0,-7.3329005,-3.8627706
10816.667,-7.4743147,-3.9545455
10833.333,-7.615729,-4.0463204
10850.0,-7.757143,-4.1380954
10866.667,-7.677778,-4.292857
10883.333,-7.6238093,-4.4390874
10900.0,-7.6714287,-4.5511904
10916.667,-7.7190475,-4.663294
10933.333,-7.7253966,-4.702381
10950.0,-7.7214284,-4.723214
10966.667,-7.7214284,-4.725
10983.333,-7.7273808,-4.698214
11000.0,-7.733333,-4.6714287
11016.667,-7.7611113,-4.6654763
11033.333,-7.788889,-4.659524
11050.0,-7.8142858,-4.642857
11066.667,-7.838095,-4.6190476
11083.333,-7.8589287,-4.5948415
11100.0,-7.867857,-4.5690475
11116.667,-7.8767858,-4.543254
11133.333,-7.890476,-4.5214286
11150.0,-7.9053574,-4.500595
11166.667,-7.9365077,-4.481349
11183.333,-7.9920635,-4.464484
11200.0,-8.047619,-4.447619
11216.667,-8.073413,-4.4694443
11233.333,-8.099206,-4.49127
11250.0,-8.1285715,-4.5309525
11266.667,-8.160317,-4.5825396
11283.333,-8.18492,-4.6257935
11300.0,-8.180952,-4.635714
11316.667,-8.176984,-4.645635
11333.333,-8.168254,-4.6761904
11350.0,-8.158334,-4.7119045
11366.667,-8.518254,-4.6825395
11383.333,-9.432937,-4.5555553
11400.0,-10.347619,-4.428571
11416.667,-10.407143,-4.464286
11433.333,-10.466666,-4.5
11450.0,-10.482142,-4.542857
11466.667,-10.468254,-4.590476
11483.333,-10.465476,-4.6297617
11500.0,-10.507143,-4.635714
11516.667,-10.548809,-4.641667
11533.333,-10.599206,-4.672222
11550.0,-10.651786,-4.7089286
11566.667,-10.682143,-4.730159
11583.333,-10.679167,-4.7281747
11600.0,-10.67619,-4.7261906
11616.667,-10.680159,-4.6904764
11633.333,-10.684127,-4.654762
11650.0,-10.701191,-4.6232142
11666.667,-10.726984,-4.5944443
11683.333,-10.746032,-4.570635
11700.0,-10.738095,-4.5666666
11716.667,-10.730159,-4.5626984
11733.333,-10.717461,-4.542857
11750.0,-10.703571,-4.5190477
11766.667,-10.697619,-4.502381
11783.333,-10.703571,-4.4964285
11800.0,-10.709524,-4.490476
11816.667,-10.719444,-4.504365
11833.333,-10.729365,-4.518254
11850.0,-10.740477,-4.536905
11866.667,-10.752381,-4.55873
11883.333,-10.761905,-4.575
11900.0,-10.761905,-4.5690475
11916.667,-10.761905,-4.563095
11933.333,-10.746032,-4.5968256
11950.0,-10.726191,-4.640476
11966.667,-10.703175,-4.6865077
11983.333,-10.675397,-4.736111
12000.0,-10.647619,-4.785714
12016.667,-10.638691,-4.7539682
12033.333,-10.629762,-4.7222223
12050.0,-10.641071,-4.6732144
12066.667,-10.665873,-4.6126986
12083.333,-10.69246,-4.5613093
12100.0,-10.726191,-4.5464287
12116.667,-10.759921,-4.5315475
12133.333,-10.774603,-4.5174603
12150.0,-10.784524,-4.5035715
12166.667,-10.792857,-4.493651
12183.333,-10.798809,-4.4896827
12200.0,-10.804762,-4.4857144
12216.667,-10.798809,-4.4876986
12233.333,-10.792857,-4.4896827
12250.0,-10.775,-4.508333
12266.667,-10.749207,-4.5380955
12283.333,-10.728572,-4.5626984
12300.0,-10.728572,-4.5666666
12316.667,-10.728572,-4.570635
12333.333,-10.736508,-4.5666666
12350.0,-10.7464285,-4.5607142
12366.667,-10.75119,-4.5531745
12383.333,-10.748215,-4.543254
12400.0,-10.745238,-4.5333333
12416.667,-10.750198,-4.5531745
12433.333,-10.755158,-4.5730157
12450.0,-10.754762,-4.571429
12466.667,-10.750793,-4.5555553
12483.333,-10.752381,-4.538492
12500.0,-10.776191,-4.516667
12516.667,-10.8,-4.494841
12533.333,-10.814285,-4.4920635
12550.0,-10.826191,-4.4940476
12566.667,-10.837301,-4.4984126
12583.333,-10.847222,-4.506349
12600.0,-10.857142,-4.5142856
12616.667,-10.823413,-4.486508
12633.333,-10.789682,-4.45873
12650.0,-10.7875,-4.4404764
12666.667,-10.806349,-4.428571
12683.333,-10.822023,-4.4170637
12700.0,-10.825,-4.4071426
12716.667,-10.827976,-4.397222
12733.333,-10.82381,-4.3920636
12750.0,-10.817857,-4.3880954
12766.667,-10.521031,-4.2158732
12783.333,-9.787897,-3.7912698
12800.0,-9.054762,-3.3666666
12816.667,-9.06369,-3.3736112
12833.333,-9.072619,-3.3805556
12850.0,-9.092857,-3.4005952
12866.667,-9.120635,-3.4293652
12883.333,-9.142858,-3.4555554
12900.0,-9.142858,-3.4714286
12916.667,-9.142858,-3.4873016
12933.333,-9.146031,-3.4571428
12950.0,-9.15,-3.415476
12966.667,-9.149206,-3.3904762
12983.333,-9.14127,-3.3904762
13000.0,-9.133333,-3.3904762
13016.667,-9.133333,-3.3795636
13033.333,-9.133333,-3.3686507
13050.0,-9.130953,-3.3732142
13066.667,-9.126985,-3.3880951
13083.333,-9.129762,-3.442857
13100.0,-9.159524,-3.6571429
13116.667,-9.189285,-3.8714285
13133.333,-9.231746,-4.3063493
13150.0,-9.277381,-4.7964287
13166.667,-9.284921,-5.103968
13183.333,-9.235317,-5.1376987
13200.0,-9.185715,-5.1714287
13216.667,-9.15,-5.2190475
13233.333,-9.114285,-5.266667
13250.0,-9.092262,-5.327381
13266.667,-9.079365,-5.3968253
13283.333,-9.064087,-5.4694443
13300.0,-9.039286,-5.554762
13316.667,-9.014484,-5.6400795
13333.333,-8.985714,-5.7055554
13350.0,-8.955953,-5.7660713
13366.667,-8.930159,-5.8281746
13383.333,-8.910317,-5.8926587
13400.0,-8.890476,-5.957143
13416.667,-8.850794,-5.996825
13433.333,-8.811111,-6.036508
13450.0,-8.870238,-6.141667
13466.667,-8.995238,-6.2904763
13483.333,-9.174802,-6.568849
13500.0,-9.572619,-7.365476
13516.667,-9.970436,-8.162103
13533.333,-10.0912695,-8.433333
13550.0,-10.142858,-8.573215
13566.667,-10.169444,-8.672222
13583.333,-10.158532,-8.709921
13600.0,-10.147619,-8.747619
13616.667,-10.13373,-8.763492
13633.333,-10.119842,-8.779366
13650.0,-10.101786,-8.81369
13666.667,-10.080953,-8.860317
13683.333,-10.055754,-8.906151
13700.0,-10.013095,-8.94881
13716.667,-9.970436,-8.991468
13733.333,-9.927778,-9.038889
13750.0,-9.885119,-9.0875
13766.667,-9.849603,-9.137698
13783.333,-9.824801,-9.190278
13800.0,-9.8,-9.242857
13816.667,-9.770238,-9.225
13833.333,-9.740477,-9.207143
13850.0,-9.7,-9.190476
13866.667,-9.652381,-9.174603
13883.333,-9.6099205,-9.164682
13900.0,-9.588096,-9.178572
13916.667,-9.56627,-9.19246
13933.333,-9.5682535,-9.198413
13950.0,-9.576191,-9.202381
13966.667,-9.584524,-9.161904
13983.333,-9.593452,-9.054762
14000.0,-9.602381,-8.947619
14016.667,-9.579563,-8.822619
14033.333,-9.5567465,-8.697619
14050.0,-9.326786,-7.204762
14066.667,-8.95873,-4.8
14083.333,-8.674802,-2.8611112
14100.0,-8.727381,-2.7857144
14116.667,-8.779961,-2.7103174
14133.333,-8.790476,-2.6777778
14150.0,-8.790476,-2.6559525
14166.667,-8.796032,-2.642857
14183.333,-8.80992,-2.642857
14200.0,-8.82381,-2.642857
14216.667,-8.854564,-2.6468253
14233.333,-8.885318,-2.6507936
14250.0,-8.901786,-2.6261904
14266.667,-8.9087305,-2.5825398
14283.333,-8.915079,-2.5412698
14300.0,-8.919047,-2.5095239
14316.667,-8.923016,-2.4777777
14333.333,-8.942857,-2.4373016
14350.0,-8.966666,-2.3946428
14366.667,-8.988095,-2.361508
14383.333,-9.005953,-2.3426588
14400.0,-9.023809,-2.3238096
14416.667,-9.037699,-2.315873
14433.333,-9.051587,-2.3079364
14450.0,-9.073215,-2.3035715
14466.667,-9.1,-2.3015873
14483.333,-9.170437,-2.051984
14500.0,-9.415476,-0.8119048
14516.667,-9.660516,0.42817461
14533.333,-9.707143,0.71746033
14550.0,-9.704166,0.7690476
14566.667,-9.697222,0.79444444
14583.333,-9.684325,0.78055555
14600.0,-9.671429,0.76666665
14616.667,-9.655556,0.75079364
14633.333,-9.639683,0.7349206
14650.0,-9.630953,0.72380954
14666.667,-9.626985,0.715873
14683.333,-9.62381,0.71825397
14700.0,-9.62381,0.7619048
14716.667,-9.62381,0.8055556
14733.333,-9.625397,0.8269841
14750.0,-9.627381,0.8428571
14766.667,-9.637698,0.85396826
14783.333,-9.660516,0.8579365
14800.0,-9.683333,0.86190474
14816.667,-9.692262,0.9224206
14833.333,-9.701191,0.9829365
14850.0,-9.714286,1.039881
14866.667,-9.730159,1.0944444
14883.333,-9.745635,1.145238
14900.0,-9.759523,1.1809524
14916.667,-9.773413,1.2166667
14933.333,-9.7952385,1.2269841
14950.0,-9.819048,1.2309524
14966.667,-9.826191,1.2349206
14983.333,-9.808333,1.2388889
15000.0,-9.790476,1.2428571
15016.667,-9.784524,1.1555556
15033.333,-9.778571,1.068254
15050.0,-9.765476,0.97738093
15066.667,-9.747619,0.88412696
15083.333,-9.726191,0.7702381
15100.0,-9.690476,0.5738095
15116.667,-9.654762,0.37738097
15133.333,-9.631746,0.25555557
15150.0,-9.611905,0.15238096
15166.667,-9.566667,0.07619048
15183.333,-9.483334,0.04047619
15200.0,-9.4,0.004761905
15216.667,-9.374207,-0.088492066
15233.333,-9.3484125,-0.18174604
15250.0,-9.334524,-0.25357142
15266.667,-9.328571,-0.31111112
15283.333,-9.322222,-0.3702381
15300.0,-9.314285,-0.43571427
15316.667,-9.306349,-0.5011905
15333.333,-9.301587,-0.53492063
15350.0,-9.297619,-0.5607143
15366.667,-9.296825,-0.5928571
15383.333,-9.300794,-0.6345238
15400.0,-9.304762,-0.6761905
15416.667,-9.334524,-0.7218254
15433.333,-9.364285,-0.76746035
15450.0,-9.358334,-0.8119048
15466.667,-9.328571,-0.85555553
15483.333,-9.303175,-0.8996032
15500.0,-9.2952385,-0.9452381
15516.667,-9.287302,-0.99087304
15533.333,-9.293651,-1.0460317
15550.0,-9.303572,-1.1035714
15566.667,-9.303175,-1.1666666
15583.333,-9.287302,-1.2380953
15600.0,-9.271428,-1.3095238
15616.667,-9.2952385,-1.3194444
15633.333,-9.319048,-1.3293651
15650.0,-9.338096,-1.3416667
15666.667,-9.353969,-1.3555555
15683.333,-9.369842,-1.3674604
15700.0,-9.385715,-1.3714286
15716.667,-9.4015875,-1.3753968
15733.333,-9.404762,-1.3761904
15750.0,-9.404762,-1.3761904
15766.667,-9.404366,-1.3678571
15783.333,-9.403373,-1.3470238
15800.0,-9.402381,-1.3261905
15816.667,-9.409326,-1.3073412
15833.333,-9.41627,-1.2884921
15850.0,-9.415476,-1.2642857
15866.667,-9.409524,-1.2365079
15883.333,-9.406746,-1.2063493
15900.0,-9.416667,-1.1666666
15916.667,-9.426587,-1.1269841
15933.333,-9.433333,-1.104762
15950.0,-9.439285,-1.0869048
15966.667,-9.44127,-1.0611111
15983.333,-9.437302,-1.0234127
16000.0,-9.433333,-0.98571426
16016.667,-9.44127,-0.94801587
16033.333,-9.449206,-0.9103175
16050.0,-9.45,-0.8940476
16066.667,-9.446032,-0.8920635
16083.333,-9.448016,-0.89365077
16100.0,-9.473809,-0.9095238
16116.667,-9.499603,-0.9253968
16133.333,-9.519048,-0.96031743
16150.0,-9.536904,-1.0
16166.667,-9.546825,-1.0277778
16183.333,-9.544841,-1.0376984
16200.0,-9.542857,-1.0476191
16216.667,-9.509127,-1.0615079
16233.333,-9.475397,-1.0753968
16250.0,-9.451191,-1.1464286
16266.667,-9.433333,-1.2555555
16283.333,-9.4202385,-1.3535714
16300.0,-9.42619,-1.4071429
16316.667,-9.432143,-1.4607143
16333.333,-9.446032,-1.5301588
16350.0,-9.461905,-1.6035714
16366.667,-9.479365,-1.6634921
16383.333,-9.499207,-1.7031746
16400.0,-9.519048,-1.7428571
16416.666,-9.538889,-1.7746031
16433.334,-9.55873,-1.8063492
16450.0,-9.570238,-1.8571428
16466.666,-9.576191,-1.9206349
16483.334,-9.588889,-1.9801587
16500.0,-9.6285715,-2.0238094
16516.666,-9.668254,-2.0674603
16533.334,-9.690476,-2.0873015
16550.0,-9.708333,-2.1011906
16566.666,-9.725397,-2.1238096
16583.334,-9.74127,-2.1595237
16600.0,-9.757143,-2.195238
16616.666,-9.788889,-2.2170634
16633.334,-9.820635,-2.238889
16650.0,-9.833928,-2.267857
16666.666,-9.834921,-2.3015873
16683.334,-9.838294,-2.336508
16700.0,-9.851191,-2.3761904
16716.666,-9.864087,-2.415873
16733.334,-9.877778,-2.461111
16750.0,-9.891666,-2.507738
16766.666,-9.911111,-2.5543652
16783.334,-9.938889,-2.600992
16800.0,-9.966666,-2.647619
16816.666,-9.970634,-2.6992064
16833.334,-9.974603,-2.7507937
16850.0,-9.973809,-2.7988095
16866.666,-9.969841,-2.8444445
16883.334,-9.963492,-2.8936508
16900.0,-9.947619,-2.9571428
16916.666,-9.9317465,-3.020635
16933.334,-9.909524,-3.0904763
16950.0,-9.885715,-3.1619048
16966.666,-9.875397,-3.236508
16983.334,-9.885318,-3.315873
17000.0,-9.895238,-3.3952382
17016.666,-9.875397,-3.4210317
17033.334,-9.855556,-3.4468255
17050.0,-9.841666,-3.4738095
17066.666,-9.831746,-3.5015874
17083.334,-9.8182535,-3.5281746
17100.0,-9.790476,-3.55
17116.666,-9.762698,-3.5718255
17133.334,-9.742857,-3.5873015
17150.0,-9.725,-3.6011906
17166.666,-9.709127,-3.6230159
17183.334,-9.69623,-3.6567461
17200.0,-9.683333,-3.6904762
17216.666,-9.7140875,-3.6765873
17233.334,-9.744842,-3.6626985
17250.0,-9.760715,-3.6642857
17266.666,-9.766666,-3.6761904
17283.334,-9.764683,-3.6904762
17300.0,-9.730952,-3.7142856
17316.666,-9.697222,-3.7380953
17333.334,-9.679365,-3.7412698
17350.0,-9.665476,-3.7392857
17366.666,-9.652381,-3.7444444
17383.334,-9.640476,-3.7603176
17400.0,-9.6285715,-3.7761905
17416.666,-9.622619,-3.720635
17433.334,-9.616667,-3.6650794
17450.0,-9.632143,-3.6511905
17466.666,-9.661904,-3.6650794
17483.334,-9.691667,-3.6761904
17500.0,-9.721429,-3.6761904
17516.666,-9.75119,-3.6761904
17533.334,-9.784127,-3.6603174
17550.0,-9.817857,-3.6404762
17566.666,-9.847619,-3.6063492
17583.334,-9.8714285,-3.5507936
17600.0,-9.895238,-3.495238
17616.666,-9.924008,-3.4902778
17633.334,-9.952778,-3.4853175
17650.0,-9.976786,-3.4755952
17666.666,-9.997619,-3.4626985
17683.334,-10.015873,-3.4505951
17700.0,-10.023809,-3.4416666
17716.666,-10.031746,-3.432738
17733.334,-10.023809,-3.4349205
17750.0,-10.011905,-3.4398808
17766.666,-9.995238,-3.4440477
17783.334,-9.971429,-3.4470239
17800.0,-9.947619,-3.45
17816.666,-9.95754,-3.4549603
17833.334,-9.967461,-3.4599206
17850.0,-9.975,-3.4619048
17866.666,-9.980952,-3.4619048
17883.334,-9.98254,-3.4583333
17900.0,-9.966666,-3.4404762
17916.666,-9.950793,-3.422619
17933.334,-9.95,-3.4126985
17950.0,-9.952976,-3.4047618
17966.666,-9.967857,-3.3952382
17983.334,-10.000595,-3.3833334
18000.0,-10.033334,-3.3714285
18016.666,-10.061111,-3.3198414
18033.334,-10.088889,-3.268254
18050.0,-10.108334,-3.2214286
18066.666,-10.122222,-3.1777778
18083.334,-10.13254,-3.1416667
18100.0,-10.1285715,-3.1357143
18116.666,-10.124603,-3.129762
18133.334,-9.82381,-2.7428572
18150.0,-9.44881,-2.2607143
18166.666,-9.237699,-1.9730159
18183.334,-9.272421,-1.9769841
18200.0,-9.307143,-1.9809524
18216.666,-9.331944,-2.0305555
18233.334,-9.356746,-2.0801587
18250.0,-9.394048,-2.1214285
18266.666,-9.439683,-2.1571429
18283.334,-9.481349,-2.1718254
18300.0,-9.507143,-2.102381
18316.666,-9.532936,-2.0329366
18333.334,-9.530159,-2.013492
18350.0,-9.520238,-2.0065477
18366.666,-9.511905,-2.0083334
18383.334,-9.505953,-2.0232143
18400.0,-9.5,-2.0380952
18416.666,-9.5,-2.0440476
18433.334,-9.5,-2.05
18450.0,-9.744047,-1.8345238
18466.666,-10.150794,-1.4714285
18483.334,-10.268849,-1.4261905
18500.0,-10.386905,-1.3809524
18516.666,-10.50496,-1.3357143
18533.334,-10.623015,-1.2904762
18550.0,-10.741072,-1.2452381
18566.666,-10.859127,-1.2
18583.334,-10.977182,-1.1547619
18600.0,-11.095238,-1.1095238
18616.666,-11.259921,-1.8644841
18633.334,-11.424603,-2.6194444
18650.0,-11.476191,-2.9976192
18666.666,-11.452381,-3.1246033
18683.334,-11.440675,-3.2339287
18700.0,-11.477381,-3.272619
18716.666,-11.514088,-3.3113096
18733.334,-11.542064,-3.3357143
18750.0,-11.567857,-3.3565476
18766.666,-11.596032,-3.3599207
18783.334,-11.627778,-3.3371031
18800.0,-11.659524,-3.3142858
18816.666,-11.678373,-3.300397
18833.334,-11.697222,-3.2865078
18850.0,-11.698215,-3.2761905
18866.666,-11.687302,-3.268254
18883.334,-11.677182,-3.263492
18900.0,-11.6702385,-3.2714286
18916.666,-11.663294,-3.279365
18933.334,-11.660317,-3.288889
18950.0,-11.658334,-3.2988095
18966.666,-10.133333,-4.3746033
18983.334,-6.3238096,-7.0492063
19000.0,-2.5142858,-9.723809
19016.666,-2.5718255,-10.168254
19033.334,-2.629365,-10.612699
19050.0,-2.6916666,-10.778571
19066.666,-2.7571428,-10.75873
19083.334,-2.806746,-10.746032
19100.0,-2.7928572,-10.761905
19116.666,-2.7789683,-10.777778
19133.334,-2.7380953,-10.7952385
19150.0,-2.6904762,-10.813095
19166.666,-2.6515872,-10.842461
19183.334,-2.6257937,-10.889088
19200.0,-2.6,-10.935715
19216.666,-2.5900793,-10.966468
19233.334,-2.5801587,-10.997222
19250.0,-2.584524,-11.043452
19266.666,-2.5984128,-11.1
19283.334,-2.5988095,-11.152976
19300.0,-2.545238,-11.191667
19316.666,-2.4916666,-11.230357
19333.334,-2.4904761,-11.279366
19350.0,-2.5023808,-11.330953
19366.666,-2.773016,-11.148413
19383.334,-3.431746,-10.614682
19400.0,-4.090476,-10.080953
19416.666,-5.8345237,-7.951984
19433.334,-7.5785713,-5.8230157
19450.0,-8.372619,-4.938095
19466.666,-8.533334,-4.8825397
19483.334,-8.668651,-4.843254
19500.0,-8.702381,-4.8690476
19516.666,-8.736111,-4.894841
19533.334,-8.766666,-4.909524
19550.0,-8.796429,-4.9214287
19566.666,-8.82381,-4.9507937
19583.334,-8.847619,-5.006349
19600.0,-8.8714285,-5.061905
19616.666,-8.89127,-5.1035714
19633.334,-8.911111,-5.145238
19650.0,-8.92619,-5.1755953
19666.666,-8.938095,-5.198413
19683.334,-8.951984,-5.2204366
19700.0,-8.973809,-5.239286
19716.666,-8.995635,-5.258135
19733.334,-9.004762,-5.25873
19750.0,-9.010715,-5.2547617
19766.666,-9.88254,-5.792857
19783.334,-12.053175,-7.1440477
19800.0,-14.223809,-8.495238
19816.666,-14.874603,-9.36627
19833.334,-15.525397,-10.237302
19850.0,-15.8089285,-10.613095
19866.666,-15.847619,-10.6587305
19883.334,-15.882143,-10.687302
19900.0,-15.9,-10.647619
19916.666,-15.917857,-10.607937
19933.334,-15.969841,-10.596826
19950.0,-16.030357,-10.592857
19966.666,-16.09127,-10.605556
19983.334,-16.152779,-10.643254
20000.0,-16.214285,-10.680952
20016.666,-16.24008,-10.726587
20033.334,-16.265873,-10.7722225
20050.0,-14.204166,-8.745238
20066.666,-10.750793,-5.336508
20083.334,-7.9384923,-2.5825398
20100.0,-7.6904764,-2.447619
20116.666,-7.4424605,-2.3126984
20133.334,-7.453968,-2.3333333
20150.0,-7.5303574,-2.392857
20166.666,-7.576984,-2.4515872
20183.334,-7.578968,-2.509127
20200.0,-7.580952,-2.5666666
20216.666,-7.5730157,-2.572619
20233.334,-7.565079,-2.5785713
20250.0,-7.554167,-2.6160715
20266.666,-7.54127,-2.6746032
20283.334,-7.525992,-2.7343254
20300.0,-7.5011907,-2.7988095
20316.666,-7.476389,-2.8632936
20333.334,-7.4873013,-2.915873
20350.0,-7.507143,-2.9654763
20366.666,-7.50873,-3.0063493
20383.334,-7.4829364,-3.034127
20400.0,-7.457143,-3.0619047
20416.666,-7.4531746,-3.1234126
20433.334,-7.4492064,-3.1849205
20450.0,-7.452381,-3.2261906
20466.666,-7.4603176,-3.2539682
20483.334,-7.465476,-3.2809525
20500.0,-7.4595237,-3.304762
20516.666,-7.4535713,-3.3285713
20533.334,-7.453968,-3.4
20550.0,-7.455952,-3.4833333
20566.666,-7.4460316,-3.5611112
20583.334,-7.418254,-3.6305556
20600.0,-7.390476,-3.7
20616.666,-7.3785715,-3.73373
20633.334,-7.366667,-3.7674603
20650.0,-6.919643,-3.7333333
20666.666,-6.1825395,-3.6539683
20683.334,-5.2898808,-3.5791667
20700.0,-3.775,-3.522619
20716.666,-2.260119,-3.4660714
20733.334,-1.9746032,-3.4857142
20750.0,-1.9964286,-3.5244048
20766.666,-2.0142858,-3.557143
20783.334,-2.0261905,-3.5809524
20800.0,-2.0380952,-3.6047618
20816.666,-2.034127,-3.6047618
20833.334,-2.0301588,-3.6047618
20850.0,-2.0071428,-3.6017857
20866.666,-1.9714285,-3.5968254
20883.334,-1.9394841,-3.5886905
20900.0,-1.9226191,-3.567857
20916.666,-1.905754,-3.5470238
20933.334,-1.9031746,-3.4698412
20950.0,-1.9041667,-3.3785715
20966.666,-1.9041667,-3.3785715
20983.334,-1.9041667,-3.3785715
