0.0,-7.609524,-4.452381
16.666666,-7.5876985,-4.422619
33.333332,-7.565873,-4.392857
50.0,-7.544048,-4.394643
66.666664,-7.522222,-4.4174604
83.333336,-7.4988093,-4.457143
100.0,-7.4690475,-4.5642858
116.666664,-7.4392858,-4.6714287
133.33333,-7.4238095,-4.74127
150.0,-7.411905,-4.801786
166.66667,-7.3944445,-4.8238096
183.33333,-7.368651,-4.7880955
200.0,-7.3428574,-4.752381
216.66667,-7.355754,-4.756349
233.33333,-7.368651,-4.7603173
250.0,-7.742262,-6.0851192
266.66666,-8.356349,-8.290476
283.33334,-8.8527775,-10.048016
300.0,-8.8785715,-10.014286
316.66666,-8.904366,-9.980556
333.33334,-8.935715,-9.935715
350.0,-8.968452,-9.888095
366.66666,-8.974206,-9.845634
383.33334,-8.939485,-9.810913
400.0,-8.904762,-9.776191
416.66666,-8.902778,-9.784127
433.33334,-8.900794,-9.792064
450.0,-8.904762,-9.7952385
466.66666,-8.912699,-9.7952385
483.33334,-8.915873,-9.797619
500.0,-8.9,-9.809524
516.6667,-8.884127,-9.821428
533.3333,-8.895238,-9.834921
550.0,-8.913095,-9.848809
566.6667,-8.939683,-9.82381
583.3333,-8.979365,-9.740477
600.0,-9.019048,-9.657143
616.6667,-9.028968,-9.609524
633.3333,-9.038889,-9.561905
650.0,-9.005953,-9.355952
666.6667,-8.944445,-9.044444
683.3333,-8.826588,-8.501587
700.0,-8.483334,-7.0333333
716.6667,-8.1400795,-5.565079
733.3333,-8.103174,-5.2492065
750.0,-8.142858,-5.2214284
766.6667,-8.178572,-5.214286
783.3333,-8.208333,-5.2380953
800.0,-8.238095,-5.2619047
816.6667,-8.224206,-5.2936506
833.3333,-8.210318,-5.325397
850.0,-8.184524,-5.364286
866.6667,-8.150794,-5.4079366
883.3333,-8.1170635,-5.438889
900.0,-8.083333,-5.419048
916.6667,-8.049603,-5.399206
933.3333,-8.020635,-5.361111
950.0,-7.992857,-5.3184524
966.6667,-7.981746,-5.281349
983.3333,-7.995635,-5.252579
1000.0,-8.009523,-5.2238097
1016.6667,-7.934127,-5.1940475
1033.3334,-7.8587303,-5.1642857
1050.0,-7.8077383,-5.1458335
1066.6666,-7.773016,-5.1349206
1083.3334,-7.7478175,-5.1277776
1100.0,-7.760714,-5.135714
1116.6666,-7.773611,-5.143651
1133.3334,-7.769841,-5.104762
1150.0,-7.7619047,-5.054167
1166.6666,-7.770635,-5.0142856
1183.3334,-7.804365,-4.990476
1200.0,-7.838095,-4.9666667
1216.6666,-10.687302,-5.018254
1233.3334,-13.536508,-5.0698414
1250.0,-14.866667,-5.0595236
1266.6666,-15.184127,-5.0079365
1283.3334,-15.448016,-4.9718256
1300.0,-15.497619,-4.997619
1316.6666,-15.547222,-5.0234127
1333.3334,-15.584127,-5.0380955
1350.0,-15.617857,-5.05
1366.6666,-15.653968,-5.046032
1383.3334,-15.693651,-5.018254
1400.0,-15.733334,-4.990476
1416.6666,-15.756151,-4.974603
1433.3334,-15.778968,-4.95873
1450.0,-15.773214,-4.9690475
1466.6666,-15.748413,-4.996825
1483.3334,-15.728969,-5.02877
1500.0,-15.730952,-5.077381
1516.6666,-15.732937,-5.1259923
1533.3334,-15.75873,-5.1539683
1550.0,-15.790476,-5.176786
1566.6666,-15.805159,-5.175397
1583.3334,-15.794246,-5.1376987
1600.0,-15.783334,-5.1
1616.6666,-15.770436,-5.1277776
1633.3334,-15.75754,-5.1555557
1650.0,-15.745238,-5.1583333
1666.6666,-15.733334,-5.1444445
1683.3334,-15.7162695,-5.139683
1700.0,-15.678572,-5.1714287
1716.6666,-15.640873,-5.2031746
1733.3334,-15.64127,-5.242857
1750.0,-15.651191,-5.284524
1766.6666,-15.642063,-5.3396826
1783.3334,-15.604365,-5.4150796
1800.0,-15.566667,-5.490476
1816.6666,-15.534921,-5.4785714
1833.3334,-15.503175,-5.4666667
1850.0,-12.104762,-4.422619
1866.6666,-6.4619045,-2.6904762
1883.3334,-1.7174603,-1.0940477
1900.0,-0.56666666,-0.04047619
1916.6666,0.584127,1.0130953
1933.3334,0.8206349,1.2341269
1950.0,0.82857144,1.2470238
1966.6666,0.8357143,1.2579365
1983.3334,0.84166664,1.2658731
2000.0,0.84761906,1.2738096
2016.6666,0.8565476,1.3035715
2033.3334,0.8654762,1.3333334
2050.0,0.8744048,1.3470238
2066.6667,0.8833333,1.35
2083.3333,0.8970238,1.3509921
2100.0,0.9297619,1.3440477
2116.6667,0.9625,1.3371031
2133.3333,0.98253965,1.3285714
2150.0,0.9994048,1.3196429
2166.6667,1.0015873,1.3087301
2183.3333,0.981746,1.2948413
2200.0,0.96190476,1.2809523
2216.6667,0.94801587,1.2839285
2233.3333,0.934127,1.2869048
2250.0,0.9202381,1.2732143
2266.6667,0.9063492,1.2484127
2283.3333,0.07539683,0.69285715
2300.0,-4.0238094,-1.9857143
2316.6667,-8.123015,-4.6642857
2333.3333,-9.080953,-5.279365
2350.0,-9.2535715,-5.3785715
2366.6667,-9.373015,-5.4436507
2383.3333,-9.412699,-5.4575396
2400.0,-9.452381,-5.4714284
2416.6667,-9.4662695,-5.505159
2433.3333,-9.480159,-5.538889
2450.0,-9.482142,-5.5672617
2466.6667,-9.476191,-5.5920634
2483.3333,-9.474404,-5.6021824
2500.0,-9.489285,-5.553571
2516.6667,-9.504167,-5.5049605
2533.3333,-9.487302,-5.419048
2550.0,-9.4625,-5.3238096
2566.6667,-9.445238,-5.2714286
2583.3333,-9.439285,-5.2833333
2600.0,-9.433333,-5.295238
2616.6667,-9.437302,-5.3488097
2633.3333,-9.44127,-5.402381
2650.0,-9.442857,-5.4011903
2666.6667,-9.442857,-5.363492
2683.3333,-9.435715,-5.336706
2700.0,-9.4,-5.3535714
2716.6667,-9.364285,-5.3704367
2733.3333,-9.38254,-5.3825397
2750.0,-9.414286,-5.393452
2766.6667,-9.421429,-5.4031744
2783.3333,-9.391666,-5.411111
2800.0,-9.361905,-5.419048
2816.6667,-9.303373,-5.345635
2833.3333,-9.244842,-5.272222
2850.0,-9.220834,-5.279762
2866.6667,-9.219841,-5.34127
2883.3333,-9.215476,-5.397222
2900.0,-9.197619,-5.4309525
2916.6667,-9.179762,-5.4646826
2933.3333,-9.166667,-5.4920635
2950.0,-9.154762,-5.517857
2966.6667,-9.146031,-5.5142856
2983.3333,-9.142063,-5.4666667
3000.0,-9.138095,-5.419048
3016.6667,-9.18373,-5.4269843
3033.3333,-9.229365,-5.434921
3050.0,-9.228572,-5.383929
3066.6667,-9.196825,-5.2936506
3083.3333,-9.173809,-5.2196426
3100.0,-9.185715,-5.2107143
3116.6667,-9.197619,-5.2017856
3133.3333,-9.173016,-5.188889
3150.0,-9.139286,-5.175
3166.6667,-9.115079,-5.1507936
3183.3333,-9.105159,-5.111111
3200.0,-9.095238,-5.071429
3216.6667,-9.111111,-4.9603176
3233.3333,-9.126985,-4.8492064
3250.0,-9.1285715,-4.8464284
3266.6667,-9.120635,-4.915873
3283.3333,-9.05873,-4.870635
3300.0,-8.780952,-4.366667
3316.6667,-8.503175,-3.8626983
3333.3333,-8.496825,-3.7746031
3350.0,-8.558333,-3.790476
3366.6667,-8.603969,-3.773016
3383.3333,-8.625793,-3.7055554
3400.0,-8.647619,-3.6380951
3416.6667,-8.640675,-3.5944445
3433.3333,-8.63373,-3.5507936
3450.0,-8.601191,-3.5434523
3466.6667,-8.551587,-3.5603175
3483.3333,-8.518453,-3.5926588
3500.0,-8.55119,-3.6869047
3516.6667,-8.583928,-3.7811508
3533.3333,-8.566667,-3.8111112
3550.0,-8.536904,-3.825
3566.6667,-8.486508,-3.9293652
3583.3333,-8.405159,-4.1694446
3600.0,-8.32381,-4.409524
3616.6667,-8.3297615,-4.369841
3633.3333,-8.335714,-4.3301587
3650.0,-8.333333,-4.2839284
3666.6667,-8.325397,-4.233333
3683.3333,-8.316865,-4.1892858
3700.0,-8.305952,-4.1714287
3716.6667,-8.29504,-4.1535716
3733.3333,-8.288889,-4.1507936
3750.0,-8.283929,-4.151786
3766.6667,-8.287302,-4.118254
3783.3333,-8.303175,-4.0329366
3800.0,-8.319048,-3.947619
3816.6667,-8.364682,-3.9357142
3833.3333,-8.410317,-3.9238095
3850.0,-8.438095,-3.9119048
3866.6667,-8.453968,-3.9
3883.3333,-8.465873,-3.8823414
3900.0,-8.461905,-3.8416667
3916.6667,-8.457936,-3.800992
3933.3333,-8.465079,-3.8119047
3950.0,-8.475,-3.8357143
3966.6667,-8.483334,-3.8384922
3983.3333,-8.489285,-3.8097222
4000.0,-8.495238,-3.7809525
4016.6667,-8.463492,-3.7412698
4033.3333,-8.4317465,-3.7015872
4050.0,-8.396428,-3.6845238
4066.6667,-8.35873,-3.6825397
4083.3333,-8.327381,-3.6787698
4100.0,-8.321428,-3.6678572
4116.6665,-8.315476,-3.6569445
4133.3335,-8.11746,-3.047619
4150.0,-7.8714285,-2.2886906
4166.6665,-7.661111,-1.6460317
4183.3335,-7.504365,-1.1777778
4200.0,-7.347619,-0.7095238
4216.6665,-7.313889,-0.6738095
4233.3335,-7.2801585,-0.63809526
4250.0,-7.267262,-0.6047619
4266.6665,-7.268254,-0.57301587
4283.3335,-7.2757936,-0.5452381
4300.0,-7.3095236,-0.53333336
4316.6665,-7.343254,-0.5214286
4333.3335,-7.3079367,-0.4873016
4350.0,-7.2553573,-0.44761905
4366.6665,-7.2158732,-0.42301586
4383.3335,-7.1960316,-0.42103174
4400.0,-7.1761904,-0.41904762
4416.6665,-7.168254,-0.42698413
4433.3335,-7.1603174,-0.43492064
4450.0,-7.180357,-0.46547619
4466.6665,-7.2190475,-0.51111114
4483.3335,-7.255754,-0.5448413
4500.0,-7.284524,-0.5309524
4516.6665,-7.3132935,-0.5170635
4533.3335,-7.2904763,-0.4952381
4550.0,-7.2547617,-0.47142857
4566.6665,-7.224603,-0.45714286
4583.3335,-7.202778,-0.45714286
4600.0,-7.1809525,-0.45714286
4616.6665,-7.186905,-0.44722223
4633.3335,-7.1928573,-0.43730158
4650.0,-7.197619,-0.43214285
4666.6665,-7.201587,-0.43015873
4683.3335,-7.206746,-0.43650794
4700.0,-7.2166667,-0.47619048
4716.6665,-7.2265873,-0.515873
4733.3335,-7.211111,-0.54761904
4750.0,-7.1892858,-0.57738096
4766.6665,-7.1714287,-0.6079365
4783.3335,-7.159524,-0.63968253
4800.0,-7.1476192,-0.67142856
4816.6665,-7.1476192,-0.7210317
4833.3335,-7.1476192,-0.77063495
4850.0,-7.152381,-0.8333333
4866.6665,-7.1603174,-0.9047619
4883.3335,-7.1666665,-0.9704365
4900.0,-7.1666665,-1.0130953
4916.6665,-7.1666665,-1.055754
4933.3335,-6.3650794,-1.0087302
4950.0,-5.3630953,-0.9392857
4966.6665,-4.629365,-0.89285713
4983.3335,-4.298016,-0.88095236
5000.0,-3.9666667,-0.86904764
5016.6665,-3.940873,-0.921627
5033.3335,-3.9150794,-0.9742063
5050.0,-3.9,-1.05
5066.6665,-3.8920634,-1.1412698
5083.3335,-3.881746,-1.2178571
5100.0,-3.8619049,-1.2357143
5116.6665,-3.8420634,-1.2535714
5133.3335,-3.8285713,-1.347619
5150.0,-3.8166666,-1.4607143
5166.6665,-3.790476,-1.5476191
5183.3335,-3.7428572,-1.5952381
5200.0,-3.695238,-1.6428572
5216.6665,-3.6853175,-1.8234127
5233.3335,-3.675397,-2.0039682
5250.0,-3.7011905,-2.1404762
5266.6665,-3.7507937,-2.2476192
5283.3335,-3.784127,-2.3412697
5300.0,-3.7523808,-2.3809524
5316.6665,-3.720635,-2.420635
5333.3335,-3.6809523,-2.442857
5350.0,-3.6392858,-2.4607143
5366.6665,-3.6007936,-2.5079365
5383.3335,-3.5670636,-2.5992064
5400.0,-3.5333333,-2.6904762
5416.6665,-3.528373,-2.5942461
5433.3335,-3.5234127,-2.4980159
5450.0,-3.4994047,-2.4589286
5466.6665,-3.4626985,-2.4579365
5483.3335,-3.4257936,-2.454762
5500.0,-3.3880951,-2.442857
5516.6665,-3.3503969,-2.4309523
5533.3335,-3.3269842,-2.3873017
5550.0,-3.307143,-2.3357143
5566.6665,-3.2880952,-2.302381
5583.3335,-3.2702382,-2.2964287
5600.0,-3.2523808,-2.290476
5616.6665,-3.206746,-2.2984128
5633.3335,-3.161111,-2.3063493
5650.0,-3.1464286,-2.3154762
5666.6665,-3.152381,-2.3253968
5683.3335,-3.1579366,-2.3503969
5700.0,-3.1619048,-2.4357142
5716.6665,-3.165873,-2.5210319
5733.3335,-3.1460319,-2.5444446
5750.0,-3.120238,-2.552381
5766.6665,-3.0960317,-2.5579364
5783.3335,-3.0742064,-2.5599205
5800.0,-3.052381,-2.5619047
5816.6665,-3.0484128,-2.551984
5833.3335,-3.0444446,-2.5420635
5850.0,-3.0607142,-2.607143
5866.6665,-3.0904763,-2.7222223
5883.3335,-3.1178572,-2.822619
5900.0,-3.1357143,-2.8642857
5916.6665,-3.1535714,-2.9059525
5933.3335,-3.1746032,-2.902381
5950.0,-3.1964285,-2.8875
5966.6665,-3.2150793,-2.8734126
5983.3335,-3.2289681,-2.8605158
6000.0,-3.2428572,-2.847619
6016.6665,-3.2626984,-2.8694444
6033.3335,-3.2825396,-2.89127
6050.0,-3.2833333,-2.902381
6066.6665,-3.2714286,-2.9063492
6083.3335,-3.2559524,-2.9007936
6100.0,-3.2261906,-2.857143
6116.6665,-3.1964285,-2.813492
6133.3335,-3.2031746,-2.7857144
6150.0,-3.2190475,-2.7619047
6166.6665,-3.2349207,-2.7515874
6183.3335,-3.2507937,-2.761508
6200.0,-3.2666667,-2.7714286
6216.6665,-3.225,-2.807143
6233.3335,-3.1833334,-2.8428571
6250.0,-3.170238,-2.8833334
6266.6665,-3.1761904,-2.926984
6283.3335,-3.1892858,-2.9630952
6300.0,-3.2309523,-2.9690475
6316.6665,-3.272619,-2.975
6333.3335,-3.295238,-3.0412698
6350.0,-3.3130953,-3.1226192
6366.6665,-3.320238,-3.1904762
6383.3335,-3.3113096,-3.2380953
6400.0,-3.302381,-3.2857144
6416.6665,-5.2329364,-2.9930556
6433.3335,-7.163492,-2.7003968
6450.0,-7.9696426,-2.6005952
6466.6665,-8.026191,-2.629365
6483.3335,-8.088096,-2.665873
6500.0,-8.171429,-2.7333333
6516.6665,-8.254762,-2.8007936
6533.3335,-8.274603,-2.863492
6550.0,-8.278571,-2.925
6566.6665,-8.264286,-2.9746032
6583.3335,-8.222619,-3.0063493
6600.0,-8.180952,-3.0380952
6616.6665,-8.18492,-3.0628967
6633.3335,-8.188889,-3.0876985
6650.0,-8.1702385,-3.147024
6666.6665,-8.136508,-3.229365
6683.3335,-8.111508,-3.3146825
6700.0,-8.1214285,-3.4119048
6716.6665,-8.13135,-3.509127
6733.3335,-8.152381,-3.5738096
6750.0,-8.17619,-3.630357
6766.6665,-8.19127,-3.6924603
6783.3335,-8.1932535,-3.7628968
6800.0,-8.195238,-3.8333333
6816.6665,-8.207143,-3.8829365
6833.3335,-8.219048,-3.9325397
6850.0,-8.222619,-4.0047617
6866.6665,-8.220634,-4.0920634
6883.3335,-8.222619,-4.1769843
6900.0,-8.240477,-4.252381
6916.6665,-8.258333,-4.327778
6933.3335,-8.263492,-4.404762
6950.0,-8.265476,-4.482143
6966.6665,-8.280159,-4.5416665
6983.3335,-8.313889,-4.5744047
7000.0,-8.347619,-4.607143
7016.6665,-8.353572,-4.6994047
7033.3335,-8.359524,-4.7916665
7050.0,-8.3785715,-4.8511906
7066.6665,-8.406349,-4.888889
7083.3335,-8.425794,-4.927778
7100.0,-8.411904,-4.9714284
7116.6665,-8.398016,-5.0150795
7133.3335,-8.369842,-5.0238094
7150.0,-8.338096,-5.0238094
7166.6665,-8.31746,-5.029365
7183.3335,-8.313492,-5.043254
7200.0,-8.309524,-5.0571427
7216.6665,-8.313492,-5.013492
7233.3335,-8.31746,-4.9698415
7250.0,-8.30119,-4.925
7266.6665,-8.271428,-4.879365
7283.3335,-8.248015,-4.839286
7300.0,-8.25,-4.821429
7316.6665,-8.251985,-4.803571
7333.3335,-8.209524,-4.8063493
7350.0,-8.155952,-4.8142858
7366.6665,-7.4595237,-5.0730157
7383.3335,-5.7988095,-5.7079363
7400.0,-4.1380954,-6.3428574
7416.6665,-4.213492,-6.4321427
7433.3335,-4.288889,-6.5214286
7450.0,-4.327381,-6.570238
7466.6665,-4.34127,-6.5920634
7483.3335,-4.352778,-6.611111
7500.0,-4.354762,-6.6190476
7516.6665,-4.356746,-6.626984
7533.3335,-4.3714285,-6.6476192
7550.0,-4.3892856,-6.6714287
7566.6665,-4.415873,-6.733333
7583.3335,-4.4555554,-6.8523808
7600.0,-4.4952383,-6.9714284
7616.6665,-4.5309525,-7.0150795
7633.3335,-4.5666666,-7.05873
7650.0,-4.607143,-7.061905
7666.6665,-4.6507936,-7.0380955
7683.3335,-4.6873016,-7.0150795
7700.0,-4.695238,-6.9952383
7716.6665,-4.7031746,-6.9753966
7733.3335,-4.7158732,-6.909524
7750.0,-4.729762,-6.832143
7766.6665,-4.7547617,-6.773016
7783.3335,-4.7964287,-6.74127
7800.0,-4.838095,-6.7095237
7816.6665,-4.88373,-6.6539683
7833.3335,-4.929365,-6.5984125
7850.0,-4.9595237,-6.572619
7866.6665,-4.979365,-6.5666666
7883.3335,-4.995635,-6.559127
7900.0,-4.997619,-6.545238
7916.6665,-4.9996033,-6.531349
7933.3335,-5.0055556,-6.4650793
7950.0,-5.0125,-6.385714
7966.6665,-4.2734127,-5.582143
7983.3335,-2.4152777,-3.692262
8000.0,-0.55714285,-1.8023809
8016.6665,-0.5611111,-1.6753968
8033.3335,-0.5650794,-1.5484127
8050.0,-0.5857143,-1.4910715
8066.6665,-0.6174603,-1.4801587
8083.3335,-0.64940476,-1.4718254
8100.0,-0.68214285,-1.4738095
8116.6665,-0.71488094,-1.4757936
8133.3335,-0.6785714,-1.4690477
8150.0,-0.625,-1.460119
8166.6665,-0.58531743,-1.4575397
8183.3335,-0.56646824,-1.4644841
8200.0,-0.54761904,-1.4714285
8216.667,-0.53174603,-1.5269841
8233.333,-0.515873,-1.5825397
8250.0,-0.5107143,-1.6190476
8266.667,-0.5126984,-1.6428572
8283.333,-0.50674605,-1.6702381
8300.0,-0.4690476,-1.7119048
8316.667,-0.43134922,-1.7535714
8333.333,-0.3793651,-1.7936507
8350.0,-0.32380953,-1.8333334
8366.667,-0.2781746,-1.8888888
8383.333,-0.24742064,-1.968254
8400.0,-0.21666667,-2.047619
8416.667,-0.17996031,-2.0694444
8433.333,-0.14325397,-2.0912697
8450.0,-1.7916666,-3.2833333
8466.667,-4.5634923,-5.2555556
8483.333,-6.8063493,-6.843254
8500.0,-6.9333334,-6.892857
8516.667,-7.0603175,-6.9424605
8533.333,-7.1174603,-6.938095
8550.0,-7.1571426,-6.920238
8566.667,-7.201587,-6.9103174
8583.333,-7.253175,-6.9123015
8600.0,-7.304762,-6.9142857
8616.667,-7.2829366,-6.890476
8633.333,-7.2611113,-6.866667
8650.0,-7.2559524,-6.825
8666.667,-7.2619047,-6.7714286
8683.333,-7.2626987,-6.7079363
8700.0,-7.242857,-6.604762
8716.667,-7.223016,-6.5015874
8733.333,-7.2507935,-6.3587303
8750.0,-7.2904763,-6.205952
8766.667,-7.3293653,-6.0793653
8783.333,-7.3670635,-5.9920635
8800.0,-7.404762,-5.904762
8816.667,-7.3869047,-5.7777777
8833.333,-7.3690476,-5.6507936
8850.0,-7.3797617,-5.552381
8866.667,-7.409524,-5.473016
8883.333,-7.428571,-5.3964286
8900.0,-7.404762,-5.330952
8916.667,-7.3809524,-5.265476
8933.333,-7.340476,-5.1571426
8950.0,-7.295833,-5.0380955
8966.667,-7.2670636,-4.9198413
8983.333,-7.262103,-4.802778
9000.0,-7.257143,-4.6857142
9016.667,-7.211508,-4.6261907
9033.333,-7.165873,-4.5666666
9050.0,-7.109524,-4.492262
9066.667,-7.046032,-4.4079366
9083.333,-6.9722223,-4.323214
9100.0,-6.857143,-4.2369046
9116.667,-6.7420635,-4.150595
9133.333,-6.711111,-4.115873
9150.0,-6.7011905,-4.0940475
9166.667,-6.6650796,-4.05
9183.333,-6.5896826,-3.972619
9200.0,-6.5142856,-3.8952382
9216.667,-6.484524,-3.8694444
9233.333,-6.454762,-3.8436508
9250.0,-6.390476,-3.817857
9266.667,-6.3031745,-3.7920635
9283.333,-6.2214284,-3.777381
9300.0,-6.161905,-3.807143
9316.667,-6.1023808,-3.8369048
9333.333,-6.0666666,-3.8674603
9350.0,-6.036905,-3.8982143
9366.667,-6.0047617,-3.9353175
9383.333,-5.9690475,-3.9819446
9400.0,-5.9333334,-4.0285716
9416.667,-5.893651,-3.9511905
9433.333,-5.853968,-3.8738096
9450.0,-5.840476,-3.8291667
9466.667,-5.8444443,-3.8063493
9483.333,-5.8529763,-3.7787697
9500.0,-5.8797617,-3.732143
9516.667,-5.9065475,-3.6855159
9533.333,-5.9206347,-3.6325397
9550.0,-5.9315476,-3.5779762
9566.667,-5.9428573,-3.5234127
9583.333,-5.954762,-3.4688492
9600.0,-5.9666667,-3.4142857
9616.667,-5.956746,-3.3289683
9633.333,-5.9468255,-3.2436507
9650.0,-5.9392858,-3.164881
9666.667,-5.9333334,-3.0904763
9683.333,-5.9384923,-3.007738
9700.0,-5.9880953,-2.8916667
9716.667,-6.0376983,-2.7755952
9733.333,-6.0444446,-2.720635
9750.0,-6.0404763,-2.6809523
9766.667,-6.0373015,-2.6507936
9783.333,-6.0353174,-2.6349206
9800.0,-6.0333333,-2.6190476
9816.667,-6.0571427,-2.6130953
9833.333,-6.080952,-2.607143
9850.0,-6.5416665,-1.8797619
9866.667,-7.2936506,-0.67142856
9883.333,-7.9071426,0.30238095
9900.0,-7.9666667,0.33809525
9916.667,-8.026191,0.37380952
9933.333,-8.057143,0.3595238
9950.0,-8.080953,0.3327381
9966.667,-8.094444,0.30039683
9983.333,-8.092461,0.25972223
10000.0,-8.090476,0.21904762
10016.667,-8.030952,0.116865076
10033.333,-7.9714284,0.01468254
10050.0,-7.9333334,-0.08928572
10066.667,-7.909524,-0.19444445
10083.333,-7.885913,-0.2998016
10100.0,-7.8630953,-0.4059524
10116.667,-7.8402777,-0.5121032
10133.333,-7.8079367,-0.6031746
10150.0,-7.7732143,-0.6904762
10166.667,-7.7674603,-0.77936506
10183.333,-7.8051586,-0.8706349
10200.0,-7.8428574,-0.96190476
10216.667,-7.8408732,-0.97380954
10233.333,-7.838889,-0.98571426
10250.0,-7.8238096,-0.98452383
10266.667,-7.8,-0.9746032
10283.333,-7.7892857,-0.9734127
10300.0,-7.830952,-1.0071429
10316.667,-7.872619,-1.040873
10333.333,-7.8809524,-1.068254
10350.0,-7.8809524,-1.0940477
10366.667,-7.8738093,-1.1325396
10383.333,-7.8559523,-1.1900793
10400.0,-7.838095,-1.247619
10416.667,-7.81627,-1.1900793
10433.333,-7.7944446,-1.1325396
10450.0,-7.7726192,-1.1488096
10466.667,-7.7507935,-1.2142857
10483.333,-7.7337303,-1.2583333
10500.0,-7.7357144,-1.2166667
10516.667,-7.7376986,-1.175
10533.333,-7.734127,-1.2222222
10550.0,-7.7291665,-1.2916666
10566.667,-7.725,-1.3404762
10583.333,-7.722024,-1.3583333
10600.0,-7.7190475,-1.3761904
10616.667,-7.7170634,-1.3742063
10633.333,-7.7150793,-1.3722222
10650.0,-7.729762,-1.4130952
10666.667,-7.7555556,-1.4825397
10683.333,-7.7694445,-1.5337301
10700.0,-7.7357144,-1.5119047
10716.667,-7.701984,-1.4900794
10733.333,-7.673016,-1.497619
10750.0,-7.645238,-1.5125
10766.667,-7.630159,-1.5051588
10783.333,-7.634127,-1.4644841
10800.0,-7.6380954,-1.4238095
10816.667,-7.618254,-1.431746
10833.333,-7.5984125,-1.4396825
10850.0,-7.554762,-1.435119
10866.667,-7.4952383,-1.4222223
10883.333,-7.450397,-1.4049603
10900.0,-7.464286,-1.3702381
10916.667,-7.4781747,-1.3355159
10933.333,-7.4698415,-1.3
10950.0,-7.455952,-1.2642857
10966.667,-7.438095,-1.25
10983.333,-7.4142857,-1.2678572
11000.0,-7.390476,-1.2857143
11016.667,-7.390476,-1.3035715
11033.333,-7.390476,-1.3214285
11050.0,-7.400595,-1.3178571
11066.667,-7.4174604,-1.3
11083.333,-7.4363093,-1.2833333
11100.0,-7.463095,-1.2714286
11116.667,-7.489881,-1.2595239
11133.333,-7.525397,-1.2587302
11150.0,-7.563095,-1.2607143
11166.667,-7.588889,-1.2507937
11183.333,-7.5968256,-1.2230159
11200.0,-7.604762,-1.1952381
11216.667,-7.5640874,-1.1972222
11233.333,-7.5234127,-1.1992064
11250.0,-7.5065475,-1.1988095
11266.667,-7.5055556,-1.1968254
11283.333,-7.503175,-1.1954365
11300.0,-7.4952383,-1.1964285
11316.667,-7.4873013,-1.1974206
11333.333,-7.565079,-1.1246032
11350.0,-7.6642857,-1.0333333
11366.667,-7.7388887,-0.95992064
11383.333,-7.7765875,-0.91329366
11400.0,-7.8142858,-0.8666667
11416.667,-7.85,-0.76746035
11433.333,-7.885714,-0.66825396
11450.0,-7.9035716,-0.5928571
11466.667,-7.909524,-0.53333336
11483.333,-7.919246,-0.48095238
11500.0,-7.9440475,-0.45714286
11516.667,-7.968849,-0.43333334
11533.333,-8.001587,-0.44285715
11550.0,-8.036309,-0.46071428
11566.667,-8.380158,-0.79444444
11583.333,-9.187698,-1.6019841
11600.0,-9.995238,-2.4095237
11616.667,-10.122222,-2.4492064
11633.333,-10.249207,-2.488889
11650.0,-10.297619,-2.4559524
11666.667,-10.293651,-2.3746033
11683.333,-10.284921,-2.2986112
11700.0,-10.257143,-2.2440476
11716.667,-10.229365,-2.1894841
11733.333,-10.236508,-2.181746
11750.0,-10.252381,-2.1857142
11766.667,-10.279366,-2.2003968
11783.333,-10.323016,-2.2311509
11800.0,-10.366667,-2.2619047
11816.667,-10.394444,-2.2996032
11833.333,-10.422222,-2.3373015
11850.0,-10.42619,-2.3869047
11866.667,-10.414286,-2.4444444
11883.333,-10.4015875,-2.4924603
11900.0,-10.385715,-2.5023808
11916.667,-10.369842,-2.5123017
11933.333,-10.368254,-2.5063493
11950.0,-10.370238,-2.4964285
11966.667,-10.365079,-2.4630952
11983.333,-10.349206,-2.3946428
12000.0,-10.333333,-2.3261905
12016.667,-10.289682,-2.3748016
12033.333,-10.246032,-2.4234128
12050.0,-10.207143,-2.4559524
12066.667,-10.171429,-2.4777777
12083.333,-10.128968,-2.4972222
12100.0,-10.059524,-2.5071428
12116.667,-9.990079,-2.5170634
12133.333,-9.968254,-2.520635
12150.0,-9.958333,-2.522619
12166.667,-9.95,-2.5246031
12183.333,-9.944048,-2.5265872
12200.0,-9.938095,-2.5285714
12216.667,-9.961905,-2.5980158
12233.333,-9.985714,-2.6674602
12250.0,-9.966071,-2.7089286
12266.667,-9.91746,-2.731746
12283.333,-9.883928,-2.7462301
12300.0,-9.910714,-2.727381
12316.667,-9.9375,-2.7085319
12333.333,-9.942857,-2.736508
12350.0,-9.942857,-2.7761905
12366.667,-9.942063,-2.6857142
12383.333,-9.94008,-2.4
12400.0,-9.938095,-2.1142857
12416.667,-9.744286,-1.7854762
12433.333,-9.550476,-1.4566667
12450.0,-9.356667,-1.1278571
12466.667,-9.162857,-0.7990476
12483.333,-8.969048,-0.4702381
12500.0,-9.457143,-1.8214285
12516.667,-9.945238,-3.172619
12533.333,-10.049207,-3.3492064
12550.0,-10.057143,-3.232143
12566.667,-10.056349,-3.1650794
12583.333,-10.04246,-3.1730158
12600.0,-10.028571,-3.1809523
12616.667,-10.016666,-3.176984
12633.333,-10.004762,-3.1730158
12650.0,-9.994047,-3.160119
12666.667,-9.984127,-3.14127
12683.333,-9.9734125,-3.130357
12700.0,-9.959524,-3.1511905
12716.667,-9.945635,-3.1720238
12733.333,-9.933333,-3.1761904
12750.0,-9.921429,-3.1761904
12766.667,-9.886508,-3.176984
12783.333,-9.817063,-3.1789682
12800.0,-9.747619,-3.1809523
12816.667,-9.687103,-3.2186508
12833.333,-9.626587,-3.2563493
12850.0,-9.599404,-3.3095238
12866.667,-9.594444,-3.3730159
12883.333,-9.588492,-3.4142857
12900.0,-9.578571,-3.3666666
12916.667,-9.568651,-3.3190477
12933.333,-9.523809,-3.288889
12950.0,-9.470238,-3.2630951
12966.667,-9.44008,-3.2626984
12983.333,-9.44504,-3.300397
13000.0,-9.45,-3.3380952
13016.667,-9.427182,-3.3876984
13033.333,-9.404366,-3.4373016
13050.0,-9.35,-3.4285715
13066.667,-9.274603,-3.3809524
13083.333,-9.209524,-3.3468254
13100.0,-9.185715,-3.3666666
13116.667,-9.161904,-3.386508
13133.333,-9.177778,-3.3809524
13150.0,-9.203571,-3.3690476
13166.667,-9.223016,-3.3452382
13183.333,-9.232937,-3.3035715
13200.0,-9.242857,-3.2619047
13216.667,-9.262698,-3.2916667
13233.333,-9.282539,-3.3214285
13250.0,-9.31369,-3.3410714
13266.667,-9.352381,-3.3539681
13283.333,-9.385516,-3.3609128
13300.0,-9.396428,-3.3440475
13316.667,-9.407341,-3.3271825
13333.333,-9.406349,-3.304762
13350.0,-9.402381,-3.2809525
13366.667,-9.41746,-3.2753968
13383.333,-9.461111,-3.2972221
13400.0,-9.504762,-3.3190477
13416.667,-9.506746,-3.3279762
13433.333,-9.50873,-3.3369048
13450.0,-9.455358,-4.4488096
13466.667,-9.365079,-6.296032
13483.333,-9.285516,-7.7910714
13500.0,-9.24881,-7.877381
13516.667,-9.212103,-7.9636903
13533.333,-9.165079,-7.9857144
13550.0,-9.115477,-7.991667
13566.667,-9.073016,-7.9873013
13583.333,-9.04127,-7.96746
13600.0,-9.009523,-7.947619
13616.667,-8.936111,-7.9873013
13633.333,-8.862699,-8.026984
13650.0,-8.803572,-8.073215
13666.667,-8.753968,-8.12381
13683.333,-8.710318,-8.176389
13700.0,-8.690476,-8.236905
13716.667,-8.670635,-8.2974205
13733.333,-8.663492,-8.330159
13750.0,-8.659524,-8.355952
13766.667,-8.666667,-8.377778
13783.333,-8.690476,-8.393651
13800.0,-8.714286,-8.409524
13816.667,-8.773809,-8.467064
13833.333,-8.833333,-8.524603
13850.0,-8.846429,-8.548809
13866.667,-8.828571,-8.550794
13883.333,-8.81746,-8.553175
13900.0,-8.833333,-8.557143
13916.667,-8.849206,-8.561111
13933.333,-8.852381,-8.544444
13950.0,-8.852381,-8.522619
13966.667,-8.86627,-8.501985
13983.333,-8.900992,-8.483135
14000.0,-8.935715,-8.464286
14016.667,-8.947619,-8.386905
14033.333,-8.959524,-8.309524
14050.0,-8.980357,-8.251785
14066.667,-9.007143,-8.207143
14083.333,-9.026984,-8.153571
14100.0,-9.019048,-8.064285
14116.667,-9.011111,-7.975
14133.333,-8.980159,-7.9142857
14150.0,-8.943453,-7.8607144
14166.667,-8.928175,-7.747619
14183.333,-8.94504,-7.545238
14200.0,-8.961905,-7.3428574
14216.667,-8.995635,-4.8011904
14233.333,-9.029366,-2.2595239
14250.0,-9.034524,-1.2285714
14266.667,-9.020635,-1.2047619
14283.333,-8.99881,-1.1742064
14300.0,-8.945238,-1.1166667
14316.667,-8.891666,-1.059127
14333.333,-8.852381,-1.0412699
14350.0,-8.816667,-1.0333333
14366.667,-8.799207,-1.0126984
14383.333,-8.809127,-0.97301584
14400.0,-8.819048,-0.93333334
14416.667,-8.783334,-0.87777776
14433.333,-8.747619,-0.82222223
14450.0,-8.702381,-0.7702381
14466.667,-8.650794,-0.72063494
14483.333,-8.60873,-0.68015873
14500.0,-8.604762,-0.6761905
14516.667,-8.600794,-0.6722222
14533.333,-8.985714,0.6015873
14550.0,-9.467857,2.192857
14566.667,-9.752381,3.147619
14583.333,-9.740477,3.147619
14600.0,-9.728572,3.147619
14616.667,-9.76131,3.1406746
14633.333,-9.794047,3.1337302
14650.0,-9.804167,3.1232142
14666.667,-9.799207,3.1103175
14683.333,-9.797222,3.097619
14700.0,-9.807143,3.0857143
14716.667,-9.817063,3.0738096
14733.333,-9.820635,3.0738096
14750.0,-9.822619,3.0767858
14766.667,-9.819048,3.0765872
14783.333,-9.807143,3.071627
14800.0,-9.7952385,3.0666666
14816.667,-9.797222,3.0686507
14833.333,-9.799207,3.0706348
14850.0,-9.822619,3.0940475
14866.667,-9.860317,3.131746
14883.333,-9.887301,3.1646826
14900.0,-9.8714285,3.1785715
14916.667,-9.855556,3.1924603
14933.333,-9.798412,3.1825397
14950.0,-9.730952,3.1666667
14966.667,-9.708333,3.163889
14983.333,-9.752976,3.180754
15000.0,-9.797619,3.197619
15016.667,-9.842262,3.15
15033.333,-9.886905,3.102381
15050.0,-9.907143,3.0142858
15066.667,-9.911111,2.8992064
15083.333,-9.910714,2.794643
15100.0,-9.892858,2.732143
15116.667,-9.875,2.669643
15133.333,-9.8412695,2.5984128
15150.0,-9.803572,2.525
15166.667,-9.776984,2.4690475
15183.333,-9.767063,2.4392858
15200.0,-9.757143,2.4095237
15216.667,-9.739285,2.365873
15233.333,-9.721429,2.3222222
15250.0,-9.714286,2.2988095
15266.667,-9.714286,2.288889
15283.333,-9.706746,2.2876985
15300.0,-9.669047,2.3214285
15316.667,-9.63135,2.3551588
15333.333,-9.649206,2.2714286
15350.0,-9.680952,2.1583333
15366.667,-9.768254,1.7357143
15383.333,-9.938889,0.84880954
15400.0,-10.109524,-0.03809524
15416.667,-10.137301,-0.05595238
15433.333,-10.165079,-0.07380953
15450.0,-10.179167,-0.083333336
15466.667,-10.184127,-0.08730159
15483.333,-10.181547,-0.1015873
15500.0,-10.148809,-0.15714286
15516.667,-10.116072,-0.21269841
15533.333,-10.077778,-0.25873017
15550.0,-10.038095,-0.30238095
15566.667,-9.992857,-0.32777777
15583.333,-9.939285,-0.32579365
15600.0,-9.885715,-0.32380953
15616.667,-9.851984,-2.0857143
15633.333,-9.8182535,-3.847619
15650.0,-9.626785,-5.1208334
15666.667,-9.330159,-6.068254
15683.333,-9.098214,-6.825992
15700.0,-9.125,-6.825
15716.667,-9.151786,-6.824008
15733.333,-9.134921,-6.843651
15750.0,-9.107142,-6.8684525
15766.667,-9.088889,-6.838492
15783.333,-9.084921,-6.726389
15800.0,-9.080953,-6.614286
15816.667,-9.104762,-6.445635
15833.333,-9.1285715,-6.276984
15850.0,-9.151191,-6.117857
15866.667,-9.173016,-5.9650793
15883.333,-9.195238,-5.8
15900.0,-9.219048,-5.5857143
15916.667,-9.242857,-5.3714285
15933.333,-9.239682,-5.1444445
15950.0,-9.229762,-4.9142857
15966.667,-9.011905,-3.9047618
15983.333,-8.482142,-1.7261904
16000.0,-7.952381,0.45238096
16016.667,-7.984127,0.53968257
16033.333,-8.015873,0.6269841
16050.0,-8.029762,0.7095238
16066.667,-8.031746,0.7888889
16083.333,-8.028174,0.86388886
16100.0,-8.002381,0.92142856
16116.667,-7.9765873,0.97896826
16133.333,-7.963492,1.0150794
16150.0,-7.9535713,1.0458333
16166.667,-7.949603,1.0503968
16183.333,-7.9545636,1.0156746
16200.0,-7.9595237,0.9809524
16216.667,-7.940675,0.98888886
16233.333,-7.9218254,0.9968254
16250.0,-7.9071426,0.95357144
16266.667,-7.895238,0.8761905
16283.333,-8.313293,0.31170633
16300.0,-10.451191,-2.2011905
16316.667,-12.5890875,-4.7140875
16333.333,-13.244445,-5.701587
16350.0,-13.529166,-6.3077383
16366.667,-13.950397,-6.984127
16383.333,-14.576389,-7.765873
16400.0,-15.202381,-8.547619
16416.666,-15.209326,-8.660714
16433.334,-15.2162695,-8.773809
16450.0,-15.226191,-8.797619
16466.666,-15.238095,-8.761905
16483.334,-15.238889,-8.736111
16500.0,-15.195238,-8.75
16516.666,-15.1515875,-8.763889
16533.334,-15.131746,-8.7952385
16550.0,-15.117857,-8.830953
16566.666,-15.088889,-8.8785715
16583.334,-15.037302,-8.944048
16600.0,-14.985714,-9.009523
16616.666,-14.962897,-8.942063
16633.334,-14.94008,-8.874603
16650.0,-14.694643,-9.065476
16666.666,-14.300794,-9.428572
16683.334,-13.99246,-9.70873
16700.0,-14.026191,-9.657143
16716.666,-14.05992,-9.605556
16733.334,-14.079365,-9.563492
16750.0,-14.095238,-9.523809
16766.666,-14.099206,-9.505555
16783.334,-14.085318,-9.519444
16800.0,-14.071428,-9.533334
16816.666,-14.05754,-9.563095
16833.334,-14.043651,-9.592857
16850.0,-12.716666,-7.8714285
16866.666,-10.514286,-4.9825397
16883.334,-8.751587,-2.6460319
16900.0,-8.747619,-2.5190477
16916.666,-8.74365,-2.3920634
16933.334,-8.701588,-2.352381
16950.0,-8.65,-2.334524
16966.666,-8.615079,-2.3285713
16983.334,-8.605159,-2.3404763
17000.0,-8.595238,-2.352381
17016.666,-8.595238,-2.3484128
17033.334,-8.595238,-2.3444445
17050.0,-8.590476,-2.3488095
17066.666,-8.58254,-2.35873
17083.334,-8.572222,-2.3805556
17100.0,-8.552381,-2.45
17116.666,-8.532539,-2.5194445
17133.334,-8.511111,-2.574603
17150.0,-8.489285,-2.6261904
17166.666,-8.473809,-2.6579366
17183.334,-8.467857,-2.6599207
17200.0,-8.461905,-2.6619048
17216.666,-8.418254,-2.634127
17233.334,-8.374603,-2.6063492
17250.0,-8.359524,-2.5964286
17266.666,-8.363492,-2.5984128
17283.334,-8.413492,-2.8083334
17300.0,-8.647619,-3.85
17316.666,-8.881746,-4.891667
17333.334,-8.938095,-5.1944447
17350.0,-8.95,-5.3125
17366.666,-8.963492,-5.4281745
17383.334,-8.979365,-5.540278
17400.0,-8.995238,-5.652381
17416.666,-9.007143,-5.703968
17433.334,-9.019048,-5.7555556
17450.0,-9.023809,-5.785714
17466.666,-9.023809,-5.801587
17483.334,-9.023016,-5.815079
17500.0,-9.019048,-5.8190475
17516.666,-9.0150795,-5.8230157
17533.334,-9.023809,-5.7285714
17550.0,-9.035714,-5.609524
17566.666,-9.172222,-4.6555557
17583.334,-9.495635,-2.4492064
17600.0,-9.819048,-0.24285714
17616.666,-9.866667,-0.056349207
17633.334,-9.914286,0.13015874
17650.0,-9.884523,0.25119048
17666.666,-9.803175,0.32857144
17683.334,-9.749207,0.3968254
17700.0,-9.804762,0.42857143
17716.666,-9.860317,0.46031746
17733.334,-9.861905,0.47301587
17750.0,-9.85,0.48095238
17766.666,-9.826191,0.41944444
17783.334,-9.784524,0.25376984
17800.0,-9.742857,0.08809524
17816.666,-9.524603,-0.22242063
17833.334,-9.306349,-0.5329365
17850.0,-9.215476,-0.66190475
17866.666,-9.209524,-0.6698413
17883.334,-9.218651,-0.66944444
17900.0,-9.288095,-0.6357143
17916.666,-9.35754,-0.60198414
17933.334,-9.393651,-0.5809524
17950.0,-9.421429,-0.5630952
17966.666,-9.44246,-0.5388889
17983.334,-9.453373,-0.5051587
18000.0,-9.464286,-0.47142857
18016.666,-9.550595,-0.40992063
18033.334,-9.636905,-0.3484127
18050.0,-9.692857,-0.32380953
18066.666,-9.728572,-0.32380953
18083.334,-9.755555,-0.33531746
18100.0,-9.747619,-0.39285713
18116.666,-9.739682,-0.45039684
18133.334,-9.755555,-0.51349205
18150.0,-9.777381,-0.57797617
18166.666,-9.796825,-0.63412696
18183.334,-9.812698,-0.67777777
18200.0,-9.828571,-0.7214286
18216.666,-9.911904,-0.7204365
18233.334,-9.995238,-0.71944445
18250.0,-10.044047,-0.70238096
18266.666,-10.069841,-0.67460316
18283.334,-10.093056,-0.64920634
18300.0,-10.105952,-0.6333333
18316.666,-10.118849,-0.6174603
18333.334,-10.131746,-0.60634923
18350.0,-10.144643,-0.5964286
18366.666,-10.154762,-0.5936508
18383.334,-10.160714,-0.6015873
18400.0,-10.166667,-0.60952383
18416.666,-10.154762,-0.6402778
18433.334,-10.142858,-0.6710318
18450.0,-10.142858,-0.6767857
18466.666,-10.150794,-0.665873
18483.334,-10.160317,-0.65753967
18500.0,-10.17619,-0.6595238
18516.666,-10.192063,-0.66150796
18533.334,-9.396031,-0.025396826
18550.0,-8.397024,0.7702381
18566.666,-7.8075395,1.2460318
18583.334,-7.832341,1.2420635
18600.0,-7.857143,1.2380953
18616.666,-7.843254,1.2261904
18633.334,-7.8293653,1.2142857
18650.0,-7.8178573,1.2166667
18666.666,-7.8079367,1.2285714
18683.334,-7.798016,1.2353175
18700.0,-7.7880955,1.2214285
18716.666,-7.7781744,1.2075397
18733.334,-7.768254,1.2111111
18750.0,-7.758333,1.2190477
18766.666,-7.75,1.2380953
18783.334,-7.7440476,1.2738096
18800.0,-7.7380953,1.3095238
18816.666,-8.561508,0.86904764
18833.334,-9.384921,0.42857143
18850.0,-9.730952,0.22857143
18866.666,-9.75873,0.18888889
18883.334,-9.794444,0.14722222
18900.0,-9.861905,0.09761905
18916.666,-9.929365,0.048015874
18933.334,-9.925397,-0.011111111
18950.0,-9.903571,-0.07261905
18966.666,-9.875397,-0.102380954
18983.334,-9.837698,-0.08452381
19000.0,-9.8,-0.06666667
19016.666,-9.815873,-0.023015874
19033.334,-9.831746,0.020634921
19050.0,-9.879167,0.03511905
19066.666,-9.947619,0.03015873
19083.334,-10.001389,0.018055556
19100.0,-9.9964285,-0.022619048
19116.666,-9.991468,-0.06329365
19133.334,-9.980952,-0.08492064
19150.0,-9.969048,-0.10178571
19166.666,-9.961905,-0.09642857
19183.334,-9.961905,-0.057738096
19200.0,-9.961905,-0.01904762
19216.666,-9.965873,-0.0091269845
19233.334,-9.969841,0.0007936508
19250.0,-10.150596,-0.697619
19266.666,-10.449206,-1.868254
19283.334,-10.697421,-2.8051586
19300.0,-10.744047,-2.807143
19316.666,-10.790674,-2.809127
19333.334,-10.784127,-2.8301587
19350.0,-10.764286,-2.8559523
19366.666,-10.744047,-2.8757937
19383.334,-10.723214,-2.8867064
19400.0,-10.702381,-2.897619
19416.666,-10.727182,-2.9720237
19433.334,-10.751985,-3.0464287
19450.0,-10.742857,-3.070238
19466.666,-10.711111,-3.0603175
19483.334,-10.685715,-3.0488095
19500.0,-10.685715,-3.0309525
19516.666,-10.685715,-3.0130951
19533.334,-10.636508,-2.9896824
19550.0,-10.575,-2.964881
19566.666,-10.509523,-2.9654763
19583.334,-10.438095,-3.0041666
19600.0,-10.366667,-3.0428572
19616.666,-10.350794,-3.1142857
19633.334,-10.334921,-3.1857142
19650.0,-10.348809,-3.2166667
19666.666,-10.38254,-3.220635
19683.334,-10.406746,-3.2246032
19700.0,-10.392858,-3.2285714
19716.666,-10.378968,-3.2325397
19733.334,-9.887301,-3.5063493
19750.0,-9.276191,-3.847619
19766.666,-8.906349,-4.0674605
19783.334,-8.898413,-4.105159
19800.0,-8.890476,-4.142857
19816.666,-8.914286,-4.1011906
19833.334,-8.938095,-4.0595236
19850.0,-8.92619,-4.025
19866.666,-8.890476,-3.995238
19883.334,-8.860317,-3.9761906
19900.0,-8.852381,-4.0
19916.666,-8.844444,-4.0238094
19933.334,-8.838096,-4.0404763
19950.0,-8.832143,-4.055357
19966.666,-8.822222,-4.06627
19983.334,-8.806349,-4.07123
20000.0,-8.790476,-4.0761905
20016.666,-8.778571,-4.0742064
20033.334,-8.766666,-4.072222
20050.0,-8.755357,-4.0833335
20066.666,-8.744445,-4.1031747
20083.334,-8.723016,-4.117857
20100.0,-8.659524,-4.1119046
20116.666,-8.596032,-4.1059523
20133.334,-8.536508,-4.1253967
20150.0,-8.477976,-4.1511903
20166.666,-8.425397,-4.173016
20183.334,-8.381746,-4.188889
20200.0,-8.338096,-4.204762
20216.666,-8.282539,-4.20873
20233.334,-8.226984,-4.2126985
20250.0,-8.207143,-4.242857
20266.666,-8.211111,-4.2904763
20283.334,-8.214683,-4.3287697
20300.0,-8.216666,-4.329762
20316.666,-8.218651,-4.330754
20333.334,-8.214286,-4.322222
20350.0,-8.208333,-4.3113093
20366.666,-8.188095,-4.3420634
20383.334,-8.146428,-4.4353175
20400.0,-8.104762,-4.5285716
20416.666,-8.10873,-4.586111
20433.334,-8.112699,-4.643651
20450.0,-8.119047,-4.695238
20466.666,-8.126985,-4.742857
20483.334,-8.1285715,-4.7841268
20500.0,-8.104762,-4.8
20516.666,-8.080953,-4.815873
20533.334,-8.0452385,-4.8428574
20550.0,-8.006548,-4.872619
20566.666,-7.9710317,-4.9126983
20583.334,-7.9402776,-4.968254
20600.0,-7.909524,-5.0238094
20616.666,-7.885714,-5.095238
20633.334,-7.8619046,-5.1666665
20650.0,-7.8464284,-5.132143
20666.666,-7.836508,-5.026984
20683.334,-7.814484,-4.927778
20700.0,-7.7440476,-4.8523808
20716.666,-7.673611,-4.776984
20733.334,-7.600794,-4.8
20750.0,-7.527381,-4.847619
20766.666,-7.4607143,-4.9007936
20783.334,-7.4041667,-4.9623017
20800.0,-7.347619,-5.0238094
20816.666,-7.2930555,-5.03373
20833.334,-7.238492,-5.0436506
20850.0,-6.801786,-5.455952
20866.666,-6.110317,-6.136508
20883.334,-5.5333333,-6.679365
20900.0,-5.4142857,-6.6714287
20916.666,-5.295238,-6.663492
20933.334,-5.252381,-6.604762
20950.0,-5.2285714,-6.5333333
20966.666,-5.2285714,-6.5333333
20983.334,-5.2285714,-6.5333333
