0.0,-6.8761907,-4.5571427
16.666666,-6.8920636,-4.5482144
33.333332,-6.9079366,-4.5392857
50.0,-6.9154763,-4.544643
66.666664,-6.9174604,-4.5595236
83.333336,-6.9206347,-4.5757937
100.0,-6.928571,-4.597619
116.666664,-6.9365077,-4.6194444
133.33333,-6.938095,-4.633333
150.0,-6.938095,-4.645238
166.66667,-6.9420633,-4.642857
183.33333,-6.951984,-4.6190476
200.0,-6.9619045,-4.595238
216.66667,-7.0055556,-4.623016
233.33333,-7.0492063,-4.6507936
250.0,-7.05,-4.6821427
266.66666,-7.022222,-4.7158732
283.33334,-6.9825397,-4.743651
300.0,-6.895238,-4.747619
316.66666,-6.8079367,-4.7515874
333.33334,-6.7222223,-4.7944446
350.0,-6.6369047,-4.847024
366.66666,-6.5690475,-4.8710318
383.33334,-6.527381,-4.8521824
400.0,-6.4857144,-4.8333335
416.66666,-7.100794,-6.5059524
433.33334,-7.7158732,-8.178572
450.0,-8.106547,-9.095834
466.66666,-8.347619,-9.509523
483.33334,-8.530357,-9.833928
500.0,-8.479762,-9.80119
516.6667,-8.429167,-9.768453
533.3333,-8.395238,-9.757143
550.0,-8.365477,-9.75119
566.6667,-8.353174,-9.747222
583.3333,-8.3670635,-9.74623
600.0,-8.380953,-9.745238
616.6667,-8.386905,-9.799802
633.3333,-8.392858,-9.854365
650.0,-8.416072,-9.875
666.6667,-8.450793,-9.873015
683.3333,-8.484722,-9.858334
700.0,-8.515476,-9.792857
716.6667,-8.54623,-9.727381
733.3333,-8.547619,-9.7349205
750.0,-8.541667,-9.760715
766.6667,-8.538095,-9.774206
783.3333,-8.538095,-9.769246
800.0,-8.538095,-9.764286
816.6667,-7.911111,-8.29504
833.3333,-7.2841268,-6.8257937
850.0,-7.0464287,-6.222619
866.6667,-7.068254,-6.1968255
883.3333,-7.0873017,-6.1769843
900.0,-7.095238,-6.1809525
916.6667,-7.1031747,-6.184921
933.3333,-7.126984,-6.168254
950.0,-7.154762,-6.1464286
966.6667,-7.195238,-6.095238
983.3333,-7.2547617,-6.0
1000.0,-7.3142858,-5.904762
1016.6667,-7.365873,-5.8511906
1033.3334,-7.4174604,-5.797619
1050.0,-7.464286,-5.702381
1066.6666,-7.5079365,-5.5793653
1083.3334,-7.5464287,-5.473016
1100.0,-7.5642858,-5.4333334
1116.6666,-7.582143,-5.393651
1133.3334,-7.6238093,-5.3650794
1150.0,-7.6714287,-5.339286
1166.6666,-7.7031746,-5.3031745
1183.3334,-7.711111,-5.2515874
1200.0,-7.7190475,-5.2
1216.6666,-7.6992064,-5.0908732
1233.3334,-7.679365,-4.981746
1250.0,-8.275596,-5.570833
1266.6666,-9.282539,-6.6253967
1283.3334,-10.083531,-7.474405
1300.0,-10.060715,-7.5011907
1316.6666,-10.037897,-7.527976
1333.3334,-10.020635,-7.5047617
1350.0,-10.004762,-7.4690475
1366.6666,-9.994445,-7.438095
1383.3334,-9.99246,-7.4142857
1400.0,-9.990477,-7.390476
1416.6666,-9.9964285,-7.3825397
1433.3334,-10.002381,-7.3746033
1450.0,-9.978572,-7.410119
1466.6666,-9.93492,-7.474603
1483.3334,-9.8900795,-7.5291667
1500.0,-9.840476,-7.544048
1516.6666,-9.790873,-7.5589285
1533.3334,-9.739682,-7.6238093
1550.0,-9.688095,-7.7011905
1566.6666,-10.210318,-7.702381
1583.3334,-11.593254,-7.589286
1600.0,-12.976191,-7.4761906
1616.6666,-13.518849,-7.3115077
1633.3334,-14.061508,-7.1468253
1650.0,-14.245833,-7.1303573
1666.6666,-14.19127,-7.2126985
1683.3334,-14.146428,-7.288294
1700.0,-14.140476,-7.3369045
1716.6666,-14.134523,-7.3855157
1733.3334,-14.144444,-7.384127
1750.0,-14.158334,-7.3702383
1766.6666,-14.164286,-7.3468256
1783.3334,-14.158334,-7.309127
1800.0,-14.152381,-7.2714286
1816.6666,-14.174207,-7.2535715
1833.3334,-14.196032,-7.2357144
1850.0,-14.214286,-7.2119045
1866.6666,-14.230159,-7.184127
1883.3334,-14.251587,-7.138492
1900.0,-14.2952385,-7.0214286
1916.6666,-14.338889,-6.904365
1933.3334,-14.38254,-6.869841
1950.0,-14.42619,-6.8559523
1966.6666,-14.469444,-6.843651
1983.3334,-14.512103,-6.83373
2000.0,-14.554762,-6.8238096
2016.6666,-12.502183,-5.047024
2033.3334,-10.449603,-3.2702382
2050.0,-9.554762,-2.4267857
2066.6667,-9.4317465,-2.2055554
2083.3333,-9.338889,-2.0257936
2100.0,-9.366667,-2.0119047
2116.6667,-9.394444,-1.9980159
2133.3333,-9.4,-1.9952381
2150.0,-9.4,-1.9952381
2166.6667,-9.4087305,-1.9912698
2183.3333,-9.430555,-1.9813492
2200.0,-9.452381,-1.9714285
2216.6667,-9.416667,-1.884127
2233.3333,-9.380953,-1.7968254
2250.0,-9.369047,-1.775
2266.6667,-9.373015,-1.7968254
2283.3333,-9.375793,-1.809127
2300.0,-9.37381,-1.7833333
2316.6667,-9.371825,-1.7575396
2333.3333,-9.338096,-1.7444445
2350.0,-9.296429,-1.7345238
2366.6667,-9.273016,-1.7452381
2383.3333,-9.276984,-1.7869048
2400.0,-9.280952,-1.8285714
2416.6667,-9.70754,-2.2789683
2433.3333,-10.134127,-2.729365
2450.0,-10.305952,-2.9345238
2466.6667,-10.307937,-2.9761906
2483.3333,-10.313492,-3.0186508
2500.0,-10.333333,-3.0642858
2516.6667,-10.353174,-3.1099207
2533.3333,-10.353969,-3.1222222
2550.0,-10.35,-3.1261904
2566.6667,-10.357937,-3.113492
2583.3333,-10.38373,-3.0757937
2600.0,-10.409524,-3.0380952
2616.6667,-10.482937,-4.131349
2633.3333,-10.556349,-5.224603
2650.0,-10.55,-5.6833334
2666.6667,-10.490477,-5.7190475
2683.3333,-10.44127,-5.745635
2700.0,-10.433333,-5.7357144
2716.6667,-10.425397,-5.725794
2733.3333,-10.420635,-5.7190475
2750.0,-10.416667,-5.713095
2766.6667,-10.418254,-5.7063494
2783.3333,-10.428175,-5.698413
2800.0,-10.438095,-5.6904764
2816.6667,-10.458928,-5.6706347
2833.3333,-10.479762,-5.6507936
2850.0,-10.481547,-5.634524
2866.6667,-10.470634,-5.620635
2883.3333,-10.456746,-5.6079364
2900.0,-10.430952,-5.6
2916.6667,-10.405159,-5.5920634
2933.3333,-10.4,-5.5825396
2950.0,-10.4,-5.572619
2966.6667,-10.396826,-5.5531745
2983.3333,-10.388889,-5.5194445
3000.0,-10.380953,-5.4857144
3016.6667,-10.339286,-5.4460316
3033.3333,-10.297619,-5.406349
3050.0,-10.280952,-5.358333
3066.6667,-10.280952,-5.304762
3083.3333,-10.282539,-5.2579365
3100.0,-10.290476,-5.2380953
3116.6667,-10.298412,-5.218254
3133.3333,-9.719048,-4.7873015
3150.0,-8.992857,-4.2535715
3166.6667,-8.557143,-3.9075396
3183.3333,-8.557143,-3.8430555
3200.0,-8.557143,-3.7785714
3216.6667,-8.588889,-3.7121031
3233.3333,-8.620635,-3.645635
3250.0,-8.638095,-3.5952382
3266.6667,-8.646031,-3.5555556
3283.3333,-8.650794,-3.5190477
3300.0,-8.642858,-3.495238
3316.6667,-8.634921,-3.4714286
3333.3333,-8.630158,-3.447619
3350.0,-8.62619,-3.4238095
3366.6667,-8.624603,-3.4015872
3383.3333,-8.626587,-3.381746
3400.0,-8.6285715,-3.3619049
3416.6667,-8.616667,-3.3559523
3433.3333,-8.604762,-3.35
3450.0,-8.588096,-3.3541667
3466.6667,-8.5682535,-3.3650794
3483.3333,-8.547222,-3.3773808
3500.0,-8.521428,-3.3952382
3516.6667,-8.495635,-3.4130952
3533.3333,-8.473016,-3.4396825
3550.0,-8.451191,-3.4684525
3566.6667,-8.446032,-3.4912698
3583.3333,-8.465873,-3.5051587
3600.0,-8.485714,-3.5190477
3616.6667,-8.50258,-3.5200398
3633.3333,-8.519444,-3.5210319
3650.0,-8.527976,-3.514881
3666.6667,-8.530952,-3.5039682
3683.3333,-8.530952,-3.4896824
3700.0,-8.519048,-3.4619048
3716.6667,-8.507143,-3.434127
3733.3333,-8.50635,-3.4285715
3750.0,-8.508333,-3.4285715
3766.6667,-8.5150795,-3.4293652
3783.3333,-8.528968,-3.4313493
3800.0,-8.542857,-3.4333334
3816.6667,-8.546825,-3.4214287
3833.3333,-8.550794,-3.4095237
3850.0,-8.540476,-3.3892858
3866.6667,-8.520635,-3.363492
3883.3333,-8.499207,-3.3440475
3900.0,-8.471429,-3.35
3916.6667,-8.443651,-3.3559523
3933.3333,-8.4317465,-3.3015873
3950.0,-8.423809,-3.232143
3966.6667,-8.423809,-3.195238
3983.3333,-8.435715,-3.2071428
4000.0,-8.447619,-3.2190475
4016.6667,-8.468452,-3.2488096
4033.3333,-8.489285,-3.2785714
4050.0,-8.504167,-3.2785714
4066.6667,-8.5150795,-3.2587302
4083.3333,-8.521826,-3.2376983
4100.0,-8.511905,-3.2119048
4116.6665,-8.501985,-3.1861112
4133.3335,-8.501587,-3.1777778
4150.0,-8.5035715,-3.1738095
4166.6665,-8.563889,-3.1003969
4183.3335,-8.711706,-2.9228175
4200.0,-8.859524,-2.745238
4216.6665,-8.655119,-2.3988888
4233.3335,-8.450714,-2.0525396
4250.0,-8.246309,-1.7061905
4266.6665,-8.041904,-1.3598412
4283.3335,-7.8375,-1.0134921
4300.0,-7.6330953,-0.66714287
4316.6665,-7.4286904,-0.32079366
4333.3335,-7.2242856,0.025555555
4350.0,-7.019881,0.37190476
4366.6665,-6.8154764,0.71825397
4383.3335,-6.866071,-0.9980159
4400.0,-6.9166665,-2.7142856
4416.6665,-7.060516,-2.2242064
4433.3335,-7.2043653,-1.7341269
4450.0,-7.259524,-1.5571429
4466.6665,-7.2555556,-1.5888889
4483.3335,-7.256746,-1.6206349
4500.0,-7.2785716,-1.652381
4516.6665,-7.300397,-1.684127
4533.3335,-7.301587,-1.6603174
4550.0,-7.297619,-1.622619
4566.6665,-7.279365,-2.2650793
4583.3335,-7.2396827,-3.9277778
4600.0,-7.2,-5.590476
4616.6665,-7.1146827,-7.0964284
4633.3335,-7.029365,-8.602381
4650.0,-7.0065475,-9.222619
4666.6665,-7.025397,-9.252381
4683.3335,-7.031151,-9.2765875
4700.0,-6.984524,-9.278571
4716.6665,-6.9378967,-9.280556
4733.3335,-6.919048,-9.274603
4750.0,-6.9071426,-9.266666
4766.6665,-6.9071426,-9.257143
4783.3335,-6.925,-9.245238
4800.0,-6.9428573,-9.233334
4816.6665,-6.9428573,-9.211508
4833.3335,-6.9428573,-9.189683
4850.0,-6.945238,-9.1702385
4866.6665,-6.9492064,-9.152381
4883.3335,-6.954762,-9.133333
4900.0,-6.9666667,-9.109524
4916.6665,-6.9785714,-9.085714
4933.3335,-6.9460316,-9.119047
4950.0,-6.902381,-9.166667
4966.6665,-6.866667,-9.179365
4983.3335,-6.8428574,-9.139683
5000.0,-6.8190475,-9.1
5016.6665,-6.804167,-8.911508
5033.3335,-6.7892857,-8.723016
5050.0,-6.9255953,-6.320238
5066.6665,-7.1626983,-2.4412699
5083.3335,-7.348016,0.68015873
5100.0,-7.3261905,0.7714286
5116.6665,-7.304365,0.86269844
5133.3335,-7.3,0.81984127
5150.0,-7.3,0.74345237
5166.6665,-7.3007936,0.66785717
5183.3335,-7.302778,0.5934524
5200.0,-7.304762,0.5190476
5216.6665,-7.306746,0.4595238
5233.3335,-7.30873,0.4
5250.0,-7.2964287,0.31130952
5266.6665,-7.2746034,0.2031746
5283.3335,-7.248611,0.10456349
5300.0,-7.205952,0.04404762
5316.6665,-7.163294,-0.016468255
5333.3335,-7.1571426,-0.026984127
5350.0,-7.160119,-0.025
5366.6665,-7.4242063,-0.083333336
5383.3335,-8.07996,-0.23214285
5400.0,-8.735714,-0.3809524
5416.6665,-8.782341,-0.3611111
5433.3335,-8.828968,-0.34126985
5450.0,-8.822619,-0.32142857
5466.6665,-8.780952,-0.3015873
5483.3335,-8.74365,-0.28055555
5500.0,-8.723809,-0.2547619
5516.6665,-8.703968,-0.22896825
5533.3335,-8.663492,-0.18730159
5550.0,-8.617857,-0.14166667
5566.6665,-8.612699,-0.09007937
5583.3335,-8.668254,-0.029563492
5600.0,-8.723809,0.030952381
5616.6665,-8.656588,-0.08603174
5633.3335,-8.589365,-0.20301588
5650.0,-8.522142,-0.32
5666.6665,-8.454921,-0.43698412
5683.3335,-8.387698,-0.55396825
5700.0,-8.320477,-0.6709524
5716.6665,-8.253254,-0.7879365
5733.3335,-8.186031,-0.90492064
5750.0,-8.11881,-1.0219047
5766.6665,-8.051587,-1.1388888
5783.3335,-8.121032,-1.0218254
5800.0,-8.190476,-0.9047619
5816.6665,-8.224206,-0.86706346
5833.3335,-8.2579365,-0.8293651
5850.0,-8.32381,-0.82857144
5866.6665,-8.411111,-0.85238093
5883.3335,-8.493849,-0.87539685
5900.0,-8.558333,-0.8952381
5916.6665,-8.622817,-0.91507936
5933.3335,-8.68254,-0.915873
5950.0,-8.741072,-0.91190475
5966.6665,-8.788889,-0.9031746
5983.3335,-8.820635,-0.88730156
6000.0,-8.852381,-0.87142855
6016.6665,-8.810715,-0.8952381
6033.3335,-8.769048,-0.9190476
6050.0,-8.758333,-0.95238096
6066.6665,-8.768254,-0.99206346
6083.3335,-8.773809,-1.022619
6100.0,-8.761905,-1.0166667
6116.6665,-8.75,-1.0107143
6133.3335,-8.740477,-1.0158731
6150.0,-8.731547,-1.0238096
6166.6665,-7.690873,-1.2349206
6183.3335,-5.1025796,-1.7507937
6200.0,-2.5142858,-2.2666667
6216.6665,-2.4478176,-2.3132937
6233.3335,-2.3813493,-2.3599207
6250.0,-2.3541667,-2.4077382
6266.6665,-2.3531747,-2.4563491
6283.3335,-2.3458333,-2.515873
6300.0,-2.3130953,-2.6190476
6316.6665,-2.2803571,-2.7222223
6333.3335,-2.2539682,-2.7603176
6350.0,-2.2291667,-2.7821429
6366.6665,-2.2194445,-2.795238
6383.3335,-2.2323413,-2.795238
6400.0,-2.245238,-2.795238
6416.6665,-2.210516,-2.776389
6433.3335,-2.1757936,-2.7575397
6450.0,-2.147619,-2.7934523
6466.6665,-2.1238096,-2.865873
6483.3335,-2.090873,-2.9345238
6500.0,-2.0214286,-2.9880953
6516.6665,-1.9519842,-3.0416667
6533.3335,-3.0777779,-2.2492063
6550.0,-4.502381,-1.2452381
6566.6665,-5.3809524,-0.61388886
6583.3335,-5.4404764,-0.54146826
6600.0,-5.5,-0.4690476
6616.6665,-5.486111,-0.56527776
6633.3335,-5.4722223,-0.66150796
6650.0,-5.4428573,-0.76547617
6666.6665,-5.4031744,-0.87460315
6683.3335,-5.368254,-0.98769844
6700.0,-5.3523808,-1.1166667
6716.6665,-5.336508,-1.2456349
6733.3335,-5.3492064,-1.3126984
6750.0,-5.3690476,-1.3642857
6766.6665,-5.3761907,-1.4230158
6783.3335,-5.364286,-1.4924604
6800.0,-5.3523808,-1.5619048
6816.6665,-5.36627,-1.6690476
6833.3335,-5.380159,-1.7761905
6850.0,-5.395238,-1.8559524
6866.6665,-5.411111,-1.9174603
6883.3335,-5.426587,-1.9728174
6900.0,-5.4404764,-2.0035715
6916.6665,-5.4543653,-2.0343254
6933.3335,-7.1285715,-1.7238095
6950.0,-9.217857,-1.3279762
6966.6665,-10.470634,-1.1103175
6983.3335,-10.468651,-1.1599207
7000.0,-10.466666,-1.2095238
7016.6665,-10.450793,-1.3236111
7033.3335,-10.43492,-1.4376984
7050.0,-10.45,-1.4946429
7066.6665,-10.485714,-1.5134921
7083.3335,-10.521826,-1.5384921
7100.0,-10.559524,-1.5880952
7116.6665,-10.597222,-1.6376984
7133.3335,-10.595238,-1.6428572
7150.0,-10.583333,-1.6369047
7166.6665,-10.587301,-1.615873
7183.3335,-10.615079,-1.5722222
7200.0,-10.642858,-1.5285715
7216.6665,-10.659722,-1.4472222
7233.3335,-10.676587,-1.365873
7250.0,-10.673214,-1.2809523
7266.6665,-10.656349,-1.1936508
7283.3335,-10.623015,-1.1305555
7300.0,-10.523809,-1.1642857
7316.6665,-10.424603,-1.1980159
7333.3335,-8.500793,-2.613492
7350.0,-6.1208334,-4.374405
7366.6665,-4.6599207,-5.472619
7383.3335,-4.5775795,-5.5767856
7400.0,-4.4952383,-5.6809525
7416.6665,-4.5170636,-5.7484126
7433.3335,-4.538889,-5.815873
7450.0,-4.542857,-5.8738093
7466.6665,-4.5349207,-5.925397
7483.3335,-4.5353174,-5.974603
7500.0,-4.5690475,-6.0142856
7516.6665,-4.602778,-6.0539684
7533.3335,-4.5968256,-6.226984
7550.0,-4.580952,-6.4333334
7566.6665,-4.5761905,-6.7714286
7583.3335,-4.588095,-7.3071427
7600.0,-4.6,-7.8428574
7616.6665,-4.5761905,-7.890476
7633.3335,-4.552381,-7.938095
7650.0,-4.5559525,-7.9880953
7666.6665,-4.577778,-8.039682
7683.3335,-4.5940475,-8.080953
7700.0,-4.588095,-8.080953
7716.6665,-4.582143,-8.080953
7733.3335,-4.5857143,-8.0
7750.0,-4.5916667,-7.8988094
7766.6665,-4.588095,-7.766667
7783.3335,-4.570238,-7.588095
7800.0,-4.552381,-7.409524
7816.6665,-4.6079364,-7.3103175
7833.3335,-4.663492,-7.211111
7850.0,-4.7119045,-7.145238
7866.6665,-4.7555556,-7.1015873
7883.3335,-4.798016,-7.063889
7900.0,-4.8357143,-7.05
7916.6665,-4.8734126,-7.036111
7933.3335,-4.925397,-7.0150795
7950.0,-4.9809523,-6.992262
7966.6665,-5.0464287,-6.9448414
7983.3335,-5.1267858,-6.860516
8000.0,-5.207143,-6.7761903
8016.6665,-5.2775793,-6.734524
8033.3335,-5.348016,-6.6928573
8050.0,-5.4214287,-6.6761904
8066.6665,-5.496825,-6.6761904
8083.3335,-5.5724206,-6.6789684
8100.0,-5.6488094,-6.6928573
8116.6665,-5.7251983,-6.706746
8133.3335,-7.2238097,-5.026984
8150.0,-9.077976,-2.9238095
8166.6665,-10.268254,-1.5611111
8183.3335,-10.462698,-1.309127
8200.0,-10.657143,-1.0571429
8216.667,-10.739484,-1.122619
8233.333,-10.821825,-1.1880952
8250.0,-10.8625,-1.2672619
8266.667,-10.875397,-1.3555555
8283.333,-10.890476,-1.4343253
8300.0,-10.914286,-1.475
8316.667,-10.938095,-1.5156746
8333.333,-10.962698,-1.5333333
8350.0,-10.9875,-1.5452381
8366.667,-11.017858,-1.5531746
8383.333,-11.056547,-1.5551587
8400.0,-11.095238,-1.5571429
8416.667,-11.144841,-1.543254
8433.333,-11.194445,-1.5293651
8450.0,-11.207143,-1.5190476
8466.667,-11.195238,-1.5111111
8483.333,-11.189683,-1.505754
8500.0,-11.209524,-1.5107143
8516.667,-11.229365,-1.5156746
8533.333,-11.247619,-1.4952381
8550.0,-11.265476,-1.4684523
8566.667,-11.296825,-1.4222223
8583.333,-11.3484125,-1.3468254
8600.0,-11.4,-1.2714286
8616.667,-11.445635,-1.2019842
8633.333,-11.49127,-1.1325396
8650.0,-11.532143,-1.0642858
8666.667,-11.569841,-0.9968254
8683.333,-11.615873,-0.9071429
8700.0,-11.695238,-0.7285714
8716.667,-11.774603,-0.55
8733.333,-11.695238,-0.52488095
8750.0,-11.615873,-0.4997619
8766.667,-11.536508,-0.47464284
8783.333,-11.457143,-0.4495238
8800.0,-11.377778,-0.42440477
8816.667,-11.298412,-0.3992857
8833.333,-11.219048,-0.37416667
8850.0,-11.139683,-0.34904763
8866.667,-11.060317,-0.32392856
8883.333,-10.980952,-0.29880953
8900.0,-11.004762,0.4690476
8916.667,-11.028571,1.2369047
8933.333,-10.988889,1.3650794
8950.0,-10.933333,1.3333334
8966.667,-10.869047,1.3404762
8983.333,-10.791667,1.4059523
9000.0,-10.714286,1.4714285
9016.667,-10.686508,1.5210317
9033.333,-10.6587305,1.570635
9050.0,-10.622024,1.627381
9066.667,-10.579365,1.6888889
9083.333,-10.539484,1.7503968
9100.0,-10.510715,1.8119048
9116.667,-10.481944,1.8734127
9133.333,-10.461905,1.9523809
9150.0,-10.444048,2.0357144
9166.667,-10.425794,2.109127
9183.333,-10.406944,2.1676588
9200.0,-10.388095,2.2261906
9216.667,-10.357341,2.2430556
9233.333,-10.326588,2.2599206
9250.0,-10.275,2.3011904
9266.667,-10.209524,2.35873
9283.333,-10.150794,2.4039683
9300.0,-10.119047,2.4
9316.667,-10.087301,2.3960319
9333.333,-10.085714,2.3301587
9350.0,-10.091666,2.2488096
9366.667,-10.594444,1.5555556
9383.333,-11.842461,-0.055555556
9400.0,-13.090476,-1.6666666
9416.667,-13.106349,-1.6845238
9433.333,-13.122222,-1.7023809
9450.0,-13.12619,-1.7095238
9466.667,-13.122222,-1.7095238
9483.333,-13.119643,-1.7099206
9500.0,-13.122619,-1.7119048
9516.667,-13.125595,-1.7138889
9533.333,-13.14127,-1.7174603
9550.0,-13.160119,-1.7214285
9566.667,-13.184127,-1.7341269
9583.333,-13.215873,-1.7599206
9600.0,-13.247619,-1.7857143
9616.667,-13.269444,-1.7569444
9633.333,-13.29127,-1.7281746
9650.0,-13.319048,-1.6779761
9666.667,-13.350794,-1.613492
9683.333,-13.3785715,-1.5559524
9700.0,-13.390476,-1.5261905
9716.667,-13.402381,-1.4964286
9733.333,-13.403174,-1.468254
9750.0,-13.401191,-1.4404762
9766.667,-13.096826,-1.3126984
9783.333,-12.338889,-1.0349207
9800.0,-11.580953,-0.75714284
9816.667,-10.893453,-0.18968254
9833.333,-10.205953,0.37777779
9850.0,-9.925595,0.6166667
9866.667,-9.916667,0.6365079
9883.333,-9.909524,0.6496032
9900.0,-9.909524,0.6357143
9916.667,-9.909524,0.6218254
9933.333,-9.924603,0.584127
9950.0,-9.943453,0.5404762
9966.667,-9.954365,0.515873
9983.333,-9.953373,0.51984125
10000.0,-9.952381,0.52380955
10016.667,-9.952381,0.49503967
10033.333,-9.952381,0.46626985
10050.0,-10.422619,-0.19464286
10066.667,-11.206349,-1.2769841
10083.333,-11.826588,-2.1551588
10100.0,-11.792857,-2.2166667
10116.667,-11.759127,-2.2781746
10133.333,-11.733334,-2.3349206
10150.0,-11.709524,-2.3904762
10166.667,-11.692063,-2.445238
10183.333,-11.684127,-2.4988096
10200.0,-11.67619,-2.552381
10216.667,-11.650397,-2.5583334
10233.333,-11.624603,-2.5642858
10250.0,-11.6214285,-2.5666666
10266.667,-11.633333,-2.5666666
10283.333,-11.640476,-2.568254
10300.0,-11.6285715,-2.5761905
10316.667,-11.616667,-2.584127
10333.333,-11.5984125,-2.5936508
10350.0,-11.578571,-2.6035714
10366.667,-11.556349,-2.6166666
10383.333,-11.530556,-2.6345239
10400.0,-11.504762,-2.652381
10416.667,-11.494842,-2.652381
10433.333,-11.4849205,-2.652381
10450.0,-11.459524,-2.6720238
10466.667,-11.423809,-2.704762
10483.333,-11.389088,-2.7375
10500.0,-11.358334,-2.7702382
10516.667,-11.3275795,-2.8029761
10533.333,-11.285714,-2.8301587
10550.0,-11.241072,-2.8559523
10566.667,-11.209524,-2.8873017
10583.333,-11.197619,-2.926984
10600.0,-11.185715,-2.9666667
10616.667,-11.177778,-3.0123017
10633.333,-11.169841,-3.0579364
10650.0,-11.169047,-3.1208334
10666.667,-11.173016,-3.195238
10683.333,-11.179365,-3.2698412
10700.0,-11.195238,-3.3452382
10716.667,-11.211111,-3.420635
10733.333,-11.206349,-3.479365
10750.0,-11.196428,-3.5339286
10766.667,-11.199206,-3.6079366
10783.333,-11.221032,-3.711111
10800.0,-11.242857,-3.8142858
10816.667,-11.24881,-3.851984
10833.333,-11.254762,-3.8896825
10850.0,-11.255357,-3.920238
10866.667,-11.252381,-3.9460318
10883.333,-11.258532,-3.9746032
10900.0,-11.30119,-4.0142856
10916.667,-11.343849,-4.0539684
10933.333,-11.346032,-4.0968256
10950.0,-11.338096,-4.140476
10966.667,-11.328571,-4.169048
10983.333,-11.316667,-4.175
11000.0,-11.304762,-4.1809525
11016.667,-11.320635,-4.1392856
11033.333,-11.336508,-4.097619
11050.0,-11.341666,-4.0511904
11066.667,-11.339683,-4.0015874
11083.333,-11.339683,-3.9623015
11100.0,-11.347619,-3.9642856
11116.667,-11.355556,-3.9662697
11133.333,-11.339683,-3.984127
11150.0,-11.317857,-4.0059524
11166.667,-11.296825,-4.0103173
11183.333,-11.276984,-3.988492
11200.0,-11.257143,-3.9666667
11216.667,-11.237302,-3.9527779
11233.333,-11.217461,-3.9388888
11250.0,-11.220238,-3.922619
11266.667,-11.238095,-3.9047618
11283.333,-11.261905,-3.8948412
11300.0,-11.309524,-3.9166667
11316.667,-11.357142,-3.938492
11333.333,-11.349206,-3.9380953
11350.0,-11.327381,-3.932143
11366.667,-11.289682,-3.9119048
11383.333,-11.228174,-3.870238
11400.0,-11.166667,-3.8285713
11416.667,-11.119047,-3.822619
11433.333,-11.071428,-3.8166666
11450.0,-10.992857,-3.822619
11466.667,-10.893651,-3.836508
11483.333,-10.809127,-3.831746
11500.0,-10.783334,-3.7523808
11516.667,-10.75754,-3.6730158
11533.333,-10.720634,-3.6309524
11550.0,-10.680952,-3.5982144
11566.667,-10.650794,-3.5694444
11583.333,-10.634921,-3.546627
11600.0,-10.619047,-3.5238094
11616.667,-10.6170635,-3.484127
11633.333,-10.615079,-3.4444444
11650.0,-10.627381,-3.3964286
11666.667,-10.649206,-3.3428571
11683.333,-10.674207,-3.297619
11700.0,-10.711905,-3.2857144
11716.667,-10.749603,-3.2738094
11733.333,-10.779366,-3.3142858
11750.0,-10.807143,-3.3678572
11766.667,-10.826984,-3.413492
11783.333,-10.834921,-3.4472222
11800.0,-10.842857,-3.4809523
11816.667,-10.840873,-3.4571428
11833.333,-10.838889,-3.4333334
11850.0,-10.844048,-3.4083333
11866.667,-10.853969,-3.3825397
11883.333,-10.863492,-3.3613095
11900.0,-10.8714285,-3.3583333
11916.667,-10.879365,-3.3553572
11933.333,-10.904762,-3.368254
11950.0,-10.934524,-3.385119
11966.667,-10.957143,-3.4047618
11983.333,-10.969048,-3.4285715
12000.0,-10.980952,-3.452381
12016.667,-10.99881,-3.4265873
12033.333,-11.016666,-3.4007936
12050.0,-11.046429,-3.3845239
12066.667,-11.084127,-3.3746033
12083.333,-11.114285,-3.3698413
12100.0,-11.114285,-3.3857143
12116.667,-11.114285,-3.4015872
12133.333,-11.103174,-3.4174602
12150.0,-11.089286,-3.4333334
12166.667,-11.08254,-3.4349205
12183.333,-11.086508,-3.4150794
12200.0,-11.090476,-3.3952382
12216.667,-11.08254,-3.3952382
12233.333,-11.074603,-3.3952382
12250.0,-11.060715,-3.4113095
12266.667,-11.042857,-3.4380953
12283.333,-11.030556,-3.4628968
12300.0,-11.040476,-3.4797618
12316.667,-11.050397,-3.496627
12333.333,-11.055555,-3.5126984
12350.0,-11.059524,-3.5285714
12366.667,-11.076984,-3.540476
12383.333,-11.114682,-3.5464287
12400.0,-11.152381,-3.552381
12416.667,-11.186111,-3.5265872
12433.333,-11.219841,-3.5007937
12450.0,-11.2464285,-3.4892857
12466.667,-11.268254,-3.4873016
12483.333,-11.281944,-3.4876983
12500.0,-11.263095,-3.4976192
12516.667,-11.2442465,-3.5075397
12533.333,-11.230159,-3.5269842
12550.0,-11.217262,-3.5488095
12566.667,-11.215873,-3.5650795
12583.333,-11.231746,-3.573016
12600.0,-11.247619,-3.5809524
12616.667,-11.241667,-3.5551586
12633.333,-11.235714,-3.529365
12650.0,-11.235714,-3.5023808
12666.667,-11.239682,-3.4746032
12683.333,-11.2442465,-3.4446428
12700.0,-11.25119,-3.4059525
12716.667,-11.258135,-3.367262
12733.333,-11.620635,-3.1174603
12750.0,-12.072023,-2.8148808
12766.667,-12.338889,-2.6166666
12783.333,-12.328968,-2.575
12800.0,-12.319048,-2.5333333
12816.667,-12.328968,-2.4896824
12833.333,-12.338889,-2.4460318
12850.0,-12.360714,-2.4095237
12866.667,-12.390476,-2.3777778
12883.333,-12.412699,-2.3450396
12900.0,-12.404762,-2.3083334
12916.667,-12.396826,-2.271627
12933.333,-12.4,-2.2492063
12950.0,-12.405952,-2.2303572
12966.667,-12.409524,-2.2063491
12983.333,-12.409524,-2.1746032
13000.0,-12.409524,-2.142857
13016.667,-12.377778,-2.1289682
13033.333,-12.346032,-2.1150794
13050.0,-12.334524,-2.0964286
13066.667,-12.336508,-2.074603
13083.333,-12.341468,-2.0589285
13100.0,-12.358334,-2.067857
13116.667,-12.375198,-2.0767858
13133.333,-12.411111,-2.1047618
13150.0,-12.451786,-2.1375
13166.667,-12.4849205,-2.1650794
13183.333,-12.506746,-2.1849205
13200.0,-12.528571,-2.204762
13216.667,-12.54246,-2.2722223
13233.333,-12.556349,-2.3396826
13250.0,-11.810119,-3.192857
13266.667,-10.557143,-4.5698414
13283.333,-9.550595,-5.6853175
13300.0,-9.529762,-5.7547617
13316.667,-9.508928,-5.8242064
13333.333,-9.4920635,-5.873016
13350.0,-9.476191,-5.9166665
13366.667,-9.462698,-6.0
13383.333,-9.452778,-6.142857
13400.0,-9.347817,-5.5568123
13416.667,-9.242857,-4.970767
13433.333,-9.137897,-4.384722
13450.0,-9.032936,-3.7986772
13466.667,-8.927977,-3.2126322
13483.333,-8.823016,-2.6265874
13500.0,-8.938095,-5.354762
13516.667,-9.053175,-8.082936
13533.333,-9.169841,-8.32381
13550.0,-9.286904,-7.9428573
13566.667,-9.338096,-7.7642856
13583.333,-9.290476,-7.8892856
13600.0,-9.242857,-8.014286
13616.667,-9.163492,-8.004365
13633.333,-9.084127,-7.9944444
13650.0,-9.058333,-8.005953
13666.667,-9.0682535,-8.031746
13683.333,-9.070635,-8.064683
13700.0,-9.042857,-8.12619
13716.667,-9.0150795,-8.187698
13733.333,-8.983334,-8.244445
13750.0,-8.950595,-8.3
13766.667,-8.931349,-8.353969
13783.333,-8.932342,-8.405556
13800.0,-8.933333,-8.457143
13816.667,-8.931349,-8.449206
13833.333,-8.929365,-8.44127
13850.0,-8.925,-8.438095
13866.667,-8.919047,-8.438095
13883.333,-8.913492,-8.444841
13900.0,-8.909524,-8.478572
13916.667,-8.905556,-8.512301
13933.333,-8.89127,-8.49127
13950.0,-8.874405,-8.456548
13966.667,-8.89246,-8.391666
13983.333,-8.962897,-8.281548
14000.0,-9.033334,-8.171429
14016.667,-9.047222,-8.113889
14033.333,-9.061111,-8.056349
14050.0,-9.060715,-7.911905
14066.667,-9.050794,-7.7095237
14083.333,-9.0567465,-7.140873
14100.0,-9.12619,-5.107143
14116.667,-9.195635,-3.0734127
14133.333,-9.214286,-2.568254
14150.0,-9.220238,-2.445238
14166.667,-9.229365,-2.357143
14183.333,-9.243254,-2.3214285
14200.0,-9.257143,-2.2857144
14216.667,-9.278968,-2.2777777
14233.333,-9.300794,-2.2698412
14250.0,-9.3375,-2.2761905
14266.667,-9.384127,-2.2920635
14283.333,-9.427182,-2.295635
14300.0,-9.455953,-2.25
14316.667,-9.484722,-2.204365
14333.333,-9.498413,-2.1047618
14350.0,-9.508333,-1.9916667
14366.667,-9.5222225,-1.9003968
14383.333,-9.542064,-1.8418651
14400.0,-9.561905,-1.7833333
14416.667,-9.539087,-1.7486111
14433.333,-9.51627,-1.7138889
14450.0,-9.507738,-1.6714286
14466.667,-9.50873,-1.6238096
14483.333,-9.510318,-1.584127
14500.0,-9.514286,-1.5761905
14516.667,-9.518254,-1.568254
14533.333,-9.950793,-0.9777778
14550.0,-10.490477,-0.24166666
14566.667,-10.820635,0.21349207
14583.333,-10.836508,0.24722221
14600.0,-10.852381,0.2809524
14616.667,-10.862302,0.3265873
14633.333,-10.872222,0.37222221
14650.0,-10.898809,0.40238094
14666.667,-10.936508,0.42222223
14683.333,-10.968651,0.43809524
14700.0,-10.978572,0.43809524
14716.667,-10.988492,0.43809524
14733.333,-10.988889,0.4531746
14750.0,-10.986905,0.47202381
14766.667,-10.986508,0.49166667
14783.333,-10.988492,0.5125
14800.0,-10.990477,0.53333336
14816.667,-10.999405,0.53829366
14833.333,-11.008333,0.54325396
14850.0,-11.023214,0.5375
14866.667,-11.042064,0.5246032
14883.333,-11.051587,0.51746035
14900.0,-11.023809,0.53333336
14916.667,-10.996032,0.5492064
14933.333,-10.996825,0.53809524
14950.0,-11.004762,0.5202381
14966.667,-11.020635,0.49126983
14983.333,-11.048412,0.44563493
15000.0,-11.076191,0.4
15016.667,-11.074206,0.3484127
15033.333,-11.072222,0.2968254
15050.0,-11.05119,0.2595238
15066.667,-11.01746,0.23174603
15083.333,-10.986905,0.20357142
15100.0,-10.969048,0.17380953
15116.667,-10.951191,0.14404762
15133.333,-10.928572,0.13015874
15150.0,-10.904762,0.120238096
15166.667,-10.8829365,0.10595238
15183.333,-10.864087,0.085119046
15200.0,-10.845238,0.06428572
15216.667,-10.806547,0.0375
15233.333,-10.767858,0.010714286
15250.0,-10.75,-0.020238096
15266.667,-10.746032,-0.053968254
15283.333,-10.739682,-0.08452381
15300.0,-10.723809,-0.102380954
15316.667,-10.707936,-0.120238096
15333.333,-10.696825,-0.13333334
15350.0,-10.686905,-0.1452381
15366.667,-10.674603,-0.15317461
15383.333,-10.6587305,-0.15515873
15400.0,-10.642858,-0.15714286
15416.667,-10.625,-0.16904762
15433.333,-10.607142,-0.18095239
15450.0,-10.595238,-0.17857143
15466.667,-10.587301,-0.16666667
15483.333,-10.58254,-0.16150793
15500.0,-10.590476,-0.18333334
15516.667,-10.5984125,-0.20515873
15533.333,-10.6,-0.20793651
15550.0,-10.6,-0.20595238
15566.667,-10.609524,-0.20039682
15583.333,-10.633333,-0.18948413
15600.0,-10.657143,-0.17857143
15616.667,-10.669047,-0.19742064
15633.333,-10.680952,-0.21626984
15650.0,-10.326786,-0.048809525
15666.667,-9.728572,0.24285714
15683.333,-9.196825,0.53234124
15700.0,-8.930952,0.8130952
15716.667,-8.665079,1.0938492
15733.333,-8.611111,1.1650794
15750.0,-8.610119,1.1839286
15766.667,-8.611111,1.2047619
15783.333,-8.615079,1.2285714
15800.0,-8.619047,1.252381
15816.667,-8.636905,1.2742064
15833.333,-8.654762,1.2960317
15850.0,-8.664286,1.3357143
15866.667,-8.668254,1.3873016
15883.333,-8.672222,1.4321429
15900.0,-8.67619,1.45
15916.667,-8.680159,1.4678571
15933.333,-8.677778,1.4587301
15950.0,-8.673809,1.4428571
15966.667,-8.6817465,1.4357142
15983.333,-8.70754,1.4416667
16000.0,-8.733334,1.4476191
16016.667,-8.755158,1.4793651
16033.333,-8.776984,1.5111111
16050.0,-8.797619,1.5309523
16066.667,-8.81746,1.5428572
16083.333,-8.839286,1.55
16100.0,-8.869047,1.5380952
16116.667,-8.898809,1.5261905
16133.333,-8.915873,1.5190476
16150.0,-8.929762,1.5130953
16166.667,-8.9547615,1.5055555
16183.333,-8.9964285,1.4956349
16200.0,-9.038095,1.4857143
16216.667,-9.020238,1.4361111
16233.333,-9.002381,1.386508
16250.0,-8.992857,1.3
16266.667,-8.988889,1.1888889
16283.333,-8.988492,1.081746
16300.0,-9.002381,0.9904762
16316.667,-9.01627,0.89920634
16333.333,-9.009523,0.85873014
16350.0,-8.997619,0.8309524
16366.667,-8.987302,0.8063492
16383.333,-8.979365,0.78650796
16400.0,-8.971429,0.76666665
16416.666,-8.945635,0.7577381
16433.334,-8.919841,0.7488095
16450.0,-8.905952,0.7482143
16466.666,-8.9,0.7531746
16483.334,-8.894444,0.7607143
16500.0,-8.890476,0.7785714
16516.666,-8.886508,0.79642856
16533.334,-8.880953,0.8
16550.0,-8.875,0.8
16566.666,-9.266666,0.43253967
16583.334,-10.254762,-0.4861111
16600.0,-11.242857,-1.4047619
16616.666,-11.246825,-1.4375
16633.334,-11.250793,-1.4702381
16650.0,-11.239285,-1.5172619
16666.666,-11.217461,-1.5738095
16683.334,-11.197619,-1.6261904
16700.0,-11.185715,-1.6619048
16716.666,-11.173809,-1.6976191
16733.334,-11.180952,-1.7365079
16750.0,-11.192857,-1.7761905
16766.666,-11.189285,-1.8253968
16783.334,-11.1625,-1.8888888
16800.0,-11.135715,-1.9523809
16816.666,-11.134722,-2.0188491
16833.334,-11.13373,-2.0853174
16850.0,-11.151191,-2.1505952
16866.666,-11.180952,-2.2150793
16883.334,-11.207936,-2.2789683
16900.0,-11.223809,-2.3404763
16916.666,-11.239682,-2.4019842
16933.334,-11.219048,-2.4444444
16950.0,-11.189285,-2.482143
16966.666,-11.173016,-2.520635
16983.334,-11.176984,-2.5603175
17000.0,-11.180952,-2.6
17016.666,-11.172024,-2.6238096
17033.334,-11.163095,-2.647619
17050.0,-11.160119,-2.665476
17066.666,-11.161111,-2.6793652
17083.334,-11.161508,-2.7019842
17100.0,-11.159524,-2.7595239
17116.666,-11.157539,-2.8170636
17133.334,-11.177778,-2.8142858
17150.0,-11.203571,-2.7964287
17166.666,-11.234127,-2.779365
17183.334,-11.271826,-2.763492
17200.0,-11.309524,-2.7476192
17216.666,-10.593254,-2.9142857
17233.334,-9.876985,-3.0809524
17250.0,-9.557143,-3.1392858
17266.666,-9.501587,-3.1253967
17283.334,-9.45754,-3.113889
17300.0,-9.459524,-3.1119049
17316.666,-9.461508,-3.1099207
17333.334,-9.45873,-3.1015873
17350.0,-9.4547615,-3.0916667
17366.666,-9.449206,-3.0801587
17383.334,-9.44127,-3.0662699
17400.0,-9.433333,-3.052381
17416.666,-9.425397,-3.0325396
17433.334,-9.41746,-3.0126984
17450.0,-9.410119,-2.9869049
17466.666,-9.403174,-2.9571428
17483.334,-9.402579,-2.9218254
17500.0,-9.427381,-2.8642857
17516.666,-9.452183,-2.806746
17533.334,-10.163492,-2.4380953
17550.0,-11.046429,-1.9916667
17566.666,-11.574603,-1.7023809
17583.334,-11.570635,-1.6488096
17600.0,-11.566667,-1.5952381
17616.666,-11.586508,-1.5297619
17633.334,-11.606349,-1.4642857
17650.0,-11.614285,-1.4297619
17666.666,-11.614285,-1.415873
17683.334,-11.618254,-1.4071429
17700.0,-11.638095,-1.4190476
17716.666,-11.657936,-1.4309524
17733.334,-11.671429,-1.4492064
17750.0,-11.683333,-1.4690477
17766.666,-11.69127,-1.497619
17783.334,-11.6932535,-1.5392857
17800.0,-11.695238,-1.5809524
17816.666,-11.736905,-1.6107143
17833.334,-11.778571,-1.6404762
17850.0,-11.8,-1.6571429
17866.666,-11.807937,-1.6650794
17883.334,-11.812698,-1.6634921
17900.0,-11.804762,-1.6238096
17916.666,-11.796825,-1.584127
17933.334,-11.812698,-1.5301588
17950.0,-11.834524,-1.472619
17966.666,-11.857142,-1.4099207
17983.334,-11.880953,-1.3394841
18000.0,-11.904762,-1.2690476
18016.666,-11.898809,-1.2541667
18033.334,-11.892858,-1.2392857
18050.0,-11.853572,-1.2380953
18066.666,-11.792064,-1.2460318
18083.334,-11.744445,-1.2595239
18100.0,-11.752381,-1.2952381
18116.666,-11.760318,-1.3309524
18133.334,-11.771428,-1.3825396
18150.0,-11.783334,-1.4380952
18166.666,-11.789286,-1.4813492
18183.334,-11.786309,-1.5061508
18200.0,-11.783334,-1.5309523
18216.666,-11.772421,-1.5101191
18233.334,-11.761508,-1.4892857
18250.0,-11.773809,-1.4583334
18266.666,-11.801587,-1.4206349
18283.334,-11.832936,-1.3694445
18300.0,-11.8785715,-1.2642857
18316.666,-11.924207,-1.159127
18333.334,-11.957143,-1.1063492
18350.0,-11.986905,-1.0666667
18366.666,-11.999207,-1.0269841
18383.334,-11.985317,-0.9873016
18400.0,-11.971429,-0.947619
18416.666,-11.943889,-0.20476191
18433.334,-11.916349,0.53809524
18450.0,-11.888809,1.2809523
18466.666,-11.86127,2.0238094
18483.334,-11.83373,2.7666667
18500.0,-11.8061905,3.5095239
18516.666,-11.778651,4.252381
18533.334,-11.751111,4.9952383
18550.0,-11.723572,5.7380953
18566.666,-11.696032,6.4809523
18583.334,-9.817063,3.1357143
18600.0,-7.938095,-0.20952381
18616.666,-8.049207,-0.2829365
18633.334,-8.160317,-0.3563492
18650.0,-8.210714,-0.4107143
18666.666,-8.220634,-0.45238096
18683.334,-8.22877,-0.4876984
18700.0,-8.229762,-0.49761903
18716.666,-8.230754,-0.5075397
18733.334,-8.219048,-0.5095238
18750.0,-8.204166,-0.5095238
18766.666,-8.2,-0.50158733
18783.334,-8.211905,-0.48174602
18800.0,-8.223809,-0.46190476
18816.666,-8.192063,-0.43214285
18833.334,-8.160317,-0.40238094
18850.0,-8.689285,-0.54642856
18866.666,-9.592064,-0.8063492
18883.334,-10.313492,-1.0146825
18900.0,-10.309524,-1.0166667
18916.666,-10.305555,-1.0186508
18933.334,-10.296825,-0.9968254
18950.0,-10.286904,-0.9690476
18966.666,-10.276191,-0.9404762
18983.334,-10.264286,-0.91071427
19000.0,-10.252381,-0.88095236
19016.666,-10.240477,-0.90873015
19033.334,-10.228572,-0.93650794
19050.0,-10.219048,-0.95238096
19066.666,-10.211111,-0.96031743
19083.334,-10.207738,-0.9607143
19100.0,-10.222619,-0.93095237
19116.666,-10.2375,-0.90119046
19133.334,-10.236508,-0.8984127
19150.0,-10.231547,-0.90238094
19166.666,-10.334127,-0.99841267
19183.334,-10.598016,-1.2325397
19200.0,-10.861905,-1.4666667
19216.666,-10.947222,-1.4964286
19233.334,-11.032539,-1.5261905
19250.0,-11.07381,-1.5369048
19266.666,-11.085714,-1.5349207
19283.334,-11.106349,-1.5392857
19300.0,-11.161904,-1.5690476
19316.666,-11.217461,-1.5988095
19333.334,-11.25873,-1.6222222
19350.0,-11.296429,-1.6440476
19366.666,-11.319841,-1.668254
19383.334,-11.321825,-1.6960317
19400.0,-11.32381,-1.7238095
19416.666,-11.303968,-1.761508
19433.334,-11.284127,-1.7992064
19450.0,-11.273809,-1.8047619
19466.666,-11.269841,-1.7888889
19483.334,-11.266865,-1.7755952
19500.0,-11.267858,-1.772619
19516.666,-11.268849,-1.7696428
19533.334,-11.287302,-1.7888889
19550.0,-11.310119,-1.8136904
19566.666,-11.345634,-1.8480159
19583.334,-11.400198,-1.896627
19600.0,-11.4547615,-1.9452381
19616.666,-11.451786,-2.7835317
19633.334,-11.44881,-3.6218255
19650.0,-11.347619,-4.15
19666.666,-11.180952,-4.4714284
19683.334,-11.054365,-4.736508
19700.0,-11.088096,-4.7761903
19716.666,-11.121825,-4.815873
19733.334,-11.143651,-4.902381
19750.0,-11.1625,-5.000595
19766.666,-11.177778,-5.0718255
19783.334,-11.187698,-5.1025796
19800.0,-11.197619,-5.133333
19816.666,-11.168849,-5.1670637
19833.334,-11.1400795,-5.2007937
19850.0,-10.836905,-5.4511905
19866.666,-10.350794,-5.8460317
19883.334,-9.964683,-6.1424603
19900.0,-9.978572,-6.045238
19916.666,-9.99246,-5.9480157
19933.334,-10.044444,-5.859524
19950.0,-10.105952,-5.7732143
19966.666,-10.15,-5.706746
19983.334,-10.167857,-5.6700397
20000.0,-10.185715,-5.633333
20016.666,-10.201588,-5.627381
20033.334,-10.217461,-5.6214285
20050.0,-10.229762,-5.6202383
20066.666,-10.239682,-5.6222224
20083.334,-10.249603,-5.634524
20100.0,-10.259523,-5.688095
20116.666,-10.269444,-5.741667
20133.334,-10.274603,-5.7603173
20150.0,-10.278571,-5.770238
20166.666,-10.288095,-5.788889
20183.334,-10.305952,-5.820635
20200.0,-10.32381,-5.8523808
20216.666,-10.32381,-5.9059525
20233.334,-10.32381,-5.9595237
20250.0,-11.592857,-5.1261907
20266.666,-13.707936,-3.7015872
20283.334,-15.427381,-2.540476
20300.0,-15.564285,-2.4333334
20316.666,-15.701191,-2.3261905
20333.334,-15.737302,-2.2984128
20350.0,-15.748215,-2.290476
20366.666,-15.775794,-2.2984128
20383.334,-15.828373,-2.3301587
20400.0,-15.880953,-2.3619049
20416.666,-15.918651,-2.3559523
20433.334,-15.956349,-2.35
20450.0,-16.005358,-2.3541667
20466.666,-16.061905,-2.3650794
20483.334,-16.106152,-2.3811507
20500.0,-16.10119,-2.4178572
20516.666,-16.09623,-2.4545634
20533.334,-16.071428,-2.5444446
20550.0,-16.041666,-2.647619
20566.666,-16.0127,-2.7087302
20583.334,-15.9849205,-2.706746
20600.0,-15.957143,-2.704762
20616.666,-15.9432535,-2.692857
20633.334,-15.929365,-2.6809523
20650.0,-15.902381,-2.6416667
20666.666,-15.866667,-2.584127
20683.334,-15.834921,-2.5373015
20700.0,-15.819048,-2.5333333
20716.666,-15.803175,-2.529365
20733.334,-15.742857,-2.5285714
20750.0,-15.671429,-2.5285714
20766.666,-15.611905,-2.5309525
20783.334,-15.570238,-2.5369048
20800.0,-15.528571,-2.5428572
20816.666,-16.014683,-1.8444444
20833.334,-16.500793,-1.1460317
20850.0,-16.72619,-0.76547617
20866.666,-16.777779,-0.5968254
20883.334,-16.816668,-0.44920635
20900.0,-16.804762,-0.3857143
20916.666,-16.792856,-0.32222223
20933.334,-16.790476,-0.2777778
20950.0,-16.790476,-0.23809524
20966.666,-16.790476,-0.23809524
20983.334,-16.790476,-0.23809524
