0.0,-6.6476192,-4.8809524
16.666666,-6.65754,-4.905754
33.333332,-6.6674604,-4.9305553
50.0,-6.661905,-4.954167
66.666664,-6.646032,-4.976984
83.333336,-6.6353173,-4.9849205
100.0,-6.645238,-4.9333334
116.666664,-6.6551585,-4.881746
133.33333,-6.6698413,-4.8190475
150.0,-6.6857142,-4.7535715
166.66667,-6.6884923,-4.7234125
183.33333,-6.671627,-4.74623
200.0,-6.654762,-4.7690477
216.66667,-6.6795635,-4.74623
233.33333,-6.7043653,-4.7234125
250.0,-6.704762,-4.729762
266.66666,-6.688889,-4.7555556
283.33334,-6.6801586,-4.771032
300.0,-6.7,-4.7452383
316.66666,-6.7198415,-4.7194443
333.33334,-7.0380955,-5.4460316
350.0,-7.4309525,-6.3607144
366.66666,-7.919048,-7.477778
383.33334,-8.55,-8.898413
400.0,-9.180952,-10.319048
416.66666,-9.190873,-10.285317
433.33334,-9.200793,-10.251587
450.0,-9.227381,-10.233334
466.66666,-9.2650795,-10.225397
483.33334,-9.313492,-10.16627
500.0,-9.404762,-9.902381
516.6667,-9.496032,-9.638492
533.3333,-9.298968,-9.294524
550.0,-9.101905,-8.950556
566.6667,-8.904841,-8.606587
583.3333,-8.707778,-8.262619
600.0,-8.510715,-7.9186506
616.6667,-8.313651,-7.5746827
633.3333,-8.116588,-7.2307143
650.0,-7.9195237,-6.886746
666.6667,-7.7224603,-6.542778
683.3333,-7.525397,-6.1988096
700.0,-7.5333333,-6.2642856
716.6667,-7.54127,-6.329762
733.3333,-7.506349,-6.4238095
750.0,-7.4607143,-6.525
766.6667,-7.4468255,-6.619841
783.3333,-7.4805555,-6.7051587
800.0,-7.5142856,-6.7904763
816.6667,-7.5003967,-6.7726192
833.3333,-7.486508,-6.7547617
850.0,-7.7690477,-7.265476
866.6667,-8.249207,-8.1285715
883.3333,-8.66746,-8.87381
900.0,-8.838096,-9.147619
916.6667,-9.00873,-9.421429
933.3333,-9.066667,-9.4777775
950.0,-9.096429,-9.479762
966.6667,-9.102381,-9.498413
983.3333,-9.072619,-9.542064
1000.0,-9.042857,-9.585714
1016.6667,-9.007143,-9.538095
1033.3334,-8.971429,-9.490477
1050.0,-8.944048,-9.423809
1066.6666,-8.922222,-9.344444
1083.3334,-8.905159,-9.26627
1100.0,-8.907143,-9.192857
1116.6666,-8.909127,-9.119445
1133.3334,-8.896826,-9.025397
1150.0,-8.880953,-8.92619
1166.6666,-8.869047,-8.846826
1183.3334,-8.863095,-8.797222
1200.0,-8.857142,-8.747619
1216.6666,-8.835318,-8.626587
1233.3334,-8.813492,-8.505555
1250.0,-8.783334,-8.445238
1266.6666,-8.747619,-8.425397
1283.3334,-8.710318,-8.413889
1300.0,-8.666667,-8.435715
1316.6666,-8.623015,-8.45754
1333.3334,-8.6587305,-8.442857
1350.0,-8.714286,-8.419047
1366.6666,-8.750793,-8.38254
1383.3334,-8.75873,-8.326984
1400.0,-8.766666,-8.271428
1416.6666,-8.784524,-8.203968
1433.3334,-8.802381,-8.136508
1450.0,-8.802381,-8.101191
1466.6666,-8.790476,-8.087301
1483.3334,-8.775198,-8.082936
1500.0,-8.7464285,-8.116667
1516.6666,-8.717659,-8.150397
1533.3334,-8.7047615,-8.163492
1550.0,-8.695833,-8.171429
1566.6666,-8.726191,-8.1587305
1583.3334,-8.815476,-8.115079
1600.0,-8.904762,-8.071428
1616.6666,-8.912699,-8.041667
1633.3334,-8.920635,-8.011905
1650.0,-8.969048,-8.0035715
1666.6666,-9.044444,-8.009523
1683.3334,-9.104762,-8.022818
1700.0,-9.104762,-8.065476
1716.6666,-9.104762,-8.108135
1733.3334,-9.838096,-8.647619
1750.0,-10.754762,-9.31131
1766.6666,-11.3182535,-9.707143
1783.3334,-11.351984,-9.701191
1800.0,-11.385715,-9.695238
1816.6666,-11.393651,-9.724008
1833.3334,-11.4015875,-9.752778
1850.0,-11.370238,-9.807143
1866.6666,-11.312698,-9.8785715
1883.3334,-11.280556,-9.93373
1900.0,-11.35,-9.923809
1916.6666,-11.419444,-9.913889
1933.3334,-11.476191,-9.887301
1950.0,-11.529762,-9.856547
1966.6666,-11.561905,-9.819841
1983.3334,-11.561905,-9.774206
2000.0,-11.561905,-9.728572
2016.6666,-11.555952,-9.74246
2033.3334,-11.55,-9.75635
2050.0,-11.517858,-9.82381
2066.6667,-11.468254,-9.926984
2083.3333,-11.419642,-10.004563
2100.0,-11.375,-9.979762
2116.6667,-11.330358,-9.95496
2133.3333,-11.3714285,-9.836508
2150.0,-11.4339285,-9.694643
2166.6667,-11.472222,-9.600794
2183.3333,-11.474206,-9.578968
2200.0,-11.476191,-9.557143
2216.6667,-11.434524,-9.48373
2233.3333,-11.392858,-9.410317
2250.0,-11.245238,-8.421429
2266.6667,-11.026984,-6.822222
2283.3333,-10.840079,-5.476984
2300.0,-10.778571,-5.1476192
2316.6667,-10.717064,-4.818254
2333.3333,-10.580953,-4.785714
2350.0,-10.42619,-4.827381
2366.6667,-10.3182535,-4.856349
2383.3333,-10.280556,-4.86627
2400.0,-10.242857,-4.8761907
2416.6667,-10.207143,-4.858333
2433.3333,-10.171429,-4.840476
2450.0,-10.190476,-4.766667
2466.6667,-10.246032,-4.6555557
2483.3333,-10.234524,-4.6845236
2500.0,-9.9547615,-5.2738094
2516.6667,-9.675,-5.8630953
2533.3333,-9.561905,-6.074603
2550.0,-9.490477,-6.1916666
2566.6667,-9.449206,-6.2761903
2583.3333,-9.453175,-6.311905
2600.0,-9.457143,-6.347619
2616.6667,-9.452183,-6.3079367
2633.3333,-9.447222,-6.268254
2650.0,-9.463691,-6.2452383
2666.6667,-9.494445,-6.233333
2683.3333,-9.499008,-6.231746
2700.0,-9.398809,-6.2714286
2716.6667,-9.298611,-6.311111
2733.3333,-9.226984,-6.3126984
2750.0,-9.1625,-6.304762
2766.6667,-9.130953,-6.2690477
2783.3333,-9.148809,-6.1916666
2800.0,-9.166667,-6.114286
2816.6667,-9.178572,-6.1361113
2833.3333,-9.190476,-6.1579366
2850.0,-9.151786,-6.175
2866.6667,-9.079365,-6.188889
2883.3333,-9.015675,-6.197222
2900.0,-8.986905,-6.1833334
2916.6667,-8.958135,-6.1694446
2933.3333,-8.938095,-6.146032
2950.0,-8.9202385,-6.1202383
2966.6667,-8.905556,-6.093651
2983.3333,-8.895635,-6.065873
3000.0,-8.885715,-6.0380955
3016.6667,-8.832143,-6.0539684
3033.3333,-8.778571,-6.0698414
3050.0,-8.742262,-6.077381
3066.6667,-8.717461,-6.0793653
3083.3333,-8.699603,-6.0724206
3100.0,-8.709524,-6.029762
3116.6667,-8.719444,-5.987103
3133.3333,-8.725397,-5.8650794
3150.0,-8.730357,-5.723214
3166.6667,-8.746825,-5.588889
3183.3333,-8.780556,-5.4658732
3200.0,-8.814285,-5.3428574
3216.6667,-8.840079,-5.2853174
3233.3333,-8.865873,-5.227778
3250.0,-8.87619,-5.198214
3266.6667,-8.87619,-5.1873016
3283.3333,-8.871627,-5.174603
3300.0,-8.848809,-5.154762
3316.6667,-8.825992,-5.1349206
3333.3333,-8.7952385,-5.1285715
3350.0,-8.7625,-5.125595
3366.6667,-8.734127,-5.106349
3383.3333,-8.712301,-5.0626984
3400.0,-8.690476,-5.0190477
3416.6667,-8.668651,-5.003175
3433.3333,-8.646826,-4.9873013
3450.0,-8.622024,-4.9625
3466.6667,-8.595238,-4.931746
3483.3333,-8.569246,-4.9021826
3500.0,-8.546429,-4.877381
3516.6667,-8.523611,-4.8525796
3533.3333,-8.50635,-4.853968
3550.0,-8.490477,-4.8619046
3566.6667,-8.476191,-4.8626986
3583.3333,-8.464286,-4.852778
3600.0,-8.452381,-4.8428574
3616.6667,-8.447421,-4.763492
3633.3333,-8.44246,-4.684127
3650.0,-8.448215,-4.632143
3666.6667,-8.461111,-4.5984125
3683.3333,-8.467064,-4.561111
3700.0,-8.445238,-4.509524
3716.6667,-8.423412,-4.4579363
3733.3333,-8.4,-4.4396825
3750.0,-8.37619,-4.429762
3766.6667,-8.362699,-4.409524
3783.3333,-8.364682,-4.3738093
3800.0,-8.366667,-4.338095
3816.6667,-8.356746,-4.3261905
3833.3333,-8.346826,-4.3142858
3850.0,-8.302381,-4.311905
3866.6667,-8.2349205,-4.315873
3883.3333,-8.175199,-4.3333335
3900.0,-8.146428,-4.404762
3916.6667,-8.117659,-4.4761906
3933.3333,-8.131746,-4.4666667
3950.0,-8.156548,-4.436905
3966.6667,-8.171429,-4.4123015
3983.3333,-8.171429,-4.3954363
4000.0,-8.171429,-4.3785715
4016.6667,-8.185317,-4.343849
4033.3333,-8.199206,-4.309127
4050.0,-8.238095,-4.2630954
4066.6667,-8.293651,-4.2095237
4083.3333,-8.335318,-4.175397
4100.0,-8.321428,-4.2190475
4116.6665,-8.30754,-4.2626987
4133.3335,-8.25873,-4.3063493
4150.0,-8.201191,-4.35
4166.6665,-8.15,-4.3746033
4183.3335,-8.108334,-4.370635
4200.0,-8.066667,-4.366667
4216.6665,-8.060715,-4.3230157
4233.3335,-8.054762,-4.279365
4250.0,-8.059524,-4.178571
4266.6665,-8.071428,-4.0396824
4283.3335,-8.084127,-3.9190476
4300.0,-8.1,-3.8714285
4316.6665,-8.115873,-3.8238096
4333.3335,-8.130158,-3.7809525
4350.0,-8.144048,-3.7392857
4366.6665,-8.15,-3.7373016
4383.3335,-8.144048,-3.7948413
4400.0,-8.138095,-3.852381
4416.6665,-8.130158,-3.8404763
4433.3335,-8.122222,-3.8285713
4450.0,-8.120238,-3.8416667
4466.6665,-8.122222,-3.8714285
4483.3335,-8.122222,-3.8960319
4500.0,-8.114285,-3.9
4516.6665,-8.106349,-3.9039683
4533.3335,-8.085714,-4.0126987
4550.0,-8.061905,-4.1476192
4566.6665,-8.007143,-4.257143
4583.3335,-7.9059525,-4.3285713
4600.0,-7.804762,-4.4
4616.6665,-7.793849,-4.385119
4633.3335,-7.7829366,-4.3702383
4650.0,-7.8005953,-4.3244047
4666.6665,-7.8373017,-4.2579365
4683.3335,-7.875,-4.190079
4700.0,-7.9166665,-4.116667
4716.6665,-7.9583335,-4.043254
4733.3335,-7.952381,-4.084127
4750.0,-7.9345236,-4.1535716
4766.6665,-7.911111,-4.236508
4783.3335,-7.879365,-4.3396826
4800.0,-7.847619,-4.4428573
4816.6665,-7.818849,-4.570833
4833.3335,-7.7900796,-4.6988096
4850.0,-7.760119,-4.8142858
4866.6665,-7.729365,-4.9214287
4883.3335,-7.7325397,-4.9625
4900.0,-7.8714285,-4.739286
4916.6665,-8.010318,-4.5160713
4933.3335,-7.946379,-4.510491
4950.0,-7.8824406,-4.504911
4966.6665,-7.818502,-4.4993305
4983.3335,-7.7545633,-4.49375
5000.0,-7.690625,-4.4881697
5016.6665,-7.6266866,-4.4825892
5033.3335,-7.562748,-4.477009
5050.0,-7.4988093,-4.4714284
5066.6665,-7.5761905,-4.5507936
5083.3335,-7.6531744,-4.600794
5100.0,-7.7285714,-4.5333333
5116.6665,-7.8039684,-4.4658732
5133.3335,-7.8230157,-4.4531746
5150.0,-7.827976,-4.454167
5166.6665,-7.80873,-4.4896827
5183.3335,-7.753175,-4.576984
5200.0,-7.697619,-4.6642857
5216.6665,-7.67877,-4.746627
5233.3335,-7.6599207,-4.828968
5250.0,-7.6392856,-4.9214287
5266.6665,-7.6174603,-5.020635
5283.3335,-7.5984125,-5.108333
5300.0,-7.590476,-5.15
5316.6665,-7.5825396,-5.1916666
5333.3335,-7.565079,-5.2095237
5350.0,-7.545238,-5.2214284
5366.6665,-7.5079365,-5.242857
5383.3335,-7.4444447,-5.2785716
5400.0,-7.3809524,-5.3142858
5416.6665,-7.375,-5.3261905
5433.3335,-7.3690476,-5.338095
5450.0,-7.3369045,-5.3190475
5466.6665,-7.2873015,-5.279365
5483.3335,-7.255159,-5.2329364
5500.0,-7.292857,-5.159524
5516.6665,-7.3305554,-5.086111
5533.3335,-7.373016,-4.974603
5550.0,-7.4166665,-4.8535714
5566.6665,-7.445238,-4.768254
5583.3335,-7.4511905,-4.736508
5600.0,-7.457143,-4.704762
5616.6665,-7.457143,-4.6928573
5633.3335,-7.457143,-4.6809525
5650.0,-7.4404764,-4.678571
5666.6665,-7.4126983,-4.6825395
5683.3335,-7.3853173,-4.706746
5700.0,-7.359524,-4.811905
5716.6665,-7.33373,-4.9170637
5733.3335,-7.269841,-4.963492
5750.0,-7.196429,-4.9952383
5766.6665,-7.163492,-5.054365
5783.3335,-7.19127,-5.1545634
5800.0,-7.2190475,-5.2547617
5816.6665,-7.226984,-5.269643
5833.3335,-7.2349205,-5.284524
5850.0,-7.2488093,-5.327381
5866.6665,-7.266667,-5.388889
5883.3335,-7.2896824,-5.4353175
5900.0,-7.3333335,-5.4214287
5916.6665,-7.376984,-5.40754
5933.3335,-7.438095,-5.4079366
5950.0,-7.5035715,-5.411905
5966.6665,-7.5492063,-5.4031744
5983.3335,-7.565079,-5.3753967
6000.0,-7.580952,-5.347619
6016.6665,-7.559127,-5.331746
6033.3335,-7.5373015,-5.315873
6050.0,-7.5261903,-5.3488097
6066.6665,-7.522222,-5.4142857
6083.3335,-7.507143,-5.479762
6100.0,-7.447619,-5.545238
6116.6665,-7.3880954,-5.6107144
6133.3335,-7.3650794,-5.620635
6150.0,-7.3511906,-5.616667
6166.6665,-7.3515873,-5.6126986
6183.3335,-7.3734126,-5.6087303
6200.0,-7.395238,-5.604762
6216.6665,-7.399206,-5.616667
6233.3335,-7.4031744,-5.6285715
6250.0,-7.390476,-5.661905
6266.6665,-7.366667,-5.7095237
6283.3335,-7.354762,-5.7515874
6300.0,-7.390476,-5.7714286
6316.6665,-7.4261904,-5.79127
6333.3335,-7.470635,-5.7761903
6350.0,-7.517262,-5.752381
6366.6665,-7.5626984,-5.7575397
6383.3335,-7.606349,-5.806151
6400.0,-7.65,-5.854762
6416.6665,-7.5875,-5.9748015
6433.3335,-7.525,-6.0948415
6450.0,-7.525,-6.1297617
6466.6665,-7.5666666,-6.1079364
6483.3335,-7.595238,-6.116667
6500.0,-7.571429,-6.247619
6516.6665,-7.547619,-6.3785715
6533.3335,-7.5333333,-6.5015874
6550.0,-7.5214286,-6.622619
6566.6665,-7.493651,-6.7214284
6583.3335,-7.4420633,-6.786905
6600.0,-7.390476,-6.8523808
6616.6665,-7.4837303,-6.7511907
6633.3335,-7.576984,-6.65
6650.0,-7.6190476,-6.6309524
6666.6665,-7.626984,-6.6666665
6683.3335,-7.6253967,-6.711111
6700.0,-7.5857143,-6.7904763
6716.6665,-7.546032,-6.869841
6733.3335,-7.526984,-6.922222
6750.0,-7.5130954,-6.9678574
6766.6665,-7.509524,-7.0174603
6783.3335,-7.5214286,-7.0730157
6800.0,-7.5333333,-7.1285715
6816.6665,-7.5373015,-7.1960316
6833.3335,-7.54127,-7.263492
6850.0,-7.580952,-7.2809525
6866.6665,-7.6444445,-7.2650795
6883.3335,-7.7043653,-7.2501984
6900.0,-7.75,-7.239286
6916.6665,-7.7956347,-7.228373
6933.3335,-7.850794,-7.2285714
6950.0,-7.9083333,-7.231548
6966.6665,-7.9257936,-7.270238
6983.3335,-7.883135,-7.3625
7000.0,-7.840476,-7.454762
7016.6665,-7.853373,-7.582738
7033.3335,-7.86627,-7.7107143
7050.0,-7.877381,-7.7821426
7066.6665,-7.8873014,-7.815873
7083.3335,-7.893254,-7.854365
7100.0,-7.883333,-7.911905
7116.6665,-7.8734126,-7.9694443
7133.3335,-7.9126983,-8.019048
7150.0,-7.964286,-8.066667
7166.6665,-7.996825,-8.101191
7183.3335,-8.000793,-8.116072
7200.0,-8.004762,-8.130953
7216.6665,-8.0265875,-8.106151
7233.3335,-8.048412,-8.081349
7250.0,-8.063095,-8.061905
7266.6665,-8.073016,-8.046032
7283.3335,-8.1027775,-8.010715
7300.0,-8.211905,-7.8976192
7316.6665,-8.321032,-7.784524
7333.3335,-8.386508,-7.688889
7350.0,-8.4410715,-7.597619
7366.6665,-8.486905,-7.5353174
7383.3335,-8.519643,-7.516468
7400.0,-8.552381,-7.497619
7416.6665,-8.540476,-8.611707
7433.3335,-8.528571,-9.725794
7450.0,-8.647619,-10.2464285
7466.6665,-8.853969,-10.3714285
7483.3335,-9.00754,-10.464286
7500.0,-8.95,-10.428572
7516.6665,-8.89246,-10.392858
7533.3335,-8.879365,-10.486508
7550.0,-8.877381,-10.6125
7566.6665,-8.896826,-10.6932535
7583.3335,-8.948413,-10.706151
7600.0,-9.0,-10.719048
7616.6665,-9.05754,-10.639683
7633.3335,-9.115079,-10.560317
7650.0,-9.146428,-10.548214
7666.6665,-9.160317,-10.580953
7683.3335,-9.169444,-10.627381
7700.0,-9.159524,-10.728572
7716.6665,-9.149603,-10.8297615
7733.3335,-9.196825,-10.747619
7750.0,-9.258333,-10.619643
7766.6665,-9.306349,-10.488095
7783.3335,-9.334127,-10.351191
7800.0,-9.361905,-10.214286
7816.6665,-9.423412,-10.021826
7833.3335,-9.4849205,-9.829365
7850.0,-9.535714,-9.7
7866.6665,-9.579365,-9.612699
7883.3335,-9.619047,-9.539286
7900.0,-9.642858,-9.521428
7916.6665,-9.666667,-9.5035715
7933.3335,-9.679365,-9.430159
7950.0,-9.689285,-9.342857
7966.6665,-9.925397,-8.263492
7983.3335,-10.500793,-5.6960316
8000.0,-11.076191,-3.1285715
8016.6665,-11.334127,-2.4430556
8033.3335,-11.592064,-1.7575396
8050.0,-11.705953,-1.4434524
8066.6665,-11.723809,-1.3769841
8083.3335,-11.733334,-1.3186508
8100.0,-11.709524,-1.2928572
8116.6665,-11.685715,-1.2670635
8133.3335,-11.67619,-1.3047619
8150.0,-11.6702385,-1.3583333
8166.6665,-11.663492,-1.4055556
8183.3335,-11.655556,-1.443254
8200.0,-11.647619,-1.4809524
8216.667,-11.657539,-1.506746
8233.333,-11.66746,-1.5325397
8250.0,-11.684524,-1.5583333
8266.667,-11.706349,-1.584127
8283.333,-10.554365,-1.3492063
8300.0,-4.707143,-0.071428575
8316.667,1.1400794,1.2063493
8333.333,2.5920634,1.5126984
8350.0,2.945238,1.5761905
8366.667,3.1309524,1.6666666
8383.333,3.0654762,1.7976191
8400.0,3.0,1.9285715
8416.667,3.0416667,1.9107143
8433.333,3.0833333,1.8928572
8450.0,3.1380951,1.8142858
8466.667,3.2015872,1.6952381
8483.333,3.2630951,1.5805556
8500.0,3.3166666,1.4833333
8516.667,3.370238,1.3861111
8533.333,3.3809524,1.3555555
8550.0,3.3809524,1.3416667
8566.667,3.3936508,1.3420635
8583.333,3.425397,1.3638889
8600.0,3.4571428,1.3857143
8616.667,3.461111,1.4333333
8633.333,3.4650793,1.4809524
8650.0,2.0958333,0.76785713
8666.667,-0.18888889,-0.45238096
8683.333,-2.0212302,-1.4222223
8700.0,-2.0440476,-1.3904762
8716.667,-2.066865,-1.3587302
8733.333,-2.052381,-1.3428571
8750.0,-2.0285714,-1.3309524
8766.667,-1.9928571,-1.318254
8783.333,-1.9392858,-1.304365
8800.0,-1.8857143,-1.2904762
8816.667,-1.9095238,-1.3400793
8833.333,-1.9333333,-1.3896825
8850.0,-4.064881,-1.5761905
8866.667,-7.6015873,-1.8539683
8883.333,-10.4224205,-2.0801587
8900.0,-10.379762,-2.1
8916.667,-10.337103,-2.1198413
8933.333,-10.282539,-2.136508
8950.0,-10.225,-2.152381
8966.667,-10.16746,-2.14127
8983.333,-10.1099205,-2.0896826
9000.0,-10.052381,-2.0380952
9016.667,-10.046429,-1.9984127
9033.333,-10.040476,-1.9587301
9050.0,-10.007143,-1.8988096
9066.667,-9.955556,-1.8253968
9083.333,-9.9087305,-1.7492063
9100.0,-9.880953,-1.6619048
9116.667,-9.853174,-1.5746032
9133.333,-9.8,-1.5269841
9150.0,-9.740477,-1.4892857
9166.667,-10.311111,-1.5404762
9183.333,-11.826984,-1.725
9200.0,-13.342857,-1.9095238
9216.667,-15.987699,-2.2666667
9233.333,-18.63254,-2.6238096
9250.0,-19.697618,-2.775
9266.667,-19.709524,-2.788889
9283.333,-19.711508,-2.7972221
9300.0,-19.67381,-2.7833333
9316.667,-19.63611,-2.7694445
9333.333,-18.490477,-2.711111
9350.0,-17.067858,-2.6416667
9366.667,-14.819048,-2.6111112
9383.333,-11.330953,-2.6388888
9400.0,-7.8428574,-2.6666667
9416.667,-7.8428574,-2.6686509
9433.333,-7.8428574,-2.670635
9450.0,-7.8976192,-2.647619
9466.667,-7.9888887,-2.6079366
9483.333,-8.067857,-2.5706348
9500.0,-8.097619,-2.5428572
9516.667,-8.127381,-2.5150793
9533.333,-8.14127,-2.5380952
9550.0,-8.151191,-2.5738096
9566.667,-8.136508,-2.5777779
9583.333,-8.084921,-2.534127
9600.0,-8.033334,-2.4904761
9616.667,-8.027381,-2.454762
9633.333,-8.021428,-2.4190476
9650.0,-8.029762,-2.3083334
9666.667,-8.047619,-2.147619
9683.333,-8.071825,-2.0049603
9700.0,-8.1214285,-1.9345238
9716.667,-8.171032,-1.8640873
9733.333,-8.206349,-1.8142858
9750.0,-8.238095,-1.7696428
9766.667,-8.263492,-1.7531747
9783.333,-8.279366,-1.7789682
9800.0,-8.2952385,-1.8047619
9816.667,-8.323016,-1.7988095
9833.333,-8.350794,-1.7928572
9850.0,-8.388095,-1.747619
9866.667,-8.4317465,-1.6761905
9883.333,-8.475992,-1.615873
9900.0,-8.522619,-1.6
9916.667,-8.569246,-1.584127
9933.333,-8.592064,-1.615873
9950.0,-8.608929,-1.6595238
9966.667,-8.639683,-1.6888889
9983.333,-8.69127,-1.6968254
10000.0,-8.742857,-1.7047619
10016.667,-8.754762,-1.7503968
10033.333,-8.766666,-1.7960317
10050.0,-8.786904,-1.8761904
10066.667,-8.812698,-1.9793651
10083.333,-8.836508,-2.0781746
10100.0,-8.852381,-2.1595237
10116.667,-8.868254,-2.240873
10133.333,-8.995437,-2.1492064
10150.0,-9.122619,-2.0142858
10166.667,-9.249802,-2.1462302
10183.333,-9.376985,-2.2781746
10200.0,-9.504167,-2.410119
10216.667,-9.63135,-2.5420635
10233.333,-9.758532,-2.674008
10250.0,-9.885715,-2.8059523
10266.667,-9.909524,-3.3873017
10283.333,-9.926587,-3.8688493
10300.0,-9.916667,-3.9511905
10316.667,-9.906746,-4.0335317
10333.333,-9.919047,-4.0555553
10350.0,-9.936905,-4.0625
10366.667,-9.955556,-4.05
10383.333,-9.975397,-4.008333
10400.0,-9.995238,-3.9666667
10416.667,-10.003175,-3.9587302
10433.333,-10.011111,-3.9507937
10450.0,-9.989881,-3.9803572
10466.667,-9.949206,-4.0349207
10483.333,-9.916469,-4.0946426
10500.0,-9.915476,-4.175
10516.667,-9.914484,-4.2553573
10533.333,-9.81746,-4.3063493
10550.0,-9.696428,-4.35
10566.667,-9.6214285,-4.3777776
10583.333,-9.615477,-4.381746
10600.0,-9.609524,-4.385714
10616.667,-9.597619,-4.4055557
10633.333,-9.585714,-4.425397
10650.0,-9.570238,-4.447619
10666.667,-9.552381,-4.4714284
10683.333,-9.529762,-4.493254
10700.0,-9.488095,-4.507143
10716.667,-9.446428,-4.521032
10733.333,-9.433333,-4.54127
10750.0,-9.427381,-4.563095
10766.667,-9.438095,-4.575397
10783.333,-9.473809,-4.573413
10800.0,-9.509523,-4.571429
10816.667,-9.509523,-4.5555553
10833.333,-9.509523,-4.5396824
10850.0,-9.515476,-4.5285716
10866.667,-9.525397,-4.520635
10883.333,-9.536111,-4.5200396
10900.0,-9.55,-4.5488095
10916.667,-9.563889,-4.5775795
10933.333,-9.576191,-4.5920634
10950.0,-9.588096,-4.6029763
10966.667,-9.603174,-4.6015873
10983.333,-9.623015,-4.581746
11000.0,-9.642858,-4.561905
11016.667,-9.714286,-4.4944444
11033.333,-9.785714,-4.4269843
11050.0,-9.814285,-4.390476
11066.667,-9.814285,-4.3746033
11083.333,-9.819841,-4.3656745
11100.0,-9.847619,-4.384524
11116.667,-9.875397,-4.4033732
11133.333,-9.885715,-4.4309525
11150.0,-9.891666,-4.4607143
11166.667,-9.898413,-4.479762
11183.333,-9.906349,-4.482738
11200.0,-9.914286,-4.4857144
11216.667,-9.908334,-4.495635
11233.333,-9.902381,-4.5055556
11250.0,-9.919047,-4.5488095
11266.667,-9.950793,-4.614286
11283.333,-9.979762,-4.667857
11300.0,-9.997619,-4.6738095
11316.667,-10.015476,-4.679762
11333.333,-10.034921,-4.7285714
11350.0,-10.054762,-4.7880955
11366.667,-10.042064,-4.8095236
11383.333,-9.980556,-4.7738094
11400.0,-9.919047,-4.7380953
11416.667,-9.855556,-4.7222223
11433.333,-9.792064,-4.7063494
11450.0,-9.771428,-4.696429
11466.667,-9.779366,-4.6904764
11483.333,-9.786111,-4.6876984
11500.0,-9.788095,-4.697619
11516.667,-9.790079,-4.7075396
11533.333,-9.784127,-4.7063494
11550.0,-9.776191,-4.702381
11566.667,-9.769841,-4.697619
11583.333,-9.765873,-4.6916666
11600.0,-9.761905,-4.6857142
11616.667,-9.779762,-4.6916666
11633.333,-9.797619,-4.697619
11650.0,-9.847619,-4.6845236
11666.667,-9.919047,-4.65873
11683.333,-9.975794,-4.638889
11700.0,-9.973809,-4.642857
11716.667,-9.971826,-4.6468253
11733.333,-10.873015,-4.0571427
11750.0,-12.0,-3.3190477
11766.667,-12.006548,-3.0871031
11783.333,-12.013095,-2.8551588
11800.0,-12.019643,-2.6232142
11816.667,-12.026191,-2.39127
11833.333,-12.032738,-2.1593254
11850.0,-12.039286,-1.9273809
11866.667,-11.842857,-3.2746031
11883.333,-11.657936,-4.36627
11900.0,-11.519048,-4.4357142
11916.667,-11.380158,-4.505159
11933.333,-11.344444,-4.4785714
11950.0,-11.334524,-4.427976
11966.667,-11.325397,-4.393254
11983.333,-11.31746,-4.3823414
12000.0,-11.309524,-4.3714285
12016.667,-11.268849,-4.4607143
12033.333,-11.228174,-4.55
12050.0,-11.1910715,-4.617857
12066.667,-11.156349,-4.6714287
12083.333,-11.12381,-4.711508
12100.0,-11.1,-4.697619
12116.667,-11.076191,-4.68373
12133.333,-11.06508,-4.6579366
12150.0,-11.057143,-4.6291666
12166.667,-11.05,-4.5654764
12183.333,-11.044047,-4.4494047
12200.0,-11.038095,-4.3333335
12216.667,-11.046032,-4.3075395
12233.333,-11.053968,-4.281746
12250.0,-11.048809,-4.2714286
12266.667,-11.034921,-4.2714286
12283.333,-11.011905,-4.288889
12300.0,-10.952381,-4.3761907
12316.667,-10.892858,-4.463492
12333.333,-10.874603,-4.486508
12350.0,-10.866667,-4.4934525
12366.667,-10.85,-4.501984
12383.333,-10.820238,-4.512897
12400.0,-10.790476,-4.5238094
12416.667,-10.794444,-4.4920635
12433.333,-10.798412,-4.4603176
12450.0,-10.810715,-4.4416666
12466.667,-10.828571,-4.431746
12483.333,-10.842064,-4.41627
12500.0,-10.838096,-4.3785715
12516.667,-10.834127,-4.3408732
12533.333,-10.815873,-4.276984
12550.0,-10.794047,-4.2065477
12566.667,-10.773809,-4.1742063
12583.333,-10.755953,-4.199008
12600.0,-10.738095,-4.2238097
12616.667,-10.755953,-4.1980157
12633.333,-10.773809,-4.172222
12650.0,-10.775,-4.1654763
12666.667,-10.7650795,-4.1714287
12683.333,-10.759523,-4.171032
12700.0,-10.771428,-4.145238
12716.667,-10.783334,-4.1194444
12733.333,-10.780952,-4.201587
12750.0,-10.775,-4.3107142
12766.667,-10.773016,-4.380159
12783.333,-10.776984,-4.3900795
12800.0,-10.780952,-4.4
12816.667,-10.748215,-4.378175
12833.333,-10.715476,-4.356349
12850.0,-10.724404,-4.365476
12866.667,-10.761111,-4.395238
12883.333,-10.79246,-4.413492
12900.0,-10.802381,-4.385714
12916.667,-10.812302,-4.3579364
12933.333,-10.811111,-4.3349204
12950.0,-10.807143,-4.313095
12966.667,-10.782539,-4.294048
12983.333,-10.726984,-4.2791667
13000.0,-10.671429,-4.2642856
13016.667,-10.655556,-4.320833
13033.333,-10.639683,-4.377381
13050.0,-10.617857,-4.390476
13066.667,-10.592064,-4.3746033
13083.333,-10.538889,-4.543254
13100.0,-10.37619,-5.45
13116.667,-10.213492,-6.356746
13133.333,-10.2047615,-6.9555554
13150.0,-10.234524,-7.4773808
13166.667,-10.255158,-7.7809525
13183.333,-10.262103,-7.757143
13200.0,-10.269048,-7.733333
13216.667,-10.230357,-7.7055554
13233.333,-10.191667,-7.677778
13250.0,-10.182143,-7.6488094
13266.667,-10.192063,-7.6190476
13283.333,-10.192857,-7.608333
13300.0,-10.157143,-7.6738095
13316.667,-10.1214285,-7.739286
13333.333,-10.049207,-7.8349204
13350.0,-9.967857,-7.938095
13366.667,-9.903174,-8.004365
13383.333,-9.863492,-8.015278
13400.0,-9.82381,-8.026191
13416.667,-9.817857,-8.019246
13433.333,-9.811905,-8.012301
13450.0,-10.4547615,-8.048809
13466.667,-11.530159,-8.114285
13483.333,-12.39127,-8.162699
13500.0,-12.395238,-8.142858
13516.667,-12.399206,-8.123015
13533.333,-12.379365,-8.116667
13550.0,-12.353572,-8.11369
13566.667,-12.338096,-8.111508
13583.333,-12.338096,-8.110516
13600.0,-12.338096,-8.109524
13616.667,-12.38373,-8.093651
13633.333,-12.429365,-8.077778
13650.0,-12.463096,-8.095238
13666.667,-12.488889,-8.134921
13683.333,-12.403968,-8.224603
13700.0,-11.87619,-8.514286
13716.667,-11.3484125,-8.803968
13733.333,-10.604762,-9.384127
13750.0,-9.807143,-10.036904
13766.667,-9.320635,-10.480952
13783.333,-9.300794,-10.611905
13800.0,-9.280952,-10.742857
13816.667,-9.234325,-10.756746
13833.333,-9.187698,-10.770635
13850.0,-9.211309,-10.689285
13866.667,-9.281746,-10.544444
13883.333,-9.334127,-10.439683
13900.0,-9.314285,-10.495238
13916.667,-9.294444,-10.550794
13933.333,-9.238095,-10.555555
13950.0,-9.172619,-10.547619
13966.667,-9.146031,-10.515873
13983.333,-9.177778,-10.448413
14000.0,-9.209524,-10.380953
14016.667,-9.186707,-10.269841
14033.333,-9.163889,-10.1587305
14050.0,-9.135119,-10.021428
14066.667,-9.102381,-9.866667
14083.333,-9.0912695,-9.196825
14100.0,-9.166667,-6.4666667
14116.667,-9.2420635,-3.736508
14133.333,-9.24127,-3.074603
14150.0,-9.221429,-2.929762
14166.667,-9.211508,-2.829365
14183.333,-9.216468,-2.795635
14200.0,-9.221429,-2.7619047
14216.667,-9.226389,-2.7400794
14233.333,-9.231349,-2.7182539
14250.0,-9.258333,-2.7059524
14266.667,-9.3,-2.7
14283.333,-9.3412695,-2.6837301
14300.0,-9.380953,-2.6261904
14316.667,-9.420635,-2.5686507
14333.333,-9.390476,-2.5142858
14350.0,-9.342857,-2.4607143
14366.667,-9.303175,-2.4190476
14383.333,-9.275397,-2.3952382
14400.0,-9.247619,-2.3714285
14416.667,-9.251587,-2.361508
14433.333,-9.255555,-2.3515873
14450.0,-9.24881,-2.402381
14466.667,-9.2349205,-2.4936507
14483.333,-9.227381,-2.5718255
14500.0,-9.245238,-2.597619
14516.667,-9.263095,-2.6234126
14533.333,-9.242857,-2.6079366
14550.0,-9.213096,-2.5821428
14566.667,-9.202381,-2.5539682
14583.333,-9.220238,-2.5222223
14600.0,-9.238095,-2.4904761
14616.667,-9.267858,-2.4746032
14633.333,-9.297619,-2.4587302
14650.0,-9.339286,-2.4619048
14666.667,-9.388889,-2.4777777
14683.333,-9.418254,-2.4742064
14700.0,-9.366667,-2.392857
14716.667,-9.31508,-2.311508
14733.333,-9.324603,-2.2444444
14750.0,-9.349404,-2.1809523
14766.667,-9.3670635,-2.14127
14783.333,-9.374008,-2.1373017
14800.0,-9.380953,-2.1333334
14816.667,-9.363095,-2.1253967
14833.333,-9.345238,-2.1174603
14850.0,-9.339286,-2.1309524
14866.667,-9.3412695,-2.1587303
14883.333,-9.344841,-2.1869047
14900.0,-9.354762,-2.2166667
14916.667,-9.364682,-2.2464285
14933.333,-9.366667,-2.2761905
14950.0,-9.366667,-2.3059523
14966.667,-9.352381,-2.3412697
14983.333,-9.316667,-2.3849206
15000.0,-9.280952,-2.4285715
15016.667,-9.269048,-2.5367064
15033.333,-9.257143,-2.6448412
15050.0,-9.257143,-2.6958334
15066.667,-9.2650795,-2.7087302
15083.333,-9.268254,-2.738889
15100.0,-9.252381,-2.8380952
15116.667,-9.236508,-2.9373016
15133.333,-9.171429,-3.1571429
15150.0,-9.094048,-3.4071429
15166.667,-9.031746,-3.6222222
15183.333,-8.9920635,-3.7849207
15200.0,-8.952381,-3.947619
15216.667,-8.934524,-4.0220237
15233.333,-8.916667,-4.0964284
15250.0,-9.035119,-5.034524
15266.667,-9.244445,-6.548413
15283.333,-9.418056,-7.777976
15300.0,-9.44881,-7.8702383
15316.667,-9.479564,-7.9625
15333.333,-9.490477,-8.047619
15350.0,-9.4964285,-8.130953
15366.667,-9.49127,-8.209524
15383.333,-9.469444,-8.280952
15400.0,-9.447619,-8.352381
15416.667,-9.3900795,-8.550794
15433.333,-9.33254,-8.749207
15450.0,-9.280952,-8.941667
15466.667,-9.233334,-9.130158
15483.333,-9.180555,-9.311508
15500.0,-9.107142,-9.464286
15516.667,-9.0337305,-9.6170635
15533.333,-9.00635,-9.606349
15550.0,-8.990477,-9.554762
15566.667,-8.98254,-9.539682
15583.333,-8.986508,-9.579365
15600.0,-8.990477,-9.619047
15616.667,-8.94385,-9.666667
15633.333,-8.8972225,-9.714286
15650.0,-8.867262,-9.736905
15666.667,-8.8484125,-9.742857
15683.333,-8.826984,-9.738095
15700.0,-8.7952385,-9.690476
15716.667,-8.763492,-9.642858
15733.333,-8.742857,-9.584921
15750.0,-8.725,-9.524405
15766.667,-8.665079,-9.50119
15783.333,-8.542064,-9.533929
15800.0,-8.419047,-9.566667
15816.667,-8.133333,-6.1757936
15833.333,-7.847619,-2.7849207
15850.0,-7.7642856,-1.2797619
15866.667,-7.815873,-1.031746
15883.333,-7.8531747,-0.8107143
15900.0,-7.8333335,-0.697619
15916.667,-7.8134923,-0.5845238
15933.333,-7.854762,-0.51666665
15950.0,-7.9113097,-0.46011904
15966.667,-7.926587,-0.43134922
15983.333,-7.8799605,-0.44424602
16000.0,-7.8333335,-0.45714286
16016.667,-7.8670635,-0.44722223
16033.333,-7.9007936,-0.43730158
16050.0,-7.9232144,-0.43095237
16066.667,-7.938095,-0.42698413
16083.333,-7.951389,-0.42063493
16100.0,-7.9583335,-0.4047619
16116.667,-7.9652777,-0.3888889
16133.333,-7.952381,-0.37619048
16150.0,-7.9345236,-0.3642857
16166.667,-7.9261904,-0.3468254
16183.333,-7.9321427,-0.32103175
16200.0,-7.938095,-0.2952381
16216.667,-7.975794,-0.3468254
16233.333,-8.013492,-0.3984127
16250.0,-8.044047,-0.5083333
16266.667,-8.069841,-0.6571429
16283.333,-8.084127,-0.7948413
16300.0,-8.052381,-0.88809526
16316.667,-8.020635,-0.98134923
16333.333,-8.020635,-1.0730159
16350.0,-8.028571,-1.1642857
16366.667,-8.125793,-1.534127
16383.333,-8.356944,-2.3218255
16400.0,-8.588096,-3.1095238
16416.666,-8.541469,-3.2107143
16433.334,-8.494842,-3.3119047
16450.0,-8.466666,-3.4345238
16466.666,-8.450793,-3.5714285
16483.334,-8.446825,-3.690873
16500.0,-8.490477,-3.7404761
16516.666,-8.534127,-3.7900794
16533.334,-8.588889,-3.7603176
16550.0,-8.646428,-3.7107143
16566.666,-8.685715,-3.7055554
16583.334,-8.697619,-3.7670634
16600.0,-8.709524,-3.8285713
16616.666,-8.693651,-3.9039683
16633.334,-8.677778,-3.979365
16650.0,-8.669047,-4.0464287
16666.666,-8.665079,-4.1079364
16683.334,-8.662302,-4.173016
16700.0,-8.664286,-4.252381
16716.666,-8.66627,-4.331746
16733.334,-8.650794,-4.393651
16750.0,-8.630953,-4.4511905
16766.666,-8.645238,-4.5142856
16783.334,-8.710714,-4.5857143
16800.0,-8.776191,-4.6571426
16816.666,-8.702778,-4.8059525
16833.334,-8.629365,-4.954762
16850.0,-8.576191,-5.0654764
16866.666,-8.536508,-5.1507936
16883.334,-8.509523,-5.2396827
16900.0,-8.533334,-5.3428574
16916.666,-8.557143,-5.4460316
16933.334,-8.577778,-5.545238
16950.0,-8.597619,-5.643452
16966.666,-8.6170635,-5.765476
16983.334,-8.635913,-5.9232144
17000.0,-8.654762,-6.080952
17016.666,-8.635913,-6.225794
17033.334,-8.6170635,-6.370635
17050.0,-8.608334,-6.534524
17066.666,-8.606349,-6.711111
17083.334,-8.605952,-6.8853173
17100.0,-8.611905,-7.05
17116.666,-8.617857,-7.2146826
17133.334,-8.630158,-7.3492064
17150.0,-8.644048,-7.4761906
17166.666,-8.672222,-7.5801587
17183.334,-8.721826,-7.6496034
17200.0,-8.771428,-7.7190475
17216.666,-8.836905,-7.819246
17233.334,-8.902381,-7.9194446
17250.0,-8.917857,-8.016071
17266.666,-8.9,-8.110317
17283.334,-8.878968,-8.225992
17300.0,-8.845238,-8.427381
17316.666,-8.811508,-8.62877
17333.334,-8.793651,-8.780952
17350.0,-8.779762,-8.920834
17366.666,-8.81508,-8.9920635
17383.334,-8.924207,-8.960318
17400.0,-9.033334,-8.928572
17416.666,-9.069048,-8.918651
17433.334,-9.104762,-8.9087305
17450.0,-9.130953,-8.945238
17466.666,-9.150794,-9.012698
17483.334,-9.162699,-9.070635
17500.0,-9.142858,-9.090476
17516.666,-9.123015,-9.110317
17533.334,-9.190476,-9.0682535
17550.0,-9.279762,-9.010715
17566.666,-9.359524,-8.892858
17583.334,-9.425,-8.684524
17600.0,-9.490477,-8.476191
17616.666,-9.446825,-8.5079365
17633.334,-9.403174,-8.539682
17650.0,-9.407143,-8.4202385
17666.666,-9.442857,-8.2
17683.334,-9.477381,-7.979762
17700.0,-9.507143,-7.759524
17716.666,-9.536904,-7.5392857
17733.334,-9.595238,-7.425397
17750.0,-9.660714,-7.338095
17766.666,-9.703175,-7.2674603
17783.334,-9.711111,-7.2218256
17800.0,-9.719048,-7.1761904
17816.666,-9.863889,-6.186111
17833.334,-10.00873,-5.1960316
17850.0,-10.092857,-4.5303574
17866.666,-10.136508,-4.080952
17883.334,-10.173809,-3.7160714
17900.0,-10.185715,-3.6892858
17916.666,-10.197619,-3.6625
17933.334,-10.215079,-3.64127
17950.0,-10.233929,-3.6214285
17966.666,-10.255953,-3.6015873
17983.334,-10.282738,-3.581746
18000.0,-10.309524,-3.5619047
18016.666,-10.315476,-3.5023808
18033.334,-10.321428,-3.442857
18050.0,-10.30119,-3.3988094
18066.666,-10.263492,-3.3650794
18083.334,-10.239682,-3.3339286
18100.0,-10.271428,-3.3130953
18116.666,-10.303175,-3.2922618
18133.334,-10.314285,-3.3515873
18150.0,-10.320238,-3.4309523
18166.666,-10.319841,-3.5107143
18183.334,-10.30992,-3.5910714
18200.0,-10.3,-3.6714287
18216.666,-10.288095,-3.6823413
18233.334,-10.276191,-3.693254
18250.0,-10.282143,-3.7244048
18266.666,-10.3,-3.7690477
18283.334,-10.319445,-3.8059523
18300.0,-10.345238,-3.8119047
18316.666,-10.371032,-3.817857
18333.334,-10.363492,-3.8174603
18350.0,-10.347619,-3.8154762
18366.666,-10.342064,-3.823016
18383.334,-10.351984,-3.8448412
18400.0,-10.361905,-3.8666666
18416.666,-10.367857,-3.8726192
18433.334,-10.37381,-3.8785715
18450.0,-10.366667,-3.8761904
18466.666,-10.350794,-3.868254
18483.334,-10.367857,-3.834524
18500.0,-10.516666,-3.697619
18516.666,-10.665476,-3.5607142
18533.334,-10.738244,-3.529613
18550.0,-10.811012,-3.4985118
18566.666,-10.88378,-3.4674108
18583.334,-10.956548,-3.4363096
18600.0,-11.029316,-3.4052083
18616.666,-11.102083,-3.3741071
18633.334,-11.174851,-3.343006
18650.0,-11.247619,-3.3119047
18666.666,-11.096826,-4.6650796
18683.334,-10.972619,-5.769841
18700.0,-10.9547615,-5.8809524
18716.666,-10.936905,-5.9920635
18733.334,-10.873015,-6.084127
18750.0,-10.797619,-6.1714287
18766.666,-10.740079,-6.240476
18783.334,-10.709326,-6.2821426
18800.0,-10.678572,-6.3238096
18816.666,-10.62996,-6.4785714
18833.334,-10.581349,-6.633333
18850.0,-10.536309,-6.7916665
18866.666,-10.49365,-6.952381
18883.334,-10.450992,-7.113492
18900.0,-10.408334,-7.2761903
18916.666,-10.365675,-7.438889
18933.334,-10.268254,-7.6285715
18950.0,-10.157143,-7.825
18966.666,-10.051587,-7.959127
18983.334,-9.954365,-7.9998016
19000.0,-9.857142,-8.040476
19016.666,-9.827381,-8.114881
19033.334,-9.797619,-8.189285
19050.0,-9.767858,-8.286309
19066.666,-9.738095,-8.398413
19083.334,-9.737699,-8.4827385
19100.0,-9.854762,-8.455953
19116.666,-9.971826,-8.429167
19133.334,-9.95873,-8.447619
19150.0,-9.913095,-8.477381
19166.666,-9.8714285,-8.555159
19183.334,-9.835714,-8.70496
19200.0,-9.8,-8.854762
19216.666,-9.722619,-8.980754
19233.334,-9.645238,-9.106746
19250.0,-9.6077385,-9.214881
19266.666,-9.596826,-9.311111
19283.334,-9.576389,-9.384722
19300.0,-9.517858,-9.367857
19316.666,-9.459326,-9.350992
19333.334,-9.43492,-8.879365
19350.0,-9.419047,-8.294047
19366.666,-9.393651,-7.048016
19383.334,-9.353969,-4.8109126
19400.0,-9.314285,-2.5738096
19416.666,-9.246825,-2.535119
19433.334,-9.179365,-2.4964285
19450.0,-9.157143,-2.5214286
19466.666,-9.165079,-2.588889
19483.334,-9.178175,-2.651389
19500.0,-9.211905,-2.6940477
19516.666,-9.245635,-2.7367063
19533.334,-9.2047615,-2.7126985
19550.0,-9.145238,-2.6720238
19566.666,-9.198413,-3.1904762
19583.334,-9.420635,-4.547619
19600.0,-9.642858,-5.904762
19616.666,-9.734127,-5.926587
19633.334,-9.825397,-5.948413
19650.0,-9.846429,-5.9761906
19666.666,-9.820635,-6.0079365
19683.334,-9.785714,-6.0513887
19700.0,-9.714286,-6.141667
19716.666,-9.642858,-6.2319446
19733.334,-9.58254,-6.3968253
19750.0,-9.525,-6.580357
19766.666,-9.547619,-6.668254
19783.334,-9.690476,-6.6126986
19800.0,-9.833333,-6.5571427
19816.666,-9.845238,-6.5353174
19833.334,-9.857142,-6.513492
19850.0,-9.841666,-6.5666666
19866.666,-9.807937,-6.6698413
19883.334,-9.765675,-6.7507935
19900.0,-9.689285,-6.742857
19916.666,-9.612897,-6.7349205
19933.334,-9.633333,-6.6380954
19950.0,-9.677977,-6.5190477
19966.666,-9.557937,-7.088095
19983.334,-9.190873,-8.689285
20000.0,-8.82381,-10.290476
20016.666,-8.801984,-10.280556
20033.334,-8.780159,-10.270635
20050.0,-8.735119,-10.273809
20066.666,-8.674603,-10.285714
20083.334,-8.639088,-10.277381
20100.0,-8.703571,-10.188095
20116.666,-8.768056,-10.098809
20133.334,-8.700793,-10.196032
20150.0,-8.600595,-10.339881
20166.666,-8.5035715,-10.476587
20183.334,-8.411309,-10.602579
20200.0,-8.319048,-10.728572
20216.666,-8.369643,-10.73254
20233.334,-8.4202385,-10.736508
20250.0,-8.450595,-10.725
20266.666,-8.467461,-10.703175
20283.334,-8.4777775,-10.691865
20300.0,-8.461905,-10.722619
20316.666,-8.446032,-10.753373
20333.334,-8.412699,-10.773016
20350.0,-8.375,-10.789881
20366.666,-8.3182535,-10.856349
20383.334,-8.232937,-10.997222
20400.0,-8.147619,-11.138095
20416.666,-8.076191,-11.259127
20433.334,-8.004762,-11.380158
20450.0,-7.9738097,-11.447619
20466.666,-7.9698415,-11.479365
20483.334,-7.9626985,-11.504365
20500.0,-7.9428573,-11.502381
20516.666,-7.923016,-11.500397
20533.334,-7.915873,-11.580953
20550.0,-7.911905,-11.682143
20566.666,-7.918254,-11.717461
20583.334,-7.940079,-11.653968
20600.0,-7.9619045,-11.590476
20616.666,-7.938095,-11.673809
20633.334,-7.9142857,-11.757143
20650.0,-7.8630953,-11.784524
20666.666,-7.7936506,-11.774603
20683.334,-7.735119,-11.770238
20700.0,-7.720238,-11.788095
20716.666,-7.705357,-11.805952
20733.334,-7.6698413,-11.826984
20750.0,-7.6291666,-11.848809
20766.666,-7.8063493,-10.450793
20783.334,-8.310317,-6.923016
20800.0,-8.814285,-3.3952382
20816.666,-8.823215,-3.1819444
20833.334,-8.832143,-2.9686508
20850.0,-8.820833,-2.852976
20866.666,-8.796032,-2.802381
20883.334,-8.773611,-2.7531745
20900.0,-8.760715,-2.709524
20916.666,-8.747817,-2.665873
20933.334,-8.746032,-2.6111112
20950.0,-8.747024,-2.5535715
20966.666,-8.747024,-2.5535715
20983.334,-8.747024,-2.5535715
