0.0,-7.8523808,-4.8238096
16.666666,-7.632143,-4.8238096
33.333332,-7.411905,-4.8238096
50.0,-7.2559524,-4.8285713
66.666664,-7.142857,-4.836508
83.333336,-7.051587,-4.8428574
100.0,-7.047619,-4.8428574
116.666664,-7.0436506,-4.8428574
133.33333,-7.0666666,-4.8984127
150.0,-7.0964284,-4.9678574
166.66667,-7.116667,-4.9992065
183.33333,-7.122619,-4.9734125
200.0,-7.1285715,-4.947619
216.66667,-7.120635,-4.9367065
233.33333,-7.1126986,-4.9257936
250.0,-7.1035714,-4.9244046
266.66666,-7.093651,-4.929365
283.33334,-7.3492064,-5.380754
300.0,-8.666667,-7.617857
316.66666,-9.984127,-9.85496
333.33334,-10.203175,-10.32381
350.0,-10.147619,-10.350595
366.66666,-10.087301,-10.371032
383.33334,-10.019841,-10.381945
400.0,-9.952381,-10.392858
416.66666,-9.946428,-10.4037695
433.33334,-9.940476,-10.414682
450.0,-9.919642,-10.4125
466.66666,-9.888889,-10.4015875
483.33334,-9.860516,-10.391071
500.0,-9.841666,-10.382143
516.6667,-9.822818,-10.373215
533.3333,-9.825397,-10.414286
550.0,-9.833333,-10.467857
566.6667,-9.838096,-10.4920635
583.3333,-9.838096,-10.472222
600.0,-9.838096,-10.452381
616.6667,-9.85,-10.428572
633.3333,-9.861905,-10.404762
650.0,-9.8714285,-10.380953
666.6667,-9.879365,-10.357142
683.3333,-9.88373,-10.32004
700.0,-9.87381,-10.229762
716.6667,-9.863889,-10.139484
733.3333,-9.85873,-10.101587
750.0,-9.854762,-10.076786
766.6667,-9.859524,-10.079365
783.3333,-9.877381,-10.123015
800.0,-9.895238,-10.166667
816.6667,-9.913095,-10.176587
833.3333,-9.930952,-10.186508
850.0,-9.940476,-10.19881
866.6667,-9.944445,-10.212698
883.3333,-9.944048,-10.222619
900.0,-9.92619,-10.216666
916.6667,-9.908334,-10.210714
933.3333,-9.911111,-10.24127
950.0,-9.919047,-10.280952
966.6667,-9.9317465,-10.304762
983.3333,-9.951588,-10.304762
1000.0,-9.971429,-10.304762
1016.6667,-9.983334,-10.247222
1033.3334,-9.995238,-10.189683
1050.0,-10.009523,-10.158334
1066.6666,-10.025397,-10.144444
1083.3334,-10.038492,-10.127381
1100.0,-10.040476,-10.097619
1116.6666,-10.04246,-10.067857
1133.3334,-10.049207,-10.044444
1150.0,-10.057143,-10.022619
1166.6666,-10.069841,-9.9849205
1183.3334,-10.089683,-9.923412
1200.0,-10.109524,-9.861905
1216.6666,-10.105556,-9.766666
1233.3334,-10.101587,-9.671429
1250.0,-10.095238,-9.609524
1266.6666,-10.087301,-9.569841
1283.3334,-10.077381,-9.538889
1300.0,-10.059524,-9.542857
1316.6666,-10.041667,-9.546825
1333.3334,-10.015873,-9.536508
1350.0,-9.988095,-9.522619
1366.6666,-9.976191,-9.507143
1383.3334,-9.988095,-9.489285
1400.0,-10.0,-9.471429
1416.6666,-10.021826,-9.479365
1433.3334,-10.043651,-9.487302
1450.0,-10.046429,-9.489285
1466.6666,-10.036508,-9.487302
1483.3334,-10.028571,-9.499008
1500.0,-10.028571,-9.565476
1516.6666,-10.028571,-9.631945
1533.3334,-10.038095,-9.665079
1550.0,-10.05,-9.689881
1566.6666,-10.054762,-9.713492
1583.3334,-10.048809,-9.735317
1600.0,-10.042857,-9.757143
1616.6666,-10.067658,-9.860317
1633.3334,-10.092461,-9.963492
1650.0,-10.12381,-10.026191
1666.6666,-10.159524,-10.061905
1683.3334,-10.190278,-10.093651
1700.0,-10.201191,-10.109524
1716.6666,-10.212103,-10.125397
1733.3334,-10.220634,-10.157143
1750.0,-10.228572,-10.192857
1766.6666,-10.310317,-10.169841
1783.3334,-10.502778,-10.05873
1800.0,-10.695238,-9.947619
1816.6666,-10.955159,-9.584524
1833.3334,-11.215079,-9.221429
1850.0,-11.316667,-9.082143
1866.6666,-11.312698,-9.092064
1883.3334,-11.30992,-9.103572
1900.0,-11.311905,-9.1214285
1916.6666,-11.313889,-9.139286
1933.3334,-11.325397,-9.157143
1950.0,-11.339286,-9.175
1966.6666,-11.349206,-9.188095
1983.3334,-11.353174,-9.194048
2000.0,-11.357142,-9.2
2016.6666,-11.348214,-9.2327385
2033.3334,-11.339286,-9.265476
2050.0,-11.333928,-9.273214
2066.6667,-11.330953,-9.264286
2083.3333,-11.328968,-9.254365
2100.0,-11.330953,-9.240477
2116.6667,-11.332936,-9.226587
2133.3333,-11.328571,-9.220634
2150.0,-11.322619,-9.216666
2166.6667,-11.323016,-9.213492
2183.3333,-11.332936,-9.211508
2200.0,-11.342857,-9.209524
2216.6667,-11.336905,-9.151984
2233.3333,-11.330953,-9.094444
2250.0,-11.327381,-9.05
2266.6667,-11.325397,-9.014286
2283.3333,-11.322818,-8.988095
2300.0,-11.317857,-9.0
2316.6667,-11.312897,-9.011905
2333.3333,-11.304762,-9.001587
2350.0,-11.295834,-8.985714
2366.6667,-10.9547615,-8.422222
2383.3333,-10.115477,-7.0373015
2400.0,-9.276191,-5.652381
2416.6667,-9.26627,-5.6315475
2433.3333,-9.25635,-5.6107144
2450.0,-9.265476,-5.614881
2466.6667,-9.287302,-5.635714
2483.3333,-9.310119,-5.65754
2500.0,-9.336905,-5.6833334
2516.6667,-9.36369,-5.709127
2533.3333,-9.388889,-5.7222223
2550.0,-9.413691,-5.732143
2566.6667,-9.43254,-5.7349205
2583.3333,-9.44246,-5.726984
2600.0,-9.452381,-5.7190475
2616.6667,-9.448413,-5.7279763
2633.3333,-9.444445,-5.7369046
2650.0,-9.439285,-5.749405
2666.6667,-9.433333,-5.7642856
2683.3333,-9.428968,-5.7738094
2700.0,-9.430952,-5.7619047
2716.6667,-9.432937,-5.75
2733.3333,-9.436508,-5.7492065
2750.0,-9.440476,-5.7511907
2766.6667,-9.447619,-5.75
2783.3333,-9.459524,-5.7440476
2800.0,-9.471429,-5.7380953
2816.6667,-9.471429,-5.7291665
2833.3333,-9.471429,-5.720238
2850.0,-9.477976,-5.725
2866.6667,-9.488889,-5.7388887
2883.3333,-9.49623,-5.750595
2900.0,-9.489285,-5.7535715
2916.6667,-9.482341,-5.7565475
2933.3333,-9.471429,-5.7603173
2950.0,-9.459524,-5.7642856
2966.6667,-9.4547615,-5.759524
2983.3333,-9.460714,-5.741667
3000.0,-9.466666,-5.7238097
3016.6667,-9.421032,-5.688095
3033.3333,-9.375397,-5.652381
3050.0,-9.339286,-5.625
3066.6667,-9.309524,-5.6031747
3083.3333,-9.287897,-5.589286
3100.0,-9.298809,-5.607143
3116.6667,-9.309722,-5.625
3133.3333,-9.307937,-5.6253967
3150.0,-9.302977,-5.6214285
3166.6667,-9.289682,-5.5873017
3183.3333,-9.263889,-5.5079365
3200.0,-9.238095,-5.428571
3216.6667,-9.222222,-5.3670635
3233.3333,-9.206349,-5.3055553
3250.0,-9.207143,-5.3011904
3266.6667,-9.219048,-5.3349204
3283.3333,-9.229365,-5.359524
3300.0,-9.233334,-5.347619
3316.6667,-9.237302,-5.3357143
3333.3333,-8.7349205,-4.973016
3350.0,-8.105952,-4.5226192
3366.6667,-7.7103176,-4.240476
3383.3333,-7.6646824,-4.2107143
3400.0,-7.6190476,-4.1809525
3416.6667,-7.6349206,-4.1650796
3433.3333,-7.6507936,-4.149206
3450.0,-7.661905,-4.169048
3466.6667,-7.6698413,-4.2126985
3483.3333,-7.67877,-4.2490077
3500.0,-7.6916666,-4.2559524
3516.6667,-7.7045636,-4.262897
3533.3333,-7.711111,-4.188889
3550.0,-7.7160716,-4.0946426
3566.6667,-7.9240823,-3.9754465
3583.3333,-8.132093,-3.85625
3600.0,-8.340104,-3.7370536
3616.6667,-8.548115,-3.6178572
3633.3333,-8.756126,-3.4986608
3650.0,-8.964137,-3.3794644
3666.6667,-9.172148,-3.260268
3683.3333,-9.380158,-3.1410713
3700.0,-8.828571,-3.822619
3716.6667,-8.276984,-4.5041666
3733.3333,-8.1285715,-4.5285716
3750.0,-8.080953,-4.3886905
3766.6667,-8.062698,-4.3142858
3783.3333,-8.088492,-4.338095
3800.0,-8.114285,-4.3619046
3816.6667,-8.102381,-4.371825
3833.3333,-8.090476,-4.381746
3850.0,-8.077381,-4.3970237
3866.6667,-8.063492,-4.415873
3883.3333,-8.051587,-4.4359126
3900.0,-8.047619,-4.4607143
3916.6667,-8.043651,-4.485516
3933.3333,-8.026984,-4.4761906
3950.0,-8.007143,-4.4583335
3966.6667,-7.9992065,-4.4404764
3983.3333,-8.009127,-4.422619
4000.0,-8.019048,-4.404762
4016.6667,-8.021031,-4.410714
4033.3333,-8.023016,-4.4166665
4050.0,-8.017858,-4.4154763
4066.6667,-8.0079365,-4.409524
4083.3333,-8.001985,-4.4055557
4100.0,-8.011905,-4.409524
4116.6665,-8.021826,-4.413492
4133.3335,-8.014286,-4.4142857
4150.0,-8.002381,-4.4142857
4166.6665,-7.993651,-4.415873
4183.3335,-7.9896827,-4.4198413
4200.0,-7.9857144,-4.4238095
4216.6665,-7.9876986,-4.4535713
4233.3335,-7.9896827,-4.483333
4250.0,-8.00119,-4.4940476
4266.6665,-8.019048,-4.4920635
4283.3335,-7.994841,-4.4055557
4300.0,-7.802381,-3.9809523
4316.6665,-7.6099205,-3.5563493
4333.3335,-7.547619,-3.447619
4350.0,-7.517857,-3.4178572
4366.6665,-7.508333,-3.4055555
4383.3335,-7.5291667,-3.4194446
4400.0,-7.55,-3.4333334
4416.6665,-7.5609126,-3.4531746
4433.3335,-7.5718255,-3.4730158
4450.0,-7.577381,-3.477381
4466.6665,-7.5793653,-3.4714286
4483.3335,-7.5781746,-3.4694445
4500.0,-7.5642858,-3.4833333
4516.6665,-7.550397,-3.4972222
4533.3335,-7.5730157,-3.5285714
4550.0,-7.604762,-3.5642858
4566.6665,-7.6285715,-3.5896826
4583.3335,-7.640476,-3.5996032
4600.0,-7.652381,-3.6095238
4616.6665,-7.636508,-3.6035714
4633.3335,-7.620635,-3.597619
4650.0,-7.6238093,-3.620238
4666.6665,-7.639683,-3.6619048
4683.3335,-7.6484127,-3.6924603
4700.0,-7.6285715,-3.6785715
4716.6665,-7.6087303,-3.6646826
4733.3335,-7.5984125,-3.7015872
4750.0,-7.590476,-3.7511904
4766.6665,-7.588095,-3.8015873
4783.3335,-7.5940475,-3.8531747
4800.0,-7.6,-3.9047618
4816.6665,-7.6059523,-3.9126985
4833.3335,-7.6119046,-3.920635
4850.0,-7.614286,-3.9666667
4866.6665,-7.614286,-4.0380955
4883.3335,-7.6190476,-4.1035714
4900.0,-7.642857,-4.145238
4916.6665,-7.6666665,-4.186905
4933.3335,-7.665873,-4.2222223
4950.0,-7.6589284,-4.2559524
4966.6665,-7.6464286,-4.2896824
4983.3335,-7.625595,-4.323413
5000.0,-7.604762,-4.357143
5016.6665,-7.5948415,-4.3869047
5033.3335,-7.5849204,-4.4166665
5050.0,-7.577381,-4.4857144
5066.6665,-7.571429,-4.580952
5083.3335,-7.5623016,-4.6813493
5100.0,-7.5404763,-4.802381
5116.6665,-7.518651,-4.923413
5133.3335,-7.4952383,-5.0349207
5150.0,-7.4714284,-5.1440477
5166.6665,-7.449603,-5.2305555
5183.3335,-7.430754,-5.283135
5200.0,-7.411905,-5.3357143
5216.6665,-7.3791666,-5.4140873
5233.3335,-7.3464284,-5.4924603
5250.0,-7.303571,-5.5380955
5266.6665,-7.2539682,-5.561905
5283.3335,-7.207143,-5.5876985
5300.0,-7.1714287,-5.6214285
5316.6665,-7.135714,-5.6551585
5333.3335,-7.104762,-5.6896825
5350.0,-7.075,-5.724405
5366.6665,-7.05,-5.751984
5383.3335,-7.0321426,-5.7688494
5400.0,-7.0142856,-5.785714
5416.6665,-6.9944444,-5.7757936
5433.3335,-6.974603,-5.765873
5450.0,-6.9619045,-5.775
5466.6665,-6.953968,-5.7968254
5483.3335,-6.945635,-5.8059525
5500.0,-6.9357142,-5.7642856
5516.6665,-6.9257936,-5.722619
5533.3335,-6.827778,-4.6476192
5550.0,-6.707738,-3.3142858
5566.6665,-6.544048,-2.199603
5583.3335,-6.314881,-1.4128969
5600.0,-6.0857143,-0.6261905
5616.6665,-6.046032,-0.6609127
5633.3335,-6.006349,-0.6956349
5650.0,-5.9714284,-0.6880952
5666.6665,-5.9396825,-0.65238094
5683.3335,-5.9079366,-0.62857145
5700.0,-5.8761907,-0.65238094
5716.6665,-5.8444443,-0.6761905
5733.3335,-5.838095,-0.7
5750.0,-5.838095,-0.72380954
5766.6665,-5.838095,-0.75396824
5783.3335,-5.838095,-0.7936508
5800.0,-5.838095,-0.8333333
5816.6665,-5.8281746,-0.8382937
5833.3335,-5.818254,-0.84325397
5850.0,-5.8059525,-0.8541667
5866.6665,-5.7920637,-0.86904764
5883.3335,-5.7833333,-0.8837302
5900.0,-5.795238,-0.89761907
5916.6665,-5.8071427,-0.91150796
5933.3335,-6.152381,-1.6507937
5950.0,-6.580952,-2.5714285
5966.6665,-6.8238096,-3.3
5983.3335,-6.7880955,-3.7404761
6000.0,-6.752381,-4.1809525
6016.6665,-6.756349,-4.1948414
6033.3335,-6.7603173,-4.20873
6050.0,-6.770238,-4.2214284
6066.6665,-6.7841268,-4.233333
6083.3335,-6.8,-4.243254
6100.0,-6.8238096,-4.2452383
6116.6665,-6.847619,-4.2472224
6133.3335,-6.860317,-4.252381
6150.0,-6.8702383,-4.258333
6166.6665,-6.881746,-4.2650795
6183.3335,-6.895635,-4.273016
6200.0,-6.909524,-4.2809525
6216.6665,-6.923413,-4.2968254
6233.3335,-6.9373016,-4.3126984
6250.0,-6.9440475,-4.3345237
6266.6665,-6.9460316,-4.360317
6283.3335,-6.9448414,-4.3940477
6300.0,-6.9309525,-4.4595237
6316.6665,-6.9170637,-4.525
6333.3335,-6.9055557,-4.5666666
6350.0,-6.894643,-4.6023808
6366.6665,-6.890873,-4.652381
6383.3335,-6.8978176,-4.7238097
6400.0,-6.904762,-4.795238
6416.6665,-6.8938494,-4.837897
6433.3335,-6.8829365,-4.8805556
6450.0,-6.855357,-4.9410715
6466.6665,-6.8166666,-5.013492
6483.3335,-6.7886906,-5.1021824
6500.0,-6.803571,-5.2559524
6516.6665,-6.8184524,-5.4097223
6533.3335,-6.815873,-5.523016
6550.0,-6.8089285,-5.6261907
6566.6665,-6.8031745,-5.6960316
6583.3335,-6.7992063,-5.7158732
6600.0,-6.795238,-5.7357144
6616.6665,-6.7992063,-5.7982144
6633.3335,-6.8031745,-5.8607144
6650.0,-6.7916665,-5.957143
6666.6665,-6.769841,-6.0761905
6683.3335,-6.753175,-6.1876984
6700.0,-6.757143,-6.2690477
6716.6665,-6.7611113,-6.3503966
6733.3335,-6.766667,-6.411111
6750.0,-6.7726192,-6.4666667
6766.6665,-6.7746034,-6.5261903
6783.3335,-6.770635,-6.5916667
6800.0,-6.766667,-6.6571426
6816.6665,-5.8638887,-6.175
6833.3335,-4.961111,-5.6928573
6850.0,-4.535714,-5.4690475
6866.6665,-4.428571,-5.4174604
6883.3335,-4.3444443,-5.399206
6900.0,-4.3523808,-5.5142856
6916.6665,-4.360317,-5.629365
6933.3335,-4.353968,-5.6936507
6950.0,-4.3440475,-5.7452383
6966.6665,-4.336508,-5.8178573
6983.3335,-4.3325396,-5.922024
7000.0,-4.3285713,-6.0261903
7016.6665,-4.3325396,-6.188889
7033.3335,-4.336508,-6.3515873
7050.0,-4.3440475,-6.4696426
7066.6665,-4.353968,-6.5579367
7083.3335,-4.361111,-6.631349
7100.0,-4.357143,-6.645238
7116.6665,-4.3531747,-6.6591268
7133.3335,-4.3555555,-6.698413
7150.0,-4.359524,-6.7440476
7166.6665,-4.8103175,-6.7896824
7183.3335,-5.9313493,-6.8353176
7200.0,-7.052381,-6.8809524
7216.6665,-7.5285716,-7.0099206
7233.3335,-8.004762,-7.138889
7250.0,-8.216666,-7.215476
7266.6665,-8.252381,-7.257143
7283.3335,-8.287302,-7.2916665
7300.0,-8.319048,-7.297619
7316.6665,-8.350794,-7.303571
7333.3335,-8.381746,-7.3007936
7350.0,-8.4125,-7.295833
7366.6665,-8.434524,-7.286905
7383.3335,-8.443453,-7.2720237
7400.0,-8.452381,-7.257143
7416.6665,-8.479167,-7.2968254
7433.3335,-8.505953,-7.336508
7450.0,-8.532738,-7.367857
7466.6665,-8.559524,-7.393651
7483.3335,-8.585119,-7.4198413
7500.0,-8.605952,-7.447619
7516.6665,-8.626785,-7.4753966
7533.3335,-8.649206,-7.536508
7550.0,-8.672024,-7.6059523
7566.6665,-8.69246,-7.673016
7583.3335,-8.709326,-7.736508
7600.0,-8.726191,-7.8
7616.6665,-8.727182,-7.8039684
7633.3335,-8.728174,-7.8079367
7650.0,-8.729762,-7.804762
7666.6665,-8.731746,-7.7968254
7683.3335,-8.729762,-7.788492
7700.0,-8.711905,-7.7785716
7716.6665,-8.694048,-7.768651
7733.3335,-8.693651,-7.742857
7750.0,-8.697619,-7.713095
7766.6665,-8.703175,-7.6781745
7783.3335,-8.711111,-7.6355157
7800.0,-8.719048,-7.5928574
7816.6665,-8.715079,-7.560119
7833.3335,-8.711111,-7.527381
7850.0,-8.716666,-7.5
7866.6665,-8.728572,-7.4761906
7883.3335,-8.742857,-7.4531746
7900.0,-8.766666,-7.4333334
7916.6665,-8.790476,-7.413492
7933.3335,-8.811111,-7.393651
7950.0,-8.830953,-7.3738093
7966.6665,-8.844048,-7.34246
7983.3335,-8.847024,-7.293849
8000.0,-8.85,-7.2452383
8016.6665,-7.4363093,-6.36627
8033.3335,-6.0226192,-5.4873013
8050.0,-5.4690475,-5.172024
8066.6665,-5.4888887,-5.2325397
8083.3335,-5.517857,-5.2948413
8100.0,-5.5833335,-5.364286
8116.6665,-5.6488094,-5.43373
8133.3335,-5.7,-5.5190477
8150.0,-5.747619,-5.608333
8166.6665,-5.802381,-5.677381
8183.3335,-5.867857,-5.7160716
8200.0,-5.9333334,-5.7547617
8216.667,-5.9869046,-5.771627
8233.333,-6.0404763,-5.788492
8250.0,-6.141667,-5.7357144
8266.667,-6.2746034,-5.636508
8283.333,-6.612897,-5.6623015
8300.0,-6.9511905,-5.688095
8316.667,-7.289484,-5.713889
8333.333,-7.6277776,-5.7396827
8350.0,-7.9660716,-5.765476
8366.667,-8.304365,-5.79127
8383.333,-8.642659,-5.8170633
8400.0,-8.980952,-5.8428574
8416.667,-7.9015875,-5.5075397
8433.333,-6.822222,-5.172222
8450.0,-6.3702383,-5.0398808
8466.667,-6.336508,-5.042857
8483.333,-6.3198414,-5.059921
8500.0,-6.3714285,-5.133333
8516.667,-6.423016,-5.206746
8533.333,-6.4984126,-5.2349205
8550.0,-6.579762,-5.2517858
8566.667,-6.65873,-5.281746
8583.333,-6.734127,-5.3313494
8600.0,-6.8095236,-5.3809524
8616.667,-6.845238,-5.343254
8633.333,-6.8809524,-5.3055553
8650.0,-6.9214287,-5.2892857
8666.667,-6.9650793,-5.2873015
8683.333,-7.0017858,-5.269841
8700.0,-7.010714,-5.1904764
8716.667,-7.019643,-5.111111
8733.333,-7.0309525,-4.9809523
8750.0,-7.042857,-4.838095
8766.667,-7.042857,-4.7214284
8783.333,-7.025,-4.6440477
8800.0,-7.007143,-4.5666666
8816.667,-7.008135,-4.507143
8833.333,-7.009127,-4.447619
8850.0,-6.9940476,-4.422619
8866.667,-6.968254,-4.4206347
8883.333,-6.949603,-4.4130955
8900.0,-6.9595237,-4.383333
8916.667,-6.9694443,-4.3535714
8933.333,-8.439683,-4.21746
8950.0,-10.275,-4.054762
8966.667,-11.371032,-3.9420636
8983.333,-11.358135,-3.904365
9000.0,-11.345238,-3.8666666
9016.667,-11.262897,-3.807143
9033.333,-11.180555,-3.7476192
9050.0,-11.092857,-3.6946428
9066.667,-11.001587,-3.6460319
9083.333,-10.9087305,-3.5894842
9100.0,-10.809524,-3.5011904
9116.667,-10.710318,-3.4128969
9133.333,-10.669841,-3.3920634
9150.0,-10.644048,-3.3880951
9166.667,-10.612699,-3.3738096
9183.333,-10.573016,-3.3440475
9200.0,-10.533334,-3.3142858
9216.667,-10.497619,-3.270635
9233.333,-10.461905,-3.226984
9250.0,-10.430357,-3.1851192
9266.667,-10.4015875,-3.1444445
9283.333,-10.3670635,-3.1218255
9300.0,-10.309524,-3.1714287
9316.667,-10.251985,-3.2210317
9333.333,-10.198413,-3.2761905
9350.0,-10.145833,-3.3327382
9366.667,-10.111111,-3.3904762
9383.333,-10.103174,-3.45
9400.0,-10.095238,-3.5095239
9416.667,-10.089286,-3.5154762
9433.333,-10.083333,-3.5214286
9450.0,-10.072619,-3.5315475
9466.667,-10.05873,-3.5444446
9483.333,-10.046627,-3.5460317
9500.0,-10.041667,-3.5023808
9516.667,-10.036706,-3.4587302
9533.333,-10.043651,-3.4587302
9550.0,-10.053572,-3.4696429
9566.667,-10.052778,-3.431746
9583.333,-10.0359125,-3.3206348
9600.0,-10.019048,-3.209524
9616.667,-8.846429,-0.6797619
9633.333,-7.6738095,1.85
9650.0,-7.214286,2.8541667
9666.667,-7.230159,2.8412697
9683.333,-7.2444444,2.828373
9700.0,-7.252381,2.8154762
9716.667,-7.2603173,2.8025794
9733.333,-7.2761903,2.779365
9750.0,-7.294048,2.7535715
9766.667,-7.3261905,2.6992064
9783.333,-7.3797617,2.601984
9800.0,-7.4333334,2.504762
9816.667,-7.4511905,2.490873
9833.333,-7.4690475,2.476984
9850.0,-7.472619,2.472619
9866.667,-7.4666667,2.4746032
9883.333,-7.472619,2.4672618
9900.0,-7.5261903,2.422619
9916.667,-7.579762,2.3779762
9933.333,-7.6214285,2.3357143
9950.0,-7.660119,2.2940476
9966.667,-7.700397,2.240873
9983.333,-7.7430553,2.1704366
10000.0,-7.785714,2.1
10016.667,-7.8353176,1.9710318
10033.333,-7.8849206,1.8420635
10050.0,-7.911905,1.7511904
10066.667,-7.9238095,1.6857142
10083.333,-7.9357142,1.6186508
10100.0,-7.947619,1.5452381
10116.667,-7.9595237,1.4718254
10133.333,-7.974603,1.3063492
10150.0,-7.990476,1.1178571
10166.667,-7.99127,0.98333335
10183.333,-7.9694443,0.9297619
10200.0,-7.947619,0.8761905
10216.667,-7.3910713,0.5914683
10233.333,-6.8345237,0.30674604
10250.0,-6.507738,-0.16369048
10266.667,-6.334127,-0.75793654
10283.333,-6.1896825,-1.2357143
10300.0,-6.161905,-1.247619
10316.667,-6.134127,-1.2595239
10333.333,-6.1119046,-1.2714286
10350.0,-6.0910716,-1.2833333
10366.667,-6.0869045,-1.3134921
10383.333,-6.107738,-1.3710318
10400.0,-6.1285715,-1.4285715
10416.667,-6.1315475,-1.4464285
10433.333,-6.134524,-1.4642857
10450.0,-6.1297617,-1.4761904
10466.667,-6.119841,-1.4841269
10483.333,-6.1089287,-1.4968253
10500.0,-6.0940475,-1.5285715
10516.667,-6.079167,-1.5603175
10533.333,-6.0626984,-1.568254
10550.0,-6.045833,-1.5702381
10566.667,-6.0559525,-1.5833334
10583.333,-6.106548,-1.6130953
10600.0,-6.1571426,-1.6428572
10616.667,-6.1769843,-1.7083334
10633.333,-6.1968255,-1.7738096
10650.0,-6.1761904,-1.7964286
10666.667,-6.1285715,-1.7904762
10683.333,-6.3779764,-1.9075397
10700.0,-7.8154764,-2.5166667
10716.667,-9.252976,-3.1257937
10733.333,-9.633333,-3.447619
10750.0,-9.749405,-3.697619
10766.667,-9.803968,-3.8555555
10783.333,-9.76627,-3.8753967
10800.0,-9.728572,-3.8952382
10816.667,-9.728572,-3.9150794
10833.333,-9.728572,-3.9349205
10850.0,-9.734524,-3.95
10866.667,-9.744445,-3.9619048
10883.333,-9.74881,-3.9730158
10900.0,-9.730952,-3.9809523
10916.667,-9.713096,-3.988889
10933.333,-9.701588,-4.0047617
10950.0,-9.691667,-4.0226192
10966.667,-9.692857,-4.05
10983.333,-9.710714,-4.0916667
11000.0,-9.728572,-4.133333
11016.667,-9.74246,-4.147222
11033.333,-9.75635,-4.161111
11050.0,-9.776191,-4.1559525
11066.667,-9.8,-4.1380954
11083.333,-9.828968,-4.1297617
11100.0,-9.8785715,-4.159524
11116.667,-9.928175,-4.1892858
11133.333,-9.966666,-4.21746
11150.0,-10.002381,-4.2452383
11166.667,-10.038889,-4.253175
11183.333,-10.076588,-4.231349
11200.0,-10.114285,-4.2095237
11216.667,-10.108334,-4.201587
11233.333,-10.102381,-4.1936507
11250.0,-10.0797615,-4.1821427
11266.667,-10.046032,-4.168254
11283.333,-10.01746,-4.1539683
11300.0,-10.009523,-4.1380954
11316.667,-10.001587,-4.1222224
11333.333,-9.998413,-4.1555557
11350.0,-9.9964285,-4.2011905
11366.667,-10.018254,-4.2626987
11383.333,-10.075793,-4.348016
11400.0,-10.133333,-4.4333334
11416.667,-10.151191,-4.5007935
11433.333,-10.169047,-4.568254
11450.0,-10.155952,-4.5785713
11466.667,-10.122222,-4.5507936
11483.333,-10.096826,-4.5380955
11500.0,-10.104762,-4.5857143
11516.667,-10.112699,-4.633333
11533.333,-10.129365,-4.656349
11550.0,-10.148214,-4.6732144
11566.667,-10.150397,-4.6884923
11583.333,-10.12758,-4.701389
11600.0,-10.104762,-4.714286
11616.667,-10.114682,-4.7440476
11633.333,-10.124603,-4.7738094
11650.0,-10.139286,-4.7892857
11666.667,-10.157143,-4.795238
11683.333,-10.168849,-4.8001986
11700.0,-10.155952,-4.8011904
11716.667,-10.143056,-4.8021827
11733.333,-10.143651,-4.815873
11750.0,-10.147619,-4.832738
11766.667,-10.154366,-4.8468256
11783.333,-10.1652775,-4.856746
11800.0,-10.17619,-4.866667
11816.667,-10.162302,-4.872619
11833.333,-10.148413,-4.8785715
11850.0,-10.141666,-4.854762
11866.667,-10.139683,-4.811111
11883.333,-10.135715,-4.7795634
11900.0,-10.12381,-4.7964287
11916.667,-10.111905,-4.8132935
11933.333,-10.089683,-4.8134923
11950.0,-10.064881,-4.8095236
11966.667,-10.05992,-4.81627
11983.333,-10.0847225,-4.8390875
12000.0,-10.109524,-4.8619046
12016.667,-10.113492,-4.8599205
12033.333,-10.11746,-4.8579364
12050.0,-10.12619,-4.840476
12066.667,-10.138095,-4.8126984
12083.333,-10.144444,-4.7936506
12100.0,-10.1285715,-4.8095236
12116.667,-10.112699,-4.825397
12133.333,-10.119047,-4.836508
12150.0,-10.130953,-4.8464284
12166.667,-10.142858,-4.8285713
12183.333,-10.154762,-4.7690477
12200.0,-10.166667,-4.7095237
12216.667,-10.172619,-4.6023808
12233.333,-10.178572,-4.4952383
12250.0,-10.316534,-4.3688626
12266.667,-10.454497,-4.242487
12283.333,-10.592461,-4.1161113
12300.0,-10.730423,-3.9897354
12316.667,-10.868386,-3.8633597
12333.333,-11.00635,-3.736984
12350.0,-11.144312,-3.6106086
12366.667,-11.282275,-3.484233
12383.333,-11.4202385,-3.3578572
12400.0,-11.558201,-3.2314816
12416.667,-11.696164,-3.1051059
12433.333,-11.834127,-2.9787302
12450.0,-11.97209,-2.8523545
12466.667,-12.110053,-2.7259789
12483.333,-12.248015,-2.5996032
12500.0,-11.964286,-3.8833334
12516.667,-11.680555,-5.1670637
12533.333,-10.966666,-4.593651
12550.0,-10.145238,-3.5559523
12566.667,-9.636508,-2.947619
12583.333,-9.596826,-2.9833333
12600.0,-9.557143,-3.0190477
12616.667,-9.475794,-3.074603
12633.333,-9.394444,-3.1301587
12650.0,-9.315476,-3.15
12666.667,-9.238095,-3.1460319
12683.333,-9.161904,-3.1511905
12700.0,-9.090476,-3.192857
12716.667,-9.019048,-3.2345238
12733.333,-8.938095,-3.1904762
12750.0,-8.854762,-3.125
12766.667,-8.7722225,-3.0769842
12783.333,-8.690873,-3.0551586
12800.0,-8.609524,-3.0333333
12816.667,-8.581746,-3.0333333
12833.333,-8.553968,-3.0333333
12850.0,-8.535714,-3.035119
12866.667,-8.523809,-3.0380952
12883.333,-8.511111,-3.0426588
12900.0,-8.495238,-3.0535715
12916.667,-8.479365,-3.0644841
12933.333,-8.455556,-3.0555556
12950.0,-8.429762,-3.0416667
12966.667,-8.424603,-3.0436509
12983.333,-8.450397,-3.0694444
13000.0,-8.476191,-3.0952382
13016.667,-8.486111,-3.1369047
13033.333,-8.496032,-3.1785715
13050.0,-8.508333,-3.1904762
13066.667,-8.5222225,-3.1825397
13083.333,-8.536904,-3.1678572
13100.0,-8.554762,-3.1261904
13116.667,-8.572619,-3.084524
13133.333,-8.58254,-3.088889
13150.0,-8.590476,-3.1047618
13166.667,-8.5984125,-3.131746
13183.333,-8.606349,-3.175397
13200.0,-8.614285,-3.2190475
13216.667,-8.630158,-3.209127
13233.333,-8.646031,-3.1992064
13250.0,-8.673809,-3.1809523
13266.667,-8.709524,-3.1571429
13283.333,-8.852814,-3.3074675
13300.0,-8.996104,-3.4577923
13316.667,-9.139394,-3.6081169
13333.333,-9.282684,-3.7584414
13350.0,-9.425974,-3.9087663
13366.667,-9.569264,-4.059091
13383.333,-9.712554,-4.2094154
13400.0,-9.8558445,-4.3597403
13416.667,-9.999134,-4.510065
13433.333,-10.142425,-4.6603894
13450.0,-10.285714,-4.8107142
13466.667,-9.940476,-5.7492065
13483.333,-9.54504,-6.3988094
13500.0,-8.94881,-5.892857
13516.667,-8.352579,-5.3869047
13533.333,-8.2047615,-5.2539682
13550.0,-8.169047,-5.214286
13566.667,-8.156349,-5.1833334
13583.333,-8.178175,-5.1654763
13600.0,-8.2,-5.1476192
13616.667,-8.229762,-5.135714
13633.333,-8.259523,-5.1238093
13650.0,-8.289286,-5.1261907
13666.667,-8.319048,-5.1380954
13683.333,-8.345634,-5.1515875
13700.0,-8.359524,-5.1714287
13716.667,-8.373413,-5.19127
13733.333,-8.373015,-5.1825395
13750.0,-8.369047,-5.1666665
13766.667,-8.346826,-5.123016
13783.333,-8.297222,-5.0376983
13800.0,-8.247619,-4.952381
13816.667,-8.22877,-4.9166665
13833.333,-8.209921,-4.8809524
13850.0,-8.230357,-4.9071426
13866.667,-8.276984,-4.974603
13883.333,-8.115079,-4.96627
13900.0,-7.1190476,-4.654762
13916.667,-6.123016,-4.343254
13933.333,-5.630159,-4.146032
13950.0,-5.2630954,-3.977381
13966.667,-5.054762,-3.879365
13983.333,-5.0845237,-3.8873017
14000.0,-5.114286,-3.8952382
14016.667,-5.148016,-3.940873
14033.333,-5.181746,-3.986508
14050.0,-5.2238097,-4.015476
14066.667,-5.2714286,-4.0333333
14083.333,-5.311905,-4.0420637
14100.0,-5.3238096,-4.0142856
14116.667,-5.3357143,-3.986508
14133.333,-5.331746,-3.952381
14150.0,-5.3238096,-3.9166667
14166.667,-5.3190475,-3.8833334
14183.333,-5.3190475,-3.8535714
14200.0,-5.3190475,-3.8238096
14216.667,-5.3051586,-3.786111
14233.333,-5.29127,-3.7484126
14250.0,-5.295238,-3.732143
14266.667,-5.311111,-3.7301588
14283.333,-5.325,-3.7255952
14300.0,-5.330952,-3.7107143
14316.667,-5.3369045,-3.6958334
14333.333,-5.356349,-3.692857
14350.0,-5.3791666,-3.692857
14366.667,-5.6674604,-3.4825397
14383.333,-6.353968,-2.956746
14400.0,-7.0404763,-2.4309523
14416.667,-7.50873,-1.785119
14433.333,-7.976984,-1.1392857
14450.0,-8.163691,-0.88988096
14466.667,-8.162699,-0.9047619
14483.333,-8.165079,-0.9236111
14500.0,-8.180952,-0.9583333
14516.667,-8.196825,-0.9930556
14533.333,-8.235714,-1.0507936
14550.0,-8.280357,-1.1142857
14566.667,-8.312302,-1.1595238
14583.333,-8.325198,-1.1773809
14600.0,-8.338096,-1.1952381
14616.667,-8.335119,-1.147619
14633.333,-8.332143,-1.1
14650.0,-8.326786,-1.0678571
14666.667,-8.319841,-1.0460317
14683.333,-8.315873,-1.0261905
14700.0,-8.32381,-1.0142857
14716.667,-8.331746,-1.002381
14733.333,-8.338096,-0.99841267
14750.0,-8.344048,-0.99642855
14766.667,-8.338889,-0.9746032
14783.333,-8.317063,-0.9230159
14800.0,-8.2952385,-0.87142855
14816.667,-8.321032,-0.8049603
14833.333,-8.346826,-0.7384921
14850.0,-8.682143,-0.33392859
14866.667,-9.223809,0.29603174
14883.333,-9.660317,0.79642856
14900.0,-9.67619,0.7785714
14916.667,-9.692063,0.7607143
14933.333,-9.712698,0.75396824
14950.0,-9.734524,0.75
14966.667,-9.763492,0.72380954
14983.333,-9.803175,0.6642857
15000.0,-9.842857,0.6047619
15016.667,-9.866667,0.51746035
15033.333,-9.890476,0.43015873
15050.0,-9.889286,0.36726192
15066.667,-9.8714285,0.32063493
15083.333,-9.857142,0.26289684
15100.0,-9.857142,0.16071428
15116.667,-9.857142,0.058531746
15133.333,-9.869842,-0.026984127
15150.0,-9.885715,-0.108333334
15166.667,-9.892858,-0.17301588
15183.333,-9.886905,-0.21269841
15200.0,-9.880953,-0.25238097
15216.667,-9.900794,-0.29404762
15233.333,-9.920635,-0.33571428
15250.0,-9.925,-0.35
15266.667,-9.919047,-0.34603176
15283.333,-9.917659,-0.3531746
15300.0,-9.934524,-0.4047619
15316.667,-9.951389,-0.4563492
15333.333,-9.946032,-0.45396826
15350.0,-9.935119,-0.43809524
15366.667,-9.93254,-0.4218254
15383.333,-9.94246,-0.4049603
15400.0,-9.952381,-0.38809523
15416.667,-9.961309,-0.4128968
15433.333,-9.970238,-0.43769842
15450.0,-9.973809,-0.4636905
15466.667,-9.973809,-0.4904762
15483.333,-9.969643,-0.510119
15500.0,-9.94881,-0.5011905
15516.667,-9.927977,-0.49226192
15533.333,-9.916667,-0.5126984
15550.0,-9.907738,-0.5404762
15566.667,-9.901191,-0.56468254
15583.333,-9.898214,-0.58353174
15600.0,-9.895238,-0.60238093
15616.667,-9.883333,-0.5547619
15633.333,-9.8714285,-0.50714284
15650.0,-9.8714285,-0.52619046
15666.667,-9.879365,-0.5896825
15683.333,-9.88135,-0.63988096
15700.0,-9.859524,-0.6369048
15716.667,-9.837698,-0.6339286
15733.333,-9.804762,-0.6206349
15750.0,-9.769048,-0.6047619
15766.667,-9.75,-0.5968254
15783.333,-9.755953,-0.60079366
15800.0,-9.761905,-0.6047619
15816.667,-9.744047,-0.6186508
15833.333,-9.726191,-0.6325397
15850.0,-9.714286,-0.63035715
15866.667,-9.706349,-0.6174603
15883.333,-9.694841,-0.6017857
15900.0,-9.669047,-0.575
15916.667,-9.643254,-0.54821426
15933.333,-9.622222,-0.5587302
15950.0,-9.602381,-0.57857144
15966.667,-9.584127,-0.5896825
15983.333,-9.5682535,-0.5876984
16000.0,-9.552381,-0.5857143
16016.667,-9.522619,-0.5599206
16033.333,-9.492857,-0.534127
16050.0,-9.486905,-0.52738094
16066.667,-9.496825,-0.53333336
16083.333,-9.510318,-0.5424603
16100.0,-9.538095,-0.5642857
16116.667,-9.565873,-0.5861111
16133.333,-9.601587,-0.60634923
16150.0,-9.639286,-0.6261905
16166.667,-9.664286,-0.63968253
16183.333,-9.6702385,-0.64365077
16200.0,-9.67619,-0.64761907
16216.667,-9.672222,-0.6813492
16233.333,-9.668254,-0.71507937
16250.0,-9.664881,-0.7720238
16266.667,-9.661904,-0.84444445
16283.333,-9.654961,-0.91448414
16300.0,-9.632143,-0.975
16316.667,-9.609325,-1.0355159
16333.333,-9.61746,-1.0984128
16350.0,-9.633333,-1.1619048
16366.667,-9.6515875,-1.2261904
16383.333,-9.673412,-1.2916666
16400.0,-9.695238,-1.3571428
16416.666,-9.719048,-1.3958334
16433.334,-9.742857,-1.4345238
16450.0,-9.764286,-1.4660715
16466.666,-9.784127,-1.4928571
16483.334,-9.801984,-1.520238
16500.0,-9.811905,-1.55
16516.666,-9.821825,-1.5797619
16533.334,-9.824603,-1.5968254
16550.0,-9.825595,-1.6107143
16566.666,-9.822619,-1.6349206
16583.334,-9.81369,-1.6746032
16600.0,-9.804762,-1.7142857
16616.666,-9.788889,-1.7380953
16633.334,-9.773016,-1.7619047
16650.0,-9.761905,-1.7761905
16666.666,-9.753968,-1.784127
16683.334,-9.747222,-1.7944444
16700.0,-9.745238,-1.8142858
16716.666,-9.743254,-1.834127
16733.334,-9.744445,-1.8738096
16750.0,-9.7464285,-1.9184524
16766.666,-9.748015,-1.9670635
16783.334,-9.749008,-2.021627
16800.0,-9.75,-2.0761905
16816.666,-9.739087,-2.0900793
16833.334,-9.728174,-2.1039681
16850.0,-9.716666,-2.1261904
16866.666,-9.7047615,-2.1539683
16883.334,-9.69008,-2.1888888
16900.0,-9.664286,-2.2523808
16916.666,-9.638492,-2.315873
16933.334,-9.636508,-2.3888888
16950.0,-9.640476,-2.4642856
16966.666,-9.646826,-2.5380952
16983.334,-9.656746,-2.6095238
17000.0,-9.666667,-2.6809523
17016.666,-9.654762,-2.722619
17033.334,-9.642858,-2.7642858
17050.0,-9.630357,-2.7863095
17066.666,-9.61746,-2.795238
17083.334,-9.603373,-2.808135
17100.0,-9.584524,-2.8369048
17116.666,-9.565675,-2.8656745
17133.334,-9.561905,-2.868254
17150.0,-9.561905,-2.8642857
17166.666,-9.573016,-2.8642857
17183.334,-9.600794,-2.870238
17200.0,-9.6285715,-2.8761904
17216.666,-9.600794,-2.822619
17233.334,-9.573016,-2.7690477
17250.0,-9.559524,-2.7619047
17266.666,-9.555555,-2.7857144
17283.334,-9.552977,-2.807738
17300.0,-9.555952,-2.822619
17316.666,-9.5589285,-2.8375
17333.334,-9.552381,-2.8333333
17350.0,-9.543452,-2.8244047
17366.666,-9.536508,-2.8150795
17383.334,-9.532539,-2.8051586
17400.0,-9.528571,-2.795238
17416.666,-9.492857,-2.7734127
17433.334,-9.457143,-2.7515874
17450.0,-9.444048,-2.7416666
17466.666,-9.446032,-2.7396824
17483.334,-9.453968,-2.7412698
17500.0,-9.485714,-2.7571428
17516.666,-9.51746,-2.773016
17533.334,-9.534921,-2.75
17550.0,-9.548809,-2.7172618
17566.666,-9.557143,-2.6900795
17583.334,-9.557143,-2.67123
17600.0,-9.557143,-2.652381
17616.666,-9.567063,-2.6464286
17633.334,-9.576984,-2.6404762
17650.0,-9.575,-2.5994048
17666.666,-9.56508,-2.5349207
17683.334,-9.555555,-2.479365
17700.0,-9.547619,-2.459524
17716.666,-9.539682,-2.4396825
17733.334,-9.539682,-2.447619
17750.0,-9.541667,-2.4625
17766.666,-9.539682,-2.4825397
17783.334,-9.531746,-2.5103176
17800.0,-9.523809,-2.5380952
17816.666,-9.545635,-2.565873
17833.334,-9.56746,-2.5936508
17850.0,-9.575,-2.6130953
17866.666,-9.573016,-2.6269841
17883.334,-9.569841,-2.6353176
17900.0,-9.561905,-2.6214285
17916.666,-9.553968,-2.6075397
17933.334,-9.579365,-2.6380951
17950.0,-9.613095,-2.679762
17966.666,-9.634921,-2.6968255
17983.334,-9.638889,-2.676984
18000.0,-9.642858,-2.6571429
18016.666,-9.680555,-2.6492064
18033.334,-9.718254,-2.64127
18050.0,-9.723809,-2.6285715
18066.666,-9.707936,-2.6126983
18083.334,-9.696032,-2.6103175
18100.0,-9.7,-2.6619048
18116.666,-9.703968,-2.7134922
18133.334,-9.692063,-2.7761905
18150.0,-9.67619,-2.8416667
18166.666,-9.669444,-2.8964286
18183.334,-9.676389,-2.9351192
18200.0,-9.683333,-2.9738095
18216.666,-9.372817,-2.2069445
18233.334,-9.062302,-1.4400793
18250.0,-8.938095,-1.122619
18266.666,-8.938095,-1.104762
18283.334,-8.939087,-1.0900793
18300.0,-8.944048,-1.0880952
18316.666,-8.949008,-1.0861111
18333.334,-8.976191,-1.0746032
18350.0,-9.008928,-1.0607142
18366.666,-9.027778,-1.0571429
18383.334,-9.025794,-1.0690476
18400.0,-9.023809,-1.0809524
18416.666,-9.035714,-1.1067461
18433.334,-9.047619,-1.1325396
18450.0,-9.027976,-1.127381
18466.666,-8.987302,-1.1015873
18483.334,-9.067857,-1.1513889
18500.0,-9.633333,-1.5035714
18516.666,-10.19881,-1.855754
18533.334,-10.330159,-2.331746
18550.0,-10.352976,-2.8386905
18566.666,-10.3670635,-3.211508
18583.334,-10.368055,-3.3831348
18600.0,-10.369047,-3.554762
18616.666,-10.338294,-3.647024
18633.334,-10.30754,-3.7392857
18650.0,-10.278571,-3.857143
18666.666,-10.250793,-3.9920635
18683.334,-10.231746,-4.1309524
18700.0,-10.247619,-4.285714
18716.666,-10.263492,-4.4404764
18733.334,-10.254762,-4.496825
18750.0,-10.239881,-4.5285716
18766.666,-10.2234125,-4.5488095
18783.334,-10.204563,-4.551786
18800.0,-10.185715,-4.554762
18816.666,-10.144048,-4.603373
18833.334,-10.102381,-4.651984
18850.0,-10.077381,-4.675
18866.666,-10.063492,-4.6809525
18883.334,-10.05,-4.699603
18900.0,-10.038095,-4.7690477
18916.666,-10.026191,-4.838492
18933.334,-10.023809,-4.879365
18950.0,-10.023809,-4.9130955
18966.666,-10.026191,-4.934127
18983.334,-10.032143,-4.936111
19000.0,-10.038095,-4.938095
19016.666,-9.901191,-3.6761904
19033.334,-9.764286,-2.4142857
19050.0,-9.694048,-1.8761904
19066.666,-9.668254,-1.820635
19083.334,-9.643254,-1.7746031
19100.0,-9.6214285,-1.7666667
19116.666,-9.599603,-1.7587302
19133.334,-9.61746,-1.7555555
19150.0,-9.645238,-1.7535714
19166.666,-9.657143,-1.7357143
19183.334,-9.645238,-1.6940476
19200.0,-9.633333,-1.652381
19216.666,-9.625397,-1.6484127
19233.334,-9.61746,-1.6444445
19250.0,-9.619047,-1.6642857
19266.666,-9.626985,-1.7
19283.334,-9.631746,-1.7281746
19300.0,-9.62381,-1.7261904
19316.666,-9.615873,-1.7242063
19333.334,-9.609524,-1.7206349
19350.0,-9.603572,-1.7166667
19366.666,-9.599206,-1.7293651
19383.334,-9.597222,-1.7670635
19400.0,-9.595238,-1.8047619
19416.666,-9.581349,-1.8464285
19433.334,-9.56746,-1.8880953
19450.0,-9.554762,-1.9059523
19466.666,-9.542857,-1.9079365
19483.334,-9.538095,-1.9126984
19500.0,-9.561905,-1.9285715
19516.666,-9.585714,-1.9444444
19533.334,-9.573016,-1.9595238
19550.0,-9.55119,-1.9744048
19566.666,-9.531746,-1.9924604
19583.334,-9.515873,-2.0152779
19600.0,-9.5,-2.0380952
19616.666,-9.488095,-2.0638888
19633.334,-9.476191,-2.0896826
19650.0,-9.478572,-2.1130953
19666.666,-9.490477,-2.1349206
19683.334,-9.502778,-2.159127
19700.0,-9.516666,-2.192857
19716.666,-9.530556,-2.2265873
19733.334,-9.533334,-2.245238
19750.0,-9.533334,-2.260119
19766.666,-9.532936,-2.2789683
19783.334,-9.531944,-2.3037698
19800.0,-9.530952,-2.3285713
19816.666,-9.545834,-2.3623016
19833.334,-9.560715,-2.3960319
19850.0,-9.558333,-2.3821428
19866.666,-9.544444,-2.336508
19883.334,-9.533334,-2.2984128
19900.0,-9.533334,-2.290476
19916.666,-9.533334,-2.2825396
19933.334,-9.530159,-2.2920635
19950.0,-9.526191,-2.3059523
19966.666,-9.523809,-2.315873
19983.334,-9.523809,-2.3198414
20000.0,-9.523809,-2.3238096
20016.666,-9.525794,-2.3515873
20033.334,-9.527778,-2.379365
20050.0,-9.519048,-2.4261904
20066.666,-9.503175,-2.4857142
20083.334,-9.355556,-2.6333334
20100.0,-8.680952,-3.1333334
20116.666,-8.00635,-3.6333334
20133.334,-7.820635,-3.8015873
20150.0,-7.757143,-3.8869047
20166.666,-7.7095237,-3.9412699
20183.334,-7.6857142,-3.9492064
20200.0,-7.661905,-3.9571428
20216.666,-7.630159,-3.9670634
20233.334,-7.5984125,-3.976984
20250.0,-7.5738096,-3.9797618
20266.666,-7.5539684,-3.9777777
20283.334,-7.5404763,-3.989881
20300.0,-7.552381,-4.0583334
20316.666,-7.5642858,-4.1267858
20333.334,-7.561905,-4.2079363
20350.0,-7.5559525,-4.292262
20366.666,-7.54127,-4.3444443
20383.334,-7.513492,-4.3484125
20400.0,-7.4857144,-4.3523808
20416.666,-7.479762,-4.3900795
20433.334,-7.4738097,-4.427778
20450.0,-7.4607143,-4.454762
20466.666,-7.4428573,-4.474603
20483.334,-7.429365,-4.4944444
20500.0,-7.4333334,-4.5142856
20516.666,-7.4373016,-4.5341268
20533.334,-7.415873,-4.5555553
20550.0,-7.3880954,-4.577381
20566.666,-7.3619046,-4.6075397
20583.334,-7.338095,-4.6501985
20600.0,-7.3142858,-4.6928573
20616.666,-7.284524,-4.7216268
20633.334,-7.2547617,-4.7503967
20650.0,-7.229762,-4.7488093
20666.666,-7.2079363,-4.726984
20683.334,-7.184921,-4.7194443
20700.0,-7.1571426,-4.7690477
20716.666,-7.129365,-4.8186507
20733.334,-6.074603,-5.9015875
20750.0,-4.7630954,-7.242857
20766.666,-3.9357142,-8.114285
20783.334,-3.834524,-8.280952
20800.0,-3.7333333,-8.447619
20816.666,-3.7373016,-8.487302
20833.334,-3.7412698,-8.526984
20850.0,-3.7369049,-8.540476
20866.666,-3.726984,-8.536508
20883.334,-3.7142856,-8.520238
20900.0,-3.6904762,-8.4547615
20916.666,-3.6666667,-8.389286
20933.334,-3.6761904,-8.357142
20950.0,-3.6940477,-8.333333
20966.666,-3.6940477,-8.333333
20983.334,-3.6940477,-8.333333
