0.0,-6.928571,-5.4809523
16.666666,-6.9345236,-5.4333334
33.333332,-6.9404764,-5.385714
50.0,-6.938095,-5.347619
66.666664,-6.9301586,-5.315873
83.333336,-6.9261904,-5.2904763
100.0,-6.938095,-5.2904763
116.666664,-6.95,-5.2904763
133.33333,-6.9666667,-5.3063493
150.0,-6.984524,-5.3261905
166.66667,-6.996825,-5.3285713
183.33333,-7.0007935,-5.304762
200.0,-7.0047617,-5.2809525
216.66667,-7.010714,-5.2829366
233.33333,-7.016667,-5.2849207
250.0,-7.0339284,-5.3166666
266.66666,-7.05873,-5.368254
283.33334,-7.0843253,-5.4154763
300.0,-7.1130953,-5.445238
316.66666,-7.1418653,-5.475
333.33334,-7.1468253,-5.434921
350.0,-7.1458335,-5.377381
366.66666,-7.1551585,-5.334127
383.33334,-7.1799603,-5.3123016
400.0,-7.204762,-5.2904763
416.66666,-7.218651,-5.260714
433.33334,-7.2325397,-5.2309523
450.0,-7.2273808,-5.2511907
466.66666,-7.2095237,-5.304762
483.33334,-7.6003966,-4.9198413
500.0,-9.62619,-2.7809525
516.6667,-11.651984,-0.6420635
533.3333,-12.400794,-0.13095239
550.0,-12.830358,-0.026785715
566.6667,-13.078571,0.011507937
583.3333,-13.054762,-0.049007937
600.0,-13.030952,-0.10952381
616.6667,-12.990278,-0.17698413
633.3333,-12.949603,-0.24444444
650.0,-12.923809,-0.275
666.6667,-12.907936,-0.2809524
683.3333,-12.884523,-0.28968254
700.0,-12.830953,-0.30952382
716.6667,-12.777381,-0.32936507
733.3333,-12.747619,-0.3484127
750.0,-12.723809,-0.36726192
766.6667,-11.652778,-0.43333334
783.3333,-9.010913,-0.5702381
800.0,-6.3690476,-0.70714283
816.6667,-5.935516,-0.8073413
833.3333,-5.501984,-0.90753967
850.0,-5.322619,-1.0607142
866.6667,-5.3126984,-1.2492063
883.3333,-5.3107142,-1.4178572
900.0,-5.340476,-1.5071429
916.6667,-5.3702383,-1.5964285
933.3333,-5.357143,-1.6190476
950.0,-5.3333335,-1.625
966.6667,-5.85,-1.5777777
983.3333,-7.177381,-1.4507936
1000.0,-8.504762,-1.3238095
1016.6667,-10.459127,-1.3972223
1033.3334,-12.413492,-1.4706349
1050.0,-13.201191,-1.5642858
1066.6666,-13.211111,-1.6714286
1083.3334,-13.20754,-1.7686508
1100.0,-13.15,-1.8261905
1116.6666,-13.092461,-1.8837302
1133.3334,-13.073016,-1.8873016
1150.0,-13.063095,-1.877381
1166.6666,-13.047619,-1.881746
1183.3334,-13.023809,-1.9075397
1200.0,-13.0,-1.9333333
1216.6666,-12.978174,-1.9452381
1233.3334,-12.956349,-1.9571428
1250.0,-12.933333,-1.9553572
1266.6666,-12.909524,-1.9444444
1283.3334,-12.885516,-1.939881
1300.0,-12.860714,-1.9607143
1316.6666,-12.835913,-1.9815476
1333.3334,-12.842857,-2.0555556
1350.0,-12.8577385,-2.142857
1366.6666,-12.8670635,-2.2083333
1383.3334,-12.868055,-2.2410715
1400.0,-12.869047,-2.2738094
1416.6666,-12.852182,-2.2549603
1433.3334,-12.835318,-2.2361112
1450.0,-12.825,-2.2869048
1466.6666,-12.819048,-2.384127
1483.3334,-12.811707,-2.4876983
1500.0,-12.798809,-2.6166666
1516.6666,-12.7859125,-2.745635
1533.3334,-12.750793,-2.7666667
1550.0,-12.710119,-2.7607143
1566.6666,-12.687302,-2.7523808
1583.3334,-12.69127,-2.7404761
1600.0,-12.695238,-2.7285714
1616.6666,-12.685317,-2.7702382
1633.3334,-12.675397,-2.8119047
1650.0,-12.648809,-2.85
1666.6666,-12.611111,-2.8857143
1683.3334,-12.571032,-2.9107144
1700.0,-12.521428,-2.892857
1716.6666,-12.471826,-2.875
1733.3334,-12.497619,-2.881746
1750.0,-12.542262,-2.8946428
1766.6666,-12.570635,-2.8857143
1783.3334,-12.574603,-2.8440475
1800.0,-12.578571,-2.802381
1816.6666,-12.518056,-2.7676587
1833.3334,-12.45754,-2.7329366
1850.0,-12.439881,-2.7494047
1866.6666,-12.450793,-2.8
1883.3334,-12.455358,-2.8406746
1900.0,-12.434524,-2.8416667
1916.6666,-12.413691,-2.8426588
1933.3334,-12.409524,-2.8611112
1950.0,-12.409524,-2.8839285
1966.6666,-12.418254,-2.9011905
1983.3334,-12.44008,-2.910119
2000.0,-12.461905,-2.9190476
2016.6666,-12.461905,-2.9230158
2033.3334,-12.461905,-2.926984
2050.0,-12.320238,-3.1440477
2066.6667,-12.084127,-3.5031745
2083.3333,-11.914682,-4.3190475
2100.0,-12.011905,-6.9619045
2116.6667,-12.109127,-9.604762
2133.3333,-12.187302,-10.287302
2150.0,-12.260715,-10.479762
2166.6667,-12.310317,-10.584524
2183.3333,-12.324206,-10.557738
2200.0,-12.338096,-10.530952
2216.6667,-12.310317,-10.468452
2233.3333,-12.282539,-10.405952
2250.0,-12.276191,-10.382143
2266.6667,-12.284127,-10.384127
2283.3333,-12.2875,-10.390278
2300.0,-12.272619,-10.413095
2316.6667,-12.257738,-10.435913
2333.3333,-12.236508,-10.433333
2350.0,-12.213691,-10.424405
2366.6667,-12.178572,-10.411904
2383.3333,-12.125,-10.394048
2400.0,-12.071428,-10.37619
2416.6667,-12.075397,-10.407936
2433.3333,-12.079365,-10.439683
2450.0,-12.065476,-10.490477
2466.6667,-12.039682,-10.553968
2483.3333,-12.019048,-10.604762
2500.0,-12.019048,-10.604762
2516.6667,-12.019048,-10.604762
2533.3333,-12.011111,-10.612699
2550.0,-12.00119,-10.622619
2566.6667,-11.9849205,-10.6214285
2583.3333,-11.959127,-10.603572
2600.0,-11.933333,-10.585714
2616.6667,-11.923412,-10.600595
2633.3333,-11.913492,-10.615477
2650.0,-11.238095,-10.968452
2666.6667,-10.119047,-11.546825
2683.3333,-9.080953,-12.02123
2700.0,-8.366667,-12.0797615
2716.6667,-7.652381,-12.138293
2733.3333,-5.6174603,-11.930159
2750.0,-3.2523808,-11.655357
2766.6667,-1.8436508,-11.498413
2783.3333,-1.8694445,-11.518254
2800.0,-1.895238,-11.538095
2816.6667,-1.9309524,-11.55
2833.3333,-1.9666667,-11.561905
2850.0,-1.9833333,-11.580953
2866.6667,-1.9873016,-11.604762
2883.3333,-1.9865079,-11.626587
2900.0,-1.9666667,-11.640476
2916.6667,-1.9468254,-11.654366
2933.3333,-1.9460317,-11.607937
2950.0,-1.95,-11.546429
2966.6667,-1.9547619,-11.519048
2983.3333,-1.9607143,-11.542857
3000.0,-1.9666667,-11.566667
3016.6667,-1.972619,-11.548809
3033.3333,-1.9785714,-11.530952
3050.0,-1.9738095,-11.511905
3066.6667,-1.9619048,-11.4920635
3083.3333,-1.9476191,-11.472222
3100.0,-1.9238095,-11.452381
3116.6667,-1.9,-11.43254
3133.3333,-0.98253965,-9.273016
3150.0,0.15833333,-6.5785713
3166.6667,0.87222224,-4.406349
3183.3333,0.9456349,-3.0174603
3200.0,1.0190476,-1.6285714
3216.6667,1.040873,-1.6285714
3233.3333,1.0626984,-1.6285714
3250.0,1.0928571,-1.6077381
3266.6667,1.1285714,-1.5730159
3283.3333,1.1549603,-1.5498016
3300.0,1.1440476,-1.5726191
3316.6667,1.133135,-1.5954365
3333.3333,1.1269841,-1.6285714
3350.0,1.1220238,-1.6642857
3366.6667,1.1269841,-1.6785715
3383.3333,1.1468254,-1.6607143
3400.0,1.1666666,-1.6428572
3416.6667,1.1884921,-1.6230159
3433.3333,1.2103175,-1.6031746
3450.0,1.2190477,-1.6220238
3466.6667,1.2190477,-1.6666666
3483.3333,1.2160715,-1.7027777
3500.0,1.2011905,-1.7047619
3516.6667,1.1863096,-1.706746
3533.3333,2.068254,-0.8142857
3550.0,3.1744049,0.3017857
3566.6667,4.3531747,1.7166667
3583.3333,5.640873,3.579762
3600.0,6.928571,5.4428573
3616.6667,6.906746,5.454762
3633.3333,6.8849206,5.4666667
3650.0,6.875,5.4696426
3666.6667,6.873016,5.4666667
3683.3333,6.8759923,5.4579363
3700.0,6.8988094,5.4261904
3716.6667,6.921627,5.3944445
3733.3333,6.9269843,5.4
3750.0,6.927976,5.4148808
3766.6667,6.9198413,5.4031744
3783.3333,6.898016,5.3515873
3800.0,6.8761907,5.3
3816.6667,6.878175,5.3019843
3833.3333,6.880159,5.3039684
3850.0,6.8869047,5.320833
3866.6667,6.8968253,5.347619
3883.3333,6.8984127,5.375595
3900.0,6.866667,5.4083333
3916.6667,6.8349204,5.4410715
3933.3333,6.8444443,5.4079366
3950.0,6.864286,5.358333
3966.6667,6.866667,5.324603
3983.3333,6.8428574,5.3146825
4000.0,6.8190475,5.304762
4016.6667,6.8319445,4.9198413
4033.3333,6.8448415,4.5349207
4050.0,6.749405,1.4547619
4066.6667,6.581746,-3.4222221
4083.3333,6.459722,-7.3835316
4100.0,6.520238,-7.6821427
4116.6665,6.580754,-7.980754
4133.3335,6.5507936,-8.003175
4150.0,6.4982142,-7.9565477
4166.6665,6.451587,-7.938889
4183.3335,6.413889,-7.9646826
4200.0,6.3761907,-7.990476
4216.6665,6.368254,-7.9934525
4233.3335,6.360317,-7.9964285
4250.0,6.3589287,-8.000595
4266.6665,6.3619046,-8.005555
4283.3335,6.3636904,-8.009722
4300.0,6.3607144,-8.010715
4316.6665,6.357738,-8.011706
4333.3335,6.338095,-8.011111
4350.0,6.3142858,-8.010119
4366.6665,6.2992063,-8.010318
4383.3335,6.297222,-8.012301
4400.0,6.295238,-8.014286
4416.6665,6.2992063,-8.028174
4433.3335,6.3031745,-8.042064
4450.0,6.2916665,-8.039881
4466.6665,6.269841,-8.026984
4483.3335,6.2492065,-8.015873
4500.0,6.233333,-8.011905
4516.6665,6.21746,-8.0079365
4533.3335,5.525397,-8.82381
4550.0,4.6642857,-9.844643
4566.6665,4.022222,-10.538889
4583.3335,3.7087302,-10.743254
4600.0,3.3952382,-10.947619
4616.6665,3.3555555,-10.937698
4633.3335,3.315873,-10.927778
4650.0,3.295238,-10.933333
4666.6665,3.2873015,-10.949206
4683.3335,3.2797618,-10.962698
4700.0,3.2738094,-10.966666
4716.6665,3.267857,-10.970634
4733.3335,-0.35714287,-10.926984
4750.0,-4.8869047,-10.8714285
4766.6665,-7.827778,-10.637301
4783.3335,-8.385318,-10.135318
4800.0,-8.942857,-9.633333
4816.6665,-8.92996,-9.605556
4833.3335,-8.917064,-9.577778
4850.0,-8.923809,-9.544047
4866.6665,-8.943651,-9.50635
4883.3335,-8.962897,-9.481349
4900.0,-8.979762,-9.507143
4916.6665,-8.996627,-9.532936
4933.3335,-9.00635,-9.528571
4950.0,-9.014286,-9.516666
4966.6665,-9.029366,-9.5150795
4983.3335,-9.055159,-9.528968
5000.0,-9.080953,-9.542857
5016.6665,-9.124603,-9.380158
5033.3335,-9.168254,-9.217461
5050.0,-10.314285,-7.4035716
5066.6665,-12.195238,-4.4888887
5083.3335,-13.707738,-2.143254
5100.0,-13.7464285,-2.0738096
5116.6665,-13.785119,-2.004365
5133.3335,-13.806349,-1.9746032
5150.0,-13.823215,-1.9547619
5166.6665,-13.832936,-1.9436508
5183.3335,-13.831944,-1.945635
5200.0,-13.830953,-1.9476191
5216.6665,-13.909326,-1.9575397
5233.3335,-13.987699,-1.9674603
5250.0,-14.042857,-1.9714285
5266.6665,-14.08254,-1.9714285
5283.3335,-14.105159,-1.9511905
5300.0,-14.059524,-1.85
5316.6665,-14.013889,-1.7488096
5333.3335,-13.979365,-1.6873016
5350.0,-13.947619,-1.6357143
5366.6665,-13.93254,-1.5928571
5383.3335,-13.94246,-1.5630952
5400.0,-13.952381,-1.5333333
5416.6665,-13.976191,-1.5313492
5433.3335,-14.0,-1.5293651
5450.0,-14.021428,-1.5541667
5466.6665,-14.04127,-1.5968254
5483.3335,-14.044841,-1.6251984
5500.0,-13.983334,-1.5964285
5516.6665,-13.921825,-1.5676588
5533.3335,-13.928572,-1.5873016
5550.0,-13.952381,-1.6190476
5566.6665,-13.966666,-1.6603174
5583.3335,-13.966666,-1.715873
5600.0,-13.966666,-1.7714286
5616.6665,-13.893254,-1.7634921
5633.3335,-13.819841,-1.7555555
5650.0,-13.7952385,-1.847619
5666.6665,-13.803175,-2.0063493
5683.3335,-13.813492,-2.1460319
5700.0,-13.833333,-2.209524
5716.6665,-13.853174,-2.273016
5733.3335,-13.831746,-2.3190477
5750.0,-13.8,-2.3607142
5766.6665,-13.769841,-2.3769841
5783.3335,-13.7420635,-2.3551588
5800.0,-13.714286,-2.3333333
5816.6665,-13.705358,-2.4067461
5833.3335,-13.696428,-2.4801588
5850.0,-13.680357,-2.5142858
5866.6665,-13.659524,-2.5222223
5883.3335,-13.638889,-2.522619
5900.0,-13.619047,-2.4928572
5916.6665,-13.599206,-2.4630952
5933.3335,-13.577778,-2.488889
5950.0,-13.555952,-2.5285714
5966.6665,-13.542857,-2.5777779
5983.3335,-13.542857,-2.64127
6000.0,-13.542857,-2.704762
6016.6665,-13.519048,-2.801984
6033.3335,-13.495238,-2.8992064
6050.0,-13.341071,-3.0136905
6066.6665,-13.1,-3.1396825
6083.3335,-13.286526,-3.3684344
6100.0,-13.473052,-3.597186
6116.6665,-13.659578,-3.825938
6133.3335,-13.846104,-4.05469
6150.0,-14.03263,-4.2834415
6166.6665,-14.219156,-4.512193
6183.3335,-14.405682,-4.7409453
6200.0,-14.592208,-4.969697
6216.6665,-14.778734,-5.1984487
6233.3335,-14.96526,-5.427201
6250.0,-15.151786,-5.6559525
6266.6665,-15.353174,-5.042857
6283.3335,-15.524206,-4.4876986
6300.0,-15.57381,-4.1642857
6316.6665,-15.623413,-3.840873
6333.3335,-15.64127,-3.7650793
6350.0,-15.651191,-3.7511904
6366.6665,-15.655952,-3.7571428
6383.3335,-15.652976,-3.7928572
6400.0,-15.65,-3.8285713
6416.6665,-15.647024,-3.8424604
6433.3335,-15.644048,-3.8563492
6450.0,-15.622619,-3.8357143
6466.6665,-15.588889,-3.7920635
6483.3335,-15.134523,-3.4869049
6500.0,-12.997619,-2.1357143
6516.6665,-10.860714,-0.7845238
6533.3335,-10.111111,-0.4015873
6550.0,-9.708333,-0.2607143
6566.6665,-9.479365,-0.17301588
6583.3335,-9.511111,-0.16507937
6600.0,-9.542857,-0.15714286
6616.6665,-9.536904,-0.1313492
6633.3335,-9.530952,-0.10555556
6650.0,-9.514286,-0.08214286
6666.6665,-9.490477,-0.06031746
6683.3335,-9.471032,-0.044444446
6700.0,-9.469048,-0.052380953
6716.6665,-9.467064,-0.06031746
6733.3335,-9.426984,-0.031746034
6750.0,-9.377381,0.005952381
6766.6665,-9.369047,0.014285714
6783.3335,-9.422619,-0.021428572
6800.0,-9.476191,-0.057142857
6816.6665,-9.464286,-0.0125
6833.3335,-9.452381,0.03214286
6850.0,-9.445238,0.039880954
6866.6665,-9.44127,0.023015874
6883.3335,-9.432143,0.008333334
6900.0,-9.402381,0.0023809525
6916.6665,-9.372619,-0.0035714286
6933.3335,-9.366667,0.0063492064
6950.0,-9.366667,0.020238096
6966.6665,-9.352381,0.023809524
6983.3335,-9.316667,0.011904762
7000.0,-9.280952,8.661854e-16
7016.6665,-9.257143,0.015873017
7033.3335,-9.233334,0.031746034
7050.0,-9.210119,0.035714287
7066.6665,-9.187302,0.031746034
7083.3335,-9.177778,0.026190476
7100.0,-9.221429,0.014285714
7116.6665,-9.2650795,0.0023809525
7133.3335,-9.249207,0.01904762
7150.0,-9.218452,0.042857144
7166.6665,-9.188889,0.054761905
7183.3335,-9.161111,0.048809525
7200.0,-9.133333,0.042857144
7216.6665,-9.119445,0.06666667
7233.3335,-9.105556,0.09047619
7250.0,-9.089286,0.10357143
7266.6665,-9.071428,0.10952381
7283.3335,-9.054762,0.11547619
7300.0,-9.042857,0.12142857
7316.6665,-9.030952,0.12738095
7333.3335,-9.034921,0.114285715
7350.0,-9.042857,0.09642857
7366.6665,-9.05119,0.07936508
7383.3335,-9.060119,0.06349207
7400.0,-9.069048,0.04761905
7416.6665,-9.068055,0.054563493
7433.3335,-9.067063,0.061507937
7450.0,-9.076191,0.061309524
7466.6665,-9.092064,0.056349207
7483.3335,-9.109127,0.045238096
7500.0,-9.130953,0.00952381
7516.6665,-9.152778,-0.026190476
7533.3335,-9.133333,0.014285714
7550.0,-9.103572,0.07380953
7566.6665,-9.0912695,0.104761906
7583.3335,-9.105159,0.092857145
7600.0,-9.119047,0.08095238
7616.6665,-9.110119,0.025396826
7633.3335,-9.101191,-0.03015873
7650.0,-9.109524,-0.073214285
7666.6665,-9.129365,-0.10793651
7683.3335,-9.231151,-0.33472222
7700.0,-9.660714,-1.3297619
7716.6665,-10.090278,-2.3248017
7733.3335,-10.202381,-2.5015874
7750.0,-10.235119,-2.4738095
7766.6665,-10.24246,-2.4333334
7783.3335,-10.211706,-2.3738096
7800.0,-10.180952,-2.3142858
7816.6665,-10.173016,-2.3301587
7833.3335,-10.165079,-2.3460317
7850.0,-10.167857,-2.3809524
7866.6665,-10.177778,-2.4285715
7883.3335,-10.18492,-2.4710317
7900.0,-10.180952,-2.4928572
7916.6665,-10.176984,-2.5146825
7933.3335,-10.179365,-2.515873
7950.0,-10.183333,-2.5119047
7966.6665,-10.185715,-2.5071428
7983.3335,-10.185715,-2.5011904
8000.0,-10.185715,-2.495238
8016.6665,-10.197619,-2.5011904
8033.3335,-10.209524,-2.5071428
8050.0,-10.201786,-2.4892857
8066.6665,-10.180952,-2.4555554
8083.3335,-10.172222,-2.429762
8100.0,-10.211905,-2.4357142
8116.6665,-10.251587,-2.4416666
8133.3335,-10.274603,-2.4246032
8150.0,-10.293452,-2.4017856
8166.6665,-10.300794,-2.3876984
8183.3335,-10.290873,-2.3867064
8200.0,-10.280952,-2.3857143
8216.667,-10.283929,-2.4015872
8233.333,-10.286904,-2.4174602
8250.0,-10.285119,-2.425
8266.667,-10.280159,-2.426984
8283.333,-10.275397,-2.427381
8300.0,-10.271428,-2.4214287
8316.667,-10.26746,-2.415476
8333.333,-10.647619,-2.2079365
8350.0,-11.12381,-1.95
8366.667,-11.403571,-1.7793651
8383.333,-11.388691,-1.7396826
8400.0,-11.37381,-1.7
8416.667,-11.363889,-1.7684524
8433.333,-11.353969,-1.8369048
8450.0,-11.331548,-1.8815476
8466.667,-11.300794,-1.9103174
8483.333,-11.267063,-1.9369048
8500.0,-11.221429,-1.9547619
8516.667,-11.175794,-1.972619
8533.333,-11.134921,-1.9666667
8550.0,-11.095238,-1.9547619
8566.667,-11.072619,-1.965873
8583.333,-11.075595,-2.011508
8600.0,-11.078571,-2.057143
8616.667,-11.078571,-2.0809524
8633.333,-11.078571,-2.1047618
8650.0,-11.064881,-2.1285715
8666.667,-11.042064,-2.152381
8683.333,-11.025397,-2.1761904
8700.0,-11.033334,-2.2
8716.667,-11.04127,-2.2238095
8733.333,-11.086508,-2.2563493
8750.0,-11.141071,-2.2910714
8766.667,-11.178572,-2.327381
8783.333,-11.190476,-2.3660715
8800.0,-11.202381,-2.4047618
8816.667,-11.175595,-2.4246032
8833.333,-11.148809,-2.4444444
8850.0,-11.122619,-2.4440477
8866.667,-11.096826,-2.4301586
8883.333,-10.76746,-2.442857
8900.0,-9.223809,-2.5619047
8916.667,-7.6801586,-2.6809523
8933.333,-7.347619,-2.7920635
8950.0,-7.3178573,-2.9011905
8966.667,-7.304762,-2.981746
8983.333,-7.3166666,-3.0194445
9000.0,-7.3285713,-3.057143
9016.667,-7.2968254,-3.0789683
9033.333,-7.2650795,-3.1007936
9050.0,-7.2375,-3.1142857
9066.667,-7.2126985,-3.1222222
9083.333,-7.1910715,-3.1468253
9100.0,-7.1821427,-3.2380953
9116.667,-7.1732144,-3.329365
9133.333,-7.1476192,-3.384127
9150.0,-7.117857,-3.429762
9166.667,-7.093651,-3.4753969
9183.333,-7.077778,-3.5210319
9200.0,-7.061905,-3.5666666
9216.667,-7.065873,-3.618254
9233.333,-7.0698414,-3.6698413
9250.0,-6.9309525,-3.8940477
9266.667,-6.6968255,-4.233333
9283.333,-6.444246,-4.891468
9300.0,-6.117857,-6.825
9316.667,-5.791468,-8.758532
9333.333,-5.7349205,-9.096826
9350.0,-5.7458334,-9.036309
9366.667,-5.753175,-8.9920635
9383.333,-5.755159,-8.972222
9400.0,-5.757143,-8.952381
9416.667,-5.759127,-8.973214
9433.333,-5.7611113,-8.994047
9450.0,-5.7630954,-8.958928
9466.667,-5.7650795,-8.886508
9483.333,-5.7603173,-8.805555
9500.0,-5.7285714,-8.690476
9516.667,-5.6968255,-8.575397
9533.333,-5.769841,-8.548412
9550.0,-5.8690476,-8.543452
9566.667,-5.9269843,-8.512301
9583.333,-5.923016,-8.441865
9600.0,-5.919048,-8.3714285
9616.667,-5.9091268,-8.358532
9633.333,-5.899206,-8.345634
9650.0,-5.8880954,-8.3577385
9666.667,-5.8761907,-8.386508
9683.333,-5.8559523,-8.423412
9700.0,-5.802381,-8.492857
9716.667,-5.7488093,-8.562302
9733.333,-5.695238,-8.647619
9750.0,-5.641667,-8.736905
9766.667,-5.6,-8.823016
9783.333,-5.5761905,-8.904366
9800.0,-5.552381,-8.985714
9816.667,-5.6138887,-9.110714
9833.333,-5.675397,-9.235714
9850.0,-5.704762,-9.361905
9866.667,-5.7126985,-9.488889
9883.333,-5.7194443,-9.596429
9900.0,-5.7214284,-9.62619
9916.667,-5.7234125,-9.655952
9933.333,-5.7158732,-9.728572
9950.0,-5.705952,-9.811905
9966.667,-5.6904764,-9.876985
9983.333,-5.6666665,-9.914682
10000.0,-5.642857,-9.952381
10016.667,-5.6617064,-10.021826
10033.333,-5.6805553,-10.0912695
10050.0,-5.6827383,-10.140476
10066.667,-5.6738095,-10.17619
10083.333,-5.6599207,-10.207143
10100.0,-5.6261907,-10.219048
10116.667,-5.59246,-10.230952
10133.333,-5.5793653,-10.261905
10150.0,-5.571429,-10.297619
10166.667,-5.5634923,-10.338096
10183.333,-5.5555553,-10.385715
10200.0,-5.547619,-10.433333
10216.667,-5.5218253,-10.486905
10233.333,-5.4960318,-10.540476
10250.0,-5.4964285,-10.570238
10266.667,-5.5142856,-10.584127
10283.333,-5.523016,-10.592064
10300.0,-5.4952383,-10.576191
10316.667,-5.46746,-10.560317
10333.333,-5.451587,-10.549207
10350.0,-5.4386907,-10.539286
10366.667,-6.352778,-9.415079
10383.333,-8.657341,-6.6194444
10400.0,-10.961905,-3.8238096
10416.667,-11.057143,-3.7265873
10433.333,-11.152381,-3.629365
10450.0,-11.188095,-3.5916667
10466.667,-11.184127,-3.5936508
10483.333,-11.186508,-3.595635
10500.0,-11.214286,-3.597619
10516.667,-11.2420635,-3.5996032
10533.333,-11.24127,-3.588889
10550.0,-11.233334,-3.575
10566.667,-11.226984,-3.5650795
10583.333,-11.223016,-3.5611112
10600.0,-11.219048,-3.557143
10616.667,-11.209127,-3.6662698
10633.333,-11.199206,-3.7753968
10650.0,-11.214286,-3.8642857
10666.667,-11.246032,-3.9396825
10683.333,-11.273413,-4.0055556
10700.0,-11.283334,-4.0333333
10716.667,-11.293254,-4.061111
10733.333,-11.307937,-4.152381
10750.0,-11.32381,-4.259524
10766.667,-11.370635,-4.366667
10783.333,-11.463889,-4.4738097
10800.0,-11.557143,-4.580952
10816.667,-11.600794,-4.669246
10833.333,-11.644444,-4.7575397
10850.0,-11.691667,-4.8517857
10866.667,-11.74127,-4.95
10883.333,-11.792857,-5.0341268
10900.0,-11.852381,-5.061905
10916.667,-11.911904,-5.0896826
10933.333,-11.898413,-5.0507936
10950.0,-11.866667,-4.9952383
10966.667,-11.869047,-4.9738097
10983.333,-11.922619,-5.0035715
11000.0,-11.976191,-5.0333333
11016.667,-11.9662695,-5.0829363
11033.333,-11.956349,-5.1325397
11050.0,-11.908929,-5.1863093
11066.667,-11.836508,-5.242857
11083.333,-11.77004,-5.295833
11100.0,-11.727381,-5.3345237
11116.667,-11.684722,-5.3732142
11133.333,-11.6515875,-5.3333335
11150.0,-11.620833,-5.2738094
11166.667,-11.586905,-5.218254
11183.333,-11.548214,-5.1686506
11200.0,-11.509523,-5.1190476
11216.667,-11.453968,-5.0853176
11233.333,-11.398413,-5.051587
11250.0,-11.333333,-5.0678573
11266.667,-11.261905,-5.1174603
11283.333,-11.186111,-5.1573415
11300.0,-11.092857,-5.1583333
11316.667,-10.999603,-5.1593256
11333.333,-10.966666,-5.197619
11350.0,-10.94881,-5.2452383
11366.667,-10.93254,-5.2694445
11383.333,-10.918651,-5.2585316
11400.0,-10.904762,-5.247619
11416.667,-10.853174,-5.2535715
11433.333,-10.801587,-5.259524
11450.0,-10.765476,-5.2619047
11466.667,-10.739682,-5.2619047
11483.333,-10.718651,-5.259127
11500.0,-10.716666,-5.2452383
11516.667,-10.714683,-5.231349
11533.333,-10.720634,-5.2253966
11550.0,-10.728572,-5.2214284
11566.667,-10.737302,-5.2396827
11583.333,-10.747222,-5.29127
11600.0,-10.757143,-5.3428574
11616.667,-10.745238,-5.4083333
11633.333,-10.733334,-5.4738097
11650.0,-10.7047615,-5.482143
11666.667,-10.665079,-5.452381
11683.333,-10.62123,-5.428571
11700.0,-10.560715,-5.428571
11716.667,-10.500198,-5.428571
11733.333,-10.466666,-5.4555554
11750.0,-10.439881,-5.489286
11766.667,-10.426984,-5.5420637
11783.333,-10.43492,-5.6234126
11800.0,-10.442857,-5.704762
11816.667,-10.446825,-5.7305555
11833.333,-10.450793,-5.756349
11850.0,-10.432143,-5.7785716
11866.667,-10.398413,-5.798413
11883.333,-10.369047,-5.8178573
11900.0,-10.357142,-5.8357143
11916.667,-10.345238,-5.8535714
11933.333,-10.331746,-5.866667
11950.0,-10.317857,-5.8785715
11966.667,-10.284127,-5.895238
11983.333,-10.220634,-5.919048
12000.0,-10.157143,-5.9428573
12016.667,-10.099603,-5.95873
12033.333,-10.042064,-5.974603
12050.0,-9.993452,-5.9404764
12066.667,-9.950793,-5.873016
12083.333,-9.901786,-5.8121033
12100.0,-9.827381,-5.777381
12116.667,-9.752976,-5.7426586
12133.333,-9.716666,-5.7253966
12150.0,-9.689881,-5.7125
12166.667,-9.649603,-5.7007937
12183.333,-9.5890875,-5.690873
12200.0,-9.528571,-5.6809525
12216.667,-9.513691,-5.7305555
12233.333,-9.49881,-5.7801585
12250.0,-9.494643,-5.8261905
12266.667,-9.497619,-5.869841
12283.333,-9.502976,-5.9053574
12300.0,-9.517858,-5.9083333
12316.667,-9.532738,-5.9113097
12333.333,-9.560317,-5.925397
12350.0,-9.591071,-5.9422617
12366.667,-9.606349,-5.968254
12383.333,-9.5984125,-6.0079365
12400.0,-9.590476,-6.047619
12416.667,-9.602381,-6.0654764
12433.333,-9.614285,-6.0833335
12450.0,-9.619047,-6.0666666
12466.667,-9.619047,-6.026984
12483.333,-9.60754,-5.997421
12500.0,-9.55,-6.008333
12516.667,-9.49246,-6.019246
12533.333,-9.457143,-6.084127
12550.0,-9.427381,-6.1625
12566.667,-9.399603,-6.2055554
12583.333,-9.374802,-6.195635
12600.0,-9.35,-6.1857142
12616.667,-9.312302,-6.101389
12633.333,-9.274603,-6.0170636
12650.0,-9.218452,-5.964881
12666.667,-9.15,-5.934127
12683.333,-9.080556,-5.8976192
12700.0,-9.007143,-5.838095
12716.667,-8.93373,-5.7785716
12733.333,-8.849206,-5.6650796
12750.0,-8.761905,-5.5380955
12766.667,-8.69127,-5.41627
12783.333,-8.645635,-5.3021827
12800.0,-8.6,-5.188095
12816.667,-8.522619,-5.139484
12833.333,-8.445238,-5.0908732
12850.0,-8.367262,-5.0
12866.667,-8.288889,-4.8809524
12883.333,-8.214484,-4.781746
12900.0,-8.155952,-4.7619047
12916.667,-8.097421,-4.7420635
12933.333,-8.14127,-3.184127
12950.0,-8.210714,-1.2416667
12966.667,-8.23254,0.08650794
12983.333,-8.182937,0.49325398
13000.0,-8.133333,0.9
13016.667,-8.101587,0.9496032
13033.333,-8.069841,0.99920636
13050.0,-8.061905,1.0892857
13066.667,-8.069841,1.2063493
13083.333,-8.06369,1.3125
13100.0,-8.00119,1.375
13116.667,-7.9386907,1.4375
13133.333,-7.925397,1.4666667
13150.0,-7.9244046,1.4875
13166.667,-7.9261904,1.4849206
13183.333,-7.9321427,1.4472222
13200.0,-7.938095,1.4095238
13216.667,-7.919246,1.3767858
13233.333,-7.900397,1.3440477
13250.0,-7.8880954,1.3559524
13266.667,-7.880159,1.397619
13283.333,-7.8757935,1.4333333
13300.0,-7.885714,1.4452381
13316.667,-7.895635,1.4571428
13333.333,-7.8777776,-1.8507936
13350.0,-7.8529763,-5.9886904
13366.667,-5.938889,-9.057937
13383.333,-1.190873,-10.524206
13400.0,3.557143,-11.990477
13416.667,3.9847221,-11.985516
13433.333,4.4123015,-11.980556
13450.0,4.6196427,-11.905357
13466.667,4.6801586,-11.783334
13483.333,4.731746,-11.685317
13500.0,4.747619,-11.683333
13516.667,4.763492,-11.681349
13533.333,4.7777777,-11.673016
13550.0,4.7916665,-11.663095
13566.667,4.8198414,-11.645238
13583.333,4.8694444,-11.615477
13600.0,4.919048,-11.585714
13616.667,4.9765873,-11.633333
13633.333,5.0341268,-11.680952
13650.0,5.052381,-11.673809
13666.667,5.0444446,-11.630158
13683.333,5.029762,-11.584326
13700.0,4.9880953,-11.529762
13716.667,4.946429,-11.475199
13733.333,4.9055557,-11.48254
13750.0,4.864881,-11.505357
13766.667,4.8448415,-11.511905
13783.333,4.855754,-11.494047
13800.0,4.866667,-11.476191
13816.667,4.826984,-11.480159
13833.333,4.7873015,-11.484127
13850.0,4.752381,-11.467857
13866.667,4.720635,-11.438095
13883.333,4.6666665,-11.409524
13900.0,4.5238094,-11.385715
13916.667,4.3809524,-11.361905
13933.333,4.2619047,-11.3714285
13950.0,4.1488094,-11.389286
13966.667,4.0301585,-11.409524
13983.333,3.9031746,-11.433333
14000.0,3.7761905,-11.457143
14016.667,3.6214285,-11.469048
14033.333,3.4666667,-11.480952
14050.0,3.3119047,-11.469048
14066.667,3.1571429,-11.44127
14083.333,2.9980159,-11.4015875
14100.0,2.8214285,-11.314285
14116.667,2.6448412,-11.226984
14133.333,2.511111,-11.152381
14150.0,2.3880951,-11.080953
14166.667,2.2769842,-10.978572
14183.333,2.1837301,-10.8297615
14200.0,2.0904763,-10.680952
14216.667,1.9406747,-10.616468
14233.333,1.790873,-10.551984
14250.0,1.6291667,-10.523214
14266.667,1.4595238,-10.518254
14283.333,1.2936507,-10.51627
14300.0,1.1428572,-10.526191
14316.667,0.99206346,-10.536111
14333.333,0.84761906,-10.573016
14350.0,0.7047619,-10.616667
14366.667,0.57222223,-10.610317
14383.333,0.45515874,-10.528968
14400.0,0.33809525,-10.447619
14416.667,-3.4009922,-7.4724207
14433.333,-7.1400795,-4.4972224
14450.0,-9.008928,-2.4267857
14466.667,-9.630953,-0.9595238
14483.333,-10.141666,0.20634921
14500.0,-10.207143,0.16666667
14516.667,-10.272619,0.12698413
14533.333,-10.269841,0.103174604
14550.0,-10.25,0.083333336
14566.667,-10.233334,0.071428575
14583.333,-10.221429,0.071428575
14600.0,-10.209524,0.071428575
14616.667,-10.292857,0.097222224
14633.333,-10.37619,0.12301587
14650.0,-10.369047,0.12857144
14666.667,-10.301587,0.12063492
14683.333,-10.244047,-0.13214286
14700.0,-10.226191,-1.3642857
14716.667,-10.208333,-2.5964286
14733.333,-9.711111,-6.1349206
14750.0,-9.094048,-10.25
14766.667,-8.186508,-13.133333
14783.333,-6.843254,-14.169047
14800.0,-5.5,-15.2047615
14816.667,-5.5218253,-15.135318
14833.333,-5.5436506,-15.065873
14850.0,-5.589286,-15.033334
14866.667,-5.6507936,-15.025397
14883.333,-5.695635,-15.028174
14900.0,-5.6738095,-15.07381
14916.667,-5.651984,-15.119445
14933.333,-5.651984,-15.119445
14950.0,-5.651984,-15.119445
