0.0,-0.9653846,-8.942307
16.666666,-0.9517628,-8.948718
33.333332,-0.93814105,-8.955129
50.0,-0.9389423,-8.973077
66.666664,-0.949359,-8.998718
83.333336,-0.9551282,-9.0219555
100.0,-0.9423077,-9.035577
116.666664,-0.92948717,-9.049199
133.33333,-0.9217949,-9.067307
150.0,-0.9153846,-9.086538
166.66667,-0.92083335,-9.078846
183.33333,-0.9440705,-9.030769
200.0,-0.9673077,-8.982693
216.66667,-3.288622,-8.089263
233.33333,-5.6099358,-7.195833
250.0,-6.5677886,-6.816827
266.66666,-6.616667,-6.7807693
283.33334,-6.6565704,-6.746955
300.0,-6.660577,-6.7221155
316.66666,-6.664583,-6.6972756
333.33334,-6.676282,-6.673718
350.0,-6.6899037,-6.6504807
366.66666,-6.704167,-6.6266026
383.33334,-6.719391,-6.601763
400.0,-6.7346153,-6.576923
416.66666,-6.7346153,-6.536859
433.33334,-6.7346153,-6.4967947
450.0,-6.731731,-6.479808
466.66666,-6.726923,-6.478205
483.33334,-6.721474,-6.480769
500.0,-6.7134614,-6.5
516.6667,-6.7054486,-6.519231
533.3333,-6.701282,-6.5307693
550.0,-6.6980767,-6.540385
566.6667,-6.6410255,-6.4628205
583.3333,-6.5032053,-6.254487
600.0,-6.3653846,-6.046154
616.6667,-6.3477564,-6.0677886
633.3333,-6.330128,-6.089423
650.0,-6.3057694,-6.095673
666.6667,-6.276923,-6.0916667
683.3333,-6.2541666,-6.089423
700.0,-6.2557693,-6.0942307
716.6667,-6.257372,-6.0990386
733.3333,-6.269231,-6.101282
750.0,-6.2836537,-6.102885
766.6667,-6.2929487,-6.103846
783.3333,-6.2945514,-6.103846
800.0,-6.296154,-6.103846
816.6667,-2.0653846,-6.674359
833.3333,2.1653845,-7.2448716
850.0,4.65625,-7.5322113
866.6667,5.9871793,-7.6307693
883.3333,7.0482373,-7.7115383
900.0,7.0298076,-7.7211537
916.6667,7.0113783,-7.730769
933.3333,7.0115385,-7.7192307
950.0,7.016346,-7.702404
966.6667,7.019231,-7.6923075
983.3333,7.019231,-7.6923075
1000.0,7.019231,-7.6923075
1016.6667,7.030449,-7.6746793
1033.3334,7.0416665,-7.657051
1050.0,7.035577,-7.647115
1066.6666,7.0179486,-7.6423078
1083.3334,6.134455,-7.455128
1100.0,1.7875,-6.5384617
1116.6666,-2.5594552,-5.6217947
1133.3334,-4.542308,-5.4378204
1150.0,-5.9341345,-5.4370193
1166.6666,-6.773077,-5.434936
1183.3334,-6.7826924,-5.4309297
1200.0,-6.792308,-5.4269233
1216.6666,-6.79391,-5.417308
1233.3334,-6.7955127,-5.4076924
1250.0,-6.8057694,-5.414423
1266.6666,-6.821795,-5.432051
1283.3334,-6.8328524,-5.442468
1300.0,-6.8240385,-5.4240384
1316.6666,-6.815224,-5.405609
1333.3334,-6.8108974,-5.3891025
1350.0,-6.8076925,-5.373077
1366.6666,-6.732372,-5.4528847
1383.3334,-6.548878,-5.676442
1400.0,-6.3653846,-5.9
1416.6666,-6.355769,-5.9176283
1433.3334,-6.3461537,-5.9352565
1450.0,-6.3423076,-5.9432693
1466.6666,-6.3423076,-5.944872
1483.3334,-6.340064,-5.950641
1500.0,-6.328846,-5.973077
1516.6666,-6.3176284,-5.995513
1533.3334,-6.326282,-6.0
1550.0,-6.339904,-6.0
1566.6666,-6.3413463,-5.992628
1583.3334,-6.324519,-5.974199
1600.0,-6.3076925,-5.955769
1616.6666,-6.30609,-5.9629807
1633.3334,-6.304487,-5.9701924
1650.0,-6.3028846,-5.957692
1666.6666,-6.301282,-5.932051
1683.3334,-6.2951922,-5.9076924
1700.0,-6.271154,-5.8884616
1716.6666,-6.2471156,-5.8692307
1733.3334,-6.248718,-5.8910255
1750.0,-6.2567306,-5.923077
1766.6666,-6.2615385,-5.9410257
1783.3334,-6.2615385,-5.9378204
1800.0,-6.2615385,-5.9346156
1816.6666,-6.251923,-5.9298077
1833.3334,-6.2423077,-5.925
1850.0,-6.6557693,-6.110577
1866.6666,-7.351282,-6.423077
1883.3334,-8.603526,-6.8442307
1900.0,-12.082692,-7.7
1916.6666,-15.561859,-8.555769
1933.3334,-16.244871,-8.73718
1950.0,-16.228846,-8.75
1966.6666,-16.217949,-8.759615
1983.3334,-16.214743,-8.764423
2000.0,-16.211538,-8.769231
2016.6666,-16.22436,-8.777244
2033.3334,-16.237179,-8.785256
2050.0,-16.238462,-8.79423
2066.6667,-16.232052,-8.803846
2083.3333,-16.23061,-8.810256
2100.0,-16.249039,-8.803846
2116.6667,-16.267467,-8.797436
2133.3333,-16.27564,-8.798077
2150.0,-16.28125,-8.800481
2166.6667,-16.277565,-8.799039
2183.3333,-16.259935,-8.791827
2200.0,-16.242308,-8.7846155
2216.6667,-16.247917,-8.787821
2233.3333,-16.253525,-8.791026
2250.0,-16.254328,-8.788462
2266.6667,-16.251923,-8.782051
2283.3333,-16.24968,-8.776923
2300.0,-16.248077,-8.776923
2316.6667,-16.246475,-8.776923
2333.3333,-16.260256,-8.775641
2350.0,-16.277885,-8.774038
2366.6667,-16.29359,-8.772436
2383.3333,-16.30641,-8.770833
2400.0,-16.319231,-8.769231
2416.6667,-16.320833,-8.754807
2433.3333,-16.322435,-8.740385
2450.0,-16.326923,-8.721635
2466.6667,-16.333334,-8.7
2483.3333,-16.340706,-8.682853
2500.0,-16.351923,-8.683654
2516.6667,-16.36314,-8.684455
2533.3333,-16.383333,-8.682052
2550.0,-16.40577,-8.678846
2566.6667,-16.419231,-8.6737175
2583.3333,-16.419231,-8.665705
2600.0,-16.419231,-8.657692
2616.6667,-16.420834,-8.640064
2633.3333,-16.422436,-8.622436
2650.0,-16.434616,-8.610577
2666.6667,-16.453846,-8.602564
2683.3333,-15.620833,-8.41218
2700.0,-11.378846,-7.4923077
2716.6667,-7.136859,-6.572436
2733.3333,-6.203205,-6.296795
2750.0,-6.0966344,-6.1822114
2766.6667,-6.036218,-6.1115384
2783.3333,-6.045032,-6.106731
2800.0,-6.0538464,-6.101923
2816.6667,-6.0602565,-6.1179485
2833.3333,-6.0666666,-6.1339746
2850.0,-6.0673075,-6.1302886
2866.6667,-6.0641026,-6.1134615
2883.3333,-6.060577,-6.1006413
2900.0,-6.0557694,-6.103846
2916.6667,-6.0509615,-6.1070514
2933.3333,-6.0371795,-6.098718
2950.0,-6.021154,-6.0875
2966.6667,-6.0,-6.0766025
2983.3333,-5.9711537,-6.066186
3000.0,-5.9423075,-6.0557694
3016.6667,-5.951923,-6.0485578
3033.3333,-5.9615383,-6.041346
3050.0,-5.9634614,-6.035577
3066.6667,-5.9602566,-6.0307693
3083.3333,-5.955128,-6.023077
3100.0,-5.9423075,-6.003846
3116.6667,-5.929487,-5.9846153
3133.3333,-5.932051,-5.980769
3150.0,-5.9384613,-5.980769
3166.6667,-5.9391026,-5.973718
3183.3333,-5.93109,-5.95609
3200.0,-5.923077,-5.9384613
3216.6667,-5.9166665,-5.939263
3233.3333,-5.9102564,-5.940064
3250.0,-5.910096,-5.941346
3266.6667,-5.9141026,-5.942949
3283.3333,-5.9184294,-5.945673
3300.0,-5.9240384,-5.9528847
3316.6667,-5.9296474,-5.9600964
3333.3333,-5.9423075,-5.9692307
3350.0,-5.956731,-5.978846
3366.6667,-5.9653845,-5.9951925
3383.3333,-5.9653845,-6.0216346
3400.0,-5.9653845,-6.048077
3416.6667,-5.9733973,-6.0649037
3433.3333,-5.98141,-6.081731
3450.0,-5.9971156,-6.0865383
3466.6667,-6.0179486,-6.0833335
3483.3333,-6.0384617,-6.0868587
3500.0,-6.0576925,-6.1173077
3516.6667,-6.076923,-6.1477566
3533.3333,-6.078205,-6.15
3550.0,-6.075,-6.145192
3566.6667,-6.075,-6.145513
3583.3333,-6.0798078,-6.153526
3600.0,-6.084615,-6.1615386
3616.6667,-6.080609,-6.186378
3633.3333,-6.0766025,-6.211218
3650.0,-6.0783653,-6.2221155
3666.6667,-6.0839744,-6.223718
3683.3333,-6.0903845,-6.2248397
3700.0,-6.1,-6.2240386
3716.6667,-6.1096153,-6.223237
3733.3333,-6.1153846,-6.207692
3750.0,-6.1201925,-6.1884613
3766.6667,-6.1301284,-6.1846156
3783.3333,-6.1477566,-6.203846
3800.0,-6.165385,-6.223077
3816.6667,-6.178205,-6.219872
3833.3333,-6.1910257,-6.2166667
3850.0,-6.1923075,-6.2009616
3866.6667,-6.1858974,-6.1769233
3883.3333,-6.1839743,-6.15641
3900.0,-6.2,-6.15
3916.6667,-6.216026,-6.14359
3933.3333,-6.2153845,-6.141667
3950.0,-6.210577,-6.1408653
3966.6667,-6.2115383,-6.1448717
3983.3333,-6.2211537,-6.15609
4000.0,-6.230769,-6.167308
4016.6667,-6.230769,-6.148878
4033.3333,-6.230769,-6.130449
4050.0,-6.2375,-6.120673
4066.6667,-6.248718,-6.116667
4083.3333,-6.2557693,-6.109455
4100.0,-6.246154,-6.089423
4116.6665,-6.2365384,-6.0693913
4133.3335,-6.2301283,-6.0820513
4150.0,-6.2245193,-6.102885
4166.6665,-6.2182693,-6.1240387
4183.3335,-6.2110577,-6.1456733
4200.0,-6.203846,-6.167308
4216.6665,-6.2070513,-6.190545
4233.3335,-6.2102566,-6.213782
4250.0,-3.1052885,-6.6173077
4266.6665,2.071795,-7.2743587
4283.3335,6.2357373,-7.8028846
4300.0,6.3471155,-7.8173075
4316.6665,6.4584937,-7.831731
4333.3335,6.4641027,-7.8692307
4350.0,6.4432693,-7.9125
4366.6665,6.4384613,-7.953205
4383.3335,6.457692,-7.990064
4400.0,6.476923,-8.026923
4416.6665,6.496955,-8.046154
4433.3335,6.5169873,-8.065385
4450.0,6.5283656,-8.075
4466.6665,6.533974,-8.078205
4483.3335,6.5375,-8.089744
4500.0,6.5326924,-8.134615
4516.6665,6.5278845,-8.179487
4533.3335,6.529487,-8.183333
4550.0,6.5326924,-8.176923
4566.6665,6.5371795,-8.171154
4583.3335,6.5435896,-8.166347
4600.0,6.55,-8.161538
4616.6665,6.5516024,-8.164743
4633.3335,6.553205,-8.167949
4650.0,6.5528846,-8.162981
4666.6665,6.551282,-8.152564
4683.3335,6.5490384,-8.13766
4700.0,6.544231,-8.104808
4716.6665,6.539423,-8.071955
4733.3335,6.542308,-8.06282
4750.0,6.5471153,-8.059615
4766.6665,8.126923,-8.055128
4783.3335,12.069231,-8.0487175
4800.0,16.011538,-8.042308
4816.6665,16.090065,-8.011859
4833.3335,16.16859,-7.98141
4850.0,16.198076,-7.955769
4866.6665,16.194872,-7.9333334
4883.3335,16.192308,-7.915705
4900.0,16.192308,-7.917308
4916.6665,16.192308,-7.91891
4933.3335,16.198717,-7.9141026
4950.0,16.20673,-7.9076924
4966.6665,16.21282,-7.9134617
4983.3335,16.216026,-7.9375
5000.0,16.21923,-7.9615383
5016.6665,16.227243,-7.9647436
5033.3335,16.235256,-7.967949
5050.0,16.234135,-7.957692
5066.6665,16.226923,-7.9384613
5083.3335,16.221954,-7.9201922
5100.0,16.225962,-7.9057693
5116.6665,16.229967,-7.891346
5133.3335,16.225641,-7.873077
5150.0,16.21923,-7.853846
5166.6665,16.205769,-7.8416667
5183.3335,16.18173,-7.840064
5200.0,16.157692,-7.8384614
5216.6665,16.14968,-7.8328524
5233.3335,16.141666,-7.827244
5250.0,16.138462,-7.822596
5266.6665,16.138462,-7.8185897
5283.3335,16.137981,-7.8100963
5300.0,16.135576,-7.7836537
5316.6665,16.133173,-7.7572117
5333.3335,16.123077,-7.7384615
5350.0,16.111057,-7.7216344
5366.6665,16.103205,-7.7108974
5383.3335,16.101603,-7.709295
5400.0,16.1,-7.707692
5416.6665,16.098398,-7.6772437
5433.3335,16.096794,-7.646795
5450.0,12.067307,-7.189423
5466.6665,5.3525643,-6.447436
5483.3335,-0.35625,-5.856891
5500.0,-2.041346,-5.8721156
5516.6665,-3.7264423,-5.8873396
5533.3335,-4.0685897,-5.875641
5550.0,-4.075,-5.8572116
5566.6665,-4.1022434,-5.85641
5583.3335,-4.160737,-5.8820515
5600.0,-4.2192307,-5.9076924
5616.6665,-4.2865386,-5.9653845
5633.3335,-4.353846,-6.023077
5650.0,-4.9384613,-6.2567306
5666.6665,-5.8679485,-6.6076922
5683.3335,-6.6160254,-6.8838143
5700.0,-6.6384616,-6.860577
5716.6665,-6.6608973,-6.83734
5733.3335,-6.6538463,-6.830769
5750.0,-6.639423,-6.8283653
5766.6665,-6.6301284,-6.819872
5783.3335,-6.6285257,-6.8022437
5800.0,-6.626923,-6.7846155
5816.6665,-6.614904,-6.783013
5833.3335,-6.602885,-6.78141
5850.0,-6.6,-6.7778845
5866.6665,-6.603205,-6.773077
5883.3335,-6.6072116,-6.768269
5900.0,-6.6144233,-6.7634616
5916.6665,-6.6216345,-6.7586536
5933.3335,-6.6141024,-6.7397437
5950.0,-6.602885,-6.7173076
5966.6665,-6.594872,-6.7102566
5983.3335,-6.5916667,-6.726282
6000.0,-6.5884614,-6.7423077
6016.6665,-6.5804486,-6.7326922
6033.3335,-6.572436,-6.723077
6050.0,-6.566346,-6.7201924
6066.6665,-6.5615387,-6.721795
6083.3335,-6.55609,-6.724359
6100.0,-6.548077,-6.730769
6116.6665,-6.5400643,-6.7371793
6133.3335,-6.523077,-6.741667
6150.0,-6.503846,-6.745673
6166.6665,-6.4865384,-6.7490387
6183.3335,-6.4721155,-6.7514424
6200.0,-6.457692,-6.753846
6216.6665,-6.4304485,-6.7490387
6233.3335,-6.403205,-6.7442307
6250.0,-6.3798075,-6.7413464
6266.6665,-6.3589745,-6.7397437
6283.3335,-6.3403845,-6.74359
6300.0,-6.330769,-6.769231
6316.6665,-6.3211536,-6.794872
6333.3335,-6.3141026,-6.796154
6350.0,-6.3076925,-6.791346
6366.6665,-6.301282,-6.7897434
6383.3335,-6.294872,-6.7929487
6400.0,-6.2884617,-6.796154
6416.6665,-6.294872,-6.796154
6433.3335,-6.301282,-6.796154
6450.0,-6.2990384,-6.798077
6466.6665,-6.2910256,-6.801282
6483.3335,-6.28109,-6.798718
6500.0,-6.2634616,-6.773077
6516.6665,-6.2458334,-6.747436
6533.3335,-6.246154,-6.747436
6550.0,-6.2509613,-6.753846
6566.6665,-6.25,-6.75
6583.3335,-6.2403846,-6.730769
6600.0,-6.230769,-6.7115383
6616.6665,-6.2219553,-6.71234
6633.3335,-6.213141,-6.713141
6650.0,-6.2110577,-6.7110577
6666.6665,-6.2134614,-6.7070513
6683.3335,-6.2165065,-6.6990385
6700.0,-6.2221155,-6.675
6716.6665,-6.2277246,-6.6509614
6733.3335,-6.220513,-6.6423078
6750.0,-6.2100964,-6.6375
6766.6665,-6.201282,-6.63141
6783.3335,-6.194872,-6.6233974
6800.0,-6.1884613,-6.6153846
6816.6665,-6.1852565,-6.607372
6833.3335,-6.182051,-6.599359
6850.0,-6.1735578,-6.5860577
6866.6665,-6.1615386,-6.5692306
6883.3335,-6.151923,-6.5576925
6900.0,-6.151923,-6.5673075
6916.6665,-6.151923,-6.576923
6933.3335,-6.1602564,-6.574359
6950.0,-6.170673,-6.56875
6966.6665,-6.176282,-6.5711536
6983.3335,-6.1746793,-6.585577
7000.0,-6.173077,-6.6
7016.6665,-6.1850963,-6.6016026
7033.3335,-6.1971154,-6.603205
7050.0,-6.2048078,-6.6173077
7066.6665,-6.209615,-6.639744
7083.3335,-6.2102566,-6.6578526
7100.0,-6.1942306,-6.6586537
7116.6665,-6.178205,-6.6594553
7133.3335,-6.1641026,-6.652564
7150.0,-6.1504807,-6.64375
7166.6665,-6.141667,-6.65
7183.3335,-6.1400642,-6.6788464
7200.0,-6.1384616,-6.707692
7216.6665,-6.1320515,-6.701282
7233.3335,-6.125641,-6.694872
7250.0,-6.116827,-6.685577
7266.6665,-6.10641,-6.674359
7283.3335,-6.0988784,-6.668269
7300.0,-6.102885,-6.6826925
7316.6665,-6.106891,-6.6971154
7333.3335,-6.1051283,-6.7141027
7350.0,-6.101923,-6.731731
7366.6665,-6.101282,-6.75
7383.3335,-6.104487,-6.769231
7400.0,-6.1076922,-6.7884617
7416.6665,-6.1253204,-6.7884617
7433.3335,-6.1429486,-6.7884617
7450.0,-6.15,-6.7788463
7466.6665,-6.15,-6.7628207
7483.3335,-6.1509614,-6.7464743
7500.0,-6.1557693,-6.728846
7516.6665,-6.160577,-6.711218
7533.3335,-6.1634617,-6.6897435
7550.0,-6.1658654,-6.667308
7566.6665,-6.1647434,-6.6522436
7583.3335,-6.1583333,-6.648237
7600.0,-6.151923,-6.644231
7616.6665,-6.147115,-6.6490383
7633.3335,-6.1423078,-6.6538463
7650.0,-6.141346,-6.645192
7666.6665,-6.1429486,-6.627564
7683.3335,-6.14375,-6.6108975
7700.0,-6.141346,-6.598077
7716.6665,-6.1389422,-6.5852566
7733.3335,-6.1326923,-6.5641026
7750.0,-6.1254807,-6.5408654
7766.6665,-6.1253204,-6.534936
7783.3335,-6.135737,-6.554968
7800.0,-6.146154,-6.575
7816.6665,-6.138141,-6.560577
7833.3335,-6.1301284,-6.546154
7850.0,-6.1153846,-6.533173
7866.6665,-6.0961537,-6.521154
7883.3335,-6.08109,-6.5108976
7900.0,-6.082692,-6.5076923
7916.6665,-6.084295,-6.504487
7933.3335,-6.080769,-6.5
7950.0,-6.0759616,-6.4951925
7966.6665,-6.073718,-6.496154
7983.3335,-6.0753207,-6.5057693
8000.0,-6.076923,-6.5153847
8016.6665,-6.06891,-6.507372
8033.3335,-6.0608974,-6.499359
8050.0,-6.058654,-6.501923
8066.6665,-6.0602565,-6.5115385
8083.3335,-6.058013,-6.5169873
8100.0,-6.040385,-6.5057693
8116.6665,-6.0227566,-6.494551
8133.3335,-6.002564,-6.4871793
8150.0,-5.981731,-6.480769
8166.6665,-5.9673076,-6.4804487
8183.3335,-5.9625,-6.489263
8200.0,-5.957692,-6.498077
8216.667,-5.939263,-6.485256
8233.333,-5.920833,-6.472436
8250.0,-5.9168267,-6.454327
8266.667,-5.9224358,-6.4326925
8283.333,-5.923718,-6.418269
8300.0,-5.9076924,-6.4326925
8316.667,-5.891667,-6.4471154
8333.333,-5.8871794,-6.448718
8350.0,-5.8855767,-6.4471154
8366.667,-5.880449,-6.445513
8383.333,-5.870032,-6.44391
8400.0,-5.8596153,-6.4423075
8416.667,-5.8572116,-6.445513
8433.333,-5.854808,-6.448718
8450.0,-5.8365383,-6.4471154
8466.667,-5.8076925,-6.4423075
8483.333,-5.782532,-6.43734
8500.0,-5.772115,-6.4317307
8516.667,-5.7616987,-6.4261217
8533.333,-5.7615385,-6.428205
8550.0,-5.7639422,-6.4322114
8566.667,-5.761859,-6.4307694
8583.333,-5.753045,-6.421154
8600.0,-5.7442307,-6.4115386
8616.667,-5.735417,-6.393109
8633.333,-5.7266026,-6.3746796
8650.0,-5.7259617,-6.360096
8666.667,-5.730769,-6.348077
8683.333,-5.7366986,-6.339904
8700.0,-5.7471156,-6.3471155
8716.667,-5.757532,-6.3543267
8733.333,-5.776282,-6.35641
8750.0,-5.7971153,-6.3572116
8766.667,-5.808013,-6.3599358
8783.333,-5.8040066,-6.365545
8800.0,-5.8,-6.371154
8816.667,-5.811218,-6.3815703
8833.333,-5.822436,-6.3919873
8850.0,-5.8201923,-6.385096
8866.667,-5.8089743,-6.366667
8883.333,-5.8008013,-6.3533654
8900.0,-5.8048077,-6.360577
8916.667,-5.808814,-6.3677883
8933.333,-5.8275642,-6.376282
8950.0,-5.85,-6.385096
8966.667,-5.863141,-6.3977566
8983.333,-5.86234,-6.416186
9000.0,-5.8615384,-6.4346156
9016.667,-5.871154,-6.4442306
9033.333,-5.8807693,-6.453846
9050.0,-5.8807693,-6.457692
9066.667,-5.874359,-6.457692
9083.333,-5.8692307,-6.4564104
9100.0,-5.8692307,-6.45
9116.667,-5.8692307,-6.4435897
9133.333,-5.85641,-6.4397435
9150.0,-5.8403845,-6.4365387
9166.667,-2.8227565,-6.609295
9183.333,4.6972756,-7.045994
9200.0,12.217308,-7.4826922
9216.667,14.041026,-7.7166667
9233.333,15.864743,-7.950641
9250.0,16.608654,-8.0625
9266.667,16.632692,-8.092949
9283.333,16.660095,-8.122596
9300.0,16.700962,-8.149038
9316.667,16.741827,-8.175481
9333.333,16.761538,-8.192307
9350.0,16.77596,-8.206731
9366.667,16.788782,-8.204166
9383.333,16.799198,-8.176122
9400.0,16.809616,-8.148077
9416.667,16.82484,-8.136058
9433.333,16.840065,-8.124039
9450.0,16.846153,-8.111539
9466.667,16.846153,-8.098718
9483.333,16.84391,-8.082372
9500.0,16.832693,-8.051923
9516.667,16.821474,-8.021474
9533.333,16.80641,-8.003846
9550.0,16.790384,-7.9894233
9566.667,16.770834,-7.969872
9583.333,16.745993,-7.9426284
9600.0,16.721153,-7.915385
9616.667,16.69952,-7.8929486
9633.333,16.677885,-7.870513
9650.0,16.664423,-7.8634615
9666.667,16.65641,-7.866667
9683.333,16.65032,-7.8708334
9700.0,16.651922,-7.878846
9716.667,16.653526,-7.886859
9733.333,16.646154,-7.873077
9750.0,16.636538,-7.853846
9766.667,16.63141,-7.8333335
9783.333,16.633013,-7.8108974
9800.0,16.634615,-7.7884617
9816.667,16.625,-7.8141026
9833.333,16.615385,-7.8397436
9850.0,16.615385,-7.8653846
9866.667,16.621796,-7.8910255
9883.333,16.625961,-7.9147434
9900.0,16.621155,-7.9307694
9916.667,16.616346,-7.946795
9933.333,16.608974,-7.953846
9950.0,16.600962,-7.958654
9966.667,16.59423,-7.9647436
9983.333,16.589422,-7.9727564
10000.0,16.584616,-7.980769
10016.667,16.59904,-7.99359
10033.333,16.613462,-8.006411
10050.0,16.614424,-8.0115385
10066.667,16.606411,-8.0115385
10083.333,16.598719,-8.01282
10100.0,16.592308,-8.019231
10116.667,16.585897,-8.025641
10133.333,16.579487,-8.041026
10150.0,16.573076,-8.058654
10166.667,16.569872,-8.06859
10183.333,16.571474,-8.066987
10200.0,16.573076,-8.065385
10216.667,13.464103,-7.955609
10233.333,10.355128,-7.8458333
10250.0,8.434615,-7.7658653
10266.667,7.3064103,-7.705769
10283.333,6.400641,-7.6647434
10300.0,6.3846154,-7.7
10316.667,6.36859,-7.735256
10333.333,6.35641,-7.771795
10350.0,6.3451924,-7.808654
10366.667,6.3365383,-7.842949
10383.333,6.331731,-7.8733974
10400.0,6.326923,-7.9038463
10416.667,6.3349357,-7.9166665
10433.333,6.342949,-7.929487
10450.0,6.3365383,-7.9307694
10466.667,6.320513,-7.924359
10483.333,6.304487,-7.914423
10500.0,6.2884617,-7.8903847
10516.667,6.2724357,-7.8663464
10533.333,6.2551284,-7.848718
10550.0,6.2375,-7.832692
10566.667,6.222436,-7.825
10583.333,6.211218,-7.8298078
10600.0,6.2,-7.834615
10616.667,6.1839743,-7.836218
10633.333,6.1679487,-7.8378205
10650.0,6.1557693,-7.8413463
10666.667,6.146154,-7.8461537
10683.333,6.134936,-7.852885
10700.0,6.1173077,-7.8673077
10716.667,6.0996795,-7.8817306
10733.333,6.1153846,-7.8871794
10750.0,6.139423,-7.8903847
10766.667,6.158974,-7.8858976
10783.333,6.171795,-7.8698716
10800.0,6.1846156,-7.853846
10816.667,6.1814103,-7.8490386
10833.333,6.178205,-7.8442307
10850.0,6.1769233,-7.8384614
10866.667,6.1769233,-7.8320513
10883.333,6.175481,-7.830769
10900.0,6.168269,-7.85
10916.667,6.1610575,-7.8692307
10933.333,6.1608973,-7.8826923
10950.0,6.1625,-7.8947115
10966.667,6.167308,-7.8983974
10983.333,6.1769233,-7.889583
11000.0,6.1865387,-7.8807693
11016.667,6.1809297,-7.8815703
11033.333,6.1753206,-7.882372
11050.0,6.1807694,-7.8884616
11066.667,6.1935897,-7.898077
11083.333,6.204167,-7.9096155
11100.0,6.205769,-7.9288464
11116.667,6.2073717,-7.9480767
11133.333,6.2064104,-7.95
11150.0,6.2048078,-7.947596
11166.667,6.20609,-7.9480767
11183.333,6.2116985,-7.9528847
11200.0,6.2173076,-7.957692
11216.667,6.232532,-7.970513
11233.333,6.2477565,-7.983333
11250.0,6.254327,-7.983654
11266.667,6.2551284,-7.9756413
11283.333,5.42484,-8.028846
11300.0,1.2701923,-8.326923
11316.667,-2.8844552,-8.625
11333.333,-7.6935897,-8.841025
11350.0,-12.666347,-9.036538
11366.667,-15.624359,-9.153205
11383.333,-15.560256,-9.151603
11400.0,-15.496154,-9.15
11416.667,-15.520192,-9.129167
11433.333,-15.54423,-9.108334
11450.0,-15.570192,-9.097596
11466.667,-15.597436,-9.09359
11483.333,-15.629167,-9.089263
11500.0,-15.678846,-9.083653
11516.667,-15.728526,-9.078045
11533.333,-15.744872,-9.046154
11550.0,-15.752885,-9.007692
11566.667,-15.7615385,-8.9653845
11583.333,-15.771153,-8.917308
11600.0,-15.780769,-8.869231
11616.667,-15.807212,-8.841186
11633.333,-15.833653,-8.813141
11650.0,-15.845192,-8.775962
11666.667,-15.846795,-8.732693
11683.333,-14.779327,-8.338943
11700.0,-9.435577,-6.543269
11716.667,-4.091827,-4.7475963
11733.333,-2.6858974,-4.2884617
11750.0,-2.2644231,-4.1634617
11766.667,-2.0153847,-4.0858974
11783.333,-2.025,-4.0794873
11800.0,-2.0346153,-4.0730767
11816.667,-2.0201924,-4.0746794
11833.333,-2.0057693,-4.076282
11850.0,-2.001923,-4.0711536
11866.667,-2.0051281,-4.0615387
11883.333,-2.0083334,-4.0491986
11900.0,-2.0115385,-4.0259614
11916.667,-2.0147436,-4.002724
11933.333,-2.0076923,-3.9923077
11950.0,-1.9980769,-3.9850962
11966.667,-1.9852564,-3.9685898
11983.333,-1.9676282,-3.938141
12000.0,-1.95,-3.9076922
12016.667,-1.9387821,-3.918109
12033.333,-1.9275641,-3.9285257
12050.0,-1.8471154,-3.8966346
12066.667,-1.7205129,-3.8365386
12083.333,-1.1365385,-3.6458333
12100.0,1.2769231,-2.9326923
12116.667,3.6903846,-2.2195513
12133.333,4.203846,-2.0525641
12150.0,4.2423077,-2.0221155
12166.667,4.2673078,-2.000641
12183.333,4.272115,-1.9926282
12200.0,4.276923,-1.9846153
12216.667,4.2809296,-1.9661859
12233.333,4.284936,-1.9477564
12250.0,4.2899036,-1.9259615
12266.667,4.2955127,-1.9019231
12283.333,4.2996793,-1.88125
12300.0,4.298077,-1.8740385
12316.667,4.2964745,-1.8668269
12333.333,4.296154,-1.8724359
12350.0,4.296154,-1.88125
12366.667,4.2929487,-1.8865385
12383.333,4.284936,-1.8865385
12400.0,4.276923,-1.8865385
12416.667,4.265705,-1.8793269
12433.333,4.254487,-1.8721154
12450.0,4.2466345,-1.8658653
12466.667,4.2410254,-1.8602564
12483.333,4.234455,-1.8504808
12500.0,4.2240386,-1.8240385
12516.667,4.2136216,-1.7975961
12533.333,4.2064104,-1.7730769
12550.0,4.2,-1.7490385
12566.667,3.8983974,-1.926282
12583.333,3.1540065,-2.4054487
12600.0,2.4096153,-2.8846154
12616.667,-0.9044872,-3.5416667
12633.333,-4.21859,-4.198718
12650.0,-5.6072116,-4.4548078
12666.667,-5.7121797,-4.4435897
12683.333,-5.7983975,-4.4365387
12700.0,-5.8096156,-4.4461536
12716.667,-5.820833,-4.455769
12733.333,-5.8294873,-4.45
12750.0,-5.8375,-4.4403844
12766.667,-5.848077,-4.450641
12783.333,-5.8625,-4.490705
12800.0,-5.876923,-4.5307693
12816.667,-6.2791667,-5.4514422
12833.333,-6.6814103,-6.3721156
12850.0,-6.856731,-6.7572117
12866.667,-6.8807693,-6.7852564
12883.333,-6.902564,-6.8089743
12900.0,-6.915385,-6.8153844
12916.667,-6.928205,-6.821795
12933.333,-6.9269233,-6.828205
12950.0,-6.9221153,-6.834615
12966.667,-6.9134617,-6.8371797
12983.333,-6.8990383,-6.8339744
13000.0,-6.8846154,-6.830769
13016.667,-6.8589745,-6.817949
13033.333,-6.8333335,-6.805128
13050.0,-6.8259616,-6.8264422
13066.667,-6.830769,-6.870513
13083.333,-6.833814,-6.904327
13100.0,-6.8298078,-6.897115
13116.667,-6.8258014,-6.889904
13133.333,-6.8166666,-6.8782053
13150.0,-6.80625,-6.8653846
13166.667,-6.7910256,-6.863141
13183.333,-6.76859,-6.876763
13200.0,-6.746154,-6.8903847
13216.667,-6.749359,-6.9152246
13233.333,-6.752564,-6.940064
13250.0,-6.7326922,-6.9326925
13266.667,-6.697436,-6.9038463
13283.333,-6.669231,-6.8817306
13300.0,-6.669231,-6.8865385
13316.667,-6.669231,-6.891346
13333.333,-6.6474357,-6.8871794
13350.0,-6.6201925,-6.8807693
13366.667,-6.604487,-6.875641
13383.333,-6.6060896,-6.872436
13400.0,-6.6076922,-6.8692307
13416.667,-6.6060896,-6.8740387
13433.333,-6.604487,-6.878846
13450.0,-6.5942307,-6.873077
13466.667,-6.578205,-6.860256
13483.333,-6.5615387,-6.844551
13500.0,-6.542308,-6.8173075
13516.667,-6.523077,-6.7900643
13533.333,-6.502564,-6.7974358
13550.0,-6.481731,-6.8134613
13566.667,-6.4583335,-6.817949
13583.333,-6.43109,-6.805128
13600.0,-6.4038463,-6.792308
13616.667,-6.386218,-6.7955127
13633.333,-6.36859,-6.798718
13650.0,-6.353846,-6.8019233
13666.667,-6.341026,-6.805128
13683.333,-6.3304486,-6.805128
13700.0,-6.328846,-6.792308
13716.667,-6.327244,-6.779487
13733.333,-6.1897435,-6.6596155
13750.0,-6.018269,-6.512981
13766.667,-5.9134617,-6.422756
13783.333,-5.9086537,-6.4171476
13800.0,-5.9038463,-6.4115386
13816.667,-5.9022436,-6.416346
13833.333,-5.900641,-6.421154
13850.0,-5.8865385,-6.4298077
13866.667,-5.8641024,-6.4410257
13883.333,-5.845513,-6.4516025
13900.0,-5.8423076,-6.459615
13916.667,-5.8391027,-6.467628
13933.333,-5.841026,-6.4641027
13950.0,-5.8442307,-6.457692
13966.667,-5.848077,-6.4615383
13983.333,-5.852885,-6.480769
14000.0,-5.8576922,-6.5
14016.667,-5.8496795,-6.4759617
14033.333,-5.8416667,-6.451923
14050.0,-5.8461537,-6.441346
14066.667,-5.8589745,-6.4397435
14083.333,-5.8698716,-6.438141
14100.0,-5.873077,-6.4365387
14116.667,-5.876282,-6.434936
14133.333,-5.889744,-6.4435897
14150.0,-5.9057693,-6.4548078
14166.667,-5.924359,-6.4641027
14183.333,-5.946795,-6.470513
14200.0,-5.9692307,-6.476923
14216.667,-5.961218,-6.4641027
14233.333,-5.953205,-6.451282
14250.0,-5.9548078,-6.4365387
14266.667,-5.9628205,-6.4205127
14283.333,-5.9692307,-6.4
14300.0,-5.9692307,-6.3615384
14316.667,-5.9692307,-6.3230767
14333.333,-5.976923,-6.3134613
14350.0,-5.9865384,-6.3110576
14366.667,-5.9929485,-6.311859
14383.333,-5.994551,-6.317468
14400.0,-5.996154,-6.3230767
14416.667,-5.9897437,-6.3182693
14433.333,-5.983333,-6.3134613
14450.0,-5.9923077,-6.3096156
14466.667,-6.0115385,-6.3064103
14483.333,-5.3192306,-6.3983974
14500.0,-1.7807692,-6.871154
14516.667,1.7576923,-7.34391
14533.333,7.0384617,-7.7634616
14550.0,12.754807,-8.169711
14566.667,16.230127,-8.429487
14583.333,16.34391,-8.469551
14600.0,16.457693,-8.509615
14616.667,16.456089,-8.478365
14633.333,16.454487,-8.447115
14650.0,16.457693,-8.433173
14666.667,16.464102,-8.430769
14683.333,16.4742,-8.426122
14700.0,16.499039,-8.4125
14716.667,16.523878,-8.398878
14733.333,16.541025,-8.396795
14750.0,16.55625,-8.397596
14766.667,16.546795,-8.398718
14783.333,16.50032,-8.40032
14800.0,16.453846,-8.401923
14816.667,16.258333,-8.30016
14833.333,16.06282,-8.198398
14850.0,15.983654,-8.171154
14866.667,15.982051,-8.19359
14883.333,15.979487,-8.21859
14900.0,15.973077,-8.253846
14916.667,15.966666,-8.289103
14933.333,15.966666,-8.295513
14950.0,15.968269,-8.294711
14966.667,15.9653845,-8.299039
14983.333,15.95577,-8.311058
15000.0,15.946154,-8.323077
15016.667,15.938141,-8.315064
15033.333,15.930128,-8.307052
15050.0,13.582692,-8.256731
15066.667,9.675641,-8.1782055
15083.333,6.4875,-8.1125
15100.0,6.175,-8.098077
15116.667,5.8625,-8.083653
15133.333,5.804487,-8.065385
15150.0,5.8100963,-8.046154
15166.667,5.8089743,-8.032051
15183.333,5.797756,-8.025641
15200.0,5.7865386,-8.019231
15216.667,5.7889423,-8.01282
15233.333,5.791346,-8.006411
15250.0,5.7990384,-8.0
15266.667,5.8102565,-7.99359
15283.333,5.8195515,-7.987981
15300.0,5.8211536,-7.985577
15316.667,5.8227563,-7.983173
15333.333,5.826923,-7.9692307
15350.0,5.831731,-7.952404
15366.667,5.9246793,-7.9067307
15383.333,6.14984,-7.8177886
15400.0,6.375,-7.728846
15416.667,6.3822117,-7.716827
15433.333,6.389423,-7.7048078
15450.0,6.393269,-7.6961536
15466.667,6.3948717,-7.6897435
15483.333,6.396154,-7.6826925
15500.0,6.396154,-7.673077
15516.667,6.396154,-7.6634617
15533.333,6.3948717,-7.6634617
15550.0,6.393269,-7.6658654
15566.667,6.3891025,-7.6759615
15583.333,6.3810897,-7.697596
15600.0,6.373077,-7.7192307
15616.667,6.3802886,-7.7
15633.333,6.3875,-7.6807694
15650.0,6.391827,-7.669231
15666.667,6.394231,-7.6628203
15683.333,6.395032,-7.653686
15700.0,6.389423,-7.6336536
15716.667,6.3838143,-7.6136217
15733.333,6.374359,-7.6
15750.0,6.363942,-7.5879807
15766.667,6.3628206,-7.5794873
15783.333,6.375641,-7.576282
15800.0,6.3884616,-7.5730767
15816.667,6.386859,-7.5666666
15833.333,6.3852563,-7.5602565
15850.0,6.3798075,-7.543269
15866.667,6.3717947,-7.519231
15883.333,6.3628206,-7.494391
15900.0,6.35,-7.4663463
15916.667,6.3371797,-7.438301
15933.333,6.3358974,-7.417308
15950.0,6.3375,-7.398077
15966.667,6.3378205,-7.380449
15983.333,6.336218,-7.3652244
16000.0,6.334615,-7.35
16016.667,6.3266025,-7.338782
16033.333,6.3185897,-7.3275642
16050.0,6.3201923,-7.314423
16066.667,6.328205,-7.3
16083.333,6.3365383,-7.283974
16100.0,6.3461537,-7.2615385
16116.667,6.355769,-7.2391024
16133.333,6.344872,-7.2384615
16150.0,6.328846,-7.2432694
16166.667,6.317949,-7.246154
16183.333,6.3147435,-7.246154
16200.0,6.3115387,-7.246154
16216.667,6.309936,-7.2277246
16233.333,6.3083334,-7.209295
16250.0,6.3096156,-7.2033653
16266.667,6.3128204,-7.205769
16283.333,6.3128204,-7.2115383
16300.0,6.3,-7.230769
16316.667,6.2871795,-7.25
16333.333,6.2858973,-7.2397437
16350.0,6.2875,-7.2221155
16366.667,6.2858973,-7.2141027
16383.333,6.279487,-7.220513
16400.0,6.273077,-7.226923
16416.666,6.2826924,-7.2365384
16433.334,6.292308,-7.246154
16450.0,6.3019233,-7.2394233
16466.666,6.3115387,-7.221795
16483.334,6.31891,-7.2102566
16500.0,6.3173075,-7.223077
16516.666,6.3157053,-7.2358975
16533.334,6.3230767,-7.2589746
16550.0,6.332692,-7.2846155
16566.666,6.3391027,-7.305128
16583.334,6.340705,-7.317949
16600.0,6.3423076,-7.330769
16616.666,6.3423076,-7.338782
16633.334,6.3423076,-7.346795
16650.0,6.328846,-7.4384613
16666.666,6.3064103,-7.5858974
16683.334,6.2900643,-7.697436
16700.0,6.298077,-7.665385
16716.666,6.30609,-7.633333
16733.334,6.317949,-7.6307693
16750.0,6.330769,-7.6355767
16766.666,6.344872,-7.641667
16783.334,6.3608975,-7.6496797
16800.0,6.376923,-7.6576924
16816.666,6.388141,-7.6496797
16833.334,6.3993587,-7.641667
16850.0,6.4125,-7.6221156
16866.666,6.4269233,-7.594872
16883.334,6.439263,-7.5740385
16900.0,6.4432693,-7.578846
16916.666,6.4472756,-7.583654
16933.334,6.4564104,-7.6128206
16950.0,6.466827,-7.648077
16966.666,6.4791665,-7.677564
16983.334,6.494391,-7.6983976
17000.0,6.5096154,-7.7192307
17016.666,6.52484,-7.723237
17033.334,6.5400643,-7.7272434
17050.0,6.548077,-7.7235575
17066.666,6.551282,-7.7147436
17083.334,6.5552883,-7.7064104
17100.0,6.5625,-7.7
17116.666,6.5697117,-7.6935897
17133.334,6.5775642,-7.6980767
17150.0,6.585577,-7.7052884
17166.666,6.588782,-7.7163463
17183.334,6.5847754,-7.733173
17200.0,6.580769,-7.75
17216.666,6.586378,-7.7532053
17233.334,6.591987,-7.75641
17250.0,6.59375,-7.730769
17266.666,6.592949,-7.6858974
17283.334,6.592628,-7.6493587
17300.0,6.5942307,-7.646154
17316.666,6.5958333,-7.6429486
17333.334,6.591026,-7.6358976
17350.0,6.584615,-7.6278844
17366.666,6.5833335,-7.6201925
17383.334,6.5897436,-7.612981
17400.0,6.5961537,-7.605769
17416.666,6.6009617,-7.5849357
17433.334,6.605769,-7.5641026
17450.0,6.6125,-7.547596
17466.666,6.620513,-7.533974
17483.334,6.6259613,-7.520513
17500.0,6.621154,-7.5076923
17516.666,6.6163464,-7.4948716
17533.334,6.6141024,-7.479487
17550.0,6.6125,-7.4634614
17566.666,6.6115384,-7.449359
17583.334,6.6115384,-7.438141
17600.0,6.6115384,-7.4269233
17616.666,6.6091347,-7.442949
17633.334,6.606731,-7.4589744
17650.0,6.6033654,-7.4615383
17666.666,6.599359,-7.455128
17683.334,6.596474,-7.446795
17700.0,6.598077,-7.4307694
17716.666,6.5996795,-7.4147434
17733.334,6.5961537,-7.4115386
17750.0,6.5913463,-7.4115386
17766.666,6.5884614,-7.404487
17783.334,6.5884614,-7.386859
17800.0,6.5884614,-7.3692307
17816.666,6.583654,-7.3483973
17833.334,6.578846,-7.3275642
17850.0,6.5759616,-7.316346
17866.666,6.574359,-7.3115387
17883.334,6.573718,-7.308013
17900.0,6.576923,-7.3096156
17916.666,6.580128,-7.311218
17933.334,6.580128,-7.2846155
17950.0,6.579327,-7.2509613
17966.666,6.5798078,-7.221795
17983.334,6.5822115,-7.199359
18000.0,6.584615,-7.1769233
18016.666,6.578205,-7.1817307
18033.334,6.571795,-7.1865387
18050.0,6.5682693,-7.1798077
18066.666,6.5666666,-7.165385
18083.334,6.56234,-7.1567307
18100.0,6.5471153,-7.171154
18116.666,6.531891,-7.185577
18133.334,6.523077,-7.1807694
18150.0,6.5158653,-7.171154
18166.666,6.507372,-7.1596155
18183.334,6.496955,-7.145192
18200.0,6.4865384,-7.1307693
18216.666,6.4921474,-7.138782
18233.334,6.4977565,-7.146795
18250.0,6.4923077,-7.1552887
18266.666,6.479487,-7.1641026
18283.334,6.469872,-7.167308
18300.0,6.473077,-7.148077
18316.666,6.476282,-7.128846
18333.334,6.4692307,-7.123077
18350.0,6.459615,-7.120673
18366.666,6.453846,-7.113782
18383.334,6.453846,-7.10016
18400.0,6.453846,-7.0865383
18416.666,6.4490385,-7.1033654
18433.334,6.4442306,-7.1201925
18450.0,6.4423075,-7.1192307
18466.666,6.4423075,-7.10641
18483.334,6.438141,-7.1
18500.0,6.417308,-7.1192307
18516.666,6.3964744,-7.1384616
18533.334,6.3923078,-7.144231
18550.0,6.3923078,-7.1466346
18566.666,6.391346,-7.1448717
18583.334,6.3889422,-7.136859
18600.0,6.3865385,-7.128846
18616.666,6.377724,-7.1192307
18633.334,6.3689103,-7.1096153
18650.0,6.3173075,-7.2879806
18666.666,6.2371793,-7.5916667
18683.334,6.171795,-7.8352566
18700.0,6.165385,-7.8384614
18716.666,6.158974,-7.8416667
18733.334,6.155128,-7.8320513
18750.0,6.151923,-7.8192306
18766.666,6.148718,-7.8221154
18783.334,6.145513,-7.8485575
18800.0,6.1423078,-7.875
18816.666,6.1270833,-7.8701925
18833.334,6.111859,-7.8653846
18850.0,3.1471155,-7.394231
18866.666,-1.7839744,-6.6121793
18883.334,-5.7613783,-5.9815707
18900.0,-5.9240384,-5.956731
18916.666,-6.0866985,-5.931891
18933.334,-6.125,-5.9307694
18950.0,-6.1322117,-5.935577
18966.666,-6.1477566,-5.9403844
18983.334,-6.1758013,-5.9451923
19000.0,-6.203846,-5.95
19016.666,-6.226282,-5.952404
19033.334,-6.248718,-5.9548078
19050.0,-6.26875,-5.9451923
19066.666,-6.2871795,-5.927564
19083.334,-6.301763,-5.9104166
19100.0,-6.3009615,-5.895192
19116.666,-6.3001604,-5.879968
19133.334,-5.601282,-6.0884614
19150.0,-4.727885,-6.352885
19166.666,-2.3025641,-6.667308
19183.334,2.450641,-7.0567307
19200.0,7.203846,-7.4461536
19216.666,7.2679486,-7.4205127
19233.334,7.3320513,-7.3948717
19250.0,7.3673077,-7.3836536
19266.666,7.383333,-7.3820515
19283.334,7.3996797,-7.3836536
19300.0,7.417308,-7.398077
19316.666,7.434936,-7.4125
19333.334,7.3153844,-7.432051
19350.0,7.1615386,-7.4528847
19366.666,6.9839745,-7.459615
19383.334,6.7708335,-7.4451923
19400.0,6.5576925,-7.4307694
19416.666,6.548077,-7.427564
19433.334,6.5384617,-7.424359
19450.0,6.5307693,-7.4384613
19466.666,6.5243587,-7.4641027
19483.334,6.5198717,-7.4826922
19500.0,6.523077,-7.473077
19516.666,6.526282,-7.4634614
19533.334,6.5333333,-7.4589744
19550.0,6.541346,-7.455769
19566.666,6.548077,-7.453846
19583.334,6.5528846,-7.453846
19600.0,6.5576925,-7.453846
19616.666,6.55609,-7.450641
19633.334,6.554487,-7.447436
19650.0,6.554327,-7.455769
19666.666,6.555128,-7.471795
19683.334,6.5548077,-7.4772434
19700.0,6.55,-7.4403844
19716.666,6.5451922,-7.403526
19733.334,6.551282,-7.3910255
19750.0,6.5600963,-7.3846154
19766.666,6.561859,-7.3858976
19783.334,6.553045,-7.398718
19800.0,6.544231,-7.4115386
19816.666,6.56266,-7.401923
19833.334,6.58109,-7.3923078
19850.0,6.589423,-7.3956733
19866.666,6.591026,-7.4076924
19883.334,6.59359,-7.4113784
19900.0,6.6,-7.3817306
19916.666,6.60641,-7.352083
19933.334,6.610256,-7.3660254
19950.0,6.6134615,-7.3908653
19966.666,6.6208334,-7.4022436
19983.334,6.634455,-7.3934293
20000.0,6.648077,-7.3846154
20016.666,6.6440706,-7.394231
20033.334,6.6400642,-7.4038463
20050.0,6.6475964,-7.4134617
20066.666,6.6628203,-7.423077
20083.334,6.6761217,-7.428045
20100.0,6.6817307,-7.414423
20116.666,6.68734,-7.400801
20133.334,6.6858974,-7.405128
20150.0,6.6826925,-7.4139423
20166.666,6.6846156,-7.4185896
20183.334,6.6942306,-7.416987
20200.0,6.703846,-7.415385
20216.666,6.7054486,-7.4121795
20233.334,6.7070513,-7.408974
20250.0,6.707692,-7.4129806
20266.666,6.707692,-7.421795
20283.334,6.705769,-7.430128
20300.0,6.6961536,-7.4365387
20316.666,6.6865387,-7.442949
20333.334,8.93141,-7.4839745
20350.0,11.739903,-7.5336537
20366.666,13.955449,-7.579167
20383.334,15.28157,-7.6184297
20400.0,16.607693,-7.6576924
20416.666,16.595673,-7.648077
20433.334,16.583654,-7.6384616
20450.0,16.578365,-7.643269
20466.666,16.577564,-7.6576924
20483.334,16.578526,-7.675
20500.0,16.586538,-7.703846
20516.666,16.594551,-7.7326922
20533.334,16.366026,-7.766667
20550.0,16.078365,-7.8019233
20566.666,15.897757,-7.8166666
20583.334,15.877725,-7.800641
20600.0,15.857693,-7.7846155
20616.666,15.8448715,-7.7910256
20633.334,15.832051,-7.7974358
20650.0,15.808654,-7.8057694
20666.666,15.778205,-7.8153844
20683.334,15.752564,-7.8253207
20700.0,15.746154,-7.8365383
20716.666,15.739743,-7.8477564
20733.334,15.735897,-7.873077
20750.0,15.732693,-7.901923
20766.666,15.728847,-7.9224358
20783.334,15.724038,-7.9304485
20800.0,15.719231,-7.9384613
20816.666,15.720834,-7.9464746
20833.334,15.722436,-7.9544873
20850.0,15.706731,-7.9548078
20866.666,15.679487,-7.95
20883.334,14.283173,-7.8576922
20900.0,7.410577,-7.415385
20916.666,0.5379808,-6.973077
20933.334,-4.3320513,-6.875641
20950.0,-8.701443,-6.8644233
20966.666,-11.31859,-6.854487
20983.334,-11.307372,-6.846474
21000.0,-11.296154,-6.8384614
21016.666,-11.291347,-6.8432693
21033.334,-11.286538,-6.848077
21050.0,-10.627404,-6.8572116
21066.666,-9.532051,-6.8692307
21083.334,-8.63782,-6.8754807
21100.0,-8.548077,-6.858654
21116.666,-8.458333,-6.841827
21133.334,-8.439744,-6.824359
21150.0,-8.438942,-6.8067307
21166.666,-8.435898,-6.7897434
21183.334,-8.429487,-6.773718
21200.0,-8.423077,-6.7576923
21216.666,-8.421474,-6.7560897
21233.334,-8.419871,-6.754487
21250.0,-10.25625,-7.071635
21266.666,-13.317948,-7.601282
21283.334,-15.804647,-8.048237
21300.0,-15.991346,-8.164423
21316.666,-16.178045,-8.280609
21333.334,-16.221794,-8.317948
21350.0,-16.229807,-8.335577
21366.666,-16.239744,-8.3448715
21383.334,-16.252563,-8.341666
21400.0,-16.265385,-8.338462
21416.666,-16.284615,-8.364903
21433.334,-16.303846,-8.391346
21450.0,-16.315384,-8.390865
21466.666,-16.321795,-8.372436
21483.334,-16.32484,-8.350641
21500.0,-16.314423,-8.315385
21516.666,-16.304007,-8.2801285
21533.334,-16.3,-8.275
21550.0,-16.297596,-8.277404
21566.666,-16.297436,-8.265705
21583.334,-16.30064,-8.232853
21600.0,-16.303846,-8.2
21616.666,-16.303045,-8.171955
21633.334,-16.302244,-8.14391
21650.0,-16.283173,-8.116346
21666.666,-16.251923,-8.089103
21683.334,-16.2242,-8.062981
21700.0,-16.210577,-8.041347
21716.666,-16.196955,-8.0197115
21733.334,-16.195513,-8.007692
21750.0,-16.197115,-7.998077
21766.666,-16.200962,-7.9865384
21783.334,-16.208174,-7.9721155
21800.0,-16.215385,-7.957692
21816.666,-16.19936,-7.9304485
21833.334,-16.183332,-7.903205
21850.0,-16.164423,-7.871154
21866.666,-16.143589,-7.8358974
21883.334,-16.12516,-7.8020835
21900.0,-16.116346,-7.7740383
21916.666,-16.107533,-7.7459936
21933.334,-16.080769,-7.699359
21950.0,-16.049519,-7.648077
21966.666,-16.016666,-7.6041665
21983.334,-15.98141,-7.5713143
22000.0,-15.946154,-7.5384617
22016.666,-15.948558,-7.513622
22033.334,-15.950961,-7.488782
22050.0,-15.949519,-7.4610577
22066.666,-15.945513,-7.4314103
22083.334,-15.940064,-7.401923
22100.0,-15.928846,-7.373077
22116.666,-15.917628,-7.3442307
22133.334,-15.914103,-7.317949
22150.0,-15.9125,-7.292308
22166.666,-15.91218,-7.2615385
22183.334,-15.913782,-7.223077
22200.0,-15.915384,-7.1846156
22216.666,-15.934615,-7.160577
22233.334,-15.953846,-7.1365385
22250.0,-15.971154,-7.1096153
22266.666,-15.98718,-7.080769
22283.334,-15.998398,-7.048077
22300.0,-15.990385,-7.0
22316.666,-15.982371,-6.951923
22333.334,-15.991026,-6.9179487
22350.0,-16.003845,-6.8875
22366.666,-16.006731,-6.821795
22383.334,-15.994712,-6.703205
22400.0,-15.982693,-6.584615
22416.666,-16.725481,-3.5173078
22433.334,-17.46827,-0.45
22450.0,-17.784615,0.8
22466.666,-17.816668,0.8384615
22483.334,-17.839422,0.86907053
22500.0,-17.825,0.8682692
22516.666,-17.810577,0.86746794
22533.334,-17.508974,0.5987179
22550.0,-17.135576,0.26298076
22566.666,-16.913462,0.056410257
22583.334,-16.91827,0.043589745
22600.0,-16.923077,0.03076923
22616.666,-16.93109,0.027564103
22633.334,-16.939102,0.024358975
22650.0,-16.944712,0.02548077
22666.666,-16.948717,0.02948718
22683.334,-16.953045,0.035096154
22700.0,-16.958654,0.047115386
22716.666,-16.964262,0.059134614
22733.334,-16.96282,0.062179487
22750.0,-16.959616,0.06298077
22766.666,-16.955769,0.063141026
22783.334,-16.950962,0.06233974
22800.0,-16.946154,0.06153846
22816.666,-16.955769,0.031089744
22833.334,-16.965385,0.00064102566
22850.0,-16.821154,-1.6817307
22866.666,-16.57436,-4.4653845
22883.334,-16.38141,-6.698718
22900.0,-16.403847,-6.730769
22916.666,-16.426283,-6.7628207
22933.334,-16.441025,-6.782051
22950.0,-16.453846,-6.798077
22966.666,-16.467628,-6.8076925
22983.334,-16.482853,-6.8076925
23000.0,-16.498077,-6.8076925
23016.666,-16.510897,-6.823718
23033.334,-16.523718,-6.8397436
23050.0,-16.54375,-6.854808
23066.666,-16.56859,-6.8692307
23083.334,-16.589262,-6.8846154
23100.0,-16.59327,-6.9038463
23116.666,-16.597275,-6.923077
23133.334,-16.610256,-6.926282
23150.0,-16.62548,-6.925481
23166.666,-16.639423,-6.916987
23183.334,-16.651442,-6.896955
23200.0,-16.663462,-6.876923
23216.666,-16.661058,-6.8721156
23233.334,-16.658653,-6.8673077
23250.0,-16.651922,-6.8596153
23266.666,-16.642307,-6.85
23283.334,-16.63141,-6.838141
23300.0,-16.615385,-6.8173075
23316.666,-16.59936,-6.7964745
23333.334,-16.59359,-6.7826924
23350.0,-16.590385,-6.7706733
23366.666,-16.576603,-6.759936
23383.334,-16.546955,-6.751122
23400.0,-16.517307,-6.7423077
23416.666,-16.508493,-6.7366986
23433.334,-16.49968,-6.7310896
23450.0,-16.488462,-6.7283654
23466.666,-16.475641,-6.7275643
23483.334,-16.465385,-6.7326922
23500.0,-16.465385,-6.7615385
23516.666,-16.465385,-6.790385
23533.334,-16.444872,-6.7891026
23550.0,-16.419231,-6.7802887
23566.666,-16.4,-6.7708335
23583.334,-16.390385,-6.7604165
23600.0,-16.38077,-6.75
23616.666,-16.364744,-6.7540064
23633.334,-16.348719,-6.758013
23650.0,-16.329807,-6.7447114
23666.666,-16.308975,-6.719872
23683.334,-16.294552,-6.699359
23700.0,-16.305769,-6.6961536
23716.666,-16.316988,-6.692949
23733.334,-16.326923,-6.7115383
23750.0,-16.336538,-6.735577
23766.666,-16.344551,-6.748077
23783.334,-16.35016,-6.7432694
23800.0,-16.35577,-6.7384615
23816.666,-16.364584,-6.73125
23833.334,-16.373398,-6.7240386
23850.0,-16.379808,-6.70625
23866.666,-16.384615,-6.6814103
23883.334,-16.388462,-6.6602564
23900.0,-16.388462,-6.6538463
23916.666,-16.388462,-6.6474357
23933.334,-16.395514,-6.646795
23950.0,-16.404327,-6.6475964
23966.666,-16.41282,-6.6496797
23983.334,-16.420834,-6.653686
24000.0,-16.428846,-6.6576924
24016.666,-16.432852,-6.6641026
24033.334,-16.43686,-6.6705127
24050.0,-16.435577,-6.6557693
24066.666,-16.430769,-6.626923
24083.334,-16.427404,-6.598718
24100.0,-16.429808,-6.5730767
24116.666,-16.43221,-6.5474358
24133.334,-16.417948,-6.527564
24150.0,-16.399519,-6.509135
24166.666,-16.390385,-6.4971156
24183.334,-16.395193,-6.4947114
24200.0,-16.4,-6.4923077
24216.666,-16.38157,-6.4682693
24233.334,-16.36314,-6.4442306
24250.0,-16.361057,-6.424519
24266.666,-16.369871,-6.4076924
24283.334,-16.375,-6.387981
24300.0,-16.365385,-6.356731
24316.666,-16.35577,-6.325481
24333.334,-16.35,-6.3038464
24350.0,-16.345192,-6.2846155
24366.666,-16.333334,-6.2570515
24383.334,-16.310898,-6.216987
24400.0,-16.288462,-6.1769233
24416.666,-16.278847,-6.1608973
24433.334,-16.26923,-6.1448717
24450.0,-16.266346,-6.1355767
24466.666,-16.267948,-6.1307693
24483.334,-16.266827,-6.129487
24500.0,-16.254808,-6.1423078
24516.666,-16.242788,-6.155128
24533.334,-16.229486,-6.165385
24550.0,-16.215866,-6.175
24566.666,-16.208975,-6.1833334
24583.334,-16.21218,-6.1897435
24600.0,-16.215385,-6.1961536
24616.666,-16.204166,-6.2274036
24633.334,-16.19295,-6.2586536
24650.0,-16.184616,-6.2764425
24666.666,-16.178205,-6.2852564
24683.334,-16.174198,-6.2971153
24700.0,-16.179808,-6.3211536
24716.666,-16.185417,-6.3451924
24733.334,-16.18718,-6.373077
24750.0,-16.18798,-6.401923
24766.666,-16.183975,-6.428205
24783.334,-16.172756,-6.450641
24800.0,-16.16154,-6.473077
24816.666,-16.163942,-7.016346
24833.334,-16.166346,-7.5596156
24850.0,-16.162981,-7.8009615
24866.666,-16.15577,-7.841026
24883.334,-16.155449,-7.879968
24900.0,-16.182692,-7.914423
24916.666,-16.209936,-7.9488783
24933.334,-16.203846,-7.9525642
24950.0,-16.189423,-7.948558
24966.666,-16.189743,-7.9608974
24983.334,-16.21218,-7.9977565
25000.0,-16.234615,-8.0346155
25016.666,-16.242628,-8.060256
25033.334,-16.25064,-8.085897
25050.0,-16.263462,-8.082692
25066.666,-16.279488,-8.060256
25083.334,-16.294231,-8.038782
25100.0,-16.303846,-8.021153
25116.666,-16.313461,-8.003526
25133.334,-16.302565,-8.003846
25150.0,-16.28654,-8.008654
25166.666,-16.275,-8.009615
25183.334,-16.270193,-8.004807
25200.0,-16.265385,-8.0
25216.666,-16.26218,-7.9951925
25233.334,-16.258974,-7.9903846
25250.0,-16.246635,-7.973077
25266.666,-16.228205,-7.947436
25283.334,-16.215866,-7.9269233
25300.0,-16.227884,-7.9269233
25316.666,-16.239904,-7.9269233
25333.334,-16.247437,-7.923077
25350.0,-16.253845,-7.918269
25366.666,-16.253845,-7.9141026
25383.334,-16.24423,-7.9108973
25400.0,-16.234615,-7.9076924
25416.666,-16.2242,-7.9076924
25433.334,-16.213781,-7.9076924
25450.0,-16.20625,-7.9110575
25466.666,-16.200642,-7.9166665
25483.334,-16.191988,-7.921154
25500.0,-16.171154,-7.921154
25516.666,-16.15032,-7.921154
25533.334,-16.11923,-7.928205
25550.0,-16.085577,-7.9370193
25566.666,-16.059296,-7.938141
25583.334,-16.044071,-7.9277244
25600.0,-16.028847,-7.917308
25616.666,-16.0,-7.924519
25633.334,-15.971154,-7.9317307
25650.0,-15.955289,-7.9269233
25666.666,-15.948077,-7.9141026
25683.334,-15.943269,-7.9072113
25700.0,-15.948077,-7.9240384
25716.666,-15.952885,-7.9408655
25733.334,-15.946154,-7.9397435
25750.0,-15.936539,-7.9341345
25766.666,-15.930769,-7.9326925
25783.334,-15.930769,-7.9375
25800.0,-15.930769,-7.9423075
25816.666,-15.909936,-7.9326925
25833.334,-15.889103,-7.923077
25850.0,-15.883654,-7.920673
25866.666,-15.888461,-7.923077
25883.334,-15.891346,-7.922596
25900.0,-15.8865385,-7.910577
25916.666,-15.881731,-7.8985577
25933.334,-15.880769,-7.898718
25950.0,-15.880769,-7.901923
25966.666,-15.884615,-7.9083333
25983.334,-15.894231,-7.9195514
26000.0,-15.903846,-7.9307694
26016.666,-15.895833,-7.927564
26033.334,-15.88782,-7.924359
26050.0,-15.888461,-7.917308
26066.666,-15.894872,-7.9076924
26083.334,-15.900962,-7.8977566
26100.0,-15.905769,-7.8865385
26116.666,-15.910577,-7.8753204
26133.334,-15.910256,-7.874359
26150.0,-15.908654,-7.8759613
26166.666,-15.904166,-7.8746796
26183.334,-15.895352,-7.8690705
26200.0,-15.8865385,-7.8634615
26216.666,-15.869712,-7.870673
26233.334,-15.852884,-7.8778844
26250.0,-15.8471155,-7.897115
26266.666,-15.848718,-7.924359
26283.334,-15.848718,-7.946795
26300.0,-15.842308,-7.95
26316.666,-15.835897,-7.953205
26333.334,-15.833333,-7.9525642
26350.0,-15.831731,-7.9509616
26366.666,-15.782692,-7.9317307
26383.334,-15.6625,-7.886058
26400.0,-15.542308,-7.8403845
26416.666,-11.745032,-6.7033653
26433.334,-7.9477563,-5.566346
26450.0,-6.4072113,-5.1144233
26466.666,-6.371154,-5.1192307
26483.334,-6.3423076,-5.127564
26500.0,-6.3423076,-5.15
26516.666,-6.3423076,-5.1724358
26533.334,-6.3384614,-5.1833334
26550.0,-6.333654,-5.191346
26566.666,-6.3294873,-5.2025642
26583.334,-6.326282,-5.21859
26600.0,-6.3230767,-5.2346153
26616.666,-6.332692,-5.2378206
26633.334,-6.3423076,-5.2410254
26650.0,-6.3509617,-5.228846
26666.666,-6.3589745,-5.2064104
26683.334,-6.3673077,-5.1839743
26700.0,-6.376923,-5.1615386
26716.666,-6.3865385,-5.1391025
26733.334,-6.3948717,-5.101282
26750.0,-6.4028845,-5.0596156
26766.666,-6.413782,-5.026282
26783.334,-6.4290066,-5.005449
26800.0,-6.4442306,-4.9846153
26816.666,-6.4626603,-4.974199
26833.334,-6.4810896,-4.963782
26850.0,-6.5009613,-4.964423
26866.666,-6.521795,-4.972436
26883.334,-6.5397434,-4.9802885
26900.0,-6.546154,-4.9875
26916.666,-6.552564,-4.9947114
26933.334,-6.5564103,-4.9846153
26950.0,-6.5596156,-4.9701924
26966.666,-6.5647435,-4.966026
26983.334,-6.5727563,-4.9772434
27000.0,-6.580769,-4.9884615
27016.666,-6.580769,-4.9964743
27033.334,-6.580769,-5.004487
27050.0,-6.5798078,-5.008173
27066.666,-6.578205,-5.0089746
27083.334,-6.5753207,-5.0084934
27100.0,-6.5673075,-5.0028844
27116.666,-6.5592947,-4.997276
27133.334,-6.5602565,-4.9878206
27150.0,-6.5634613,-4.9774036
27166.666,-6.5673075,-4.9759617
27183.334,-6.5721154,-4.987981
27200.0,-6.576923,-5.0
27216.666,-6.5625,-4.9967947
27233.334,-6.548077,-4.99359
27250.0,-6.5283656,-4.980769
27266.666,-6.5051284,-4.9615383
27283.334,-6.4866986,-4.9509616
27300.0,-6.4875,-4.975
27316.666,-6.4883013,-4.9990387
27333.334,-6.498718,-5.001282
27350.0,-6.5115385,-4.998077
27366.666,-7.9602566,-5.3903847
27383.334,-11.56282,-6.3759613
27400.0,-15.165384,-7.3615384
27416.666,-15.389744,-7.4673076
27433.334,-15.614102,-7.5730767
27450.0,-15.705289,-7.605769
27466.666,-15.707692,-7.5897436
27483.334,-15.715064,-7.578205
27500.0,-15.742308,-7.584615
27516.666,-15.769551,-7.591026
27533.334,-15.788462,-7.603846
27550.0,-15.805288,-7.6182694
27566.666,-15.819231,-7.6339746
27583.334,-15.828846,-7.6516027
27600.0,-15.838462,-7.669231
27616.666,-15.852884,-7.6740384
27633.334,-15.867308,-7.6788464
27650.0,-15.862981,-7.6822114
27666.666,-15.846154,-7.6846156
27683.334,-15.8299675,-7.685577
27700.0,-15.816346,-7.6807694
27716.666,-15.802724,-7.6759615
27733.334,-15.803846,-7.6923075
27750.0,-15.808654,-7.7139425
27766.666,-15.811859,-7.7304487
27783.334,-15.81266,-7.739263
27800.0,-15.813461,-7.748077
27816.666,-15.804647,-7.7360578
27833.334,-15.795834,-7.7240386
27850.0,-15.789423,-7.725
27866.666,-15.7846155,-7.7346153
27883.334,-15.774038,-7.740545
27900.0,-15.740385,-7.731731
27916.666,-15.706731,-7.7229166
27933.334,-15.698718,-7.730769
27950.0,-15.697115,-7.7427883
27966.666,-15.68782,-7.7403846
27983.334,-15.666987,-7.7163463
28000.0,-15.646153,-7.6923075
28016.666,-15.620513,-7.6778846
28033.334,-15.5948715,-7.6634617
28050.0,-15.582692,-7.664423
28066.666,-15.579487,-7.675641
28083.334,-15.579487,-7.6852565
28100.0,-15.592308,-7.6884613
28116.666,-15.605128,-7.6916666
28133.334,-15.607693,-7.6858974
28150.0,-15.607693,-7.6778846
28166.666,-15.608334,-7.671795
28183.334,-15.609936,-7.6685896
28200.0,-15.611539,-7.665385
28216.666,-15.614743,-7.663782
28233.334,-15.617949,-7.6621795
28250.0,-15.620673,-7.652404
28266.666,-15.623077,-7.6371794
28283.334,-15.623558,-7.621314
28300.0,-15.616346,-7.602885
28316.666,-15.609135,-7.584455
28333.334,-15.617949,-7.5775642
28350.0,-15.630769,-7.573558
28366.666,-15.6342945,-7.5673075
28383.334,-15.6238785,-7.5576925
28400.0,-15.6134615,-7.548077
28416.666,-15.620673,-7.5520835
28433.334,-15.627885,-7.55609
28450.0,-15.627885,-7.5384617
28466.666,-15.623077,-7.50641
28483.334,-15.62532,-7.4826922
28500.0,-15.655769,-7.4923077
28516.666,-15.686218,-7.501923
28533.334,-15.7153845,-7.5102563
28550.0,-15.744231,-7.518269
28566.666,-15.763461,-7.5128207
28583.334,-15.76827,-7.4871793
28600.0,-15.773077,-7.4615383
28616.666,-15.76827,-7.4471154
28633.334,-15.763461,-7.4326925
28650.0,-15.745193,-7.401923
28666.666,-15.717949,-7.360256
28683.334,-15.70032,-7.326282
28700.0,-15.721154,-7.3230767
28716.666,-15.741987,-7.319872
28733.334,-15.744872,-7.325
28750.0,-15.743269,-7.3322115
28766.666,-15.735256,-7.338782
28783.334,-15.7176285,-7.344391
28800.0,-15.7,-7.35
28816.666,-15.669551,-7.3275642
28833.334,-15.639103,-7.305128
28850.0,-15.619712,-7.2899036
28866.666,-15.607693,-7.279487
28883.334,-15.596314,-7.2741985
28900.0,-15.5875,-7.289423
28916.666,-15.578686,-7.3046474
28933.334,-15.575,-7.3185897
28950.0,-15.572597,-7.3322115
28966.666,-15.571474,-7.346474
28983.334,-15.572276,-7.3616986
29000.0,-15.573077,-7.376923
29016.666,-15.571474,-7.3689103
29033.334,-15.569872,-7.3608975
29050.0,-15.568269,-7.3596153
29066.666,-15.566667,-7.3628206
29083.334,-15.565064,-7.3660254
29100.0,-15.563461,-7.3692307
29116.666,-15.561859,-7.372436
29133.334,-15.55641,-7.373077
29150.0,-15.55,-7.373077
29166.666,-15.54359,-7.375
29183.334,-15.53718,-7.3798075
29200.0,-15.530769,-7.3846154
29216.666,-15.524359,-7.380609
29233.334,-15.517949,-7.3766026
29250.0,-15.532692,-7.3783655
29266.666,-15.561539,-7.3839746
29283.334,-15.584135,-7.3858976
29300.0,-15.581731,-7.373077
29316.666,-15.579327,-7.360256
29333.334,-15.574359,-7.3358974
29350.0,-15.56875,-7.308654
29366.666,-15.569872,-7.2897434
29383.334,-15.58109,-7.2833333
29400.0,-15.592308,-7.276923
29416.666,-15.5971155,-7.2881413
29433.334,-15.601923,-7.299359
29450.0,-15.610577,-7.3067307
29466.666,-15.621795,-7.3115387
29483.334,-15.626282,-7.3134613
29500.0,-15.603847,-7.3038464
29516.666,-15.58141,-7.294231
29533.334,-15.569231,-7.2897434
29550.0,-15.559615,-7.2865386
29566.666,-15.555769,-7.2897434
29583.334,-15.560577,-7.302564
29600.0,-15.565385,-7.3153844
29616.666,-15.59343,-7.336218
29633.334,-15.621474,-7.3570514
29650.0,-15.6216345,-7.378846
29666.666,-15.603205,-7.401282
29683.334,-15.586538,-7.423077
29700.0,-15.576923,-7.4423075
29716.666,-15.567307,-7.4615383
29733.334,-15.555128,-7.471795
29750.0,-15.542308,-7.479808
29766.666,-15.532051,-7.495513
29783.334,-15.525641,-7.5227566
29800.0,-15.519231,-7.55
29816.666,-15.528045,-7.5764422
29833.334,-15.536859,-7.602885
29850.0,-15.537981,-7.6264424
29866.666,-15.533975,-7.648077
29883.334,-15.529327,-7.666987
29900.0,-15.522116,-7.675
29916.666,-15.514904,-7.683013
29933.334,-15.495513,-7.7025642
29950.0,-15.473077,-7.725
29966.666,-15.460257,-7.745513
29983.334,-15.461859,-7.763141
30000.0,-15.463462,-7.7807693
30016.666,-15.465865,-7.8064103
30033.334,-15.468269,-7.8320513
30050.0,-15.467308,-7.852885
30066.666,-15.464103,-7.870513
30083.334,-15.462179,-7.8820515
30100.0,-15.4653845,-7.8692307
30116.666,-15.46859,-7.85641
30133.334,-15.4653845,-7.845513
30150.0,-15.460577,-7.8350964
30166.666,-15.457692,-7.8259616
30183.334,-15.457692,-7.81875
30200.0,-15.457692,-7.8115387
30216.666,-15.4512825,-7.7858973
30233.334,-15.444872,-7.7602563
30250.0,-15.441346,-7.7673078
30266.666,-15.439744,-7.796154
30283.334,-15.439423,-7.8213143
30300.0,-15.444231,-7.831731
30316.666,-15.4490385,-7.8421474
30333.334,-15.447436,-7.8320513
30350.0,-15.444231,-7.816827
30366.666,-15.436539,-7.807051
30383.334,-15.422115,-7.8054485
30400.0,-15.407692,-7.8038464
30416.666,-15.396474,-7.808654
30433.334,-15.385257,-7.8134613
30450.0,-15.371154,-7.8072114
30466.666,-15.355128,-7.7935896
30483.334,-15.339744,-7.7802887
30500.0,-15.326923,-7.768269
30516.666,-15.314102,-7.75625
30533.334,-15.303846,-7.7653847
30550.0,-15.29423,-7.7798076
30566.666,-15.285897,-7.7926283
30583.334,-15.279488,-7.803045
30600.0,-15.273077,-7.8134613
30616.666,-15.295513,-7.8190703
30633.334,-15.317948,-7.8246794
30650.0,-15.333653,-7.8259616
30666.666,-15.3448715,-7.824359
30683.334,-15.363141,-7.8246794
30700.0,-15.4096155,-7.832692
30716.666,-15.45609,-7.840705
30733.334,-15.483334,-7.844872
30750.0,-15.505769,-7.848077
30766.666,-15.523718,-7.8506413
30783.334,-15.534936,-7.8522434
30800.0,-15.546154,-7.853846
30816.666,-15.5405445,-7.858654
30833.334,-15.534936,-7.8634615
30850.0,-15.540865,-7.8644233
30866.666,-15.554487,-7.8628206
30883.334,-15.5625,-7.860417
30900.0,-15.548077,-7.854808
30916.666,-15.533654,-7.849199
30933.334,-15.506411,-7.830128
30950.0,-15.475962,-7.8076925
30966.666,-15.460897,-7.7926283
30983.334,-15.46891,-7.788622
31000.0,-15.476923,-7.7846155
31016.666,-15.4825325,-7.789423
31033.334,-15.488141,-7.794231
31050.0,-15.4966345,-7.791346
31066.666,-15.507051,-7.7833333
31083.334,-15.50593,-7.7753205
31100.0,-15.458653,-7.7673078
31116.666,-15.411378,-7.759295
31133.334,-8.954487,-7.9442306
31150.0,-0.8951923,-8.177403
31166.666,4.401923,-8.325
31183.334,5.5557694,-8.344231
31200.0,6.709615,-8.3634615
31216.666,6.691987,-8.346635
31233.334,6.674359,-8.329807
31250.0,6.674519,-8.334616
31266.666,6.6865387,-8.353847
31283.334,6.697436,-8.370833
31300.0,6.703846,-8.378846
31316.666,6.7102566,-8.386859
31333.334,6.700641,-8.383974
31350.0,6.6870193,-8.3783655
31366.666,6.6759615,-8.375961
31383.334,6.66875,-8.3783655
31400.0,6.6615386,-8.380769
31416.666,6.671955,-8.35673
31433.334,6.6823716,-8.332692
31450.0,6.6870193,-8.313942
31466.666,6.6878204,-8.2987175
31483.334,6.6875,-8.280289
31500.0,6.6826925,-8.249039
31516.666,6.6778846,-8.217789
31533.334,6.6621795,-8.175641
31550.0,6.64375,-8.130769
31566.666,6.629487,-8.100641
31583.334,6.6214743,-8.0926285
31600.0,6.6134615,-8.084616
31616.666,6.6110578,-8.060577
31633.334,6.608654,-8.036538
31650.0,6.605769,-8.006731
31666.666,6.6025643,-7.973077
31683.334,6.5998397,-7.9397435
31700.0,6.5990386,-7.9076924
31716.666,6.598237,-7.875641
31733.334,6.598718,-7.8615384
31750.0,6.5995193,-7.851923
31766.666,6.6016026,-7.838141
31783.334,6.605609,-7.818109
31800.0,6.6096153,-7.798077
31816.666,6.610417,-7.773237
31833.334,6.611218,-7.7483974
31850.0,6.604808,-7.7375
31866.666,6.59359,-7.7358975
31883.334,6.5839744,-7.7310896
31900.0,6.580769,-7.7134614
31916.666,6.5775642,-7.695833
31933.334,6.576923,-7.692949
31950.0,6.576923,-7.69375
31966.666,6.576282,-7.6910257
31983.334,6.5746794,-7.683013
32000.0,6.5730767,-7.675
32016.666,6.576282,-7.651763
32033.334,6.5794873,-7.6285257
32050.0,6.584615,-7.6134615
32066.666,6.591026,-7.603846
32083.334,6.595513,-7.5961537
32100.0,6.5923076,-7.5961537
32116.666,6.5891027,-7.5961537
32133.334,6.594872,-7.601282
32150.0,6.602885,-7.6076922
32166.666,6.610256,-7.6198716
32183.334,6.616667,-7.640705
32200.0,6.623077,-7.6615386
32216.666,6.6190705,-7.647115
32233.334,6.615064,-7.6326923
32250.0,6.61875,-7.6278844
32266.666,6.627564,-7.629487
32283.334,6.6336536,-7.623077
32300.0,6.628846,-7.584615
32316.666,6.6240387,-7.546154
32333.334,6.610256,-7.5243587
32350.0,6.5942307,-7.5067306
32366.666,6.5814104,-7.4839745
32383.334,6.5733976,-7.4535255
32400.0,6.5653844,-7.423077
32416.666,6.563782,-7.4102564
32433.334,6.5621796,-7.3974357
32450.0,6.5615387,-7.404327
32466.666,6.5615387,-7.424359
32483.334,6.560577,-7.441186
32500.0,6.5557694,-7.4451923
32516.666,6.5509615,-7.4491987
32533.334,6.551282,-7.45
32550.0,6.5528846,-7.45
32566.666,6.5608974,-7.451282
32583.334,6.5785255,-7.4544873
32600.0,6.5961537,-7.457692
32616.666,6.6121793,-7.4544873
32633.334,6.6282053,-7.451282
32650.0,6.6346154,-7.4610577
32666.666,6.6346154,-7.479487
32683.334,6.634936,-7.500801
32700.0,6.6365385,-7.5336537
32716.666,6.638141,-7.5665064
32733.334,6.6346154,-7.5916667
32750.0,6.6298075,-7.614904
32766.666,6.625641,-7.643269
32783.332,6.622436,-7.679327
32800.0,6.6192307,-7.7153845
32816.668,6.6080127,-7.716987
32833.332,6.596795,-7.71859
32850.0,6.5798078,-7.7173076
32866.668,6.5589743,-7.7141027
32883.332,6.540705,-7.7025642
32900.0,6.5326924,-7.6576924
32916.668,6.5246797,-7.6128206
32933.332,6.525641,-7.6076922
32950.0,6.5288463,-7.6125
32966.668,6.5326924,-7.6192307
32983.332,6.5375,-7.628846
33000.0,6.542308,-7.6384616
33016.668,6.5503206,-7.6408653
33033.332,6.5583334,-7.643269
33050.0,6.580769,-7.6427884
33066.668,6.6128206,-7.6403847
33083.332,6.639744,-7.6440706
33100.0,6.646154,-7.6721153
33116.668,6.652564,-7.70016
33133.332,6.65641,-7.726923
33150.0,6.6596155,-7.7533655
33166.668,6.667308,-7.773718
33183.332,6.6817307,-7.784936
33200.0,6.6961536,-7.796154
33216.668,6.7097754,-7.7921476
33233.332,6.7233973,-7.7881413
33250.0,6.733173,-7.7879806
33266.668,6.7403846,-7.790385
33283.332,6.7467947,-7.798077
33300.0,6.75,-7.826923
33316.668,6.7532053,-7.855769
33333.332,6.75,-7.874359
33350.0,6.7451925,-7.8903847
33366.668,6.7410254,-7.8948717
33383.332,6.7378206,-7.8820515
33400.0,6.7346153,-7.8692307
33416.668,6.736218,-7.8820515
33433.332,6.7378206,-7.8948717
33450.0,6.7384615,-7.9009614
33466.668,6.7384615,-7.902564
33483.332,6.736859,-7.9028845
33500.0,6.728846,-7.898077
33516.668,6.7208333,-7.893269
33533.332,1.1871794,-7.65
33550.0,-5.727885,-7.3471155
33566.668,-10.972436,-7.234295
33583.332,-13.711218,-7.4065704
33600.0,-16.45,-7.578846
33616.668,-16.433975,-7.6141024
33633.332,-16.417948,-7.6493587
33650.0,-16.430288,-7.675
33666.668,-16.461538,-7.6942306
33683.332,-16.486057,-7.7120194
33700.0,-16.483654,-7.7240386
33716.668,-16.48125,-7.7360578
33733.332,-16.484615,-7.747436
33750.0,-16.489424,-7.7586536
33766.668,-16.494871,-7.7532053
33783.332,-16.501282,-7.7227564
33800.0,-16.507692,-7.6923075
33816.668,-16.502884,-7.6650643
33833.332,-16.498077,-7.6378207
33850.0,-16.49423,-7.6134615
33866.668,-16.491026,-7.591026
33883.332,-16.492308,-7.5666666
33900.0,-16.511538,-7.5346155
33916.668,-16.53077,-7.502564
33933.332,-16.555128,-7.503846
33950.0,-16.580769,-7.5134616
33966.668,-16.596794,-7.5128207
33983.332,-16.598398,-7.4967947
34000.0,-16.6,-7.480769
34016.668,-16.571154,-7.4775643
34033.332,-16.542307,-7.474359
34050.0,-16.53654,-7.4721155
34066.668,-16.546154,-7.470513
34083.332,-16.552885,-7.473077
34100.0,-16.548077,-7.4923077
34116.668,-16.54327,-7.5115385
34133.332,-16.541025,-7.5076923
34150.0,-16.539423,-7.498077
34166.668,-16.540064,-7.5067306
34183.332,-16.544071,-7.5427885
34200.0,-16.548077,-7.578846
34216.668,-16.533653,-7.5684295
34233.332,-16.51923,-7.558013
34250.0,-16.516827,-7.566827
34266.668,-16.522436,-7.5884614
34283.332,-16.526602,-7.607372
34300.0,-16.525,-7.6153846
34316.668,-16.523397,-7.6233974
34333.332,-16.504488,-7.6141024
34350.0,-16.48125,-7.6004806
34366.668,-16.46891,-7.6076922
34383.332,-16.472918,-7.646154
34400.0,-16.476923,-7.6846156
34416.668,-16.481731,-7.6878204
34433.332,-16.486538,-7.6910257
34450.0,-16.4875,-7.6903844
34466.668,-16.485897,-7.6871796
34483.332,-16.482052,-7.686218
34500.0,-16.46923,-7.6942306
34516.668,-16.45641,-7.702244
34533.332,-16.45641,-7.702244
34550.0,-16.45641,-7.702244
