0.0,-0.036538463,-11.609615
16.666666,0.0019230769,-11.672115
33.333332,0.040384617,-11.734615
50.0,0.06442308,-11.766346
66.666664,0.07884616,-11.777564
83.333336,0.094391026,-11.782051
100.0,0.114423074,-11.759615
116.666664,0.13445513,-11.73718
133.33333,0.14358975,-11.742308
150.0,0.15,-11.754327
166.66667,0.15416667,-11.765064
183.33333,0.15496795,-11.773878
200.0,0.15576923,-11.782692
216.66667,-1.1447115,-11.031891
233.33333,-2.4451923,-10.28109
250.0,-3.2692308,-9.76298
266.66666,-3.775641,-9.4
283.33334,-4.175641,-9.108013
300.0,-4.15,-9.1
316.66666,-4.124359,-9.091988
333.33334,-4.095513,-9.045513
350.0,-4.0658655,-8.989423
366.66666,-4.0483975,-8.9490385
383.33334,-4.0491986,-8.932212
400.0,-4.05,-8.915384
416.66666,-4.5692306,-8.569231
433.33334,-5.0884614,-8.223077
450.0,-5.3076925,-8.016346
466.66666,-5.326923,-7.902564
483.33334,-5.34391,-7.8190703
500.0,-5.351923,-7.856731
516.6667,-5.3599358,-7.894391
533.3333,-5.3679485,-7.9083333
550.0,-5.3759613,-7.916346
566.6667,-5.3810897,-7.907051
583.3333,-5.3818913,-7.8717947
600.0,-5.3826923,-7.8365383
616.6667,-5.3866987,-7.829327
633.3333,-5.390705,-7.8221154
650.0,-5.4096155,-7.8576922
666.6667,-5.4384613,-7.921795
683.3333,-5.45625,-7.967949
700.0,-5.4298077,-7.9423075
716.6667,-5.4033656,-7.9166665
733.3333,-5.4038463,-7.889744
750.0,-5.4110575,-7.8625
766.6667,-5.4102564,-7.8496795
783.3333,-5.3974357,-7.858494
800.0,-5.3846154,-7.8673077
816.6667,-5.400641,-7.8921475
833.3333,-5.4166665,-7.916987
850.0,-5.4134617,-7.921154
866.6667,-5.3974357,-7.9115386
883.3333,-5.3839746,-7.9003205
900.0,-5.3807693,-7.8826923
916.6667,-5.377564,-7.865064
933.3333,-5.3820515,-7.853205
950.0,-5.3884616,-7.8427887
966.6667,-5.3929486,-7.840064
983.3333,-5.3945513,-7.8488784
1000.0,-5.396154,-7.8576922
1016.6667,-5.407372,-7.8801284
1033.3334,-5.4185896,-7.902564
1050.0,-5.4096155,-7.916346
1066.6666,-5.3871794,-7.924359
1083.3334,-5.3692307,-7.928205
1100.0,-5.3692307,-7.915385
1116.6666,-5.3692307,-7.902564
1133.3334,-5.351923,-7.894231
1150.0,-5.3302884,-7.887019
1166.6666,-5.31891,-7.880449
1183.3334,-5.3229165,-7.87484
1200.0,-5.326923,-7.8692307
1216.6666,-5.330128,-7.8339744
1233.3334,-5.3333335,-7.798718
1250.0,-5.3298078,-7.776923
1266.6666,-5.321795,-7.7641025
1283.3334,-5.3195515,-7.7503204
1300.0,-5.3403845,-7.7326922
1316.6666,-5.361218,-7.715064
1333.3334,-5.3596153,-7.7301283
1350.0,-5.3524036,-7.7533655
1366.6666,-5.340064,-7.7608976
1383.3334,-5.320032,-7.7448716
1400.0,-5.3,-7.728846
1416.6666,-5.2983975,-7.7584934
1433.3334,-5.296795,-7.7881413
1450.0,-5.3110576,-7.853846
1466.6666,-5.3358974,-7.9435897
1483.3334,-5.623077,-8.136859
1500.0,-6.959615,-8.744231
1516.6666,-8.296154,-9.351603
1533.3334,-9.580129,-9.694872
1550.0,-10.850962,-9.9721155
1566.6666,-11.623398,-10.144231
1583.3334,-11.648237,-10.158654
1600.0,-11.673077,-10.173077
1616.6666,-11.652244,-10.182693
1633.3334,-11.631411,-10.192307
1650.0,-11.610096,-10.175481
1666.6666,-11.588462,-10.141026
1683.3334,-11.571634,-10.118429
1700.0,-11.5740385,-10.14327
1716.6666,-11.576443,-10.168109
1733.3334,-11.591666,-10.202564
1750.0,-11.610096,-10.239423
1766.6666,-11.621795,-10.263141
1783.3334,-11.623398,-10.267147
1800.0,-11.625,-10.271153
1816.6666,-11.624199,-10.276763
1833.3334,-11.623398,-10.2823715
1850.0,-11.615385,-10.283654
1866.6666,-11.602564,-10.282051
1883.3334,-11.590705,-10.28109
1900.0,-11.582692,-10.282692
1916.6666,-11.574679,-10.284295
1933.3334,-11.592308,-10.297436
1950.0,-11.616346,-10.313461
1966.6666,-11.631411,-10.317628
1983.3334,-11.633013,-10.304007
2000.0,-11.634615,-10.290384
2016.6666,-11.646635,-10.29359
2033.3334,-11.658654,-10.296795
2050.0,-11.165865,-10.18125
2066.6667,-10.336538,-9.986539
2083.3333,-9.289423,-9.775962
2100.0,-7.371154,-9.501923
2116.6667,-5.4528847,-9.227884
2133.3333,-5.071795,-9.176282
2150.0,-5.075,-9.180288
2166.6667,-5.0794873,-9.186859
2183.3333,-5.0858974,-9.197276
2200.0,-5.0923076,-9.207692
2216.6667,-5.1003203,-9.223718
2233.3333,-5.108333,-9.239743
2250.0,-5.1115384,-9.244231
2266.6667,-5.1115384,-9.241026
2283.3333,-5.1134615,-9.240385
2300.0,-5.123077,-9.25
2316.6667,-5.1326923,-9.259615
2333.3333,-5.0961537,-9.015385
2350.0,-5.048077,-8.707692
2366.6667,-5.020513,-8.527564
2383.3333,-5.023718,-8.538782
2400.0,-5.026923,-8.55
2416.6667,-5.0373397,-8.5532055
2433.3333,-5.047756,-8.55641
2450.0,-5.052404,-8.559615
2466.6667,-5.053205,-8.56282
2483.3333,-5.0535254,-8.564744
2500.0,-5.0519233,-8.561539
2516.6667,-5.0503206,-8.558333
2533.3333,-5.8384614,-8.7615385
2550.0,-6.8240385,-9.016346
2566.6667,-8.5875,-9.367308
2583.3333,-11.517789,-9.8625
2600.0,-14.448077,-10.357693
2616.6667,-14.428045,-10.315225
2633.3333,-14.408012,-10.272757
2650.0,-14.354808,-10.214904
2666.6667,-14.279488,-10.146795
2683.3333,-14.216186,-10.095512
2700.0,-14.200961,-10.111539
2716.6667,-14.185738,-10.127564
2733.3333,-14.177564,-10.116026
2750.0,-14.171154,-10.097596
2766.6667,-14.158975,-10.081731
2783.3333,-14.138141,-10.069712
2800.0,-14.117308,-10.057693
2816.6667,-14.158975,-10.07532
2833.3333,-14.200641,-10.092949
2850.0,-14.219231,-10.088462
2866.6667,-14.222436,-10.069231
2883.3333,-14.22484,-10.045193
2900.0,-14.224038,-10.001923
2916.6667,-14.223237,-9.958653
2933.3333,-14.221795,-9.941667
2950.0,-14.220192,-9.93125
2966.6667,-14.221154,-9.924359
2983.3333,-14.225962,-9.922756
3000.0,-14.230769,-9.921154
3016.6667,-14.238782,-9.945993
3033.3333,-14.246795,-9.970834
3050.0,-14.25,-9.9653845
3066.6667,-14.25,-9.939744
3083.3333,-14.251602,-9.915064
3100.0,-14.259615,-9.894231
3116.6667,-14.267629,-9.873398
3133.3333,-14.052564,-9.912821
3150.0,-13.781731,-9.967308
3166.6667,-12.564102,-9.877564
3183.3333,-9.926282,-9.571474
3200.0,-7.2884617,-9.265385
3216.6667,-7.2235575,-9.235737
3233.3333,-7.1586537,-9.20609
3250.0,-7.1533656,-9.1908655
3266.6667,-7.1878204,-9.185256
3283.3333,-7.213782,-9.181089
3300.0,-7.205769,-9.182693
3316.6667,-7.1977563,-9.184295
3333.3333,-6.533974,-9.006411
3350.0,-5.70625,-8.783654
3366.6667,-5.204167,-8.632051
3383.3333,-5.190545,-8.587179
3400.0,-5.1769233,-8.542308
3416.6667,-5.1721153,-8.505448
3433.3333,-5.167308,-8.46859
3450.0,-5.1740384,-8.45
3466.6667,-5.1884613,-8.44359
3483.3333,-5.2,-8.43718
3500.0,-5.2,-8.430769
3516.6667,-5.2,-8.424359
3533.3333,-5.203846,-8.415384
3550.0,-5.208654,-8.405769
3566.6667,-5.2147436,-8.388141
3583.3333,-5.2227564,-8.358494
3600.0,-5.230769,-8.328846
3616.6667,-5.236378,-8.364903
3633.3333,-5.241987,-8.400962
3650.0,-5.240865,-8.42452
3666.6667,-5.235256,-8.439744
3683.3333,-5.233654,-8.446314
3700.0,-5.248077,-8.418269
3716.6667,-5.2625,-8.390224
3733.3333,-5.251282,-8.388461
3750.0,-5.233654,-8.39327
3766.6667,-5.2108974,-8.377564
3783.3333,-5.1804485,-8.33109
3800.0,-5.15,-8.2846155
3816.6667,-5.1660256,-8.291026
3833.3333,-5.182051,-8.297436
3850.0,-5.195673,-8.264423
3866.6667,-5.207692,-8.205129
3883.3333,-5.2235575,-8.139744
3900.0,-5.2548075,-8.05
3916.6667,-5.2860575,-7.9602566
3933.3333,-5.28141,-7.957692
3950.0,-5.2677884,-7.976923
3966.6667,-5.2516026,-7.9839745
3983.3333,-5.2315707,-7.9727564
4000.0,-5.2115383,-7.9615383
4016.6667,-5.2003207,-7.960737
4033.3333,-5.1891026,-7.9599357
4050.0,-5.1879807,-7.9408655
4066.6667,-5.1935897,-7.9096155
4083.3333,-5.203045,-7.8836536
4100.0,-5.227885,-7.878846
4116.6665,-5.252724,-7.8740387
4133.3335,-5.2384615,-7.8878207
4150.0,-5.214423,-7.90625
4166.6665,-5.20609,-7.9086537
4183.3335,-5.221314,-7.887019
4200.0,-5.2365384,-7.8653846
4216.6665,-5.246955,-7.8790064
4233.3335,-5.257372,-7.892628
4250.0,-5.2384615,-7.8947115
4266.6665,-5.2,-7.8891025
4283.3335,-5.171795,-7.89359
4300.0,-5.1846156,-7.9384613
4316.6665,-5.197436,-7.983333
4333.3335,-5.2089744,-7.9846153
4350.0,-5.2201924,-7.975
4366.6665,-5.2221155,-7.9615383
4383.3335,-5.2100964,-7.9423075
4400.0,-5.1980767,-7.923077
4416.6665,-5.1916666,-7.956731
4433.3335,-5.1852565,-7.9903846
4450.0,-5.1899037,-8.013461
4466.6665,-5.201923,-8.029488
4483.3335,-5.208013,-8.034936
4500.0,-5.1903844,-7.998077
4516.6665,-5.172756,-7.961218
4533.3335,-5.1858974,-7.9397435
4550.0,-5.206731,-7.9221153
4566.6665,-5.2089744,-7.9166665
4583.3335,-5.1833334,-7.929487
4600.0,-5.1576924,-7.9423075
4616.6665,-5.165705,-7.9647436
4633.3335,-5.173718,-7.9871793
4650.0,-5.18125,-7.9759617
4666.6665,-5.1884613,-7.9423075
4683.3335,-5.1972756,-7.917308
4700.0,-5.2125,-7.9269233
4716.6665,-5.2277246,-7.9365387
4733.3335,-5.248718,-7.974359
4750.0,-5.271154,-8.019231
4766.6665,-5.276282,-8.0301285
4783.3335,-5.255449,-7.990064
4800.0,-5.2346153,-7.95
4816.6665,-5.230609,-7.9459934
4833.3335,-5.2266026,-7.941987
4850.0,-5.235577,-7.9697113
4866.6665,-5.2532053,-8.01859
4883.3335,-5.2697115,-8.059615
4900.0,-5.2817307,-8.069231
4916.6665,-5.29375,-8.078846
4933.3335,-5.2852564,-8.060256
4950.0,-5.2716346,-8.0346155
4966.6665,-5.2567306,-8.014744
4983.3335,-5.239904,-8.003526
5000.0,-5.223077,-7.9923077
5016.6665,-5.2695513,-8.040384
5033.3335,-5.3160257,-8.088462
5050.0,-5.3740387,-8.172115
5066.6665,-5.4397435,-8.279488
5083.3335,-5.490064,-8.365385
5100.0,-5.478846,-8.365385
5116.6665,-5.467628,-8.365385
5133.3335,-5.4564104,-8.360256
5150.0,-5.4451923,-8.353847
5166.6665,-5.4471154,-8.360577
5183.3335,-5.46875,-8.387019
5200.0,-5.4903846,-8.413462
5216.6665,-5.4815707,-8.438301
5233.3335,-5.4727564,-8.463141
5250.0,-5.45,-8.45
5266.6665,-5.4179487,-8.411538
5283.3335,-5.3940706,-8.382853
5300.0,-5.4028845,-8.39327
5316.6665,-5.411699,-8.403686
5333.3335,-5.4179487,-8.391026
5350.0,-5.4235578,-8.372596
5366.6665,-5.423718,-8.385257
5383.3335,-5.415705,-8.444551
5400.0,-5.4076924,-8.503846
5416.6665,-5.4165063,-8.523878
5433.3335,-5.4253206,-8.54391
5450.0,-5.4350963,-8.547596
5466.6665,-5.445513,-8.540384
5483.3335,-5.450641,-8.533494
5500.0,-5.4346156,-8.5278845
5516.6665,-5.4185896,-8.522276
5533.3335,-5.4128203,-8.540384
5550.0,-5.4096155,-8.564423
5566.6665,-5.401923,-8.586859
5583.3335,-5.3875,-8.606891
5600.0,-5.373077,-8.626923
5616.6665,-5.3875,-8.58766
5633.3335,-5.401923,-8.548397
5650.0,-5.3865385,-8.499519
5666.6665,-5.351282,-8.444231
5683.3335,-5.3266025,-8.40593
5700.0,-5.3442307,-8.435577
5716.6665,-5.361859,-8.465224
5733.3335,-5.35641,-8.464744
5750.0,-5.3451924,-8.456731
5766.6665,-5.3397436,-8.461218
5783.3335,-5.342949,-8.484455
5800.0,-5.3461537,-8.507692
5816.6665,-5.358173,-8.533334
5833.3335,-5.3701925,-8.558974
5850.0,-5.3716345,-8.571634
5866.6665,-5.3660254,-8.575641
5883.3335,-5.3580127,-8.570032
5900.0,-5.3403845,-8.525962
5916.6665,-5.3227563,-8.481891
5933.3335,-5.3128204,-8.466025
5950.0,-5.3048077,-8.4572115
5966.6665,-5.302564,-8.438141
5983.3335,-5.3089743,-8.403686
6000.0,-5.3153844,-8.369231
6016.6665,-5.334615,-8.396474
6033.3335,-5.353846,-8.4237175
6050.0,-5.3461537,-8.427885
6066.6665,-5.320513,-8.416667
6083.3335,-5.3008013,-8.404808
6100.0,-5.3048077,-8.390385
6116.6665,-5.308814,-8.375961
6133.3335,-5.301282,-8.368589
6150.0,-5.2908654,-8.362981
6166.6665,-5.2974358,-8.372115
6183.3335,-5.3294873,-8.403365
6200.0,-5.3615384,-8.434615
6216.6665,-5.3503203,-8.46266
6233.3335,-5.3391027,-8.4907055
6250.0,-5.3182693,-8.475481
6266.6665,-5.2910256,-8.43141
6283.3335,-5.270032,-8.396635
6300.0,-5.2740383,-8.399038
6316.6665,-5.2780447,-8.401443
6333.3335,-5.273077,-8.394872
6350.0,-5.2658653,-8.386058
6366.6665,-5.2653847,-8.371795
6383.3335,-5.275,-8.349359
6400.0,-5.2846155,-8.326923
6416.6665,-5.294231,-8.360577
6433.3335,-5.3038464,-8.394231
6450.0,-5.3057694,-8.406731
6466.6665,-5.302564,-8.4051285
6483.3335,-5.2983975,-8.405449
6500.0,-5.290385,-8.413462
6516.6665,-5.282372,-8.421474
6533.3335,-5.278205,-8.416026
6550.0,-5.275,-8.407211
6566.6665,-5.2743587,-8.397757
6583.3335,-5.277564,-8.38734
6600.0,-5.2807693,-8.376923
6616.6665,-5.2815704,-8.357693
6633.3335,-5.282372,-8.338462
6650.0,-5.266827,-8.313461
6666.6665,-5.2403846,-8.2846155
6683.3335,-5.2208333,-8.26891
6700.0,-5.228846,-8.305769
6716.6665,-5.236859,-8.3426285
6733.3335,-5.226282,-8.322436
6750.0,-5.2110577,-8.287981
6766.6665,-5.201923,-8.257051
6783.3335,-5.201923,-8.23141
6800.0,-5.201923,-8.20577
6816.6665,-5.1786857,-8.241827
6833.3335,-5.155449,-8.2778845
6850.0,-5.1423078,-8.297115
6866.6665,-5.1358976,-8.305128
6883.3335,-5.1285257,-8.314423
6900.0,-5.1173077,-8.328846
6916.6665,-5.1060896,-8.343269
6933.3335,-5.091026,-8.328846
6950.0,-5.075,-8.307212
6966.6665,-5.0695515,-8.294871
6983.3335,-5.079968,-8.296474
7000.0,-5.0903845,-8.298077
7016.6665,-5.0927887,-8.354968
7033.3335,-5.0951924,-8.411859
7050.0,-5.1163464,-8.457692
7066.6665,-5.15,-8.496154
7083.3335,-5.1751604,-8.5115385
7100.0,-5.166346,-8.434615
7116.6665,-5.157532,-8.357693
7133.3335,-5.1615386,-8.34359
7150.0,-5.16875,-8.345192
7166.6665,-5.176282,-8.353205
7183.3335,-5.1842947,-8.370833
7200.0,-5.1923075,-8.388461
7216.6665,-5.1826925,-8.369231
7233.3335,-5.173077,-8.35
7250.0,-5.165385,-8.341346
7266.6665,-5.158974,-8.339744
7283.3335,-5.1559296,-8.340064
7300.0,-5.166346,-8.348077
7316.6665,-5.176763,-8.35609
7333.3335,-5.1769233,-8.4051285
7350.0,-5.174519,-8.464423
7366.6665,-5.1660256,-8.496154
7383.3335,-5.1483974,-8.486539
7400.0,-5.1307693,-8.476923
7416.6665,-5.1652246,-8.467308
7433.3335,-5.1996794,-8.457692
7450.0,-5.2091346,-8.434615
7466.6665,-5.201923,-8.402564
7483.3335,-5.1964746,-8.378526
7500.0,-5.1980767,-8.3865385
7516.6665,-5.1996794,-8.394551
7533.3335,-5.226923,-8.3217945
7550.0,-5.2605767,-8.228847
7566.6665,-5.195513,-8.144872
7583.3335,-4.982372,-8.074359
7600.0,-4.9764247,-8.154059
7616.6665,-4.970477,-8.233761
7633.3335,-4.96453,-8.313461
7650.0,-4.9585824,-8.393163
7666.6665,-4.9526353,-8.472863
7683.3335,-4.946688,-8.552564
7700.0,-4.9407406,-8.632265
7716.6665,-4.9347935,-8.711966
7733.3335,-4.9288464,-8.791667
7750.0,-4.7293267,-8.814904
7766.6665,-4.611218,-8.863141
7783.3335,-4.6152244,-8.948878
7800.0,-4.6192307,-9.0346155
7816.6665,-4.6240387,-9.077885
7833.3335,-4.628846,-9.121154
7850.0,-4.6278844,-9.139423
7866.6665,-4.623077,-9.141026
7883.3335,-3.8011217,-9.243269
7900.0,0.28942308,-9.748077
7916.6665,4.379968,-10.252885
7933.3335,6.9615383,-10.589103
7950.0,9.165865,-10.883173
7966.6665,10.489102,-11.077244
7983.3335,10.4907055,-11.121314
8000.0,10.492308,-11.165384
8016.6665,10.476282,-11.158975
8033.3335,10.460257,-11.152564
8050.0,10.443269,-11.139904
8066.6665,10.425641,-11.123077
8083.3335,10.261218,-11.116186
8100.0,9.509615,-11.149038
8116.6665,8.758013,-11.181891
8133.3335,8.579487,-11.16923
8150.0,8.54423,-11.145192
8166.6665,8.521474,-11.140705
8183.3335,8.5174675,-11.1655445
8200.0,8.513461,-11.190385
8216.667,8.504647,-11.205609
8233.333,8.495833,-11.220834
8250.0,8.513461,-11.183654
8266.667,8.5487175,-11.111539
8283.333,9.34968,-10.93141
8300.0,13.213462,-10.319231
8316.667,17.077244,-9.707051
8333.333,17.86923,-9.603847
8350.0,17.893269,-9.627885
8366.667,17.90064,-9.6528845
8383.333,17.883013,-9.679327
8400.0,17.865385,-9.70577
8416.667,17.844551,-9.719391
8433.333,17.823717,-9.733013
8450.0,17.814423,-9.759615
8466.667,17.81282,-9.794871
8483.333,17.811539,-9.823077
8500.0,17.811539,-9.823077
8516.667,17.811539,-9.823077
8533.333,17.805128,-9.835897
8550.0,17.797115,-9.851923
8566.667,17.789103,-9.8471155
8583.333,17.78109,-9.811058
8600.0,17.773077,-9.775
8616.667,17.776281,-9.766987
8633.333,17.779488,-9.758974
8650.0,17.798077,-9.770673
8666.667,17.826923,-9.795513
8683.333,17.854967,-9.817468
8700.0,17.879808,-9.827885
8716.667,17.904648,-9.838302
8733.333,17.923077,-9.847436
8750.0,17.939903,-9.85625
8766.667,17.94968,-9.855449
8783.333,17.948877,-9.840224
8800.0,17.948076,-9.825
8816.667,17.966507,-9.822597
8833.333,17.984936,-9.820192
8850.0,17.997116,-9.833653
8866.667,18.005129,-9.857693
8883.333,18.011217,-9.880769
8900.0,18.009615,-9.9
8916.667,18.008013,-9.91923
8933.333,17.990385,-9.884615
8950.0,17.96875,-9.836538
8966.667,17.950321,-9.809615
8983.333,17.936699,-9.814423
9000.0,17.923077,-9.819231
9016.667,17.88141,-9.878526
9033.333,17.839743,-9.93782
9050.0,17.804808,-9.920193
9066.667,17.774359,-9.851282
9083.333,17.749039,-9.800801
9100.0,17.74423,-9.8240385
9116.667,17.739424,-9.847276
9133.333,17.730127,-9.816026
9150.0,17.719711,-9.771153
9166.667,17.732372,-9.7407055
9183.333,17.779648,-9.731891
9200.0,17.826923,-9.723077
9216.667,17.822115,-9.732693
9233.333,17.817308,-9.742308
9250.0,17.820192,-9.728847
9266.667,17.828205,-9.7
9283.333,17.839102,-9.677564
9300.0,17.861538,-9.680769
9316.667,17.883974,-9.683974
9333.333,17.887821,-9.68718
9350.0,17.88702,-9.690385
9366.667,17.604807,-9.707051
9383.333,16.90048,-9.74391
9400.0,16.196154,-9.780769
9416.667,12.785897,-10.3448715
9433.333,9.375641,-10.908975
9450.0,7.9846153,-11.093269
9466.667,7.9397435,-11.024359
9483.333,7.905128,-10.969231
9500.0,7.9115386,-10.969231
9516.667,7.9179487,-10.969231
9533.333,7.9205127,-10.961538
9550.0,7.9221153,-10.951923
9566.667,7.9205127,-10.93718
9583.333,7.9141026,-10.914743
9600.0,7.9076924,-10.892307
9616.667,7.8996797,-10.90593
9633.333,7.891667,-10.919551
9650.0,7.891346,-10.935096
9666.667,7.896154,-10.951923
9683.333,7.8977566,-10.969551
9700.0,7.8865385,-10.990385
9716.667,7.8753204,-11.011218
9733.333,7.8641024,-10.9884615
9750.0,7.852885,-10.954807
9766.667,7.8358974,-10.913782
9783.333,7.8102565,-10.861699
9800.0,7.7846155,-10.809615
9816.667,1.2653847,-10.509134
9833.333,-5.253846,-10.208653
9850.0,-8.790384,-10.045193
9866.667,-10.338462,-9.973077
9883.333,-11.5762825,-9.909135
9900.0,-11.573077,-9.877885
9916.667,-11.569872,-9.846635
9933.333,-11.575641,-9.842308
9950.0,-11.583653,-9.844711
9966.667,-11.585897,-9.83141
9983.333,-11.579487,-9.794551
10000.0,-11.573077,-9.757692
10016.667,-13.109936,-9.8009615
10033.333,-14.646795,-9.844231
10050.0,-15.279808,-9.816346
10066.667,-15.310256,-9.741026
10083.333,-15.328846,-9.678366
10100.0,-15.3,-9.666347
10116.667,-15.271153,-9.654327
10133.333,-15.239743,-9.638461
10150.0,-15.207692,-9.6216345
10166.667,-15.172115,-9.608654
10183.333,-15.13125,-9.601442
10200.0,-15.0903845,-9.594231
10216.667,-15.078365,-9.572597
10233.333,-15.066346,-9.5509615
10250.0,-15.053846,-9.532692
10266.667,-15.041026,-9.516666
10283.333,-15.030449,-9.503205
10300.0,-15.028846,-9.5
10316.667,-15.027244,-9.496795
10333.333,-15.017949,-9.423077
10350.0,-15.006731,-9.331731
10366.667,-14.985256,-9.272436
10383.333,-14.948398,-9.261218
10400.0,-14.911538,-9.25
10416.667,-14.910737,-9.253205
10433.333,-14.909936,-9.256411
10450.0,-14.902404,-9.266346
10466.667,-14.890385,-9.280769
10483.333,-14.132692,-9.397436
10500.0,-10.392307,-9.923077
10516.667,-6.651923,-10.448718
10533.333,-5.7089744,-10.501282
10550.0,-5.4653845,-10.435577
10566.667,-5.3221154,-10.380448
10583.333,-5.329327,-10.341186
10600.0,-5.3365383,-10.301923
10616.667,-5.3421474,-10.275481
10633.333,-5.3477564,-10.249039
10650.0,-5.3461537,-10.220192
10666.667,-5.3397436,-10.189744
10683.333,-5.3349357,-10.161538
10700.0,-5.3365383,-10.142307
10716.667,-5.338141,-10.123077
10733.333,-5.330769,-10.083333
10750.0,-5.3211536,-10.038462
10766.667,-5.317949,-10.003846
10783.333,-5.324359,-9.984615
10800.0,-5.330769,-9.9653845
10816.667,-4.7770834,-9.873238
10833.333,-4.2233973,-9.78109
10850.0,0.7447115,-9.884134
10866.667,8.655769,-10.117308
10883.333,15.265385,-10.30016
10900.0,16.669231,-10.281731
10916.667,18.073076,-10.263301
10933.333,18.342308,-10.249359
10950.0,18.327885,-10.236539
10966.667,18.316025,-10.225321
10983.333,18.308012,-10.216506
11000.0,18.3,-10.207692
11016.667,18.29359,-10.20048
11033.333,18.28718,-10.193269
11050.0,18.273077,-10.186539
11066.667,18.253845,-10.180128
11083.333,18.239103,-10.177885
11100.0,18.242308,-10.192307
11116.667,18.245512,-10.206731
11133.333,18.246155,-10.191667
11150.0,18.246155,-10.16923
11166.667,18.26218,-10.164423
11183.333,18.302244,-10.186058
11200.0,18.342308,-10.207692
11216.667,18.348719,-10.238141
11233.333,18.355127,-10.26859
11250.0,18.347115,-10.254807
11266.667,18.329487,-10.211538
11283.333,18.317469,-10.172276
11300.0,18.327885,-10.149038
11316.667,18.3383,-10.125801
11333.333,18.346153,-10.119231
11350.0,18.353365,-10.116827
11366.667,15.585257,-10.158012
11383.333,8.654166,-10.264584
11400.0,1.7230769,-10.371154
11416.667,-1.2961539,-10.186058
11433.333,-4.3153844,-10.000961
11450.0,-5.5086536,-9.903846
11466.667,-5.4846153,-9.865385
11483.333,-5.4673076,-9.835257
11500.0,-5.476923,-9.838462
11516.667,-5.4865384,-9.841666
11533.333,-5.5128207,-9.873077
11550.0,-5.543269,-9.911538
11566.667,-5.554487,-9.929487
11583.333,-5.536859,-9.916667
11600.0,-5.519231,-9.903846
11616.667,-5.5224357,-9.947917
11633.333,-5.525641,-9.991987
11650.0,-5.5365386,-10.01875
11666.667,-5.552564,-10.033975
11683.333,-5.563782,-10.04391
11700.0,-5.5557694,-10.032692
11716.667,-5.547756,-10.021474
11733.333,-5.551282,-10.001282
11750.0,-5.5576925,-9.978847
11766.667,-5.554487,-9.938461
11783.333,-5.536859,-9.871154
11800.0,-5.519231,-9.803846
11816.667,-5.5272436,-9.791026
11833.333,-5.5352564,-9.778205
11850.0,-5.543269,-9.769231
11866.667,-5.551282,-9.76282
11883.333,-5.558013,-9.752725
11900.0,-5.5596156,-9.727884
11916.667,-5.561218,-9.703045
11933.333,-5.5589743,-9.657692
11950.0,-5.5557694,-9.607211
11966.667,-5.5535254,-9.583653
11983.333,-5.5527244,-9.600481
12000.0,-5.5519233,-9.617308
12016.667,-5.5455127,-9.58125
12033.333,-5.5391026,-9.545193
12050.0,-5.535096,-9.479327
12066.667,-5.5326924,-9.39359
12083.333,-5.693109,-9.352404
12100.0,-6.5048075,-9.489423
12116.667,-7.3165064,-9.626442
12133.333,-9.69359,-9.829487
12150.0,-12.462019,-10.049039
12166.667,-14.131411,-10.182052
12183.333,-14.152244,-10.185256
12200.0,-14.173077,-10.188461
12216.667,-14.142629,-10.172436
12233.333,-14.11218,-10.15641
12250.0,-14.095192,-10.174039
12266.667,-14.087179,-10.214103
12283.333,-14.081731,-10.24968
12300.0,-14.086538,-10.267307
12316.667,-14.091346,-10.284936
12333.333,-14.112821,-10.3217945
12350.0,-14.138461,-10.3634615
12366.667,-14.153205,-10.398077
12383.333,-14.151603,-10.422115
12400.0,-14.15,-10.446154
12416.667,-14.113141,-10.475
12433.333,-14.0762825,-10.503846
12450.0,-13.957692,-10.532692
12466.667,-13.7846155,-10.561539
12483.333,-13.040064,-10.538462
12500.0,-10.009615,-10.307693
12516.667,-6.9791665,-10.076923
12533.333,-6.294872,-9.982051
12550.0,-6.1971154,-9.921154
12566.667,-6.144231,-9.8634615
12583.333,-6.1586537,-9.810577
12600.0,-6.173077,-9.757692
12616.667,-6.1225963,-9.778525
12633.333,-6.0721154,-9.799359
12650.0,-6.0625,-9.790384
12666.667,-6.080128,-9.7615385
12683.333,-6.061699,-9.645192
12700.0,-5.8990383,-9.178846
12716.667,-5.736378,-8.7125
12733.333,-5.678205,-8.63782
12750.0,-5.646154,-8.661057
12766.667,-5.624359,-8.694872
12783.333,-5.6179485,-8.744552
12800.0,-5.6115384,-8.79423
12816.667,-5.613942,-8.876762
12833.333,-5.6163464,-8.959295
12850.0,-5.6043267,-8.970192
12866.667,-5.582692,-8.933333
12883.333,-5.5666666,-8.89359
12900.0,-5.5730767,-8.842308
12916.667,-5.5794873,-8.791026
12933.333,-5.570513,-8.779488
12950.0,-5.5576925,-8.7778845
12966.667,-5.5519233,-8.777564
12983.333,-5.5567307,-8.779166
13000.0,-5.5615387,-8.780769
13016.667,-5.5511217,-8.798397
13033.333,-5.540705,-8.816026
13050.0,-5.5365386,-8.803366
13066.667,-5.5365386,-8.770513
13083.333,-5.5341344,-8.740064
13100.0,-5.522115,-8.719231
13116.667,-5.510096,-8.698398
13133.333,-5.5,-8.6782055
13150.0,-5.4903846,-8.658173
13166.667,-5.478846,-8.638461
13183.333,-5.464423,-8.619231
13200.0,-5.45,-8.6
13216.667,-5.4379807,-8.530289
13233.333,-5.4259615,-8.460577
13250.0,-5.425481,-8.391827
13266.667,-5.4326925,-8.323718
13283.333,-5.440545,-8.264103
13300.0,-5.4509616,-8.2384615
13316.667,-5.461378,-8.21282
13333.333,-5.4641027,-8.18718
13350.0,-5.464904,-8.161538
13366.667,-5.465064,-8.148718
13383.333,-5.464263,-8.1551285
13400.0,-5.4634614,-8.161538
13416.667,-5.477083,-8.139103
13433.333,-5.490705,-8.116667
13450.0,-5.5990386,-8.227884
13466.667,-5.770513,-8.4282055
13483.333,-6.0522437,-8.630288
13500.0,-6.775,-8.839423
13516.667,-7.4977565,-9.048557
13533.333,-7.7604165,-9.316346
13550.0,-8.023077,-9.584135
13566.667,-8.285737,-9.851923
13583.333,-8.548397,-10.119712
13600.0,-8.811058,-10.3875
13616.667,-9.073718,-10.655289
13633.333,-9.336378,-10.923077
13650.0,-9.599038,-11.1908655
13666.667,-8.167949,-10.162821
13683.333,-6.9897437,-9.333013
13700.0,-6.8230767,-9.296154
13716.667,-6.65641,-9.2592945
13733.333,-6.6282053,-9.310256
13750.0,-6.6346154,-9.383173
13766.667,-6.6410255,-9.455129
13783.333,-6.6474357,-9.525641
13800.0,-6.6538463,-9.596154
13816.667,-6.6266026,-9.54968
13833.333,-6.599359,-9.503205
13850.0,-6.141346,-8.918269
13866.667,-5.396154,-7.974359
13883.333,-4.7945514,-7.2338142
13900.0,-4.7673078,-7.3067307
13916.667,-4.740064,-7.3796473
13933.333,-4.749359,-7.4096155
13950.0,-4.7677884,-7.4288464
13966.667,-4.76859,-7.4375
13983.333,-4.7429485,-7.4302883
14000.0,-4.7173076,-7.423077
14016.667,-4.713301,-7.4391026
14033.333,-4.709295,-7.455128
14050.0,-4.6980767,-7.458654
14066.667,-4.682051,-7.453846
14083.333,-4.2310896,-7.5365386
14100.0,-2.0403845,-7.9692307
14116.667,0.15032052,-8.401923
14133.333,2.2641025,-9.005769
14150.0,4.358654,-9.652404
14166.667,5.629487,-10.069231
14183.333,5.6647434,-10.141346
14200.0,5.7,-10.213462
14216.667,5.683173,-10.208653
14233.333,5.666346,-10.203846
14250.0,5.676442,-10.235096
14266.667,5.7044873,-10.290384
14283.333,5.734295,-10.316026
14300.0,5.771154,-10.223077
14316.667,5.808013,-10.130128
14333.333,6.326923,-10.15
14350.0,6.9663463,-10.198077
14366.667,7.354487,-10.251282
14383.333,7.365705,-10.31218
14400.0,7.376923,-10.373077
14416.667,7.384135,-10.33141
14433.333,7.391346,-10.289743
14450.0,7.3947115,-10.232693
14466.667,7.395513,-10.165384
14483.333,7.401282,-10.120833
14500.0,7.4269233,-10.167308
14516.667,7.4525642,-10.213782
14533.333,7.466026,-10.210257
14550.0,7.4764423,-10.194231
14566.667,7.4865384,-10.192307
14583.333,7.496154,-10.211538
14600.0,7.5057693,-10.230769
14616.667,7.514583,-10.298077
14633.333,7.5233974,-10.365385
14650.0,7.5447116,-10.4
14666.667,7.574359,-10.412821
14683.333,7.6024036,-10.417949
14700.0,7.6240387,-10.392307
14716.667,7.6456733,-10.366667
14733.333,7.671795,-10.376282
14750.0,7.6990385,-10.3947115
14766.667,7.716026,-10.4073715
14783.333,7.717628,-10.411378
14800.0,7.7192307,-10.415384
14816.667,7.722436,-10.351282
14833.333,7.7256413,-10.28718
14850.0,7.7201924,-10.264423
14866.667,7.7089744,-10.269231
14883.333,7.695833,-10.265064
14900.0,7.675,-10.225
14916.667,7.6541667,-10.184936
14933.333,7.6628203,-10.192307
14950.0,7.6788464,-10.211538
14966.667,7.6910257,-10.214103
14983.333,7.697436,-10.191667
15000.0,7.703846,-10.16923
15016.667,7.7118587,-10.180449
15033.333,7.719872,-10.191667
15050.0,7.7259617,-10.200961
15066.667,7.730769,-10.208974
15083.333,7.7357373,-10.214263
15100.0,7.7413464,-10.208653
15116.667,7.746955,-10.203045
15133.333,7.747436,-10.211538
15150.0,7.7466345,-10.223557
15166.667,7.7576923,-10.254487
15183.333,7.7865386,-10.313782
15200.0,7.8153844,-10.373077
15216.667,7.8089743,-10.341025
15233.333,7.802564,-10.308974
15250.0,7.8028846,-10.2625
15266.667,7.8076925,-10.20641
15283.333,8.263461,-10.170513
15300.0,10.523077,-10.2153845
15316.667,12.782692,-10.260257
15333.333,14.846795,-10.210257
15350.0,16.862019,-10.1365385
15366.667,18.071474,-10.124039
15383.333,18.072275,-10.203365
15400.0,18.073076,-10.282692
15416.667,18.070673,-10.341988
15433.333,18.06827,-10.401282
15450.0,18.051443,-10.425481
15466.667,18.025,-10.426282
15483.333,17.99984,-10.426122
15500.0,17.979807,-10.422115
15516.667,17.959776,-10.418109
15533.333,17.947435,-10.383333
15550.0,17.93702,-10.340865
15566.667,16.575642,-10.376282
15583.333,13.18782,-10.528525
15600.0,9.8,-10.680769
15616.667,9.4073715,-10.666347
15633.333,9.014744,-10.651923
15650.0,8.860577,-10.638461
15666.667,8.865385,-10.625641
15683.333,8.872756,-10.613141
15700.0,8.890385,-10.601923
15716.667,8.908012,-10.590705
15733.333,8.916026,-10.567307
15750.0,8.921635,-10.540865
15766.667,8.834295,-10.516346
15783.333,8.6075325,-10.494712
15800.0,8.380769,-10.473077
15816.667,8.14359,-10.44984
15833.333,7.90641,-10.426602
15850.0,7.7951922,-10.429327
15866.667,7.7679486,-10.449359
15883.333,7.7423077,-10.457051
15900.0,7.723077,-10.415384
15916.667,7.703846,-10.373718
15933.333,7.6961536,-10.337179
15950.0,7.691346,-10.301923
15966.667,7.6807694,-10.290384
15983.333,7.6615386,-10.314423
16000.0,7.6423078,-10.338462
16016.667,7.6278844,-10.327244
16033.333,7.6134615,-10.316026
16050.0,7.625,-10.314423
16066.667,7.6538463,-10.319231
16083.333,7.6721153,-10.325801
16100.0,7.648077,-10.339423
16116.667,7.6240387,-10.3530445
16133.333,7.621154,-10.328205
16150.0,7.6235576,-10.29375
16166.667,7.610577,-10.2778845
16183.333,7.574519,-10.289904
16200.0,7.5384617,-10.301923
16216.667,7.517628,-10.302724
16233.333,7.4967947,-10.303526
16250.0,7.4634614,-10.297596
16266.667,7.421795,-10.28718
16283.333,7.3817306,-10.267147
16300.0,7.348077,-10.208653
16316.667,7.314423,-10.15016
16333.333,7.2858973,-10.145513
16350.0,7.2586536,-10.154327
16366.667,7.233333,-10.166987
16383.333,7.2108974,-10.185416
16400.0,7.1884613,-10.203846
16416.666,7.183654,-10.1886215
16433.334,7.1788464,-10.173397
16450.0,7.1788464,-10.160096
16466.666,7.182051,-10.148077
16483.334,7.1907053,-10.135257
16500.0,7.2211537,-10.119231
16516.666,7.2516026,-10.103205
16533.334,7.2833333,-10.0948715
16550.0,7.3153844,-10.088462
16566.666,7.3525643,-10.09359
16583.334,7.3974357,-10.116026
16600.0,7.4423075,-10.138461
16616.666,7.4471154,-10.141666
16633.334,7.451923,-10.144872
16650.0,7.4721155,-10.156731
16666.666,7.502564,-10.174359
16683.334,7.535577,-10.182372
16700.0,7.578846,-10.151923
16716.666,7.6221156,-10.121474
16733.334,7.6474357,-10.125641
16750.0,7.668269,-10.138461
16766.666,7.698718,-10.151282
16783.334,7.74359,-10.164103
16800.0,7.7884617,-10.176923
16816.666,7.7844553,-10.138461
16833.334,7.780449,-10.1
16850.0,7.7754807,-10.100962
16866.666,7.7698717,-10.128205
16883.334,7.767628,-10.15641
16900.0,7.7788463,-10.188461
16916.666,7.7900643,-10.220512
16933.334,7.528205,-10.194872
16950.0,7.1980767,-10.154808
16966.666,4.9442306,-9.913462
16983.334,-0.1951923,-9.370193
17000.0,-5.334615,-8.826923
17016.666,-5.3858976,-8.778045
17033.334,-5.4371796,-8.729167
17050.0,-5.449519,-8.706731
17066.666,-5.4358974,-8.701923
17083.334,-5.427564,-8.695993
17100.0,-5.4403844,-8.685577
17116.666,-5.453205,-8.67516
17133.334,-5.4423075,-8.642307
17150.0,-5.425481,-8.603847
17166.666,-5.426282,-8.58782
17183.334,-5.4535255,-8.605449
17200.0,-5.480769,-8.623077
17216.666,-5.482372,-8.63109
17233.334,-5.4839745,-8.639103
17250.0,-5.4697113,-8.545193
17266.666,-5.444872,-8.383333
17283.334,-5.4270835,-8.253045
17300.0,-5.4375,-8.249039
17316.666,-5.4479165,-8.245032
17333.334,-5.4205127,-8.248718
17350.0,-5.3836536,-8.254327
17366.666,-5.3679485,-8.266987
17383.334,-5.3839746,-8.290224
17400.0,-5.4,-8.313461
17416.666,-5.3783655,-8.308654
17433.334,-5.356731,-8.303846
17450.0,-2.4572115,-8.853365
17466.666,2.3608975,-9.772436
17483.334,6.3852563,-10.526603
17500.0,7.2346153,-10.621154
17516.666,8.083974,-10.715705
17533.334,8.260898,-10.797436
17550.0,8.2697115,-10.875961
17566.666,8.274038,-10.907051
17583.334,8.271635,-10.866987
17600.0,8.269231,-10.826923
17616.666,8.245193,-10.839744
17633.334,8.221154,-10.852564
17650.0,8.2125,-10.8634615
17666.666,8.214103,-10.873077
17683.334,8.21891,-10.874359
17700.0,8.236539,-10.842308
17716.666,8.254167,-10.810256
17733.334,8.257051,-10.841025
17750.0,8.25625,-10.8875
17766.666,8.26859,-10.901923
17783.334,8.300641,-10.868269
17800.0,8.332692,-10.834616
17816.666,8.322276,-10.899519
17833.334,8.311859,-10.964423
17850.0,8.3158655,-10.974038
17866.666,8.329487,-10.9467945
17883.334,9.1216345,-10.908173
17900.0,13.0278845,-10.8240385
17916.666,16.934135,-10.739903
17933.334,17.75641,-10.701923
17950.0,17.807692,-10.675481
17966.666,17.836538,-10.654808
17983.334,17.83173,-10.642789
18000.0,17.826923,-10.630769
18016.666,17.794872,-10.589103
18033.334,17.762821,-10.547436
18050.0,17.758654,-10.547115
18066.666,17.773077,-10.574359
18083.334,17.786219,-10.591506
18100.0,17.794231,-10.568269
18116.666,17.802244,-10.5450325
18133.334,17.821795,-10.535256
18150.0,17.84423,-10.528846
18166.666,17.864744,-10.52532
18183.334,17.882372,-10.526122
18200.0,17.9,-10.526923
18216.666,17.891987,-10.493269
18233.334,17.883974,-10.459616
18250.0,17.90096,-10.441346
18266.666,17.934616,-10.433333
18283.334,17.96218,-10.425801
18300.0,17.965385,-10.420193
18316.666,17.96859,-10.414583
18333.334,17.983334,-10.378205
18350.0,18.000961,-10.334135
18366.666,18.017307,-10.3
18383.334,18.03173,-10.280769
18400.0,18.046154,-10.2615385
18416.666,18.069391,-10.267147
18433.334,18.092628,-10.272757
18450.0,18.102404,-10.263461
18466.666,18.103205,-10.244231
18483.334,18.0992,-10.2221155
18500.0,18.075962,-10.188461
18516.666,18.052725,-10.154808
18533.334,18.05641,-10.1551285
18550.0,18.066828,-10.163942
18566.666,18.066668,-10.152564
18583.334,18.05064,-10.110897
18600.0,18.034615,-10.069231
18616.666,18.06827,-10.126923
18633.334,18.101923,-10.184615
18650.0,18.115385,-10.218269
18666.666,18.115385,-10.235897
18683.334,18.106731,-10.242468
18700.0,18.063461,-10.204807
18716.666,18.020193,-10.167148
18733.334,15.032051,-10.4467945
18750.0,11.307693,-10.805769
18766.666,9.035897,-10.997756
18783.334,8.942948,-10.939262
18800.0,8.85,-10.880769
18816.666,8.89327,-10.891987
18833.334,8.936539,-10.903205
18850.0,8.946154,-10.920193
18866.666,8.933333,-10.941026
18883.334,8.920673,-10.96266
18900.0,8.908654,-10.9875
18916.666,8.896635,-11.01234
18933.334,8.912821,-11.024359
18950.0,8.936058,-11.033173
18966.666,8.93782,-11.03141
18983.334,8.9073715,-11.0137825
19000.0,8.876923,-10.996154
19016.666,4.626923,-10.70048
19033.334,0.37692308,-10.404808
19050.0,-2.4048078,-10.097596
19066.666,-4.207692,-9.782692
19083.334,-5.6453524,-9.534135
19100.0,-5.6221156,-9.5509615
19116.666,-5.5988784,-9.567788
19133.334,-5.5538464,-9.588462
19150.0,-5.5033655,-9.610096
19166.666,-5.4615383,-9.630128
19183.334,-5.4326925,-9.647757
19200.0,-5.4038463,-9.665384
19216.666,-5.4038463,-9.663782
19233.334,-5.4038463,-9.66218
19250.0,-5.398077,-9.658654
19266.666,-5.3884616,-9.653846
19283.334,-5.3782053,-9.578205
19300.0,-5.3653846,-9.219231
19316.666,-5.3525643,-8.860256
19333.334,-5.348077,-8.750641
19350.0,-5.345673,-8.703365
19366.666,-5.341987,-8.683013
19383.334,-5.336378,-8.703045
19400.0,-5.330769,-8.723077
19416.666,-5.3195515,-8.748718
19433.334,-5.3083334,-8.774359
19450.0,-5.308654,-8.79375
19466.666,-5.3166666,-8.808974
19483.334,-5.320833,-8.82548
19500.0,-5.3096156,-8.8471155
19516.666,-5.2983975,-8.86875
19533.334,-5.292308,-8.883333
19550.0,-5.2875,-8.896153
19566.666,-5.2679486,-8.891026
19583.334,-5.226282,-8.858974
19600.0,-5.1846156,-8.826923
19616.666,-5.1934295,-8.82532
19633.334,-5.202244,-8.823718
19650.0,-5.2091346,-8.838462
19666.666,-5.2147436,-8.864102
19683.334,-5.21859,-8.878205
19700.0,-5.2153845,-8.846154
19716.666,-5.2121797,-8.814102
19733.334,-5.2153845,-8.788462
19750.0,-5.2201924,-8.764423
19766.666,-5.2141027,-8.717949
19783.334,-5.1916666,-8.63782
19800.0,-5.169231,-8.557693
19816.666,-5.1980767,-8.53125
19833.334,-5.226923,-8.504807
19850.0,-5.214904,-8.503846
19866.666,-5.175641,-8.519872
19883.334,-5.1477566,-8.537019
19900.0,-5.165385,-8.558654
19916.666,-5.183013,-8.580289
19933.334,-5.175,-8.56282
19950.0,-5.160577,-8.535577
19966.666,-5.1509614,-8.507692
19983.334,-5.1485577,-8.478847
20000.0,-5.146154,-8.45
20016.666,-5.1165066,-8.45641
20033.334,-5.0868587,-8.46282
20050.0,-5.071635,-8.452885
20066.666,-5.0660257,-8.432052
20083.334,-5.0658655,-8.426923
20100.0,-5.0875,-8.484615
20116.666,-5.1091347,-8.542308
20133.334,-5.1307693,-8.551282
20150.0,-5.152404,-8.548077
20166.666,-5.1634617,-8.529488
20183.334,-5.1586537,-8.487821
20200.0,-5.1538463,-8.446154
20216.666,-5.130609,-8.398878
20233.334,-5.107372,-8.351603
20250.0,-5.1052885,-8.333173
20266.666,-5.1173077,-8.333974
20283.334,-5.1285257,-8.334936
20300.0,-5.1365385,-8.336538
20316.666,-5.1445513,-8.338141
20333.334,-5.133333,-8.33077
20350.0,-5.1173077,-8.321154
20366.666,-5.1108975,-8.324679
20383.334,-5.1189103,-8.347917
20400.0,-5.126923,-8.371154
20416.666,-5.098077,-8.344711
20433.334,-5.0692306,-8.318269
20450.0,-5.0951924,-8.301923
20466.666,-5.1576924,-8.292308
20483.334,-5.2064104,-8.286538
20500.0,-5.2,-8.296154
20516.666,-5.1935897,-8.305769
20533.334,-5.207692,-8.28718
20550.0,-5.226923,-8.2615385
20566.666,-5.2326922,-8.233974
20583.334,-5.2182693,-8.203526
20600.0,-5.203846,-8.173077
20616.666,-5.219872,-8.197115
20633.334,-5.2358975,-8.221154
20650.0,-5.235577,-8.228847
20666.666,-5.224359,-8.225641
20683.334,-5.216827,-8.225
20700.0,-5.2240386,-8.234615
20716.666,-5.23125,-8.244231
20733.334,-5.2320514,-8.237821
20750.0,-5.23125,-8.227404
20766.666,-5.235256,-8.2362175
20783.334,-5.2464743,-8.273878
20800.0,-5.2576923,-8.311539
20816.666,-5.6567307,-8.604808
20833.334,-6.0557694,-8.898077
20850.0,-6.2346153,-9.016346
20866.666,-6.266667,-9.017949
20883.334,-6.2929487,-9.021474
20900.0,-6.296154,-9.032692
20916.666,-6.299359,-9.04391
20933.334,-6.292308,-9.057693
20950.0,-6.2826924,-9.072115
20966.666,-6.2826924,-9.058974
20983.334,-6.2971153,-9.004487
21000.0,-6.3115387,-8.95
21016.666,-6.305128,-8.929167
21033.334,-6.298718,-8.908334
21050.0,-6.3028846,-8.931731
21066.666,-6.3141026,-8.984615
21083.334,-6.3570514,-9.048397
21100.0,-6.526923,-9.155769
21116.666,-6.696795,-9.263141
21133.334,-6.7410254,-9.264103
21150.0,-6.753846,-9.2384615
21166.666,-6.7641025,-9.205129
21183.334,-6.770513,-9.160256
21200.0,-6.776923,-9.115385
21216.666,-6.791346,-9.152244
21233.334,-6.8057694,-9.189102
21250.0,-6.8240385,-9.206731
21266.666,-6.844872,-9.211538
21283.334,-7.278205,-9.273718
21300.0,-9.361539,-9.565385
21316.666,-11.444872,-9.857051
21333.334,-12.676923,-10.108334
21350.0,-13.696154,-10.349519
21366.666,-14.289743,-10.473397
21383.334,-14.244872,-10.421314
21400.0,-14.2,-10.369231
21416.666,-14.167148,-10.364423
21433.334,-14.1342945,-10.359615
21450.0,-14.135097,-10.374039
21466.666,-14.158334,-10.401282
21483.334,-14.173397,-10.414583
21500.0,-14.155769,-10.372115
21516.666,-14.138141,-10.329647
21533.334,-14.441026,-10.278205
21550.0,-14.8240385,-10.224519
21566.666,-15.069872,-10.158334
21583.334,-15.109936,-10.073398
21600.0,-15.15,-9.9884615
21616.666,-15.132372,-10.002084
21633.334,-15.114743,-10.015705
21650.0,-15.1052885,-10.004807
21666.666,-15.101282,-9.977564
21683.334,-15.101122,-9.956731
21700.0,-15.116346,-9.961538
21716.666,-15.131571,-9.966346
21733.334,-15.131411,-9.9467945
21750.0,-15.127404,-9.921154
21766.666,-15.133654,-9.888141
21783.334,-15.155289,-9.84407
21800.0,-15.176923,-9.8
21816.666,-15.1625,-9.76234
21833.334,-15.148077,-9.72468
21850.0,-15.153365,-9.6841345
21866.666,-15.171795,-9.641666
21883.334,-15.1841345,-9.605769
21900.0,-15.172115,-9.596154
21916.666,-15.160096,-9.586538
21933.334,-15.120513,-9.569231
21950.0,-15.0740385,-9.55
21966.666,-15.057693,-9.546795
21983.334,-15.086538,-9.567628
22000.0,-15.115385,-9.588462
22016.666,-15.118589,-9.529166
22033.334,-15.121795,-9.4698715
22050.0,-15.021153,-9.401923
22066.666,-14.851282,-9.328205
22083.334,-14.70609,-9.261378
22100.0,-14.6596155,-9.2221155
22116.666,-14.613141,-9.182853
22133.334,-14.570513,-9.1365385
22150.0,-14.528846,-9.088462
22166.666,-14.509615,-9.056731
22183.334,-14.524038,-9.04952
22200.0,-14.538462,-9.042308
22216.666,-14.516827,-9.0903845
22233.334,-14.495193,-9.138461
22250.0,-13.563942,-9.364423
22266.666,-12.026282,-9.708974
22283.334,-10.603205,-9.994231
22300.0,-9.638461,-10.042308
22316.666,-8.6737175,-10.0903845
22333.334,-8.460257,-10.146153
22350.0,-8.434615,-10.203846
22366.666,-8.417949,-10.242308
22383.334,-8.414743,-10.251923
22400.0,-8.411538,-10.2615385
22416.666,-8.276923,-10.225481
22433.334,-8.142307,-10.189423
22450.0,-7.830769,-10.0822115
22466.666,-7.401282,-9.927564
22483.334,-7.0522437,-9.809615
22500.0,-7.025,-9.838462
22516.666,-6.9977565,-9.867308
22533.334,-6.996154,-9.858974
22550.0,-7.0009613,-9.841346
22566.666,-6.8852563,-9.774359
22583.334,-6.588782,-9.633333
22600.0,-6.292308,-9.492308
22616.666,-0.007852565,-9.526763
22633.334,6.2766027,-9.561218
22650.0,9.540384,-9.609615
22666.666,10.790384,-9.667308
22683.334,11.794391,-9.7125
22700.0,11.814423,-9.707692
22716.666,11.8344555,-9.702885
22733.334,11.826923,-9.740385
22750.0,11.8125,-9.788462
22766.666,12.352243,-9.524038
22783.334,13.723237,-8.790865
22800.0,15.094231,-8.057693
22816.666,17.345032,-6.5264425
22833.334,19.595833,-4.9951925
22850.0,20.502884,-4.3740387
22866.666,20.514103,-4.3596153
22883.334,20.53173,-4.3469553
22900.0,20.575,-4.3413463
22916.666,20.618269,-4.335737
22933.334,20.646795,-4.292308
22950.0,20.671635,-4.2394233
22966.666,20.704807,-4.2256413
22983.334,20.75048,-4.270513
23000.0,20.796154,-4.3153844
23016.666,14.531731,-5.528526
23033.334,8.267307,-6.741667
23050.0,4.5596156,-7.271154
23066.666,2.5564103,-7.344872
23083.334,0.9570513,-7.398077
23100.0,0.97307694,-7.3692307
23116.666,0.98910254,-7.3403845
23133.334,1.0179487,-7.300641
23150.0,1.05,-7.258173
23166.666,0.8503205,-7.2301283
23183.334,0.3030449,-7.223718
23200.0,-0.24423076,-7.2173076
23216.666,-2.386859,-7.8543267
23233.334,-4.529487,-8.491346
23250.0,-5.383173,-8.734615
23266.666,-5.377564,-8.7153845
23283.334,-5.3660254,-8.697115
23300.0,-5.330769,-8.682693
23316.666,-5.2955127,-8.668269
23333.334,-5.2602563,-8.685898
23350.0,-5.225,-8.711538
23366.666,-5.6198716,-8.725
23383.334,-6.659936,-8.720192
23400.0,-7.7,-8.7153845
23416.666,-10.829807,-8.641666
23433.334,-13.959616,-8.567948
23450.0,-15.224038,-8.520192
23466.666,-15.244872,-8.489743
23483.334,-15.25032,-8.464904
23500.0,-15.194231,-8.4625
23516.666,-15.138141,-8.460096
23533.334,-15.124359,-8.453205
23550.0,-15.121154,-8.445192
23566.666,-15.130128,-8.459295
23583.334,-15.1573715,-8.506571
23600.0,-15.184615,-8.553846
23616.666,-14.546795,-10.025
23633.334,-13.908975,-11.496154
23650.0,-11.528975,-11.029615
23666.666,-9.148974,-10.563077
23683.334,-6.7689743,-10.096539
23700.0,-4.388974,-9.63
23716.666,-2.0089743,-9.163462
23733.334,0.37102565,-8.696923
23750.0,2.7510257,-8.230385
23766.666,5.131026,-7.763846
23783.334,7.5110254,-7.2973075
23800.0,9.891026,-6.830769
23816.666,12.271026,-5.5198717
23833.334,14.651026,-4.2089744
23850.0,17.031025,-3.5942307
23866.666,19.411026,-3.4435897
23883.334,21.791025,-3.3403847
23900.0,21.765385,-3.426923
23916.666,21.739744,-3.5134616
23933.334,21.762821,-3.602564
23950.0,21.798077,-3.6923077
23966.666,21.805769,-3.7291667
23983.334,21.772116,-3.6866987
24000.0,21.738462,-3.6442308
24016.666,21.733654,-3.4527245
24033.334,21.728846,-3.2612178
24050.0,21.727884,-3.1105769
24066.666,21.729486,-2.9871795
24083.334,21.71891,-2.922436
24100.0,21.659615,-3.0923078
24116.666,21.60032,-3.2621794
24133.334,21.55641,-3.2916667
24150.0,21.516346,-3.2860577
24166.666,21.470512,-3.2326922
24183.334,21.416025,-3.1076922
24200.0,21.361538,-2.9826922
24216.666,21.392788,-2.7383013
24233.334,21.424038,-2.4939103
24250.0,21.462019,-2.398077
24266.666,21.504488,-2.401282
24283.334,21.510736,-2.2942307
24300.0,21.372116,-1.7461538
24316.666,21.233494,-1.198077
24333.334,21.196795,-0.91602564
24350.0,21.185577,-0.70048076
24366.666,21.19936,-0.51794875
24383.334,21.25064,-0.3849359
24400.0,21.301924,-0.25192308
24416.666,21.297916,-0.35208333
24433.334,21.293911,-0.4522436
24450.0,21.290384,-0.5451923
24466.666,21.28718,-0.6333333
24483.334,21.294712,-0.70064104
24500.0,21.345192,-0.6846154
24516.666,21.395674,-0.6685898
24533.334,21.435257,-0.63461536
24550.0,21.472115,-0.59615386
24566.666,21.524038,-0.5596154
24583.334,21.598558,-0.5259615
24600.0,21.673077,-0.4923077
24616.666,21.766827,-0.5724359
24633.334,21.860577,-0.6525641
24650.0,21.911058,-0.6894231
24666.666,21.932692,-0.6974359
24683.334,21.967468,-0.7032051
24700.0,22.054808,-0.7
24716.666,22.142147,-0.69679487
24733.334,22.196154,-0.65897435
24750.0,22.241827,-0.6125
24766.666,22.294231,-0.5714744
24783.334,22.356731,-0.5386218
24800.0,22.419231,-0.50576925
24816.666,22.409615,-0.48173076
24833.334,22.4,-0.4576923
24850.0,22.43221,-0.4576923
24866.666,22.492308,-0.47371796
24883.334,22.548397,-0.49086538
24900.0,22.58846,-0.5125
24916.666,22.628525,-0.5341346
24933.334,22.676924,-0.5205128
24950.0,22.727404,-0.49807692
24966.666,21.167454,-0.49807692
24983.334,19.607502,-0.5317308
25000.0,18.047552,-0.5653846
25016.666,16.487602,-0.5533654
25033.334,14.927651,-0.54134613
25050.0,13.367701,-0.55865383
25066.666,11.807751,-0.5955128
25083.334,10.2478,-0.9716346
25100.0,8.68785,-2.7048078
25116.666,7.127899,-4.4379807
25133.334,5.567949,-5.15
25150.0,2.7586539,-5.606731
25166.666,1.1057693,-5.841026
25183.334,1.1875,-5.741667
25200.0,1.2692307,-5.6423078
25216.666,1.3076923,-5.7152243
25233.334,1.3461539,-5.7881413
25250.0,1.3721154,-5.858173
25266.666,1.3897436,-5.926282
25283.334,1.4041667,-5.9849358
25300.0,1.4057692,-6.0057693
25316.666,1.4073718,-6.0266027
25333.334,1.4012821,-6.0435896
25350.0,1.3932692,-6.0596156
25366.666,1.4083333,-6.070513
25383.334,1.4580128,-6.073718
25400.0,1.5076923,-6.076923
25416.666,2.3346155,-6.445513
25433.334,3.1615384,-6.8141026
25450.0,4.9389424,-8.172115
25466.666,7.35,-10.189744
25483.334,9.29375,-11.799359
25500.0,9.368269,-11.776923
25516.666,9.442788,-11.754487
25533.334,9.4653845,-11.688461
25550.0,9.475,-11.611539
25566.666,9.485256,-11.566346
25583.334,9.496474,-11.56875
25600.0,9.507692,-11.571154
25616.666,9.517307,-11.503045
25633.334,9.526923,-11.434936
25650.0,9.54952,-11.3865385
25666.666,9.58077,-11.351282
25683.334,10.255769,-11.215865
25700.0,13.505769,-10.679808
25716.666,16.75577,-10.14375
25733.334,17.43718,-9.998718
25750.0,17.476442,-9.951443
25766.666,17.513462,-9.911538
25783.334,17.547115,-9.882692
25800.0,17.580769,-9.853847
25816.666,17.59439,-9.8738785
25833.334,17.608013,-9.89391
25850.0,17.604807,-9.866827
25866.666,17.590385,-9.808333
25883.334,17.58157,-9.750961
25900.0,17.595192,-9.698077
25916.666,17.608814,-9.645192
25933.334,17.628204,-9.658975
25950.0,17.649038,-9.689423
25966.666,17.586538,-9.702885
25983.334,17.399038,-9.6908655
26000.0,17.211538,-9.678846
26016.666,8.807693,-9.986539
26033.334,0.40384614,-10.29423
26050.0,-3.9538462,-9.976442
26066.666,-5.6141024,-9.241667
26083.334,-6.941987,-8.655449
26100.0,-6.9403844,-8.663462
26116.666,-6.938782,-8.671474
26133.334,-6.932051,-8.742308
26150.0,-6.9240384,-8.828846
26166.666,-6.921154,-8.908012
26183.334,-6.9259615,-8.976122
26200.0,-6.9307694,-9.04423
26216.666,-6.9371796,-9.069071
26233.334,-6.9435897,-9.09391
26250.0,-6.771154,-8.933654
26266.666,-6.479487,-8.65
26283.334,-6.2451925,-8.39391
26300.0,-6.2403846,-8.248077
26316.666,-6.235577,-8.102243
26333.334,-6.2423077,-8.066026
26350.0,-6.251923,-8.057212
26366.666,-6.271795,-8.041026
26383.334,-6.307051,-8.0137825
26400.0,-6.3423076,-7.9865384
26416.666,-6.3679485,-8.004968
26433.334,-6.39359,-8.023397
26450.0,-6.3826923,-8.008654
26466.666,-6.347436,-7.971795
26483.334,-6.320833,-7.952244
26500.0,-6.328846,-8.001923
26516.666,-6.3368587,-8.051602
26533.334,-6.3589745,-8.070513
26550.0,-6.3846154,-8.081731
26566.666,-6.396154,-8.084616
26583.334,-6.3865385,-8.075
26600.0,-6.376923,-8.065385
26616.666,-6.358494,-8.051763
26633.334,-6.340064,-8.038141
26650.0,-6.1610575,-7.927404
26666.666,-5.875,-7.751923
26683.334,-5.6448717,-7.5988784
26700.0,-5.6384616,-7.535577
26716.666,-5.6320515,-7.4722757
26733.334,-5.625641,-7.457692
26750.0,-5.6192307,-7.4552884
26766.666,-5.622436,-7.4615383
26783.334,-5.6400642,-7.480769
26800.0,-5.6576924,-7.5
26816.666,-5.654487,-7.5160255
26833.334,-5.651282,-7.532051
26850.0,-5.646154,-7.523077
26866.666,-5.639744,-7.497436
26883.334,-5.6355767,-7.4841347
26900.0,-5.6403847,-7.520192
26916.666,-5.645192,-7.55625
26933.334,-5.623077,-7.5884614
26950.0,-5.5942307,-7.6197114
26966.666,-5.573718,-7.655128
26983.334,-5.5657053,-7.696795
27000.0,-5.5576925,-7.7384615
27016.666,-5.5657053,-7.8177886
27033.334,-5.573718,-7.897115
27050.0,-5.5730767,-7.927404
27066.666,-5.5666666,-7.925
27083.334,-6.058654,-7.9464746
27100.0,-8.54423,-8.063461
27116.666,-11.029808,-8.180449
27133.334,-12.711538,-8.208974
27150.0,-14.192307,-8.2153845
27166.666,-15.073077,-8.21891
27183.334,-15.053846,-8.218109
27200.0,-15.0346155,-8.217308
27216.666,-15.01298,-8.206891
27233.334,-14.991346,-8.196474
27250.0,-14.991346,-8.212981
27266.666,-15.005769,-8.247436
27283.334,-15.016827,-8.274679
27300.0,-15.014423,-8.273077
27316.666,-15.012019,-8.271474
27333.334,-14.982051,-8.259615
27350.0,-14.945192,-8.245193
27366.666,-14.933974,-8.24968
27383.334,-14.961218,-8.282532
27400.0,-14.9884615,-8.315385
27416.666,-14.948398,-8.288141
27433.334,-14.908334,-8.260898
27450.0,-14.880769,-8.239423
27466.666,-14.861539,-8.221795
27483.334,-14.846795,-8.208974
27500.0,-14.85,-8.2153845
27516.666,-14.853205,-8.221795
27533.334,-14.836538,-8.2153845
27550.0,-14.814904,-8.20577
27566.666,-14.806089,-8.197436
27583.334,-14.816506,-8.191026
27600.0,-14.826923,-8.184615
27616.666,-14.82532,-8.179808
27633.334,-14.823718,-8.175
27650.0,-14.807693,-8.169711
27666.666,-14.782051,-8.164103
27683.334,-14.757692,-8.162981
27700.0,-14.7384615,-8.179808
27716.666,-14.719231,-8.196634
27733.334,-14.732051,-8.190385
27750.0,-14.752885,-8.178366
27766.666,-14.757692,-8.179808
27783.334,-14.7384615,-8.201443
27800.0,-14.719231,-8.223077
27816.666,-14.691987,-8.239102
27833.334,-14.664743,-8.255128
27850.0,-14.650962,-8.265385
27866.666,-14.646153,-8.271795
27883.334,-14.638301,-8.276122
27900.0,-14.618269,-8.272116
27916.666,-14.598237,-8.268109
27933.334,-14.564102,-8.292308
27950.0,-14.526443,-8.323558
27966.666,-14.483013,-8.361539
27983.334,-14.430929,-8.4096155
28000.0,-14.378846,-8.457692
28016.666,-11.531891,-9.569872
28033.334,-8.684936,-10.682052
28050.0,-7.478846,-11.139423
28066.666,-7.366667,-11.160256
28083.334,-7.283013,-11.188461
28100.0,-7.3134613,-11.246154
28116.666,-7.34391,-11.303846
28133.334,-7.360256,-11.314102
28150.0,-7.373077,-11.3125
28166.666,-7.365705,-11.316987
28183.334,-7.328045,-11.330609
28200.0,-7.290385,-11.344231
28216.666,-7.2927885,-11.333814
28233.334,-7.2951922,-11.323398
28250.0,-9.1125,-10.646153
28266.666,-12.139744,-9.524359
28283.334,-14.587179,-8.598718
28300.0,-14.7153845,-8.457692
28316.666,-14.84359,-8.316667
28333.334,-14.835257,-8.249359
28350.0,-14.7927885,-8.20048
28366.666,-14.760257,-8.188782
28383.334,-14.742628,-8.232853
28400.0,-14.725,-8.276923
28416.666,-14.74984,-8.264103
28433.334,-14.774679,-8.251282
28450.0,-14.791347,-8.2466345
28466.666,-14.802564,-8.247436
28483.334,-14.813141,-8.248558
28500.0,-14.821154,-8.250961
28516.666,-14.829166,-8.2533655
28533.334,-14.83141,-8.255769
28550.0,-14.8322115,-8.258173
28566.666,-14.839744,-8.267307
28583.334,-14.857371,-8.286538
28600.0,-14.875,-8.305769
28616.666,-14.885417,-8.288942
28633.334,-14.895833,-8.272116
28650.0,-14.8947115,-8.2778845
28666.666,-14.885898,-8.2987175
28683.334,-14.877084,-8.314744
28700.0,-14.868269,-8.311539
28716.666,-14.859455,-8.308333
28733.334,-14.867949,-8.316667
28750.0,-14.880769,-8.327885
28766.666,-14.884615,-8.332051
28783.334,-14.875,-8.325641
28800.0,-14.865385,-8.319231
28816.666,-14.850962,-8.31282
28833.334,-14.836538,-8.30641
28850.0,-14.820192,-8.300481
28866.666,-14.802564,-8.294871
28883.334,-14.786538,-8.29359
28900.0,-14.776923,-8.309615
28916.666,-14.767307,-8.325641
28933.334,-14.78141,-8.335257
28950.0,-14.801442,-8.343269
28966.666,-14.802243,-8.34968
28983.334,-14.774199,-8.353686
29000.0,-14.746154,-8.357693
29016.666,-14.723718,-8.34968
29033.334,-14.7012825,-8.341666
29050.0,-14.693269,-8.325961
29066.666,-14.694872,-8.305128
29083.334,-14.700641,-8.289263
29100.0,-14.723077,-8.293269
29116.666,-14.745513,-8.297276
29133.334,-14.75,-8.316667
29150.0,-14.75,-8.339904
29166.666,-14.760257,-8.352243
29183.334,-14.785897,-8.348237
29200.0,-14.811539,-8.344231
29216.666,-14.776282,-8.335417
29233.334,-14.741026,-8.326603
29250.0,-14.723077,-8.336058
29266.666,-14.716666,-8.357693
29283.334,-14.714423,-8.379968
29300.0,-14.728847,-8.404808
29316.666,-14.743269,-8.429647
29333.334,-14.7987175,-8.567948
29350.0,-14.864423,-8.734615
29366.666,-15.164103,-9.031731
29383.334,-15.814744,-9.524519
29400.0,-16.465385,-10.017307
29416.666,-17.308332,-6.955609
29433.334,-18.151281,-3.8939102
29450.0,-18.72404,-3.4528847
29466.666,-19.116667,-4.7589746
29483.334,-19.384295,-5.9334936
29500.0,-19.151922,-6.581731
29516.666,-18.919552,-7.229968
29533.334,-18.697435,-7.720513
29550.0,-18.477884,-8.171635
29566.666,-18.143349,-8.266586
29583.334,-17.808815,-8.361539
29600.0,-17.47428,-8.4564905
29616.666,-17.139744,-8.551442
29633.334,-16.805208,-8.646394
29650.0,-16.470673,-8.741346
29666.666,-16.450642,-10.124359
29683.334,-16.297436,-11.057853
29700.0,-15.611539,-10.193269
29716.666,-14.925641,-9.328686
29733.334,-14.708333,-9.044871
29750.0,-14.608173,-8.90625
29766.666,-14.566987,-8.841025
29783.334,-14.614263,-8.885898
29800.0,-14.661538,-8.930769
29816.666,-14.740866,-9.101442
29833.334,-14.820192,-9.272116
29850.0,-14.837019,-9.312981
29866.666,-14.81218,-9.267307
29883.334,-14.803686,-9.220994
29900.0,-14.860577,-9.172115
29916.666,-14.917468,-9.123238
29933.334,-14.939744,-9.166667
29950.0,-14.953365,-9.233173
29966.666,-14.964103,-9.252564
29983.334,-14.970512,-9.2012825
30000.0,-14.976923,-9.15
30016.666,-14.85673,-8.887179
30033.334,-14.736539,-8.624359
30050.0,-14.683654,-8.494712
30066.666,-14.675641,-8.453846
30083.334,-14.675,-8.4155445
30100.0,-14.703846,-8.3875
30116.666,-14.732693,-8.359455
30133.334,-14.73718,-8.323077
30150.0,-14.735577,-8.2846155
30166.666,-14.732051,-8.254487
30183.334,-14.725641,-8.236859
30200.0,-14.719231,-8.219231
30216.666,-14.68718,-8.180769
30233.334,-14.6551285,-8.142307
30250.0,-14.666347,-8.140385
30266.666,-14.70641,-8.162821
30283.334,-14.738301,-8.175481
30300.0,-14.7375,-8.149038
30316.666,-14.736699,-8.122596
30333.334,-14.729487,-8.130769
30350.0,-14.720673,-8.147596
30366.666,-14.711538,-8.142949
30383.334,-14.701923,-8.10609
30400.0,-14.692307,-8.069231
30416.666,-14.668269,-8.077244
30433.334,-14.644231,-8.085257
30450.0,-14.629807,-8.094231
30466.666,-14.621795,-8.103847
30483.334,-14.611057,-8.11234
30500.0,-14.589423,-8.116346
30516.666,-14.567788,-8.120353
30533.334,-14.5762825,-8.144231
30550.0,-14.592308,-8.173077
30566.666,-14.599038,-8.195192
30583.334,-14.591827,-8.2072115
30600.0,-14.584616,-8.219231
30616.666,-14.58141,-8.208013
30633.334,-14.578205,-8.1967945
30650.0,-14.556731,-8.196154
30666.666,-14.523077,-8.202564
30683.334,-14.502885,-8.20641
30700.0,-14.536538,-8.2
30716.666,-14.570192,-8.19359
30733.334,-14.574359,-8.189102
30750.0,-14.571154,-8.185096
30766.666,-14.574359,-8.181089
30783.334,-14.587179,-8.177083
30800.0,-14.6,-8.173077
30816.666,-14.579166,-8.163462
30833.334,-14.558333,-8.153846
30850.0,-14.669711,-8.240866
30866.666,-14.869231,-8.392307
30883.334,-15.024839,-8.509134
30900.0,-15.004807,-8.4875
30916.666,-14.984776,-8.465865
30933.334,-14.955129,-8.48141
30950.0,-14.923077,-8.50625
30966.666,-14.904166,-8.5137825
30983.334,-14.904968,-8.495353
31000.0,-14.905769,-8.476923
31016.666,-14.90016,-8.475321
31033.334,-14.894551,-8.473718
31050.0,-14.892307,-8.468269
31066.666,-14.892307,-8.460257
31083.334,-14.890385,-8.461538
31100.0,-14.880769,-8.5
31116.666,-14.871154,-8.538462
31133.334,-14.864102,-8.55641
31150.0,-14.857693,-8.569231
31166.666,-14.882051,-8.573398
31183.334,-14.952564,-8.564584
31200.0,-15.023077,-8.555769
31216.666,-14.997436,-8.534936
31233.334,-14.971795,-8.514103
31250.0,-14.934615,-8.516346
31266.666,-14.889744,-8.533975
31283.334,-14.852884,-8.54952
31300.0,-14.848077,-8.556731
31316.666,-14.843269,-8.563942
31333.334,-14.850641,-8.56282
31350.0,-14.861057,-8.559615
31366.666,-14.863782,-8.565385
31383.334,-14.854968,-8.584616
31400.0,-14.846154,-8.603847
31416.666,-14.854167,-8.609455
31433.334,-14.86218,-8.615064
31450.0,-14.8875,-8.641827
31466.666,-14.924359,-8.682693
31483.334,-14.955449,-8.712179
31500.0,-14.963462,-8.696154
31516.666,-14.971475,-8.680128
31533.334,-14.926282,-8.661538
31550.0,-14.867788,-8.642307
31566.666,-14.822436,-8.630128
31583.334,-14.796795,-8.628526
31600.0,-14.771153,-8.626923
31616.666,-14.797596,-8.665384
31633.334,-14.8240385,-8.703846
31650.0,-14.841346,-8.672115
31666.666,-14.852564,-8.59359
31683.334,-14.864583,-8.536538
31700.0,-14.879807,-8.565385
31716.666,-14.895032,-8.594231
31733.334,-14.908975,-8.579487
31750.0,-14.922596,-8.553846
31766.666,-14.947757,-8.535256
31783.334,-14.990224,-8.527244
31800.0,-15.032692,-8.519231
31816.666,-15.666507,-8.016026
31833.334,-16.30032,-7.5128207
31850.0,-16.623077,-7.210577
31866.666,-16.738462,-7.042308
31883.334,-16.833975,-6.907051
31900.0,-16.85,-6.9038463
31916.666,-16.866026,-6.900641
31933.334,-16.86923,-6.8294873
31950.0,-16.86923,-6.7413464
31966.666,-16.862179,-6.6980767
31983.334,-16.844551,-6.7221155
32000.0,-16.826923,-6.746154
32016.666,-16.84936,-6.762981
32033.334,-16.871796,-6.7798076
32050.0,-16.866346,-6.7697115
32066.666,-16.842308,-6.741667
32083.334,-16.822115,-6.7203526
32100.0,-16.817308,-6.7259617
32116.666,-16.8125,-6.7315707
32133.334,-16.817308,-6.705128
32150.0,-16.82452,-6.670673
32166.666,-16.821474,-6.653526
32183.334,-16.803045,-6.6623397
32200.0,-16.784615,-6.671154
32216.666,-16.775,-6.686378
32233.334,-16.765385,-6.7016025
32250.0,-16.858654,-6.889423
32266.666,-17.020514,-7.1923075
32283.334,-17.152725,-7.436218
32300.0,-17.166346,-7.4442306
32316.666,-17.179968,-7.452244
32333.334,-17.15641,-7.4358974
32350.0,-17.123558,-7.4134617
32366.666,-17.110897,-7.4
32383.334,-17.128525,-7.4
32400.0,-17.146154,-7.4
32416.666,-17.16859,-7.4016027
32433.334,-17.191025,-7.403205
32450.0,-17.173077,-7.3923078
32466.666,-17.128204,-7.373077
32483.334,-17.09423,-7.3576922
32500.0,-17.103846,-7.3576922
32516.666,-17.113462,-7.3576922
32533.334,-17.12436,-7.3615384
32550.0,-17.135576,-7.3663464
32566.666,-17.144873,-7.3740387
32583.334,-17.151281,-7.386058
32600.0,-17.157692,-7.398077
32616.666,-17.15609,-7.3684297
32633.334,-17.154488,-7.338782
32650.0,-17.148077,-7.325
32666.666,-17.138462,-7.321795
32683.334,-17.127563,-7.3176284
32700.0,-17.111538,-7.3096156
32716.666,-17.095512,-7.3016024
32733.334,-17.102564,-7.326282
32750.0,-17.115385,-7.3591347
32766.666,-17.123398,-7.3900642
32783.332,-17.124199,-7.418109
32800.0,-17.125,-7.4461536
32816.668,-17.10016,-7.454167
32833.332,-17.075321,-7.4621797
32850.0,-17.0875,-7.4711537
32866.668,-17.12436,-7.480769
32883.332,-17.151922,-7.4891024
32900.0,-17.142307,-7.4923077
32916.668,-17.132692,-7.495513
32933.332,-17.117949,-7.503846
32950.0,-17.101923,-7.5134616
32966.668,-17.09936,-7.5198717
32983.332,-17.116987,-7.5214744
33000.0,-17.134615,-7.523077
33016.668,-17.166666,-7.5511217
33033.332,-17.198717,-7.579167
33050.0,-17.199038,-7.5908656
33066.668,-17.178205,-7.5916667
33083.332,-17.159294,-7.5923076
33100.0,-17.148077,-7.5923076
33116.668,-17.13686,-7.5923076
33133.332,-17.13718,-7.623077
33150.0,-17.140385,-7.6615386
33166.668,-17.141666,-7.6916666
33183.332,-17.140064,-7.709295
33200.0,-17.138462,-7.726923
33216.668,-17.151281,-7.733333
33233.332,-17.164103,-7.7397437
33250.0,-17.170193,-7.7625
33266.668,-17.171795,-7.796154
33283.332,-17.176283,-7.822596
33300.0,-17.192308,-7.8201923
33316.668,-17.208334,-7.8177886
33333.332,-17.205128,-7.8102565
33350.0,-17.197115,-7.801442
33366.668,-17.2,-7.8019233
33383.332,-17.21923,-7.816346
33400.0,-17.238462,-7.830769
33416.668,-17.240065,-7.824359
33433.332,-17.241667,-7.817949
33450.0,-17.23077,-7.8259616
33466.668,-17.211538,-7.84359
33483.332,-16.946955,-7.989904
33500.0,-15.700961,-8.650962
33516.668,-14.4549675,-9.312019
33533.332,-14.130769,-9.466666
33550.0,-14.037019,-9.494712
33566.668,-13.9884615,-9.526923
33583.332,-14.007692,-9.565385
33600.0,-14.026923,-9.603847
33616.668,-14.049359,-9.584616
33633.332,-14.0717945,-9.565385
33650.0,-14.079807,-9.579807
33666.668,-14.078205,-9.616667
33683.332,-14.0717945,-9.641346
33700.0,-14.046154,-9.617308
33716.668,-14.020513,-9.593269
33733.332,-14.0115385,-9.576923
33750.0,-14.006731,-9.5625
33766.668,-14.008654,-9.539103
33783.332,-14.020673,-9.502244
33800.0,-14.032692,-9.4653845
33816.668,-14.036698,-9.433333
33833.332,-14.040705,-9.401282
33850.0,-13.835096,-9.153846
33866.668,-13.489743,-8.76282
33883.332,-13.206571,-8.432372
33900.0,-13.172115,-8.344231
33916.668,-13.13766,-8.25609
33933.332,-13.123077,-8.220512
33950.0,-13.1134615,-8.198077
33966.668,-13.094231,-8.189102
33983.332,-13.060577,-8.20032
34000.0,-13.026923,-8.211538
34016.668,-13.044551,-8.209936
34033.332,-13.06218,-8.208333
34050.0,-13.072115,-8.2375
34066.668,-13.076923,-8.28718
34083.332,-13.08141,-8.330129
34100.0,-13.084616,-8.346154
34116.668,-13.08782,-8.36218
34133.332,-13.0948715,-8.358974
34150.0,-13.102884,-8.350962
34166.668,-13.110256,-8.345512
34183.332,-13.116667,-8.34391
34200.0,-13.123077,-8.342308
34216.668,-13.115866,-8.355128
34233.332,-13.108654,-8.367949
34250.0,-13.099519,-8.365385
34266.668,-13.089103,-8.352564
34283.332,-13.26298,-8.339744
34300.0,-14.174039,-8.326923
34316.668,-15.085096,-8.314102
34333.332,-15.2987175,-8.307693
34350.0,-15.337981,-8.302885
34366.668,-15.346795,-8.29423
34383.332,-15.309936,-8.279808
34400.0,-15.273077,-8.265385
34416.668,-15.292308,-8.262179
34433.332,-15.311539,-8.258974
34450.0,-15.310577,-8.240385
34466.668,-15.296154,-8.211538
34483.332,-15.283012,-8.183974
34500.0,-15.275,-8.161538
34516.668,-15.266987,-8.139103
34533.332,-15.266987,-8.139103
34550.0,-15.266987,-8.139103
