0.0,-0.3846154,-9.630769
16.666666,-0.44070512,-9.602724
33.333332,-0.49679488,-9.574679
50.0,-0.4076923,-9.717789
66.666664,-0.22179487,-9.975
83.333336,-0.088141024,-10.153525
100.0,-0.16346154,-10.017307
116.666664,-0.23878205,-9.88109
133.33333,-0.31923077,-9.782051
150.0,-0.40096155,-9.692307
166.66667,-1.4939103,-9.373077
183.33333,-4.103686,-8.709616
200.0,-6.7134614,-8.046154
216.66667,-6.733494,-8.047756
233.33333,-6.7535257,-8.049359
250.0,-6.751923,-8.01827
266.66666,-6.7358975,-7.9653845
283.33334,-6.715064,-7.915705
300.0,-6.675,-7.878846
316.66666,-6.634936,-7.841987
333.33334,-6.6153846,-7.799359
350.0,-6.6009617,-7.7552886
366.66666,-6.5878205,-7.715064
383.33334,-6.5766025,-7.6806087
400.0,-6.5653844,-7.646154
416.66666,-6.578205,-7.6846156
433.33334,-6.591026,-7.723077
450.0,-6.6,-7.7423077
466.66666,-6.60641,-7.748718
483.33334,-6.6125,-7.7567306
500.0,-6.6173077,-7.771154
516.6667,-6.6221156,-7.785577
533.3333,-6.6320515,-7.7858973
550.0,-6.643269,-7.7826924
566.6667,-6.652564,-7.75641
583.3333,-6.658974,-7.695513
600.0,-6.665385,-7.6346154
616.6667,-6.658974,-7.6121793
633.3333,-6.652564,-7.5897436
650.0,-6.6423078,-7.5596156
666.6667,-6.629487,-7.5243587
683.3333,-6.6153846,-7.4894233
700.0,-6.5961537,-7.455769
716.6667,-6.576923,-7.4221153
733.3333,-6.5730767,-7.398718
750.0,-6.5730767,-7.3778844
766.6667,-6.575641,-7.3708334
783.3333,-6.5820513,-7.384455
800.0,-6.5884614,-7.398077
816.6667,-6.590064,-7.38125
833.3333,-6.5916667,-7.3644233
850.0,-6.5932693,-7.3451924
866.6667,-6.594872,-7.324359
883.3333,-6.597436,-7.3067307
900.0,-6.603846,-7.3019233
916.6667,-6.610256,-7.2971153
933.3333,-6.6115384,-7.270513
950.0,-6.6115384,-7.2384615
966.6667,-6.610577,-7.21859
983.3333,-6.608173,-7.216987
1000.0,-6.605769,-7.2153845
1016.6667,-6.6145835,-7.1977563
1033.3334,-6.6233974,-7.180128
1050.0,-6.625,-7.168269
1066.6666,-6.6217947,-7.1602564
1083.3334,-6.409936,-7.161218
1100.0,-5.3634615,-7.1980767
1116.6666,-4.316987,-7.2349358
1133.3334,-0.7602564,-7.8576922
1150.0,3.4240384,-8.626923
1166.6666,5.8929486,-9.030769
1183.3334,5.788782,-8.8865385
1200.0,5.6846156,-8.742308
1216.6666,5.675,-8.689423
1233.3334,5.665385,-8.6365385
1250.0,5.648077,-8.602884
1266.6666,5.625641,-8.582051
1283.3334,5.606731,-8.561539
1300.0,5.601923,-8.542308
1316.6666,5.5971155,-8.523077
1333.3334,5.594872,-8.4884615
1350.0,5.5932693,-8.45
1366.6666,5.5923076,-8.41923
1383.3334,5.5923076,-8.4
1400.0,5.5923076,-8.380769
1416.6666,5.577083,-8.354327
1433.3334,5.561859,-8.327885
1450.0,5.5697117,-8.298077
1466.6666,5.592949,-8.266026
1483.3334,5.6538463,-8.238622
1500.0,5.8653846,-8.229808
1516.6666,6.076923,-8.220994
1533.3334,6.1128206,-8.205129
1550.0,6.104808,-8.1875
1566.6666,6.0884614,-8.167949
1583.3334,6.0596156,-8.145513
1600.0,6.0307693,-8.123077
1616.6666,6.0491986,-8.147116
1633.3334,6.0676284,-8.171154
1650.0,6.0875,-8.163942
1666.6666,6.108333,-8.135898
1683.3334,6.125801,-8.110256
1700.0,6.1298075,-8.094231
1716.6666,6.1338143,-8.078205
1733.3334,6.139744,-8.060256
1750.0,6.146154,-8.041827
1766.6666,6.1615386,-8.052243
1783.3334,6.1903844,-8.105929
1800.0,6.3220863,-7.541958
1816.6666,6.453788,-6.977987
1833.3334,6.5854893,-6.4140153
1850.0,6.717191,-5.850044
1866.6666,6.8488927,-5.2860723
1883.3334,6.9805946,-4.7221007
1900.0,7.112296,-4.158129
1916.6666,7.2439976,-3.594158
1933.3334,7.3756995,-3.0301864
1950.0,7.507401,-2.4662151
1966.6666,7.6391025,-1.9022436
1983.3334,7.563782,-4.499199
2000.0,7.4884615,-7.0961537
2016.6666,7.446795,-7.6875
2033.3334,7.405128,-8.278846
2050.0,7.2865386,-8.796154
2066.6667,7.116667,-9.264103
2083.3333,6.9939103,-9.693911
2100.0,7.0596156,-9.971154
2116.6667,7.1253204,-10.248398
2133.3333,7.1025643,-10.124359
2150.0,7.0576925,-9.9
2166.6667,6.9653845,-9.620513
2183.3333,6.8019233,-9.258333
2200.0,6.6384616,-8.896153
2216.6667,6.5871797,-8.8032055
2233.3333,6.5358973,-8.710257
2250.0,6.5057693,-8.634615
2266.6667,6.4897437,-8.570513
2283.3333,6.471795,-8.507372
2300.0,6.4461536,-8.448077
2316.6667,6.4205127,-8.3887825
2333.3333,6.4096155,-8.328846
2350.0,6.402404,-8.26875
2366.6667,6.3964744,-8.22468
2383.3333,6.392468,-8.204647
2400.0,6.3884616,-8.184615
2416.6667,6.386859,-8.194231
2433.3333,6.3852563,-8.203846
2450.0,8.220192,-8.349038
2466.6667,11.279488,-8.584616
2483.3333,13.711859,-8.741667
2500.0,13.6365385,-8.584616
2516.6667,13.561218,-8.427564
2533.3333,13.516666,-8.320513
2550.0,13.479808,-8.225962
2566.6667,13.45641,-8.146153
2583.3333,13.453205,-8.088462
2600.0,13.45,-8.030769
2616.6667,13.640705,-8.05
2633.3333,13.83141,-8.069231
2650.0,14.040384,-8.082692
2666.6667,14.2615385,-8.092308
2683.3333,14.437019,-8.092148
2700.0,14.429808,-8.052885
2716.6667,14.422596,-8.013621
2733.3333,14.43718,-7.997436
2750.0,14.4572115,-7.987019
2766.6667,14.429487,-7.9801283
2783.3333,14.330129,-7.9785256
2800.0,14.230769,-7.976923
2816.6667,10.730769,-8.424039
2833.3333,7.230769,-8.871154
2850.0,5.8432693,-9.021153
2866.6667,5.8641024,-8.973077
2883.3333,5.888782,-8.929167
2900.0,5.9288464,-8.901923
2916.6667,5.96891,-8.87468
2933.3333,5.985256,-8.8634615
2950.0,5.995673,-8.85625
2966.6667,6.003846,-8.832692
2983.3333,6.0086536,-8.7846155
3000.0,6.0134616,-8.736539
3016.6667,6.0222754,-8.755769
3033.3333,6.03109,-8.775
3050.0,6.0346155,-8.763943
3066.6667,6.0346155,-8.732693
3083.3333,6.034936,-8.703846
3100.0,6.0365386,-8.684615
3116.6667,6.0381413,-8.665384
3133.3333,6.0474358,-8.660256
3150.0,6.058654,-8.658654
3166.6667,6.0666666,-8.645513
3183.3333,6.069872,-8.615064
3200.0,6.0730767,-8.584616
3216.6667,0.8294872,-8.36907
3233.3333,-4.4141026,-8.153525
3250.0,-6.8048077,-7.9774036
3266.6667,-7.2935896,-7.8275642
3283.3333,-7.667308,-7.7064104
3300.0,-7.580769,-7.7
3316.6667,-7.4942307,-7.6935897
3333.3333,-7.455128,-7.6910257
3350.0,-7.4278846,-7.689423
3366.6667,-7.4083333,-7.6878204
3383.3333,-7.4003205,-7.686218
3400.0,-7.3923078,-7.6846156
3416.6667,-7.3826923,-7.678205
3433.3333,-7.373077,-7.671795
3450.0,-7.3644233,-7.6596155
3466.6667,-7.35641,-7.64359
3483.3333,-7.3458333,-7.6253204
3500.0,-7.325,-7.598077
3516.6667,-7.304167,-7.570833
3533.3333,-7.1153846,-7.497436
3550.0,-6.8846154,-7.4125
3566.6667,-6.750641,-7.3525643
3583.3333,-6.761859,-7.330128
3600.0,-6.773077,-7.3076925
3616.6667,-6.7891026,-7.3341346
3633.3333,-6.805128,-7.360577
3650.0,-6.8173075,-7.366827
3666.6667,-6.826923,-7.3596153
3683.3333,-6.8349357,-7.353846
3700.0,-6.8365383,-7.353846
3716.6667,-6.838141,-7.353846
3733.3333,-6.8403845,-7.3423076
3750.0,-6.8427887,-7.3278847
3766.6667,-6.840705,-7.322436
3783.3333,-6.831891,-7.3304486
3800.0,-6.8230767,-7.3384614
3816.6667,-6.8278847,-7.3192306
3833.3333,-6.832692,-7.3
3850.0,-6.831731,-7.2706733
3866.6667,-6.826923,-7.2346153
3883.3333,-6.8221154,-7.2046475
3900.0,-6.8173075,-7.1990385
3916.6667,-6.8125,-7.1934295
3933.3333,-6.8057694,-7.203846
3950.0,-6.7985578,-7.2182693
3966.6667,-6.7926283,-7.2153845
3983.3333,-6.788622,-7.1865387
4000.0,-6.7846155,-7.1576924
4016.6667,-6.7846155,-7.154487
4033.3333,-6.7846155,-7.151282
4050.0,-6.7817307,-7.1475964
4066.6667,-6.776923,-7.14359
4083.3333,-6.7724357,-7.1389422
4100.0,-6.769231,-7.1317306
4116.6665,-6.7660255,-7.1245193
4133.3335,-6.7589746,-7.1153846
4150.0,-6.7509613,-7.105769
4166.6665,-6.745513,-7.0858974
4183.3335,-6.7439103,-7.050641
4200.0,-6.7423077,-7.0153847
4216.6665,-6.748718,-7.007372
4233.3335,-6.7551284,-6.999359
4250.0,-6.7586536,-6.9711537
4266.6665,-6.7602563,-6.929487
4283.3335,-6.7621794,-6.8889422
4300.0,-6.7653847,-6.852885
4316.6665,-6.76859,-6.816827
4333.3335,-6.769231,-6.8
4350.0,-6.769231,-6.7879806
4366.6665,-6.769231,-6.7660255
4383.3335,-6.769231,-6.7291665
4400.0,-6.769231,-6.6923075
4416.6665,-6.7708335,-6.6834936
4433.3335,-6.7724357,-6.6746793
4450.0,-6.7759614,-6.6456733
4466.6665,-6.7807693,-6.603205
4483.3335,-6.7844553,-6.5721154
4500.0,-6.7836537,-6.5865383
4516.6665,-6.7828526,-6.6009617
4533.3335,-6.7807693,-6.6115384
4550.0,-6.7783656,-6.621154
4566.6665,-6.7807693,-6.623077
4583.3335,-6.790385,-6.6134615
4600.0,-6.8,-6.603846
4616.6665,-6.802404,-6.5958333
4633.3335,-6.8048077,-6.5878205
4650.0,-6.8110576,-6.5798078
4666.6665,-6.819872,-6.571795
4683.3335,-6.833814,-6.2982373
4700.0,-6.8682694,-4.9625
4716.6665,-6.9027243,-3.6267629
4733.3335,-6.915385,-3.3333333
4750.0,-6.922596,-3.3004808
4766.6665,-6.928205,-3.275
4783.3335,-6.9314103,-3.260577
4800.0,-6.9346156,-3.2461538
4816.6665,-6.933013,-3.2429488
4833.3335,-6.9314103,-3.2397435
4850.0,-8.329327,-3.4254808
4866.6665,-10.660256,-3.7371795
4883.3335,-12.928686,-4.1008015
4900.0,-14.947115,-4.6721153
4916.6665,-16.965546,-5.2434297
4933.3335,-17.344872,-5.300641
4950.0,-17.314423,-5.2293267
4966.6665,-17.284935,-5.1839743
4983.3335,-17.256891,-5.177564
5000.0,-17.228846,-5.171154
5016.6665,-17.204006,-5.122276
5033.3335,-17.179167,-5.0733976
5050.0,-17.165384,-5.0365386
5066.6665,-17.158974,-5.0076923
5083.3335,-17.10577,-5.1839743
5100.0,-16.865385,-6.1807694
5116.6665,-16.625,-7.177564
5133.3335,-16.582052,-7.358333
5150.0,-16.58846,-7.3350964
5166.6665,-16.603846,-7.294231
5183.3335,-16.632692,-7.226923
5200.0,-16.66154,-7.1596155
5216.6665,-16.667948,-7.12516
5233.3335,-16.674358,-7.090705
5250.0,-16.670193,-7.0634613
5266.6665,-16.658974,-7.0410256
5283.3335,-16.652405,-7.027564
5300.0,-16.664423,-7.05
5316.6665,-16.676443,-7.072436
5333.3335,-16.691668,-7.095513
5350.0,-16.707693,-7.11875
5366.6665,-16.71891,-7.120513
5383.3335,-16.722918,-7.090064
5400.0,-16.726923,-7.0596156
5416.6665,-16.74936,-7.090064
5433.3335,-16.771795,-7.120513
5450.0,-16.77596,-7.1302886
5466.6665,-16.767948,-7.126282
5483.3335,-16.765385,-7.123237
5500.0,-16.784615,-7.1240387
5516.6665,-16.803846,-7.12484
5533.3335,-16.81282,-7.0833335
5550.0,-16.819231,-7.03125
5566.6665,-16.822435,-7.0032053
5583.3335,-16.820833,-7.011218
5600.0,-16.819231,-7.019231
5616.6665,-16.819231,-7.008013
5633.3335,-16.819231,-6.9967947
5650.0,-16.816345,-6.9932694
5666.6665,-16.811539,-6.9948716
5683.3335,-16.807692,-6.9958334
5700.0,-16.807692,-6.9942307
5716.6665,-16.807692,-6.992628
5733.3335,-16.810257,-6.979487
5750.0,-16.813461,-6.9634614
5766.6665,-16.816988,-6.94391
5783.3335,-16.820993,-6.9190707
5800.0,-16.825,-6.894231
5816.6665,-16.820993,-6.888622
5833.3335,-16.816988,-6.883013
5850.0,-16.819231,-6.8884616
5866.6665,-16.825642,-6.901282
5883.3335,-16.830769,-6.907372
5900.0,-16.830769,-6.8865385
5916.6665,-16.830769,-6.865705
5933.3335,-16.830128,-6.875
5950.0,-16.829327,-6.891827
5966.6665,-16.826283,-6.8903847
5983.3335,-16.819872,-6.8615384
6000.0,-16.813461,-6.832692
6016.6665,-16.801443,-6.883173
6033.3335,-16.789423,-6.933654
6050.0,-16.790384,-6.953846
6066.6665,-16.8,-6.953846
6083.3335,-16.792948,-6.959295
6100.0,-16.71923,-6.9865384
6116.6665,-16.645514,-7.013782
6133.3335,-16.597435,-7.165385
6150.0,-16.555769,-7.348077
6166.6665,-16.53173,-7.4445515
6183.3335,-16.534134,-7.411699
6200.0,-16.53654,-7.378846
6216.6665,-16.54375,-7.3764424
6233.3335,-16.550962,-7.3740387
6250.0,-16.557692,-7.3846154
6266.6665,-16.564102,-7.4038463
6283.3335,-16.569551,-7.4104166
6300.0,-16.571154,-7.3663464
6316.6665,-16.572756,-7.3222756
6333.3335,-16.584616,-7.3230767
6350.0,-16.59904,-7.3350964
6366.6665,-16.608334,-7.321795
6383.3335,-16.609936,-7.270513
6400.0,-16.611538,-7.2192307
6416.6665,-16.608334,-7.2448716
6433.3335,-16.605127,-7.270513
6450.0,-16.60577,-7.289423
6466.6665,-16.608974,-7.3038464
6483.3335,-16.6125,-7.3160257
6500.0,-16.617308,-7.3192306
6516.6665,-16.622116,-7.322436
6533.3335,-16.620512,-7.3192306
6550.0,-16.617308,-7.314423
6566.6665,-16.614103,-7.2891026
6583.3335,-16.610897,-7.2330127
6600.0,-16.607693,-7.1769233
6616.6665,-16.594872,-7.1817307
6633.3335,-16.582052,-7.1865387
6650.0,-16.577885,-7.185577
6666.6665,-16.579487,-7.1807694
6683.3335,-16.580128,-7.175641
6700.0,-16.576923,-7.169231
6716.6665,-16.573717,-7.1628203
6733.3335,-16.569872,-7.141667
6750.0,-16.565865,-7.116827
6766.6665,-16.565063,-7.1080127
6783.3335,-16.56907,-7.123237
6800.0,-16.573076,-7.1384616
6816.6665,-16.56827,-7.141667
6833.3335,-16.563461,-7.1448717
6850.0,-16.56202,-7.1245193
6866.6665,-16.56282,-7.0884614
6883.3335,-16.566507,-7.058013
6900.0,-16.58173,-7.05
6916.6665,-16.596954,-7.041987
6933.3335,-16.601282,-7.0435896
6950.0,-16.602884,-7.047596
6966.6665,-16.598078,-7.049359
6983.3335,-16.583654,-7.047756
7000.0,-16.569231,-7.046154
7016.6665,-16.570833,-7.054167
7033.3335,-16.572435,-7.0621796
7050.0,-16.565384,-7.048077
7066.6665,-16.552565,-7.019231
7083.3335,-16.541666,-7.0009613
7100.0,-16.538462,-7.025
7116.6665,-16.535257,-7.0490384
7133.3335,-16.53077,-7.0307693
7150.0,-16.52596,-7.001923
7166.6665,-16.523718,-6.978205
7183.3335,-16.52532,-6.9621797
7200.0,-16.526922,-6.9461536
7216.6665,-16.544552,-6.954167
7233.3335,-16.56218,-6.9621797
7250.0,-16.52596,-7.0653844
7266.6665,-16.453846,-7.2320514
7283.3335,-16.396154,-7.3628206
7300.0,-16.396154,-7.35
7316.6665,-16.396154,-7.3371797
7333.3335,-16.394873,-7.2910256
7350.0,-16.393269,-7.2365384
7366.6665,-16.392948,-7.2102566
7383.3335,-16.394552,-7.226282
7400.0,-16.396154,-7.2423077
7416.6665,-16.391346,-7.2310896
7433.3335,-16.386538,-7.219872
7450.0,-16.391346,-7.2033653
7466.6665,-16.402565,-7.1833334
7483.3335,-16.41218,-7.1690707
7500.0,-16.415384,-7.1778846
7516.6665,-16.41859,-7.186699
7533.3335,-16.428846,-7.1858974
7550.0,-16.440865,-7.1826925
7566.6665,-16.450962,-7.1778846
7583.3335,-16.458174,-7.170673
7600.0,-16.465385,-7.1634617
7616.6665,-16.46859,-7.13141
7633.3335,-16.471794,-7.099359
7650.0,-16.46875,-7.089423
7666.6665,-16.461538,-7.0942307
7683.3335,-16.253044,-7.032372
7700.0,-15.239423,-6.703846
7716.6665,-14.225801,-6.3753204
7733.3335,-9.742949,-5.1352563
7750.0,-4.3927884,-3.6673076
7766.6665,-1.1974359,-2.7701924
7783.3335,-1.2342949,-2.729327
7800.0,-1.2711538,-2.6884615
7816.6665,-1.305609,-2.6628206
7833.3335,-1.340064,-2.6371794
7850.0,-1.3721154,-2.6163461
7866.6665,-1.402564,-2.598718
7883.3335,-1.4256411,-2.584936
7900.0,-1.4192308,-2.5865386
7916.6665,-1.4128205,-2.588141
7933.3335,-1.4179487,-2.5807693
7950.0,-1.4259615,-2.5711539
7966.6665,-1.0192307,-2.465064
7983.3335,0.009615385,-2.2142627
8000.0,1.0384616,-1.9634615
8016.6665,1.0272436,-1.9145833
8033.3335,1.0160257,-1.8657051
8050.0,1.0086539,-1.85
8066.6665,1.0038462,-1.8564103
8083.3335,0.9983974,-1.8610576
8100.0,0.99038464,-1.8586539
8116.6665,0.9823718,-1.85625
8133.3335,0.9705128,-1.8397436
8150.0,0.9576923,-1.8197116
8166.6665,0.9525641,-1.799359
8183.3335,0.95897436,-1.7785256
8200.0,0.9653846,-1.7576923
8216.667,0.95416665,-1.7560897
8233.333,0.9429487,-1.7544872
8250.0,0.93653846,-1.7567308
8266.667,0.93333334,-1.7615385
8283.333,0.92980766,-1.7576923
8300.0,0.925,-1.7192308
8316.667,0.9201923,-1.6807692
8333.333,0.9102564,-1.6628205
8350.0,0.89903843,-1.65
8366.667,0.88653845,-1.6391026
8383.333,0.8721154,-1.6310897
8400.0,0.8576923,-1.6230769
8416.667,0.8432692,-1.6230769
8433.333,0.82884616,-1.6230769
8450.0,0.81826925,-1.6115384
8466.667,0.8102564,-1.5923077
8483.333,0.800641,-1.5746795
8500.0,0.7846154,-1.5634615
8516.667,0.76858974,-1.5522436
8533.333,0.7692308,-1.5525641
8550.0,0.77403843,-1.5557692
8566.667,0.7801282,-1.5525641
8583.333,0.788141,-1.5397435
8600.0,0.79615384,-1.5269231
8616.667,0.788141,-1.5221153
8633.333,0.7801282,-1.5173076
8650.0,0.77307695,-1.5153847
8666.667,0.76666665,-1.5153847
8683.333,0.7599359,-1.5214744
8700.0,0.7519231,-1.551923
8716.667,0.74391025,-1.5823718
8733.333,0.73846155,-1.5782051
8750.0,0.73365384,-1.5653846
8766.667,0.99230766,-1.5910256
8783.333,1.6461538,-1.674359
8800.0,2.3,-1.7576923
8816.667,6.840064,-1.725641
8833.333,11.380128,-1.6935897
8850.0,13.178366,-1.6197115
8866.667,13.148718,-1.5179487
8883.333,13.1216345,-1.4344552
8900.0,13.104808,-1.4240384
8916.667,13.087981,-1.4136218
8933.333,13.091025,-1.3794872
8950.0,13.099038,-1.3394231
8966.667,13.910897,-1.2814102
8983.333,15.928526,-1.1964743
9000.0,17.946154,-1.1115384
9016.667,17.89407,-0.9889423
9033.333,17.841988,-0.8663462
9050.0,17.808172,-0.7899038
9066.667,17.78654,-0.74423075
9083.333,17.768589,-0.7081731
9100.0,17.765385,-0.71057695
9116.667,17.76218,-0.71298075
9133.333,17.752563,-0.6897436
9150.0,17.741346,-0.66009617
9166.667,17.732052,-0.6423077
9183.333,17.725641,-0.6423077
9200.0,17.71923,-0.6423077
9216.667,17.733654,-0.6166667
9233.333,17.748077,-0.59102565
9250.0,17.524038,-0.55432695
9266.667,17.141026,-0.5102564
9283.333,16.83173,-0.46458334
9300.0,16.817308,-0.4125
9316.667,16.802885,-0.36041668
9333.333,16.803846,-0.3480769
9350.0,16.808655,-0.34567308
9366.667,16.808975,-0.3419872
9383.333,16.802565,-0.33637822
9400.0,16.796154,-0.33076924
9416.667,16.794552,-0.33397436
9433.333,16.792948,-0.33717948
9450.0,16.78654,-0.33173078
9466.667,16.776922,-0.32051283
9483.333,16.767307,-0.31185898
9500.0,16.757692,-0.31346154
9516.667,16.748077,-0.3150641
9533.333,16.72436,-0.30897436
9550.0,16.697115,-0.30096152
9566.667,16.683332,-0.29102564
9583.333,16.689743,-0.27820513
9600.0,16.696154,-0.2653846
9616.667,16.71859,-0.26698717
9633.333,16.741026,-0.26858974
9650.0,16.735577,-0.27596155
9666.667,16.711538,-0.2871795
9683.333,16.695833,-0.2951923
9700.0,16.71346,-0.29038462
9716.667,16.73109,-0.2855769
9733.333,16.734615,-0.28589743
9750.0,16.734615,-0.2875
9766.667,16.737179,-0.28333333
9783.333,16.74359,-0.27051282
9800.0,16.75,-0.2576923
9816.667,16.770834,-0.2753205
9833.333,16.791666,-0.29294872
9850.0,16.783653,-0.29423076
9866.667,16.75641,-0.2846154
9883.333,16.729807,-0.27147436
9900.0,16.705769,-0.24423076
9916.667,16.68173,-0.21698718
9933.333,16.709616,-0.24615385
9950.0,16.75048,-0.28942308
9966.667,14.626751,-0.52147436
9983.333,12.50302,-0.7535256
10000.0,10.37929,-0.9855769
10016.667,8.25556,-1.2176282
10033.333,6.1318293,-1.4496795
10050.0,4.008099,-1.6817307
10066.667,1.8843688,-1.913782
10083.333,-0.23936144,-2.1458333
10100.0,-2.3630917,-2.3778846
10116.667,-4.486822,-2.609936
10133.333,-6.6105523,-2.8419871
10150.0,-8.7342825,-3.0740385
10166.667,-10.858013,-3.3060896
10183.333,-10.685738,-5.398237
10200.0,-10.513461,-7.4903846
10216.667,-10.573558,-7.326923
10233.333,-10.633654,-7.1634617
10250.0,-10.663462,-7.070673
10266.667,-10.673077,-7.025
10283.333,-10.677243,-6.9733973
10300.0,-10.6596155,-6.898077
10316.667,-10.641987,-6.8227563
10333.333,-12.553846,-7.151282
10350.0,-14.948077,-7.580769
10366.667,-16.386538,-7.808654
10383.333,-16.391346,-7.7341347
10400.0,-16.396154,-7.6596155
10416.667,-16.378525,-7.593109
10433.333,-16.360897,-7.5266027
10450.0,-16.35,-7.479808
10466.667,-16.34359,-7.4461536
10483.333,-16.341026,-7.4147434
10500.0,-16.353846,-7.3923078
10516.667,-16.366667,-7.3698716
10533.333,-16.373077,-7.376282
10550.0,-16.377884,-7.389904
10566.667,-16.386538,-7.3708334
10583.333,-16.40096,-7.3027244
10600.0,-16.415384,-7.2346153
10616.667,-16.425,-7.2434297
10633.333,-16.434616,-7.2522435
10650.0,-16.447115,-7.2697115
10666.667,-16.461538,-7.2929487
10683.333,-16.47436,-7.3064103
10700.0,-16.48077,-7.2807693
10716.667,-16.487179,-7.2551284
10733.333,-16.505129,-7.296154
10750.0,-16.52596,-7.353846
10766.667,-16.538462,-7.361859
10783.333,-16.538462,-7.2953525
10800.0,-16.538462,-7.228846
10816.667,-16.53766,-7.2504807
10833.333,-16.53686,-7.272115
10850.0,-16.533173,-7.2615385
10866.667,-16.527565,-7.229487
10883.333,-16.522116,-7.2028847
10900.0,-16.517307,-7.1980767
10916.667,-16.5125,-7.1932693
10933.333,-16.520514,-7.174359
10950.0,-16.53173,-7.151923
10966.667,-16.536219,-7.1419873
10983.333,-16.53061,-7.150801
11000.0,-16.525,-7.1596155
11016.667,-16.545834,-7.1315703
11033.333,-16.566668,-7.1035256
11050.0,-16.55673,-7.0990386
11066.667,-16.526281,-7.110256
11083.333,-16.502403,-7.1217947
11100.0,-16.504808,-7.1346154
11116.667,-16.507212,-7.1474357
11133.333,-16.50641,-7.1346154
11150.0,-16.504808,-7.1153846
11166.667,-16.996796,-6.645513
11183.333,-18.229166,-5.4996796
11200.0,-19.461538,-4.353846
11216.667,-19.451923,-4.328205
11233.333,-19.442308,-4.302564
11250.0,-19.435577,-4.2951922
11266.667,-19.430769,-4.3
11283.333,-19.427885,-4.296154
11300.0,-19.432692,-4.2576923
11316.667,-19.4375,-4.2192307
11333.333,-19.426924,-4.205128
11350.0,-19.4125,-4.1971154
11366.667,-19.402565,-4.1884613
11383.333,-19.399359,-4.1788464
11400.0,-19.396154,-4.169231
11416.667,-19.384935,-4.18766
11433.333,-19.373718,-4.20609
11450.0,-19.367308,-4.20625
11466.667,-19.364103,-4.1942306
11483.333,-19.106731,-4.4641027
11500.0,-17.832693,-5.8615384
11516.667,-16.558655,-7.2589746
11533.333,-16.241667,-7.591026
11550.0,-16.163942,-7.6567307
11566.667,-16.13109,-7.6846156
11583.333,-16.165545,-7.6557693
11600.0,-16.2,-7.626923
11616.667,-16.217628,-7.635737
11633.333,-16.235256,-7.6445513
11650.0,-16.238462,-7.633173
11666.667,-16.232052,-7.608333
11683.333,-16.227884,-7.5820513
11700.0,-16.232693,-7.55
11716.667,-16.2375,-7.5179486
11733.333,-13.288462,-7.448718
11750.0,-9.600962,-7.3701925
11766.667,-7.4115386,-7.2926283
11783.333,-7.4692307,-7.2165065
11800.0,-7.526923,-7.1403847
11816.667,-7.5653844,-7.121955
11833.333,-7.603846,-7.1035256
11850.0,-7.623077,-7.0947113
11866.667,-7.629487,-7.0923076
11883.333,-7.6373396,-7.0895834
11900.0,-7.6509614,-7.085577
11916.667,-7.664583,-7.0815706
11933.333,-7.671795,-7.067949
11950.0,-7.677404,-7.0519233
11966.667,-7.677564,-7.0371795
11983.333,-7.6695514,-7.0243587
12000.0,-7.6615386,-7.0115385
12016.667,-7.634295,-6.995513
12033.333,-7.6070514,-6.979487
12050.0,-7.4298077,-6.835577
12066.667,-7.152564,-6.60641
12083.333,-6.9317307,-6.4128203
12100.0,-6.9365387,-6.3615384
12116.667,-6.941346,-6.3102565
12133.333,-6.9589744,-6.296795
12150.0,-6.979808,-6.2927885
12166.667,-6.997436,-6.29391
12183.333,-7.0102563,-6.3027244
12200.0,-7.023077,-6.3115387
12216.667,-7.0647435,-6.29391
12233.333,-7.10641,-6.276282
12250.0,-7.128846,-6.2576923
12266.667,-7.1384616,-6.2384615
12283.333,-7.146955,-6.222596
12300.0,-7.1509614,-6.2201924
12316.667,-7.154968,-6.2177887
12333.333,-7.1576924,-6.205769
12350.0,-7.160096,-6.191346
12366.667,-7.161859,-6.1807694
12383.333,-7.16266,-6.1759615
12400.0,-7.1634617,-6.171154
12416.667,-7.1963143,-6.3546476
12433.333,-7.2291665,-6.5381413
12450.0,-7.2442307,-6.668269
12466.667,-7.247436,-6.7628207
12483.333,-7.2453527,-6.8227563
12500.0,-7.2221155,-6.7442307
12516.667,-7.1988783,-6.665705
12533.333,-7.1961536,-6.6576924
12550.0,-7.198558,-6.667308
12566.667,-7.208013,-6.677564
12583.333,-7.228045,-6.688782
12600.0,-7.248077,-6.7
12616.667,-7.240865,-6.691987
12633.333,-7.233654,-6.6839743
12650.0,-7.227885,-6.7028847
12666.667,-7.223077,-6.7397437
12683.333,-7.2153845,-6.766667
12700.0,-7.1961536,-6.753846
12716.667,-7.1769233,-6.7410254
12733.333,-7.174359,-6.724359
12750.0,-7.1759615,-6.706731
12766.667,-7.1788464,-6.699359
12783.333,-7.183654,-6.7073717
12800.0,-7.1884613,-6.7153845
12816.667,-7.175641,-6.729808
12833.333,-7.1628203,-6.7442307
12850.0,-7.151923,-6.769231
12866.667,-7.1423078,-6.801282
12883.333,-7.136058,-6.8222756
12900.0,-7.143269,-6.7990384
12916.667,-7.1504807,-6.775801
12933.333,-7.148718,-6.747436
12950.0,-7.1447115,-6.7177887
12966.667,-7.1448717,-6.6935897
12983.333,-7.151282,-6.677564
13000.0,-7.1576924,-6.6615386
13016.667,-7.1576924,-6.6375
13033.333,-7.1576924,-6.6134615
13050.0,-7.1538463,-6.5942307
13066.667,-7.1474357,-6.578205
13083.333,-7.141346,-6.566987
13100.0,-7.1365385,-6.575
13116.667,-7.1317306,-6.583013
13133.333,-7.1410255,-6.5608974
13150.0,-7.1538463,-6.53125
13166.667,-7.1602564,-6.5246797
13183.333,-7.157051,-6.5527244
13200.0,-7.1538463,-6.580769
13216.667,-7.157051,-6.573558
13233.333,-7.1602564,-6.566346
13250.0,-7.1615386,-6.5600963
13266.667,-7.1615386,-6.554487
13283.333,-7.1647434,-6.5509615
13300.0,-7.1807694,-6.5557694
13316.667,-7.196795,-6.560577
13333.333,-7.201282,-6.546154
13350.0,-7.2028847,-6.526923
13366.667,-7.2070513,-6.50641
13383.333,-7.215064,-6.4839745
13400.0,-7.223077,-6.4615383
13416.667,-7.219872,-6.451923
13433.333,-7.2166667,-6.4423075
13450.0,-7.210577,-6.45
13466.667,-7.2025642,-6.4692307
13483.333,-7.195833,-6.4826922
13500.0,-7.1942306,-6.473077
13516.667,-7.1926284,-6.4634614
13533.333,-7.1807694,-6.479487
13550.0,-7.166346,-6.501923
13566.667,-7.1557693,-6.516667
13583.333,-7.1509614,-6.5198717
13600.0,-7.146154,-6.523077
13616.667,-7.1493587,-6.4990387
13633.333,-7.152564,-6.475
13650.0,-7.1557693,-6.459615
13666.667,-7.158974,-6.45
13683.333,-7.1608973,-6.4410257
13700.0,-7.1576924,-6.4346156
13716.667,-7.154487,-6.428205
13733.333,-7.158974,-6.4269233
13750.0,-7.165385,-6.4269233
13766.667,-7.171154,-6.432051
13783.333,-7.1759615,-6.444872
13800.0,-7.1807694,-6.457692
13816.667,-7.1807694,-6.4464746
13833.333,-7.1807694,-6.4352565
13850.0,-7.1875,-6.4471154
13866.667,-7.198718,-6.474359
13883.333,-7.20625,-6.49359
13900.0,-7.1990385,-6.480769
13916.667,-7.191827,-6.467949
13933.333,-7.1903844,-6.4602566
13950.0,-7.1903844,-6.453846
13966.667,-7.186218,-6.433013
13983.333,-7.1758013,-6.390545
14000.0,-7.165385,-6.348077
14016.667,-7.160577,-6.3504806
14033.333,-7.1557693,-6.352885
14050.0,-8.303077,-4.849904
14066.667,-9.450384,-3.346923
14083.333,-10.5976925,-1.8439423
14100.0,-11.745,-0.34096155
14116.667,-12.892307,1.1620193
14133.333,-14.039616,2.665
14150.0,-15.186923,4.1679807
14166.667,-16.33423,5.6709614
14183.333,-17.481539,7.173942
14200.0,-18.628845,8.676923
14216.667,-13.748238,6.622436
14233.333,-8.867628,4.567949
14250.0,-6.8038464,2.6442308
14266.667,-6.6179485,0.8076923
14283.333,-6.6679487,-0.82852566
14300.0,-7.6615386,-1.6634616
14316.667,-8.6551285,-2.4983974
14333.333,-8.853205,-3.1198719
14350.0,-8.852404,-3.6879807
14366.667,-8.818269,-4.107372
14383.333,-8.734135,-4.3036857
14400.0,-8.65,-4.5
14416.667,-8.608334,-4.456731
14433.333,-8.566667,-4.4134617
14450.0,-8.5115385,-4.3903847
14466.667,-8.447436,-4.3807693
14483.333,-8.383173,-4.367628
14500.0,-8.318269,-4.3403845
14516.667,-8.2533655,-4.313141
14533.333,-8.220512,-4.2974358
14550.0,-8.195673,-4.2846155
14566.667,-8.1759615,-4.2496796
14583.333,-8.163942,-4.1815705
14600.0,-8.151923,-4.1134615
14616.667,-8.21843,-4.0068913
14633.333,-8.284936,-3.9003205
14650.0,-8.348077,-3.8509614
14666.667,-8.408975,-3.8397436
14683.333,-8.451443,-3.836859
14700.0,-8.420193,-3.8673077
14716.667,-8.388943,-3.8977563
14733.333,-8.347436,-3.9192307
14750.0,-8.303366,-3.9384615
14766.667,-8.269872,-3.949359
14783.333,-8.252244,-3.9477565
14800.0,-8.234615,-3.9461539
14816.667,-8.233013,-3.9461539
14833.333,-8.23141,-3.9461539
14850.0,-8.230769,-3.9230769
14866.667,-8.230769,-3.8846154
14883.333,-8.233334,-3.8522437
14900.0,-8.246154,-3.8442307
14916.667,-8.258974,-3.8362179
14933.333,-8.257692,-3.8429487
14950.0,-8.252885,-3.8533654
14966.667,-8.033334,-4.3996797
14983.333,-7.491667,-5.74984
15000.0,-6.95,-7.1
15016.667,-6.966026,-7.0535254
15033.333,-6.9820514,-7.0070515
15050.0,-6.9975963,-6.985577
15066.667,-7.0128207,-6.980769
15083.333,-7.0241985,-6.976923
15100.0,-7.020192,-6.976923
15116.667,-7.0161858,-6.976923
15133.333,-7.016667,-6.971795
15150.0,-7.018269,-6.9653845
15166.667,-7.021154,-6.9564104
15183.333,-7.0259614,-6.9435897
15200.0,-7.0307693,-6.9307694
15216.667,-7.0251603,-6.865865
15233.333,-7.0195513,-6.8009615
15250.0,-7.019231,-6.7576923
15266.667,-7.0224357,-6.728846
15283.333,-7.0254807,-6.7035255
15300.0,-7.0278845,-6.6923075
15316.667,-7.0302887,-6.68109
15333.333,-7.026282,-6.679487
15350.0,-7.0206733,-6.6802883
15366.667,-7.0189104,-6.673077
15383.333,-7.022917,-6.6538463
15400.0,-7.026923,-6.6346154
15416.667,-7.015705,-6.6282053
15433.333,-7.004487,-6.6217947
15450.0,-6.998077,-6.625
15466.667,-6.9948716,-6.6346154
15483.333,-6.991667,-6.634936
15500.0,-6.9884615,-6.598077
15516.667,-6.985256,-6.561218
15533.333,-6.983333,-6.5628204
15550.0,-6.981731,-6.5740385
15566.667,-6.979487,-6.5647435
15583.333,-6.976282,-6.5246797
15600.0,-6.973077,-6.4846153
15616.667,-6.9810896,-6.4894233
15633.333,-6.9891024,-6.4942307
15650.0,-6.996154,-6.501923
15666.667,-7.002564,-6.5115385
15683.333,-7.0086536,-6.513782
15700.0,-7.0134616,-6.4865384
15716.667,-7.018269,-6.459295
15733.333,-7.029487,-6.4525642
15750.0,-7.042308,-6.4509616
15766.667,-7.049359,-6.4509616
15783.333,-7.047756,-6.4533653
15800.0,-7.046154,-6.455769
15816.667,-7.0685897,-6.435737
15833.333,-7.091026,-6.415705
15850.0,-7.0913463,-6.396154
15866.667,-7.076923,-6.376923
15883.333,-7.0628204,-6.3596153
15900.0,-7.05,-6.35
15916.667,-7.0371795,-6.3403845
15933.333,-7.029487,-6.35641
15950.0,-7.023077,-6.378846
15966.667,-7.0198717,-6.39359
15983.333,-7.0214744,-6.396795
16000.0,-7.023077,-6.4
16016.667,-7.0214744,-6.388782
16033.333,-7.0198717,-6.377564
16050.0,-7.0288463,-6.387981
16066.667,-7.044872,-6.4128203
16083.333,-7.059936,-6.4302883
16100.0,-7.0711536,-6.418269
16116.667,-7.0823717,-6.40625
16133.333,-7.0923076,-6.3923078
16150.0,-7.101923,-6.3778844
16166.667,-7.1051283,-6.3641024
16183.333,-7.098718,-6.351282
16200.0,-7.0923076,-6.3384614
16216.667,-7.0875,-6.3416667
16233.333,-7.082692,-6.344872
16250.0,-7.0778847,-6.331731
16266.667,-7.0730767,-6.3076925
16283.333,-7.0666666,-6.288782
16300.0,-7.0538464,-6.290385
16316.667,-7.0410256,-6.291987
16333.333,-7.0358973,-6.278205
16350.0,-7.0326924,-6.2605767
16366.667,-7.0307693,-6.2532053
16383.333,-7.0307693,-6.261218
16400.0,-7.0307693,-6.269231
16416.666,-7.033974,-6.2219553
16433.334,-7.0371795,-6.1746793
16450.0,-7.041346,-6.15625
16466.666,-7.046154,-6.157051
16483.334,-7.0519233,-6.151923
16500.0,-7.0615387,-6.123077
16516.666,-7.0711536,-6.0942307
16533.334,-7.075,-6.097436
16550.0,-7.077404,-6.108654
16566.666,-7.0759616,-6.1253204
16583.334,-7.06875,-6.1501603
16600.0,-7.0615387,-6.175
16616.666,-7.063141,-6.1389422
16633.334,-7.0647435,-6.102885
16650.0,-7.0682693,-6.0870194
16666.666,-7.0730767,-6.084615
16683.334,-7.0766025,-6.0834937
16700.0,-7.075,-6.0875
16716.666,-7.0733976,-6.0915065
16733.334,-7.078205,-6.1128206
16750.0,-7.084615,-6.1384616
16766.666,-7.0839744,-6.254487
16783.334,-7.0727563,-6.5060897
16800.0,-7.0615387,-6.7576923
16816.666,-7.066346,-6.747276
16833.334,-7.0711536,-6.736859
16850.0,-7.078846,-6.733654
16866.666,-7.0884614,-6.735256
16883.334,-7.098077,-6.7360578
16900.0,-7.1076922,-6.733654
16916.666,-7.1173077,-6.73125
16933.334,-7.1089745,-6.730769
16950.0,-7.0961537,-6.730769
16966.666,-7.0858974,-6.7423077
16983.334,-7.0794873,-6.771154
17000.0,-7.0730767,-6.8
17016.666,-7.0746794,-6.791987
17033.334,-7.076282,-6.783974
17050.0,-7.081731,-6.792308
17066.666,-7.0897436,-6.8115387
17083.334,-7.0942307,-6.822436
17100.0,-7.084615,-6.8
17116.666,-7.075,-6.777564
17133.334,-7.0858974,-6.7807693
17150.0,-7.101923,-6.790385
17166.666,-7.111859,-6.790705
17183.334,-7.1126604,-6.7770834
17200.0,-7.1134615,-6.7634616
17216.666,-7.114263,-6.748237
17233.334,-7.115064,-6.7330127
17250.0,-7.1182694,-6.7192307
17266.666,-7.123077,-6.7064104
17283.334,-7.1240387,-6.6964746
17300.0,-7.1096153,-6.6980767
17316.666,-7.0951924,-6.6996794
17333.334,-7.076923,-6.7
17350.0,-7.0576925,-6.7
17366.666,-7.042308,-6.695513
17383.334,-7.0326924,-6.6842947
17400.0,-7.023077,-6.673077
17416.666,-7.0134616,-6.669872
17433.334,-7.003846,-6.6666665
17450.0,-6.996154,-6.65625
17466.666,-6.9897437,-6.6410255
17483.334,-6.9849358,-6.626122
17500.0,-6.9865384,-6.6125
17516.666,-6.988141,-6.5988784
17533.334,-6.9756413,-6.591026
17550.0,-6.959615,-6.584615
17566.666,-6.95,-6.584615
17583.334,-6.95,-6.5942307
17600.0,-6.95,-6.603846
17616.666,-6.9483976,-6.592628
17633.334,-6.946795,-6.5814104
17650.0,-6.939423,-6.5759616
17666.666,-6.928205,-6.574359
17683.334,-6.922596,-6.5746794
17700.0,-6.939423,-6.582692
17716.666,-6.95625,-6.590705
17733.334,-6.723077,-6.7064104
17750.0,-6.427404,-6.8490386
17766.666,-6.250641,-6.925641
17783.334,-6.2522435,-6.903205
17800.0,-6.253846,-6.8807693
17816.666,-6.2650642,-6.8647437
17833.334,-6.276282,-6.848718
17850.0,-6.2788463,-6.8201923
17866.666,-6.275641,-6.7833333
17883.334,-6.272115,-6.7471156
17900.0,-6.2673078,-6.7134614
17916.666,-6.2625,-6.6798077
17933.334,-6.2608976,-6.669231
17950.0,-6.260096,-6.664423
17966.666,-6.2596154,-6.6660256
17983.334,-6.2596154,-6.6772437
18000.0,-6.2596154,-6.6884613
18016.666,-6.2540064,-6.6772437
18033.334,-6.2483974,-6.6660256
18050.0,-6.2427883,-6.6721153
18066.666,-6.2371793,-6.6897435
18083.334,-6.2277246,-6.698718
18100.0,-6.2028847,-6.673077
18116.666,-6.178045,-6.6474357
18133.334,-6.182051,-6.6358976
18150.0,-6.1932693,-6.6278844
18166.666,-6.196795,-6.626282
18183.334,-6.188782,-6.634295
18200.0,-6.1807694,-6.6423078
18216.666,-6.1759615,-6.5934296
18233.334,-6.171154,-6.5445514
18250.0,-6.175,-6.533173
18266.666,-6.1846156,-6.546795
18283.334,-6.1897435,-6.564423
18300.0,-6.1769233,-6.598077
18316.666,-6.1641026,-6.6317306
18333.334,-6.155128,-6.6403847
18350.0,-6.147115,-6.6427884
18366.666,-6.14359,-6.636859
18383.334,-6.146795,-6.6184297
18400.0,-6.15,-6.6
18416.666,-6.146795,-6.5823717
18433.334,-6.14359,-6.5647435
18450.0,-6.143269,-6.5173078
18466.666,-6.1448717,-6.45
18483.334,-6.146795,-6.3945513
18500.0,-6.15,-6.3865385
18516.666,-6.153205,-6.3785257
18533.334,-6.148718,-6.3846154
18550.0,-6.1423078,-6.394231
18566.666,-6.1346154,-6.394231
18583.334,-6.125,-6.3798075
18600.0,-6.1153846,-6.3653846
18616.666,-6.1217947,-6.3525643
18633.334,-6.1282053,-6.3397436
18650.0,-6.1317306,-6.333654
18666.666,-6.133333,-6.3320513
18683.334,-6.1346154,-6.328205
18700.0,-6.1346154,-6.3153844
18716.666,-6.1346154,-6.302564
18733.334,-6.1346154,-6.2846155
18750.0,-6.1346154,-6.2653847
18766.666,-6.1352563,-6.2634616
18783.334,-6.136859,-6.2875
18800.0,-6.1384616,-6.3115387
18816.666,-6.1352563,-6.2955127
18833.334,-6.1320515,-6.279487
18850.0,-6.1259613,-6.2586536
18866.666,-6.1179485,-6.2346153
18883.334,-6.113782,-6.216987
18900.0,-6.125,-6.225
18916.666,-6.136218,-6.2330127
18933.334,-6.1384616,-6.2320514
18950.0,-6.1384616,-6.228846
18966.666,-6.139744,-6.223718
18983.334,-6.1429486,-6.215705
19000.0,-6.146154,-6.207692
19016.666,-6.1445513,-6.1996794
19033.334,-6.1429486,-6.1916666
19050.0,-6.15625,-6.1817307
19066.666,-6.179487,-6.1705127
19083.334,-6.1935897,-6.157051
19100.0,-6.171154,-6.1346154
19116.666,-6.148718,-6.1121793
19133.334,-6.15,-6.103846
19150.0,-6.1572113,-6.0990386
19166.666,-6.1660256,-6.10641
19183.334,-6.1772437,-6.1320515
19200.0,-6.1884613,-6.1576924
19216.666,-6.1932693,-6.1240387
19233.334,-6.1980767,-6.0903845
19250.0,-6.2,-6.064423
19266.666,-6.2,-6.0435896
19283.334,-6.201282,-6.0288463
19300.0,-6.207692,-6.0384617
19316.666,-6.2141027,-6.048077
19333.334,-6.2256413,-6.0474358
19350.0,-6.2384615,-6.044231
19366.666,-6.25,-6.0429487
19383.334,-6.2596154,-6.0445514
19400.0,-6.269231,-6.046154
19416.666,-6.2772436,-6.0365386
19433.334,-6.2852564,-6.026923
19450.0,-6.294231,-6.0245194
19466.666,-6.3038464,-6.026923
19483.334,-6.313782,-6.026923
19500.0,-6.325,-6.0173078
19516.666,-6.336218,-6.0076923
19533.334,-6.344872,-5.978205
19550.0,-6.352885,-5.94375
19566.666,-6.4326925,-5.9461536
19583.334,-6.6201925,-6.003846
19600.0,-6.8076925,-6.0615387
19616.666,-6.826923,-6.1977563
19633.334,-6.8461537,-6.3339744
19650.0,-6.853846,-6.4057693
19666.666,-6.853846,-6.4346156
19683.334,-6.853846,-6.4554486
19700.0,-6.853846,-6.4442306
19716.666,-6.853846,-6.433013
19733.334,-6.8608975,-6.4371796
19750.0,-6.8697114,-6.4451923
19766.666,-6.8766026,-6.450641
19783.334,-6.880609,-6.452244
19800.0,-6.8846154,-6.453846
19816.666,-6.8846154,-6.447436
19833.334,-6.8846154,-6.4410257
19850.0,-6.885096,-6.448558
19866.666,-6.8858976,-6.4653845
19883.334,-6.886058,-6.4777246
19900.0,-6.8836536,-6.4721155
19916.666,-6.88125,-6.4665065
19933.334,-6.866667,-6.4602566
19950.0,-6.8490386,-6.453846
19966.666,-6.8403845,-6.4435897
19983.334,-6.8451924,-6.427564
20000.0,-6.85,-6.4115386
20016.666,-6.854808,-6.4067307
20033.334,-6.8596153,-6.401923
20050.0,-6.858173,-6.394231
20066.666,-6.8525643,-6.3846154
20083.334,-6.8477564,-6.3791666
20100.0,-6.8461537,-6.3903847
20116.666,-6.844551,-6.4016027
20133.334,-6.85,-6.396154
20150.0,-6.8572116,-6.3865385
20166.666,-6.8621793,-6.3782053
20183.334,-6.863782,-6.3717947
20200.0,-6.8653846,-6.3653846
20216.666,-6.857372,-6.34375
20233.334,-6.849359,-6.3221154
20250.0,-6.855769,-6.3052883
20266.666,-6.8717947,-6.2916665
20283.334,-6.8846154,-6.283013
20300.0,-6.8846154,-6.294231
20316.666,-6.8846154,-6.3054485
20333.334,-6.883333,-6.334615
20350.0,-6.8817306,-6.3682694
20366.666,-6.8801284,-6.3910255
20383.334,-6.8785257,-6.3974357
20400.0,-6.876923,-6.4038463
20416.666,-6.885737,-6.3717947
20433.334,-6.8945513,-6.3397436
20450.0,-6.9033656,-6.3173075
20466.666,-6.9121795,-6.301282
20483.334,-6.916987,-6.290385
20500.0,-6.9057693,-6.3
20516.666,-6.8945513,-6.3096156
20533.334,-6.89359,-6.301282
20550.0,-6.895192,-6.2884617
20566.666,-6.901282,-6.2807693
20583.334,-6.9141026,-6.2807693
20600.0,-6.9269233,-6.2807693
20616.666,-6.917308,-6.2783656
20633.334,-6.9076924,-6.2759614
20650.0,-6.9028845,-6.2735577
20666.666,-6.901282,-6.271154
20683.334,-6.8996797,-6.264583
20700.0,-6.898077,-6.2413464
20716.666,-6.8964744,-6.218109
20733.334,-6.898718,-6.194872
20750.0,-6.901923,-6.1716347
20766.666,-6.901282,-6.1634617
20783.334,-6.8948717,-6.1778846
20800.0,-6.8884616,-6.1923075
20816.666,-6.8948717,-6.2115383
20833.334,-6.901282,-6.230769
20850.0,-6.9052887,-6.204327
20866.666,-6.9076924,-6.1474357
20883.334,-6.9097757,-6.104968
20900.0,-6.910577,-6.1201925
20916.666,-6.9113784,-6.1354165
20933.334,-6.9141026,-6.1346154
20950.0,-6.917308,-6.1298075
20966.666,-6.9224358,-6.123077
20983.334,-6.9304485,-6.1134615
21000.0,-6.9384613,-6.103846
21016.666,-6.932051,-6.0798078
21033.334,-6.925641,-6.0557694
21050.0,-6.9240384,-6.041346
21066.666,-6.925641,-6.0333333
21083.334,-6.9278846,-6.0333333
21100.0,-6.9326925,-6.0653844
21116.666,-6.9375,-6.097436
21133.334,-6.9371796,-6.0576925
21150.0,-6.935577,-6.0
21166.666,-6.9346156,-5.955769
21183.334,-6.9346156,-5.9317307
21200.0,-6.9346156,-5.9076924
21216.666,-6.939423,-5.8996797
21233.334,-6.9442306,-5.891667
21250.0,-6.941346,-5.8798075
21266.666,-6.9333334,-5.8653846
21283.334,-6.926282,-5.851923
21300.0,-6.923077,-5.8423076
21316.666,-6.919872,-5.832692
21333.334,-6.923077,-5.844872
21350.0,-6.9278846,-5.8625
21366.666,-6.9307694,-5.874359
21383.334,-6.9307694,-5.877564
21400.0,-6.9307694,-5.8807693
21416.666,-6.9259615,-5.8791666
21433.334,-6.921154,-5.877564
21450.0,-6.9288464,-5.8865385
21466.666,-6.944872,-5.902564
21483.334,-6.960577,-5.990705
21500.0,-6.975,-6.3673077
21516.666,-6.9894233,-6.7439103
21533.334,-6.9897437,-6.8166666
21550.0,-6.9865384,-6.8134613
21566.666,-6.983333,-6.8211536
21583.334,-6.9801283,-6.8451924
21600.0,-6.976923,-6.8692307
21616.666,-6.9480767,-6.8483973
21633.334,-6.919231,-6.8275642
21650.0,-6.9057693,-6.8259616
21666.666,-6.902564,-6.8371797
21683.334,-6.9016027,-6.8379807
21700.0,-6.9096155,-6.7971153
21716.666,-6.9176283,-6.75625
21733.334,-6.9333334,-6.7423077
21750.0,-6.9509616,-6.735096
21766.666,-6.9602566,-6.7384615
21783.334,-6.9570513,-6.7576923
21800.0,-6.953846,-6.776923
21816.666,-6.9554486,-6.7528844
21833.334,-6.9570513,-6.728846
21850.0,-6.956731,-6.7182693
21866.666,-6.955128,-6.7166667
21883.334,-6.9554486,-6.717949
21900.0,-6.9634614,-6.730769
21916.666,-6.971474,-6.74359
21933.334,-6.983333,-6.7384615
21950.0,-6.996154,-6.728846
21966.666,-6.998077,-6.7211537
21983.334,-6.983654,-6.7163463
22000.0,-6.9692307,-6.7115383
22016.666,-6.9756413,-6.695513
22033.334,-6.9820514,-6.679487
22050.0,-6.980769,-6.6576924
22066.666,-6.974359,-6.6320515
22083.334,-6.967628,-6.6108975
22100.0,-6.959615,-6.6076922
22116.666,-6.9516025,-6.604487
22133.334,-6.9397435,-6.626923
22150.0,-6.9269233,-6.6557693
22166.666,-6.9185896,-6.6685896
22183.334,-6.916987,-6.657372
22200.0,-6.915385,-6.646154
22216.666,-6.927404,-6.6365385
22233.334,-6.939423,-6.626923
22250.0,-6.9379807,-6.6365385
22266.666,-6.927564,-6.658974
22283.334,-6.919391,-6.676442
22300.0,-6.9201922,-6.6740384
22316.666,-6.920994,-6.6716347
22333.334,-6.925641,-6.6583333
22350.0,-6.93125,-6.6423078
22366.666,-6.936218,-6.626282
22383.334,-6.940224,-6.610256
22400.0,-6.9442306,-6.5942307
22416.666,-6.9514422,-6.597436
22433.334,-6.958654,-6.6006413
22450.0,-6.959615,-6.6004806
22466.666,-6.9564104,-6.598077
22483.334,-6.955128,-6.5990386
22500.0,-6.9615383,-6.6134615
22516.666,-6.967949,-6.6278844
22533.334,-6.9692307,-6.6217947
22550.0,-6.9692307,-6.610577
22566.666,-6.970513,-6.5942307
22583.334,-6.973718,-6.5701923
22600.0,-6.976923,-6.546154
22616.666,-6.970513,-6.5485578
22633.334,-6.9641027,-6.5509615
22650.0,-6.9682693,-6.5379806
22666.666,-6.979487,-6.514744
22683.334,-6.9891024,-6.491667
22700.0,-6.9923077,-6.4692307
22716.666,-6.995513,-6.446795
22733.334,-6.9948716,-6.4461536
22750.0,-6.9932694,-6.4509616
22766.666,-6.99359,-6.4435897
22783.334,-6.9967947,-6.4179487
22800.0,-7.0,-6.3923078
22816.666,-6.9951925,-6.3891025
22833.334,-6.9903846,-6.3858976
22850.0,-6.9884615,-6.389423
22866.666,-6.9884615,-6.3974357
22883.334,-6.988141,-6.4086537
22900.0,-6.9865384,-6.4326925
22916.666,-6.9849358,-6.456731
22933.334,-6.9858975,-6.4564104
22950.0,-6.9875,-6.45
22966.666,-6.9913464,-6.4445515
22983.334,-6.9985576,-6.440545
23000.0,-7.0057693,-6.4365387
23016.666,-7.0209937,-6.432532
23033.334,-7.036218,-6.4285254
23050.0,-7.0375,-6.416346
23066.666,-7.029487,-6.398718
23083.334,-7.020032,-6.3838143
23100.0,-7.0048075,-6.3798075
23116.666,-6.9895835,-6.375801
23133.334,-6.98141,-6.379487
23150.0,-6.975,-6.385096
23166.666,-6.9727564,-6.3878207
23183.334,-6.976763,-6.386218
23200.0,-6.980769,-6.3846154
23216.666,-6.9839745,-6.357372
23233.334,-6.9871793,-6.330128
23250.0,-6.9951925,-6.3192306
23266.666,-7.00641,-6.3192306
23283.334,-7.014744,-6.3173075
23300.0,-7.0115385,-6.3076925
23316.666,-7.008333,-6.298077
23333.334,-6.9903846,-6.298718
23350.0,-6.96875,-6.3019233
23366.666,-6.961218,-6.3096156
23383.334,-6.9748397,-6.3240385
23400.0,-6.9884615,-6.3384614
23416.666,-6.998077,-6.3416667
23433.334,-7.0076923,-6.344872
23450.0,-7.0086536,-6.352885
23466.666,-7.003846,-6.3641024
23483.334,-6.9985576,-6.3653846
23500.0,-6.9913464,-6.326923
23516.666,-6.9841347,-6.2884617
23533.334,-6.9820514,-6.275641
23550.0,-6.98125,-6.269231
23566.666,-6.980769,-6.2596154
23583.334,-6.980769,-6.2451925
23600.0,-6.980769,-6.230769
23616.666,-6.9759617,-6.24359
23633.334,-6.9711537,-6.25641
23650.0,-6.973077,-6.2567306
23666.666,-6.979487,-6.248718
23683.334,-6.9839745,-6.242628
23700.0,-6.980769,-6.2442307
23716.666,-6.9775643,-6.2458334
23733.334,-6.970513,-6.25
23750.0,-6.9625,-6.2548075
23766.666,-6.9570513,-6.2551284
23783.334,-6.9554486,-6.248718
23800.0,-6.953846,-6.2423077
23816.666,-6.9570513,-6.220673
23833.334,-6.9602566,-6.1990385
23850.0,-6.9615383,-6.16875
23866.666,-6.9615383,-6.1326923
23883.334,-6.9653845,-6.101923
23900.0,-6.9846153,-6.0923076
23916.666,-7.003846,-6.082692
23933.334,-7.003846,-6.084615
23950.0,-6.9990387,-6.089423
23966.666,-6.9990387,-6.091026
23983.334,-7.00625,-6.0878205
24000.0,-7.0134616,-6.084615
24016.666,-7.011859,-6.0758014
24033.334,-7.0102563,-6.066987
24050.0,-7.012981,-6.0639424
24066.666,-7.01859,-6.0647435
24083.334,-7.0245194,-6.063622
24100.0,-7.0317307,-6.0548077
24116.666,-7.0389423,-6.045994
24133.334,-7.0307693,-6.0358973
24150.0,-7.01875,-6.0254807
24166.666,-7.00641,-6.0173078
24183.334,-6.99359,-6.0125
24200.0,-6.980769,-6.0076923
24216.666,-6.9727564,-6.030128
24233.334,-6.9647436,-6.052564
24250.0,-6.9740386,-6.05
24266.666,-6.9948716,-6.0307693
24283.334,-7.009936,-6.0128207
24300.0,-7.001923,-6.0
24316.666,-6.9939103,-5.9871793
24333.334,-7.002564,-5.9871793
24350.0,-7.0153847,-5.9903846
24366.666,-7.028205,-5.9948716
24383.334,-7.0410256,-6.001282
24400.0,-7.0538464,-6.0076923
24416.666,-7.0538464,-6.0076923
24433.334,-7.0538464,-6.0076923
24450.0,-7.0576925,-6.0076923
24466.666,-7.0641026,-6.0076923
24483.334,-7.0666666,-6.009936
24500.0,-7.0538464,-6.021154
24516.666,-7.0410256,-6.032372
24533.334,-7.0391026,-6.0365386
24550.0,-7.0399036,-6.0389423
24566.666,-7.04391,-6.040385
24583.334,-7.0527244,-6.040385
24600.0,-7.0615387,-6.040385
24616.666,-7.063141,-6.041186
24633.334,-7.0647435,-6.041987
24650.0,-7.0596156,-6.0240383
24666.666,-7.05,-5.99359
24683.334,-7.0435896,-5.965064
24700.0,-7.05,-5.9442306
24716.666,-7.0564103,-5.9233975
24733.334,-7.071795,-5.9076924
24750.0,-7.089423,-5.893269
24766.666,-7.0916667,-5.875641
24783.334,-7.070833,-5.853205
24800.0,-7.05,-5.830769
24816.666,-7.046795,-5.85641
24833.334,-7.0435896,-5.8820515
24850.0,-7.05,-5.885096
24866.666,-7.0628204,-5.873077
24883.334,-7.069872,-5.865865
24900.0,-7.0538464,-5.8778844
24916.666,-7.0378203,-5.889904
24933.334,-7.0346155,-5.8717947
24950.0,-7.0346155,-5.8461537
24966.666,-7.0291667,-5.830128
24983.334,-7.015545,-5.8285255
25000.0,-7.001923,-5.826923
25016.666,-7.009135,-5.8253207
25033.334,-7.016346,-5.823718
25050.0,-7.022115,-5.8076925
25066.666,-7.026923,-5.782051
25083.334,-7.0315704,-5.752564
25100.0,-7.035577,-5.707692
25116.666,-7.039583,-5.6628203
25133.334,-7.0410256,-5.6410255
25150.0,-7.0418267,-5.625
25166.666,-7.05,-5.6227565
25183.334,-7.0692306,-5.6411858
25200.0,-7.0884614,-5.6596155
25216.666,-7.092468,-5.6676283
25233.334,-7.096474,-5.675641
25250.0,-7.0903845,-5.6735578
25266.666,-7.0775642,-5.6647434
25283.334,-7.070032,-5.65641
25300.0,-7.083654,-5.65
25316.666,-7.0972757,-5.64359
25333.334,-7.097436,-5.6192307
25350.0,-7.0942307,-5.5903845
25366.666,-7.0916667,-5.571795
25383.334,-7.090064,-5.5685897
25400.0,-7.0884614,-5.5653844
25416.666,-7.092468,-5.5709934
25433.334,-7.096474,-5.5766025
25450.0,-7.080769,-5.566827
25466.666,-7.0519233,-5.546795
25483.334,-7.01875,-5.595513
25500.0,-6.9682693,-5.919231
25516.666,-6.9177885,-6.2429485
25533.334,-6.9128203,-6.3141026
25550.0,-6.919231,-6.3221154
25566.666,-6.9185896,-6.3211536
25583.334,-6.907372,-6.3067307
25600.0,-6.896154,-6.292308
25616.666,-6.8673077,-6.2778845
25633.334,-6.8384614,-6.2634616
25650.0,-6.816827,-6.2432694
25666.666,-6.8,-6.2192307
25683.334,-6.788622,-6.2070513
25700.0,-6.7990384,-6.2423077
25716.666,-6.809455,-6.277564
25733.334,-6.8089743,-6.2807693
25750.0,-6.8057694,-6.2759614
25766.666,-6.807051,-6.2615385
25783.334,-6.815064,-6.2326922
25800.0,-6.8230767,-6.203846
25816.666,-6.834295,-6.1878204
25833.334,-6.845513,-6.171795
25850.0,-6.848077,-6.1697116
25866.666,-6.844872,-6.1769233
25883.334,-6.8432693,-6.183654
25900.0,-6.848077,-6.1884613
25916.666,-6.852885,-6.1932693
25933.334,-6.8551283,-6.1615386
25950.0,-6.856731,-6.120673
25966.666,-6.8506413,-6.098718
25983.334,-6.833013,-6.1051283
26000.0,-6.8153844,-6.1115384
26016.666,-6.8201923,-6.1099358
26033.334,-6.825,-6.108333
26050.0,-6.8264422,-6.0985575
26066.666,-6.825641,-6.0833335
26083.334,-6.827083,-6.074519
26100.0,-6.8375,-6.0913463
26116.666,-6.8479166,-6.108173
26133.334,-6.8551283,-6.10641
26150.0,-6.8615384,-6.1
26166.666,-6.86859,-6.1
26183.334,-6.8766026,-6.1096153
26200.0,-6.8846154,-6.1192307
26216.666,-6.8910255,-6.0871797
26233.334,-6.8974357,-6.055128
26250.0,-6.9,-6.040385
26266.666,-6.9,-6.0371795
26283.334,-6.895513,-6.0333333
26300.0,-6.873077,-6.026923
26316.666,-6.8506413,-6.020513
26333.334,-6.8423076,-6.0153847
26350.0,-6.8375,-6.0105767
26366.666,-6.8352566,-6.0028844
26383.334,-6.8368587,-5.990865
26400.0,-6.8384614,-5.978846
26416.666,-6.8320513,-5.973237
26433.334,-6.825641,-5.967628
26450.0,-6.828846,-5.951923
26466.666,-6.8384614,-5.929487
26483.334,-6.845513,-5.90641
26500.0,-6.8423076,-5.8807693
26516.666,-6.8391027,-5.8551283
26533.334,-6.8294873,-5.85
26550.0,-6.8182693,-5.85
26566.666,-6.8076925,-5.853846
26583.334,-6.798077,-5.8634615
26600.0,-6.7884617,-5.873077
26616.666,-6.780449,-5.848237
26633.334,-6.7724357,-5.8233976
26650.0,-6.7677884,-5.7918267
26666.666,-6.7653847,-5.7557693
26683.334,-6.758173,-5.723718
26700.0,-6.731731,-5.707692
26716.666,-6.7052884,-5.6916666
26733.334,-6.7025642,-5.6910257
26750.0,-6.705769,-5.6942306
26766.666,-6.7044873,-5.6842947
26783.334,-6.6964746,-5.6546474
26800.0,-6.6884613,-5.625
26816.666,-6.7044873,-5.6145835
26833.334,-6.720513,-5.6041665
26850.0,-6.726923,-5.601923
26866.666,-6.726923,-5.6051283
26883.334,-6.7256413,-5.606731
26900.0,-6.7192307,-5.601923
26916.666,-6.7128205,-5.5971155
26933.334,-6.7128205,-5.5942307
26950.0,-6.714423,-5.591827
26966.666,-6.7153845,-5.588141
26983.334,-6.7153845,-5.582532
27000.0,-6.7153845,-5.576923
27016.666,-6.716987,-5.5721154
27033.334,-6.71859,-5.5673075
27050.0,-6.7221155,-5.5557694
27066.666,-6.726923,-5.5397434
27083.334,-6.729808,-5.5298076
27100.0,-6.725,-5.544231
27116.666,-6.7201924,-5.558654
27133.334,-6.7256413,-5.591026
27150.0,-6.733654,-5.6278844
27166.666,-6.7375,-5.65
27183.334,-6.735096,-5.65
27200.0,-6.7326922,-5.65
27216.666,-6.7190704,-5.6259613
27233.334,-6.7054486,-5.601923
27250.0,-6.7,-5.5913463
27266.666,-6.7,-5.5897436
27283.334,-6.6990385,-5.5878205
27300.0,-6.6942306,-5.584615
27316.666,-6.689423,-5.5814104
27333.334,-6.6858974,-5.5794873
27350.0,-6.6826925,-5.5778847
27366.666,-6.6839743,-5.5814104
27383.334,-6.691987,-5.592628
27400.0,-6.7,-5.603846
27416.666,-6.7048078,-5.6070514
27433.334,-6.709615,-5.610256
27450.0,-6.644231,-5.658173
27466.666,-6.532051,-5.7358975
27483.334,-6.4423075,-5.799519
27500.0,-6.4423075,-5.8067307
27516.666,-6.4423075,-5.8139424
27533.334,-6.4423075,-5.8076925
27550.0,-6.4423075,-5.798077
27566.666,-6.4416666,-5.7865386
27583.334,-6.440064,-5.772115
27600.0,-6.4384613,-5.7576923
27616.666,-6.440064,-5.772115
27633.334,-6.4416666,-5.7865386
27650.0,-6.4442306,-5.808173
27666.666,-6.447436,-5.834615
27683.334,-6.45,-5.8533654
27700.0,-6.45,-5.8413463
27716.666,-6.45,-5.829327
27733.334,-6.451282,-5.794872
27750.0,-6.4528847,-5.7548075
27766.666,-6.453846,-5.735256
27783.334,-6.453846,-5.7464743
27800.0,-6.453846,-5.7576923
27816.666,-6.4570513,-5.7432694
27833.334,-6.4602566,-5.728846
27850.0,-6.454327,-5.714423
27866.666,-6.4423075,-5.7
27883.334,-6.432051,-5.6846156
27900.0,-6.4288464,-5.665385
27916.666,-6.425641,-5.646154
27933.334,-6.428205,-5.650641
27950.0,-6.4322114,-5.6610575
27966.666,-6.4352565,-5.6721153
27983.334,-6.436859,-5.6841345
28000.0,-6.4384613,-5.6961536
28016.666,-6.43766,-5.691346
28033.334,-6.436859,-5.6865387
28050.0,-6.4399037,-5.670673
28066.666,-6.445513,-5.6474357
28083.334,-6.4498396,-5.626763
28100.0,-6.4490385,-5.6163464
28116.666,-6.448237,-5.6059294
28133.334,-6.45,-5.5923076
28150.0,-6.452404,-5.5778847
28166.666,-6.459295,-5.5701923
28183.334,-6.4729166,-5.572596
28200.0,-6.4865384,-5.575
28216.666,-6.488942,-5.563782
28233.334,-6.4913464,-5.552564
28250.0,-6.5,-5.547596
28266.666,-6.5128207,-5.546795
28283.334,-6.5233974,-5.5426283
28300.0,-6.525,-5.525
28316.666,-6.5266027,-5.507372
28333.334,-6.5224357,-5.4846153
28350.0,-6.516827,-5.460577
28366.666,-6.5086536,-5.4358974
28383.334,-6.4966345,-5.4102564
28400.0,-6.4846153,-5.3846154
28416.666,-6.475,-5.3774037
28433.334,-6.4653845,-5.3701925
28450.0,-6.4528847,-5.370673
28466.666,-6.4384613,-5.376282
28483.334,-6.4278846,-5.3798075
28500.0,-6.4326925,-5.375
28516.666,-6.4375,-5.3701925
28533.334,-6.4384613,-5.3717947
28550.0,-6.4384613,-5.375
28566.666,-6.4378204,-5.375
28583.334,-6.436218,-5.3701925
28600.0,-6.4346156,-5.3653846
28616.666,-6.427404,-5.3782053
28633.334,-6.4201922,-5.3910255
28650.0,-6.425,-5.4048076
28666.666,-6.4378204,-5.419231
28683.334,-6.8636217,-5.479808
28700.0,-8.941346,-5.725
28716.666,-11.019071,-5.9701924
28733.334,-11.45641,-6.003846
28750.0,-11.483654,-5.9846153
28766.666,-11.489743,-5.967628
28783.334,-11.464103,-5.954006
28800.0,-11.438461,-5.9403844
28816.666,-11.430449,-5.9203525
28833.334,-11.422436,-5.9003205
28850.0,-11.413462,-5.8764424
28866.666,-11.403846,-5.85
28883.334,-11.396153,-5.8264422
28900.0,-11.396153,-5.814423
28916.666,-11.396153,-5.802404
28933.334,-11.402564,-5.7916665
28950.0,-11.410577,-5.78125
28966.666,-12.15032,-5.890705
28983.334,-13.98766,-6.179968
29000.0,-15.825,-6.4692307
29016.666,-16.421955,-6.5141025
29033.334,-17.01891,-6.5589743
29050.0,-17.263943,-6.5600963
29066.666,-17.274359,-6.532051
29083.334,-17.28093,-6.5116987
29100.0,-17.272116,-6.522115
29116.666,-17.263302,-6.532532
29133.334,-17.258974,-6.529487
29150.0,-17.25577,-6.523077
29166.666,-17.254488,-6.521154
29183.334,-17.25609,-6.5259614
29200.0,-17.257692,-6.5307693
29216.666,-17.24968,-6.5435896
29233.334,-17.241667,-6.5564103
29250.0,-17.238462,-6.5615387
29266.666,-17.238462,-6.5615387
29283.334,-17.237339,-6.5576925
29300.0,-17.231731,-6.5384617
29316.666,-17.226122,-6.519231
29333.334,-17.232052,-6.5
29350.0,-17.240866,-6.480769
29366.666,-17.246796,-6.4634614
29383.334,-17.248398,-6.4490385
29400.0,-17.25,-6.4346156
29416.666,-17.258013,-6.413782
29433.334,-17.266026,-6.3929486
29450.0,-17.273077,-6.3721156
29466.666,-17.279488,-6.351282
29483.334,-17.282372,-6.332532
29500.0,-17.271154,-6.3221154
29516.666,-17.259935,-6.311699
29533.334,-17.25,-6.3038464
29550.0,-17.240385,-6.2966347
29566.666,-17.230127,-6.2884617
29583.334,-17.21891,-6.2788463
29600.0,-17.207693,-6.269231
29616.666,-12.9512825,-6.866987
29633.334,-8.694872,-7.4647436
29650.0,-3.7509615,-7.7634616
29666.666,1.6512821,-7.8628206
29683.334,5.942949,-7.9253206
29700.0,5.792308,-7.8403845
29716.666,5.641667,-7.755449
29733.334,5.5628204,-7.717949
29750.0,5.501923,-7.6923075
29766.666,5.469551,-7.6884613
29783.334,5.479968,-7.7173076
29800.0,5.4903846,-7.746154
29816.666,5.454327,-7.733333
29833.334,5.418269,-7.720513
29850.0,5.396154,-7.709615
29866.666,5.383333,-7.7
29883.334,5.373718,-7.6932693
29900.0,5.376923,-7.6980767
29916.666,5.3801284,-7.7028847
29933.334,5.376282,-7.6858974
29950.0,5.370673,-7.6634617
29966.666,5.360577,-7.639423
29983.334,5.34375,-7.612981
30000.0,5.326923,-7.5865383
30016.666,5.331731,-7.58734
30033.334,5.3365383,-7.588141
30050.0,5.3461537,-7.5942307
30066.666,5.3589745,-7.603846
30083.334,5.3692307,-7.6070514
30100.0,5.3692307,-7.584615
30116.666,5.3692307,-7.5621796
30133.334,5.4602566,-7.5589743
30150.0,5.5740385,-7.560577
30166.666,5.8157053,-7.6695514
30183.334,6.249199,-7.9395833
30200.0,6.6826925,-8.209616
30216.666,6.673878,-8.200801
30233.334,6.6650643,-8.191987
30250.0,6.6634617,-8.192307
30266.666,6.6666665,-8.198718
30283.334,6.6705127,-8.205449
30300.0,6.6769233,-8.213462
30316.666,6.6833334,-8.221475
30333.334,6.6846156,-8.211538
30350.0,6.6846156,-8.197115
30366.666,6.6871796,-8.180769
30383.334,6.6935897,-8.161538
30400.0,6.7,-8.142307
30416.666,6.708013,-8.14391
30433.334,6.716026,-8.145513
30450.0,6.7240386,-8.1365385
30466.666,6.7320514,-8.120513
30483.334,6.7397437,-8.107693
30500.0,6.746154,-8.107693
30516.666,6.752564,-8.107693
30533.334,6.7551284,-8.096154
30550.0,6.7567306,-8.081731
30566.666,6.75641,-8.073077
30583.334,6.7532053,-8.073077
30600.0,6.75,-8.073077
30616.666,6.7524037,-8.070673
30633.334,6.7548075,-8.068269
30650.0,6.759135,-8.0740385
30666.666,6.764744,-8.085257
30683.334,6.7669873,-8.090865
30700.0,6.7557693,-8.0740385
30716.666,6.744551,-8.057212
30733.334,6.7397437,-8.069231
30750.0,6.7365384,-8.088462
30766.666,6.7349358,-8.098077
30783.334,6.7357373,-8.093269
30800.0,6.7365384,-8.088462
30816.666,6.738942,-8.07484
30833.334,6.7413464,-8.061218
30850.0,8.290384,-8.090865
30866.666,10.870513,-8.149359
30883.334,13.012179,-8.185256
30900.0,13.4,-8.130769
30916.666,13.787821,-8.0762825
30933.334,13.846154,-8.05
30950.0,13.822115,-8.030769
30966.666,13.801282,-8.007692
30983.334,13.785256,-7.978846
31000.0,13.769231,-7.95
31016.666,13.76282,-7.935577
31033.334,13.756411,-7.921154
31050.0,13.772596,-7.947596
31066.666,13.803846,-8.001282
31083.334,13.828365,-8.0427885
31100.0,13.825961,-8.035577
31116.666,13.823558,-8.028365
31133.334,13.8217945,-8.030769
31150.0,13.820192,-8.035577
31166.666,13.836218,-8.107693
31183.334,13.878686,-8.280769
31200.0,14.087559,-7.6278553
31216.666,14.296431,-6.9749417
31233.334,14.505303,-6.322028
31250.0,14.714175,-5.669114
31266.666,14.923048,-5.0162005
31283.334,15.13192,-4.3632865
31300.0,15.340793,-3.710373
31316.666,15.5496645,-3.057459
31333.334,15.758537,-2.4045455
31350.0,15.96741,-1.7516317
31366.666,16.176283,-1.0987179
31383.334,16.136217,-4.028205
31400.0,16.096153,-6.957692
31416.666,15.722756,-8.287821
31433.334,15.349359,-9.617949
31450.0,15.08077,-9.8865385
31466.666,14.882051,-9.447436
31483.334,14.983604,-9.166642
31500.0,15.085157,-8.885848
31516.666,15.186711,-8.605054
31533.334,15.288264,-8.324261
31550.0,15.389817,-8.043467
31566.666,15.491371,-7.7626724
31583.334,15.592924,-7.4818788
31600.0,15.694477,-7.2010846
31616.666,15.796031,-6.920291
31633.334,15.897584,-6.639497
31650.0,15.999137,-6.358703
31666.666,16.10069,-6.0779095
31683.334,16.202244,-5.7971153
31700.0,15.482693,-7.4942307
31716.666,14.763141,-9.191346
31733.334,14.555128,-9.091025
31750.0,14.475,-8.541347
31766.666,14.41923,-8.157051
31783.334,14.4,-8.020833
31800.0,14.380769,-7.8846154
31816.666,14.375961,-7.8413463
31833.334,14.371154,-7.798077
31850.0,14.350962,-7.7615385
31866.666,14.320513,-7.729487
31883.334,14.2592945,-7.704167
31900.0,14.075,-7.705769
31916.666,13.890705,-7.7073717
31933.334,13.858974,-7.6910257
31950.0,13.865385,-7.6701922
31966.666,13.866026,-7.6375
31983.334,13.858013,-7.5870194
32000.0,13.85,-7.5365386
32016.666,13.84359,-7.495673
32033.334,13.837179,-7.4548078
32050.0,13.818269,-7.414423
32066.666,13.791026,-7.374359
32083.334,13.76891,-7.3397436
32100.0,13.767307,-7.326923
32116.666,13.765705,-7.3141026
32133.334,13.765385,-7.294872
32150.0,13.765385,-7.2740383
32166.666,13.76282,-7.2615385
32183.334,13.756411,-7.2615385
32200.0,13.75,-7.2615385
32216.666,13.761218,-7.258333
32233.334,13.772436,-7.2551284
32250.0,13.781731,-7.2576923
32266.666,13.789743,-7.2641025
32283.334,13.795193,-7.267628
32300.0,13.790384,-7.2596154
32316.666,13.785577,-7.2516026
32333.334,13.79359,-7.2557693
32350.0,13.804808,-7.262981
32366.666,13.815385,-7.26859
32383.334,13.825,-7.271795
32400.0,13.834616,-7.275
32416.666,13.838622,-7.2597756
32433.334,13.8426285,-7.244551
32450.0,13.845192,-7.228846
32466.666,13.846795,-7.2128205
32483.334,13.851442,-7.203205
32500.0,13.868269,-7.2192307
32516.666,13.885097,-7.235256
32533.334,13.915384,-7.228205
32550.0,13.9490385,-7.2153845
32566.666,13.978847,-7.203205
32583.334,14.002885,-7.191987
32600.0,14.026923,-7.1807694
32616.666,14.033334,-7.1631413
32633.334,14.039743,-7.145513
32650.0,14.225,-7.235577
32666.666,14.529488,-7.3974357
32683.334,14.772116,-7.5225964
32700.0,14.767307,-7.5009613
32716.666,14.7625,-7.4793267
32733.334,14.775641,-7.476923
32750.0,14.793269,-7.4793267
32766.666,14.81282,-7.4897437
32783.332,14.835257,-7.5121794
32800.0,14.857693,-7.5346155
32816.668,14.859295,-7.550641
32833.332,14.860897,-7.5666666
32850.0,14.870193,-7.5721154
32866.668,14.884615,-7.570513
32883.332,14.897436,-7.5695515
32900.0,14.903846,-7.5711536
32916.668,14.910256,-7.5727563
32933.332,12.7153845,-7.675
32950.0,9.970192,-7.802404
32966.668,5.8891025,-7.782051
32983.332,-0.19583334,-7.5400643
33000.0,-6.2807693,-7.298077
33016.668,-6.252724,-7.219551
33033.332,-6.2246795,-7.1410255
33050.0,-6.177404,-7.1033654
33066.668,-6.1173077,-7.092949
33083.332,-6.065064,-7.081731
33100.0,-6.044231,-7.0673075
33116.668,-6.0233974,-7.0528846
33133.332,-5.9948716,-7.021795
33150.0,-5.964423,-6.9865384
33166.668,-5.9365387,-6.9711537
33183.332,-5.9125,-6.985577
33200.0,-5.8884616,-7.0
33216.668,-5.878846,-6.957532
33233.332,-5.8692307,-6.9150643
33250.0,-5.8735576,-6.897115
33266.668,-5.8871794,-6.895513
33283.332,-5.89984,-6.891506
33300.0,-5.9086537,-6.8778844
33316.668,-5.917468,-6.864263
33333.332,-5.915385,-6.874359
33350.0,-5.910577,-6.8903847
33366.668,-5.9134617,-6.878846
33383.332,-5.9278846,-6.8259616
33400.0,-5.9423075,-6.773077
33416.668,-5.96234,-6.7754807
33433.332,-5.982372,-6.7778845
33450.0,-5.9927883,-6.762019
33466.668,-5.9967947,-6.7339745
33483.332,-4.9791665,-6.811218
33500.0,0.125,-7.3096156
33516.668,5.2291665,-7.808013
33533.332,8.924359,-7.853846
33550.0,12.267307,-7.7865386
33566.668,14.191667,-7.725
33583.332,13.988141,-7.6721153
33600.0,13.7846155,-7.6192307
33616.668,13.7125,-7.6080127
33633.332,13.640385,-7.596795
33650.0,13.603847,-7.5903845
33666.668,13.591025,-7.5871797
33683.332,13.579487,-7.582692
33700.0,13.573077,-7.5730767
33716.668,13.566667,-7.5634613
33733.332,13.591025,-7.5564103
33750.0,13.623077,-7.55
33766.668,13.836538,-7.5057693
33783.332,14.322115,-7.4048076
33800.0,14.807693,-7.3038464
33816.668,14.804487,-7.294231
33833.332,14.801282,-7.2846155
33850.0,14.798557,-7.2918267
33866.668,14.796154,-7.3102565
33883.332,14.796474,-7.3258014
33900.0,14.807693,-7.3298078
33916.668,14.818911,-7.333814
33933.332,14.816667,-7.3230767
33950.0,14.811058,-7.308654
33966.668,14.811539,-7.3076925
33983.332,14.821154,-7.326923
34000.0,14.83077,-7.3461537
34016.668,14.785897,-7.344551
34033.332,14.741026,-7.342949
34050.0,14.712019,-7.35
34066.668,14.69359,-7.3628206
34083.332,14.682212,-7.3733974
34100.0,14.6990385,-7.375
34116.668,14.715865,-7.3766026
34133.332,14.739102,-7.3801284
34150.0,14.763943,-7.384135
34166.668,14.773397,-7.3798075
34183.332,14.759776,-7.362981
34200.0,14.746154,-7.3461537
34216.668,14.7533655,-7.3621793
34233.332,14.760577,-7.3782053
34250.0,14.770673,-7.3855767
34266.668,14.782692,-7.3871794
34283.332,14.791347,-7.388141
34300.0,14.786538,-7.3865385
34316.668,14.781731,-7.384936
34333.332,14.766666,-7.394231
34350.0,14.749039,-7.40625
34366.668,14.6596155,-7.461218
34383.332,14.4625,-7.580609
34400.0,14.265385,-7.7
34416.668,14.289423,-7.7064104
34433.332,14.313461,-7.7128205
34450.0,14.327404,-7.700481
34466.668,14.334616,-7.675641
34483.332,14.340224,-7.6528845
34500.0,14.339423,-7.6384616
34516.668,14.338622,-7.6240387
34533.332,14.3448715,-7.6217947
34550.0,14.352884,-7.6225963
34566.668,14.358974,-7.6198716
34583.332,14.36218,-7.611859
34600.0,14.365385,-7.603846
34616.668,14.338141,-7.591026
34633.332,14.310898,-7.578205
34650.0,14.289423,-7.573558
34666.668,14.271795,-7.574359
34683.332,14.257853,-7.5727563
34700.0,14.258654,-7.5615387
34716.668,14.259455,-7.5503206
34733.332,14.257692,-7.528205
34750.0,14.255288,-7.5033655
34766.668,14.251923,-7.485256
34783.332,14.247115,-7.4772434
34800.0,14.242308,-7.4692307
34816.668,14.221475,-7.4451923
34833.332,14.200641,-7.421154
34850.0,14.1841345,-7.4086537
34866.668,14.170513,-7.4038463
34883.332,14.198237,-7.4214745
34900.0,14.391346,-7.5288463
34916.668,14.5844555,-7.636218
34933.332,14.634615,-7.6897435
34950.0,14.649038,-7.729808
34966.668,14.650641,-7.741667
34983.332,14.633013,-7.711218
35000.0,14.615385,-7.6807694
35016.668,14.618589,-7.6759615
35033.332,14.621795,-7.671154
35050.0,14.6216345,-7.670673
35066.668,14.619231,-7.673077
35083.332,14.615224,-7.6714745
35100.0,14.604808,-7.6538463
35116.668,14.594391,-7.636218
35133.332,14.583333,-7.633333
35150.0,14.572115,-7.634135
35166.668,14.55641,-7.6282053
35183.332,14.533975,-7.6121793
35200.0,14.5115385,-7.5961537
35216.668,14.516346,-7.599359
35233.332,14.521153,-7.6025643
35250.0,14.515865,-7.60625
35266.668,14.503846,-7.610256
35283.332,14.494391,-7.6126604
35300.0,14.495193,-7.608654
35316.668,14.495994,-7.6046476
35333.332,14.496154,-7.6358976
35350.0,14.496154,-7.6759615
35366.668,14.596445,-7.0452213
35383.332,14.696736,-6.414481
35400.0,14.797028,-5.7837415
35416.668,14.89732,-5.1530013
35433.332,14.997611,-4.522261
35450.0,15.097902,-3.891521
35466.668,15.198194,-3.2607808
35483.332,15.298485,-2.630041
35500.0,15.398776,-1.9993007
35516.668,15.499067,-1.3685606
35533.332,15.599359,-0.7378205
35550.0,15.71875,-3.145673
35566.668,15.708653,-5.4875
35583.332,15.504327,-7.7302885
35600.0,15.3,-9.973077
35616.668,15.04359,-10.19984
35633.332,14.78718,-10.426602
35650.0,14.615866,-10.3403845
35666.668,14.501282,-10.045513
35683.332,14.407211,-9.784135
35700.0,14.395192,-9.656731
35716.668,14.383173,-9.529327
35733.332,14.366667,-9.353205
35750.0,14.349038,-9.164904
35766.668,14.304487,-8.977243
35783.332,14.219551,-8.7905445
35800.0,14.134615,-8.603847
35816.668,14.139423,-8.50609
35833.332,14.144231,-8.408334
35850.0,14.138461,-8.325961
35866.668,14.125641,-8.253846
35883.332,14.113782,-8.180288
35900.0,14.105769,-8.100962
35916.668,14.097756,-8.021635
35933.332,14.092308,-7.970513
35950.0,14.0875,-7.926442
35966.668,14.082051,-7.8903847
35983.332,14.075641,-7.8663464
36000.0,14.069231,-7.8423076
36016.668,14.072436,-7.800641
36033.332,14.075641,-7.7589746
36050.0,14.073077,-7.7326922
36066.668,14.066667,-7.7166667
36083.332,14.060898,-7.703045
36100.0,14.057693,-7.6990385
36116.668,14.054487,-7.695032
36133.332,14.05641,-7.675641
36150.0,14.059615,-7.652404
36166.668,14.071474,-7.6259613
36183.332,14.096314,-7.5947113
36200.0,14.121154,-7.5634613
36216.668,14.120353,-7.5434294
36233.332,14.119552,-7.5233974
36250.0,14.129807,-7.522115
36266.668,14.147436,-7.5333333
36283.332,14.164743,-7.5416665
36300.0,14.180769,-7.5384617
36316.668,14.1967945,-7.5352564
36333.332,14.188461,-7.5416665
36350.0,14.174039,-7.550481
36366.668,14.165064,-7.5535254
36383.332,14.164263,-7.547917
36400.0,14.163462,-7.542308
36416.668,13.967148,-7.5358973
36433.332,13.770833,-7.529487
36450.0,13.689423,-7.5105767
36466.668,13.684615,-7.483333
36483.332,13.685577,-7.4573717
36500.0,13.709616,-7.4365387
36516.668,13.733654,-7.415705
36533.332,13.723077,-7.4141026
36550.0,13.703846,-7.417308
36566.668,13.694872,-7.417308
36583.332,13.7012825,-7.4125
36600.0,13.707692,-7.4076924
36616.668,13.686058,-7.3708334
36633.332,13.664423,-7.3339744
36650.0,13.679327,-7.3365383
36666.668,13.71859,-7.3653846
36683.332,13.753526,-7.391346
36700.0,13.771153,-7.4057693
36716.668,13.788782,-7.4201922
36733.332,13.791026,-7.426282
36750.0,13.789423,-7.4302883
36766.668,13.870513,-7.452244
36783.332,14.075641,-7.501122
36800.0,14.280769,-7.55
36816.668,14.274359,-7.5243587
36833.332,14.267949,-7.498718
36850.0,14.265385,-7.483654
36866.668,14.265385,-7.4756413
36883.332,14.267789,-7.46875
36900.0,14.279808,-7.4663463
36916.668,14.291827,-7.4639425
36933.332,14.274359,-7.4397435
36950.0,14.249519,-7.410096
36966.668,14.236539,-7.395513
36983.332,14.241346,-7.403526
37000.0,14.246154,-7.4115386
37016.668,14.239743,-7.396314
37033.332,14.233334,-7.3810897
37050.0,14.234615,-7.383173
37066.668,14.241026,-7.396795
37083.332,14.250641,-7.4102564
37100.0,14.273077,-7.423077
37116.668,14.295513,-7.4358974
37133.332,14.277564,-7.427564
37150.0,14.249519,-7.4139423
37166.668,14.235577,-7.403205
37183.332,14.242788,-7.396795
37200.0,14.25,-7.3903847
37216.668,14.259615,-7.400801
37233.332,14.269231,-7.411218
37250.0,14.0509615,-7.4951925
37266.668,13.680769,-7.6282053
37283.332,13.387179,-7.733333
37300.0,13.4,-7.726923
37316.668,13.412821,-7.720513
37333.332,13.430769,-7.7166667
37350.0,13.45,-7.7134614
37366.668,13.46282,-7.703846
37383.332,13.466025,-7.6846156
37400.0,13.469231,-7.665385
37416.668,13.49968,-7.6557693
37433.332,13.5301285,-7.646154
37450.0,13.750961,-7.6153846
37466.668,14.098718,-7.570513
37483.332,14.378526,-7.5326924
37500.0,14.3865385,-7.523077
37516.668,14.394551,-7.5134616
37533.332,14.4096155,-7.5115385
37550.0,14.426442,-7.5115385
37566.668,14.452885,-7.529487
37583.332,14.49375,-7.574359
37600.0,14.5346155,-7.6192307
37616.668,14.542628,-7.5951924
37633.332,14.550641,-7.5711536
37650.0,14.547115,-7.542308
37666.668,14.535897,-7.5102563
37683.332,14.536538,-7.4884615
37700.0,14.584616,-7.5076923
37716.668,14.632692,-7.526923
37733.332,14.619231,-7.516667
37750.0,14.5903845,-7.4990387
37766.668,14.571154,-7.4804487
37783.332,14.566346,-7.460417
37800.0,14.561539,-7.4403844
37816.668,14.566346,-7.428365
37833.332,14.571154,-7.416346
37850.0,14.558654,-7.4067307
37866.668,14.5346155,-7.398718
37883.332,14.5115385,-7.3884616
37900.0,14.492308,-7.3692307
37916.668,14.473077,-7.35
37933.332,14.4512825,-7.3551283
37950.0,14.428846,-7.3663464
37966.668,14.413462,-7.3785257
37983.332,14.408654,-7.3921475
38000.0,14.403846,-7.4057693
38016.668,14.394231,-7.4057693
38033.332,14.384615,-7.4057693
38050.0,14.375961,-7.3995194
38066.668,14.367949,-7.3891025
38083.332,14.3625,-7.3822117
38100.0,14.367308,-7.389423
38116.668,14.372115,-7.3966346
38133.332,14.366667,-7.3891025
38150.0,14.358654,-7.3778844
38166.668,14.361539,-7.3714743
38183.332,14.380769,-7.372276
38200.0,14.4,-7.373077
38216.668,14.3887825,-7.359455
38233.332,14.377564,-7.3458333
38250.0,14.364423,-7.3379807
38266.668,14.35,-7.3339744
38283.332,14.338782,-7.3266025
38300.0,14.3403845,-7.3057694
38316.668,14.341988,-7.284936
38333.332,14.364743,-7.276923
38350.0,14.392789,-7.272115
38366.668,14.408654,-7.2628207
38383.332,14.40625,-7.2467947
38400.0,14.403846,-7.230769
38416.668,14.407852,-7.224359
38433.332,14.411859,-7.217949
38450.0,14.403365,-7.208654
38466.668,14.3865385,-7.197436
38483.332,14.37468,-7.1860576
38500.0,14.382692,-7.1740384
38516.668,14.390705,-7.1620193
38533.332,14.385257,-7.153205
38550.0,14.376442,-7.145192
38566.668,14.371474,-7.1298075
38583.332,14.372275,-7.1033654
38600.0,14.373077,-7.076923
38616.668,14.408334,-7.076923
38633.332,14.44359,-7.076923
38650.0,14.460577,-7.0778847
38666.668,14.4653845,-7.0794873
38683.332,14.468269,-7.0794873
38700.0,14.463462,-7.0730767
38716.668,14.458653,-7.0666666
38733.332,14.463462,-7.0628204
38750.0,14.470673,-7.0596156
38766.668,14.458013,-7.052564
38783.332,14.4155445,-7.0397434
38800.0,14.373077,-7.026923
38816.668,14.371474,-7.0173078
38833.332,14.369872,-7.0076923
38850.0,14.375,-7.0004807
38866.668,14.384615,-6.9948716
38883.332,14.39327,-6.991827
38900.0,14.398077,-6.9990387
38916.668,14.4028845,-7.00625
38933.332,14.388461,-6.9923077
38950.0,14.369231,-6.973077
38966.668,14.35641,-6.9663463
38983.332,14.353205,-6.9783654
39000.0,14.35,-6.9903846
39016.668,14.3403845,-6.9783654
39033.332,14.33077,-6.9663463
39050.0,14.327885,-6.9432693
39066.668,14.329487,-6.9128203
39083.332,14.334616,-6.890705
39100.0,14.353847,-6.901923
39116.668,14.373077,-6.9131413
39133.332,14.369231,-6.90641
39150.0,14.359615,-6.895192
39166.668,14.346795,-6.8820515
39183.332,14.329166,-6.8660254
39200.0,14.311539,-6.85
39216.668,14.311539,-6.8331733
39233.332,14.311539,-6.816346
39250.0,14.308173,-6.799519
39266.668,14.302564,-6.7826924
39283.332,14.300481,-6.768269
39300.0,14.3125,-6.7634616
39316.668,14.324519,-6.7586536
39333.332,14.338462,-6.7615385
39350.0,14.352884,-6.766346
39366.668,14.364743,-6.7673078
39383.332,14.372756,-6.7625
39400.0,14.380769,-6.7576923
39416.668,14.379968,-6.7448716
39433.332,14.379167,-6.7320514
39450.0,14.353365,-6.723077
39466.668,14.310898,-6.7166667
39483.332,14.284936,-6.7121797
39500.0,14.325,-6.7153845
39516.668,14.365064,-6.71859
39533.332,14.375641,-6.7397437
39550.0,14.378846,-6.7653847
39566.668,14.371795,-6.834615
39583.332,14.349359,-6.9692307
39600.0,14.326923,-7.103846
39616.668,14.334936,-7.0990386
39633.332,14.342949,-7.0942307
39650.0,14.346635,-7.105769
39666.668,14.347436,-7.1282053
39683.332,14.348557,-7.1445513
39700.0,14.350962,-7.1365385
39716.668,14.353365,-7.1285257
39733.332,14.357693,-7.146154
39750.0,14.3625,-7.1701922
39766.668,14.36218,-7.1846156
39783.332,14.354167,-7.1846156
39800.0,14.346154,-7.1846156
39816.668,14.330129,-7.177404
39833.332,14.314102,-7.1701922
39850.0,14.311539,-7.15625
39866.668,14.317948,-7.1378207
39883.332,14.317307,-7.123878
39900.0,14.288462,-7.1278844
39916.668,14.259615,-7.1318913
39933.332,14.2384615,-7.09359
39950.0,14.219231,-7.0447116
39966.668,14.205129,-7.0128207
39983.332,14.198718,-7.00641
40000.0,14.192307,-7.0
40016.668,14.202724,-6.9895835
40033.332,14.213141,-6.9791665
40050.0,14.225481,-6.9716344
40066.668,14.239102,-6.966026
40083.332,14.247115,-6.9578524
40100.0,14.232693,-6.939423
40116.668,14.218269,-6.920994
40133.332,14.202564,-6.932051
40150.0,14.186539,-6.950481
40166.668,14.1551285,-7.0032053
40183.332,14.100641,-7.107372
40200.0,14.046154,-7.2115383
40216.668,14.057372,-7.205128
40233.332,14.06859,-7.198718
40250.0,14.065385,-7.1817307
40266.668,14.052564,-7.1576924
40283.332,14.04359,-7.1355767
40300.0,14.05,-7.121154
40316.668,14.05641,-7.106731
40333.332,14.077564,-7.171795
40350.0,14.102404,-7.2567306
40366.668,14.158654,-7.521154
40383.332,14.262019,-8.054808
40400.0,14.365385,-8.588462
40416.668,14.571987,-7.6633334
40433.332,14.77859,-6.738205
40450.0,14.985192,-5.813077
40466.668,15.191794,-4.8879485
40483.332,15.398397,-3.9628205
40500.0,15.605,-3.0376923
40516.668,15.811603,-2.112564
40533.332,16.018206,-1.1874359
40550.0,16.224808,-0.2623077
40566.668,16.43141,0.6628205
40583.332,16.269552,-1.7089744
40600.0,16.107693,-4.080769
40616.668,15.8625,-5.3572116
40633.332,15.617308,-6.6336536
40650.0,15.449519,-7.5923076
40666.668,15.333333,-8.339103
40683.332,15.204166,-8.980929
40700.0,15.023077,-9.202885
40716.668,14.841988,-9.42484
40733.332,14.688461,-9.310256
40750.0,14.541827,-9.111539
40766.668,14.42468,-8.940385
40783.332,14.351763,-8.810577
40800.0,14.278846,-8.680769
40816.668,14.258013,-8.607853
40833.332,14.23718,-8.534936
40850.0,14.220192,-8.453846
40866.668,14.20577,-8.367308
40883.332,14.188301,-8.265545
40900.0,14.158654,-8.102884
40916.668,14.129006,-7.940224
40933.332,14.096154,-7.8128204
40950.0,14.0625,-7.6942306
40966.668,14.045193,-7.5983973
40983.332,14.052403,-7.536699
41000.0,14.059615,-7.475
41016.668,14.052403,-7.418109
41033.332,14.045193,-7.361218
41050.0,14.0346155,-7.3048077
41066.668,14.021795,-7.248718
41083.332,14.010577,-7.191987
41100.0,14.005769,-7.1326923
41116.668,14.000961,-7.0733976
41133.332,13.985897,-7.0141025
41150.0,13.968269,-6.9548078
41166.668,13.960257,-6.909295
41183.332,13.966666,-6.884455
41200.0,13.973077,-6.8596153
41216.668,13.976282,-6.8524036
41233.332,13.979487,-6.8451924
41250.0,13.991827,-6.831731
41266.668,14.010257,-6.8141026
41283.332,14.017789,-6.7921476
41300.0,13.98173,-6.7528844
41316.668,13.945673,-6.7136216
41333.332,13.926923,-6.6833334
41350.0,13.9125,-6.6552887
41366.668,13.904488,-6.6346154
41383.332,13.90609,-6.625
41400.0,13.907692,-6.6153846
41416.668,13.896474,-6.5897436
41433.332,13.885257,-6.5641026
41450.0,13.877885,-6.5528846
41466.668,13.873077,-6.551282
41483.332,13.870353,-6.553045
41500.0,13.875961,-6.5682693
41516.668,13.881571,-6.5834937
41533.332,13.041667,-6.7884617
41550.0,11.990385,-7.0408654
41566.668,10.538141,-7.3628206
41583.332,8.484455,-7.7891026
41600.0,6.4307694,-8.2153845
41616.668,6.458013,-8.212179
41633.332,6.485256,-8.208974
41650.0,6.508173,-8.197115
41666.668,6.528205,-8.179487
41683.332,6.551442,-8.1700325
41700.0,6.5875,-8.193269
41716.668,6.6235576,-8.216506
41733.332,6.6326923,-8.214103
41750.0,6.635096,-8.205289
41766.668,6.6346154,-8.209616
41783.332,6.6298075,-8.233654
41800.0,6.625,-8.257692
41816.668,6.6274037,-8.232051
41833.332,6.6298075,-8.20641
41850.0,6.6317306,-8.184615
41866.668,6.633333,-8.165384
41883.332,6.6371794,-8.148397
41900.0,6.65,-8.140385
41916.668,6.6628203,-8.132372
41933.332,6.6615386,-8.111539
41950.0,6.6567307,-8.0875
41966.668,6.645513,-8.06282
41983.332,6.6246796,-8.03718
42000.0,6.603846,-8.0115385
42016.668,6.6006413,-7.9891024
42033.332,6.597436,-7.9666667
42050.0,6.59375,-7.9552884
42066.668,6.5897436,-7.951282
42083.332,6.5847754,-7.9440703
42100.0,6.5759616,-7.9240384
42116.668,6.5671473,-7.9040065
42133.332,6.5653844,-7.8923078
42150.0,6.5653844,-7.8826923
42166.668,6.5641026,-7.874359
42183.332,6.5608974,-7.8679485
42200.0,6.5576925,-7.8615384
42216.668,6.5288463,-7.9240384
42233.332,6.5,-7.9865384
42250.0,6.4971156,-8.021153
42266.668,6.5115385,-8.03718
42283.332,6.5266027,-8.051442
42300.0,6.544231,-8.058654
42316.668,6.561859,-8.0658655
42333.332,6.5666666,-8.05
42350.0,6.5682693,-8.028365
42366.668,6.570513,-8.010257
42383.332,6.573718,-7.997436
42400.0,6.576923,-7.9846153
42416.668,6.581731,-7.9701924
42433.332,6.5865383,-7.955769
42450.0,6.5913463,-7.9528847
42466.668,6.5961537,-7.957692
42483.332,6.5996795,-7.959615
42500.0,6.598077,-7.95
42516.668,6.596474,-7.9403844
42533.332,6.6,-7.9358974
42550.0,6.604808,-7.9326925
42566.668,6.604487,-7.921154
42583.332,6.596474,-7.897115
42600.0,6.5884614,-7.873077
42616.668,6.5676284,-7.8201923
42633.332,6.546795,-7.7673078
42650.0,6.5365386,-7.7413464
42666.668,6.5333333,-7.733333
42683.332,6.5298076,-7.729487
42700.0,6.525,-7.7423077
42716.668,6.520192,-7.7551284
42733.332,6.529487,-7.7807693
42750.0,6.542308,-7.8096156
42766.668,6.550641,-7.825641
42783.332,6.5522437,-7.822436
42800.0,6.5538464,-7.8192306
42816.668,6.4480767,-8.0740385
42833.332,6.3423076,-8.328846
42850.0,6.2971153,-8.512019
42866.668,6.292308,-8.647436
42883.332,6.2897434,-8.752725
42900.0,6.296154,-8.7375
42916.668,6.302564,-8.722276
42933.332,6.298718,-8.701923
42950.0,6.292308,-8.680288
42966.668,6.2891026,-8.667949
42983.332,6.290705,-8.669551
43000.0,6.292308,-8.671154
43016.668,6.290705,-8.66234
43033.332,6.2891026,-8.653525
43050.0,6.2875,-8.634615
43066.668,6.2858973,-8.608974
43083.332,6.2852564,-8.586538
43100.0,6.2884617,-8.576923
43116.668,6.2916665,-8.567307
43133.332,6.2897434,-8.561539
43150.0,6.2865386,-8.556731
43166.668,6.2897434,-8.552885
43183.332,6.302564,-8.550481
43200.0,6.3153844,-8.548077
43216.668,6.4147434,-8.301282
43233.332,6.5141025,-8.054487
43250.0,6.5596156,-7.9629807
43266.668,6.5692306,-7.975
43283.332,6.577244,-7.9865384
43300.0,6.578846,-7.996154
43316.668,6.5804486,-8.005769
43333.332,6.578205,-8.005128
43350.0,6.575,-8.001923
43366.668,6.5730767,-7.996154
43383.332,6.5730767,-7.9865384
43400.0,6.5730767,-7.976923
43416.668,6.5602565,-7.965705
43433.332,6.5474358,-7.9544873
43450.0,6.5528846,-7.9625
43466.668,6.570513,-7.983333
43483.332,6.5849357,-8.007372
43500.0,6.5865383,-8.04423
43516.668,6.588141,-8.08109
43533.332,6.5839744,-8.051923
43550.0,6.5783653,-8.00625
43566.668,6.577244,-7.9810896
43583.332,6.5828524,-7.9866986
43600.0,6.5884614,-7.9923077
43616.668,6.598077,-8.008333
43633.332,6.6076922,-8.024359
43650.0,6.605769,-8.015385
43666.668,6.5961537,-7.9897437
43683.332,6.588141,-7.969551
43700.0,6.5865383,-7.9711537
43716.668,6.5849357,-7.9727564
43733.332,6.575641,-7.957692
43750.0,6.564423,-7.9384613
43766.668,6.564423,-7.9323716
43783.332,6.58125,-7.9459934
43800.0,6.598077,-7.959615
43816.668,6.5796475,-7.947596
43833.332,6.561218,-7.935577
43850.0,6.546154,-7.9240384
43866.668,6.5333333,-7.9128203
43883.332,6.5209937,-7.896154
43900.0,6.5105767,-7.8576922
43916.668,6.50016,-7.8192306
43933.332,6.502564,-7.820513
43950.0,6.508173,-7.831731
43966.668,6.5128207,-7.8403845
43983.332,6.5160255,-7.8451924
44000.0,6.519231,-7.85
44016.668,6.5352564,-7.8772435
44033.332,6.551282,-7.904487
44050.0,6.558654,-7.9115386
44066.668,6.5602565,-7.905128
44083.332,6.560737,-7.897115
44100.0,6.5567307,-7.8826923
44116.668,6.5527244,-7.8682694
44133.332,6.548718,-7.85
44150.0,6.5447116,-7.830769
44166.668,6.5400643,-7.8141026
44183.332,6.5344553,-7.801282
44200.0,6.5288463,-7.7884617
44216.668,6.525641,-7.7828526
44233.332,6.5224357,-7.7772436
44250.0,6.5240383,-7.779327
44266.668,6.5288463,-7.7865386
44283.332,7.207692,-7.685737
44300.0,10.582692,-7.1528845
44316.668,13.957692,-6.620032
44333.332,14.925641,-6.4673076
44350.0,15.291827,-6.4096155
44366.668,15.497436,-6.3647437
44383.332,15.462179,-6.3391027
44400.0,15.426923,-6.3134613
44416.668,15.426923,-6.3134613
44433.332,15.426923,-6.3134613
