0.0,-0.4923077,-9.884615
16.666666,-0.4955128,-9.894231
33.333332,-0.49871793,-9.903846
50.0,-0.50961536,-9.9125
66.666664,-0.525641,-9.920513
83.333336,-0.54134613,-9.928846
100.0,-0.5557692,-9.938461
116.666664,-0.57019234,-9.948077
133.33333,-0.574359,-9.96282
150.0,-0.57596153,-9.978847
166.66667,0.03717949,-9.778205
183.33333,1.5724359,-9.252564
200.0,3.1076922,-8.726923
216.66667,4.1141024,-8.581891
233.33333,5.120513,-8.436859
250.0,5.53125,-8.353847
266.66666,5.544872,-8.31218
283.33334,5.5604167,-8.279006
300.0,5.583654,-8.279808
316.66666,5.606891,-8.280609
333.33334,5.628846,-8.2846155
350.0,5.6504807,-8.289423
366.66666,5.664423,-8.272436
383.33334,5.6668267,-8.222756
400.0,5.669231,-8.173077
416.66666,5.669231,-8.182693
433.33334,5.669231,-8.192307
450.0,5.8461537,-6.854808
466.66666,6.1410255,-4.6192307
483.33334,6.3772435,-2.8108974
500.0,6.378846,-2.7115386
516.6667,6.380449,-2.6121795
533.3333,6.383333,-2.5653846
550.0,6.3865385,-2.5317307
566.6667,6.3923078,-2.5064104
583.3333,6.401923,-2.4935896
600.0,6.4115386,-2.4807692
616.6667,6.4131413,-2.4855769
633.3333,6.4147434,-2.4903846
650.0,6.417308,-2.4884615
666.6667,6.4205127,-2.4820514
683.3333,6.3701925,-2.434295
700.0,6.105769,-2.2211537
716.6667,5.8413463,-2.0080128
733.3333,5.7833333,-1.9692308
750.0,5.776923,-1.9740385
766.6667,5.770513,-1.9801282
783.3333,5.7641025,-1.9881411
800.0,5.7576923,-1.9961538
816.6667,5.7528844,-1.9913461
833.3333,5.748077,-1.9865384
850.0,5.7471156,-1.9879807
866.6667,5.748718,-1.9935898
883.3333,5.4201922,-1.9277244
900.0,3.771154,-1.5759616
916.6667,2.1221154,-1.2241987
933.3333,-0.6198718,-1.1173077
950.0,-3.635096,-1.0716347
966.6667,-5.4525642,-1.0490384
983.3333,-5.4733973,-1.0610577
1000.0,-5.4942307,-1.073077
1016.6667,-5.480609,-1.0121795
1033.3334,-5.466987,-0.951282
1050.0,-5.4759617,-0.92980766
1066.6666,-5.5,-0.9346154
1083.3334,-5.525,-0.93685895
1100.0,-5.5538464,-0.9288462
1116.6666,-5.582692,-0.92083335
1133.3334,-5.598718,-0.9064103
1150.0,-5.6115384,-0.8903846
1166.6666,-5.6192307,-0.8679487
1183.3334,-5.6192307,-0.83589745
1200.0,-5.6192307,-0.8038462
1216.6666,-5.625641,-0.8038462
1233.3334,-5.6320515,-0.8038462
1250.0,-5.647115,-0.82211536
1266.6666,-5.6679487,-0.8525641
1283.3334,-5.729968,-1.2895833
1300.0,-5.956731,-3.3528845
1316.6666,-6.1834936,-5.416186
1333.3334,-6.139744,-6.046795
1350.0,-6.0283656,-6.3192306
1366.6666,-5.9621797,-6.482372
1383.3334,-5.963782,-6.4815707
1400.0,-5.9653845,-6.480769
1416.6666,-5.979808,-6.491987
1433.3334,-5.9942307,-6.5032053
1450.0,-5.9971156,-6.514423
1466.6666,-5.9923077,-6.525641
1483.3334,-5.9878206,-6.5354166
1500.0,-5.9846153,-6.539423
1516.6666,-5.98141,-6.5434294
1533.3334,-5.979487,-6.552564
1550.0,-5.977885,-6.5629807
1566.6666,-5.978846,-6.579167
1583.3334,-5.983654,-6.6040063
1600.0,-5.9884615,-6.628846
1616.6666,-5.985256,-6.630449
1633.3334,-5.9820514,-6.6320515
1650.0,-5.9995193,-6.6658654
1666.6666,-6.0307693,-6.7211537
1683.3334,-6.057532,-6.7714744
1700.0,-6.066346,-6.8019233
1716.6666,-6.07516,-6.8323717
1733.3334,-6.0794873,-6.844872
1750.0,-6.082692,-6.852885
1766.6666,-6.0903845,-6.8634615
1783.3334,-6.104808,-6.8778844
1800.0,-6.1192307,-6.8923078
1816.6666,-6.1128206,-6.9003205
1833.3334,-6.10641,-6.9083333
1850.0,-6.0913463,-6.8923078
1866.6666,-6.070513,-6.860256
1883.3334,-6.0554485,-6.836218
1900.0,-6.0634613,-6.8442307
1916.6666,-6.0714746,-6.8522434
1933.3334,-6.0589743,-6.84359
1950.0,-6.041346,-6.830769
1966.6666,-6.0384617,-6.832692
1983.3334,-6.0576925,-6.856731
2000.0,-6.076923,-6.8807693
2016.6666,-6.080128,-6.8807693
2033.3334,-6.0833335,-6.8807693
2050.0,-6.0913463,-6.8826923
2066.6667,-6.1025643,-6.8858976
2083.3333,-6.113782,-6.8919873
2100.0,-6.125,-6.9096155
2116.6667,-6.136218,-6.9272437
2133.3333,-6.1282053,-6.919231
2150.0,-6.1153846,-6.9048076
2166.6667,-4.463141,-6.6003203
2183.3333,-0.35176283,-5.8607373
2200.0,3.7596154,-5.121154
2216.6667,4.6514425,-4.5947113
2233.3333,5.543269,-4.0682693
2250.0,5.9201922,-3.8798077
2266.6667,5.953846,-3.9166667
2283.3333,5.990705,-3.9451923
2300.0,6.040385,-3.9403846
2316.6667,6.090064,-3.935577
2333.3333,6.120513,-3.9628205
2350.0,6.146154,-3.998077
2366.6667,6.1666665,-4.032051
2383.3333,6.179487,-4.0641026
2400.0,6.1923075,-4.0961537
2416.6667,6.0240383,-3.7924678
2433.3333,5.855769,-3.4887822
2450.0,5.764423,-3.2802885
2466.6667,5.724359,-3.1352565
2483.3333,5.691346,-3.0086539
2500.0,5.6865387,-2.9557693
2516.6667,5.6817307,-2.9028847
2533.3333,5.673718,-2.8788462
2550.0,5.6649036,-2.8620193
2566.6667,5.65609,-2.8586538
2583.3333,5.6472754,-2.8754807
2600.0,5.6384616,-2.8923078
2616.6667,5.725,-2.7336538
2633.3333,5.8115387,-2.575
2650.0,5.933654,-2.3365386
2666.6667,6.0794873,-2.0448718
2683.3333,6.1983976,-1.8125
2700.0,6.209615,-1.8173077
2716.6667,6.2208333,-1.8221154
2733.3333,6.224359,-1.8320513
2750.0,6.2259617,-1.8432692
2766.6667,6.228205,-1.8407052
2783.3333,6.23141,-1.8174679
2800.0,6.2346153,-1.7942308
2816.6667,6.2442307,-1.8190705
2833.3333,6.253846,-1.8439102
2850.0,6.2615385,-1.8586539
2866.6667,6.2679486,-1.8666667
2883.3333,6.2233973,-1.898718
2900.0,5.975,-2.0269232
2916.6667,5.7266026,-2.1551282
2933.3333,5.6846156,-2.1923077
2950.0,5.6942306,-2.2067308
2966.6667,5.701282,-2.2160256
2983.3333,5.7044873,-2.2176282
3000.0,5.707692,-2.2192307
3016.6667,5.70609,-2.2400641
3033.3333,5.7044873,-2.2608974
3050.0,5.7115383,-2.26875
3066.6667,5.724359,-2.2679486
3083.3333,5.734295,-2.2645833
3100.0,5.7326922,-2.2509615
3116.6667,5.7310896,-2.2373397
3133.3333,5.7371793,-2.2358975
3150.0,5.7451925,-2.2375
3166.6667,5.75641,-2.2333333
3183.3333,5.7724357,-2.2205129
3200.0,5.7884617,-2.2076924
3216.6667,5.838141,-2.5185897
3233.3333,5.8878207,-2.829487
3250.0,5.9865384,-4.5153847
3266.6667,6.1179485,-7.1179485
3283.3333,6.2246795,-9.186539
3300.0,6.2326922,-9.119231
3316.6667,6.240705,-9.051923
3333.3333,6.24359,-9.021795
3350.0,6.2451925,-9.000961
3366.6667,6.248718,-8.994872
3383.3333,6.2551284,-9.010898
3400.0,6.2615385,-9.026923
3416.6667,6.2727566,-9.034936
3433.3333,6.283974,-9.042949
3450.0,6.294231,-9.056731
3466.6667,6.3038464,-9.074359
3483.3333,6.3246794,-9.069231
3500.0,6.3903847,-8.973077
3516.6667,6.45609,-8.876923
3533.3333,6.4641027,-8.848718
3550.0,6.457692,-8.8375
3566.6667,6.4570513,-8.83077
3583.3333,6.465064,-8.83077
3600.0,6.473077,-8.83077
3616.6667,6.4746795,-8.845994
3633.3333,6.476282,-8.8612175
3650.0,6.479808,-8.8783655
3666.6667,6.4846153,-8.896795
3683.3333,7.0839744,-8.910577
3700.0,10.061539,-8.905769
3716.6667,13.039103,-8.900962
3733.3333,14.399359,-8.858974
3750.0,15.3552885,-8.807693
3766.6667,15.945833,-8.7987175
3783.3333,15.988301,-8.853205
3800.0,16.03077,-8.907692
3816.6667,16.038782,-8.910096
3833.3333,16.046795,-8.9125
3850.0,16.050962,-8.907211
3866.6667,16.052565,-8.896795
3883.3333,16.058012,-8.895192
3900.0,16.078846,-8.928846
3916.6667,16.09968,-8.9625
3933.3333,16.092308,-8.970512
3950.0,16.077885,-8.9721155
3966.6667,16.016346,-8.990385
3983.3333,15.884134,-9.033654
4000.0,15.751923,-9.076923
4016.6667,15.741507,-9.166667
4033.3333,15.73109,-9.256411
4050.0,15.724038,-9.291347
4066.6667,15.719231,-9.289743
4083.3333,15.71282,-9.289103
4100.0,15.7,-9.292308
4116.6665,15.68718,-9.295513
4133.3335,15.686539,-9.305128
4150.0,15.688942,-9.316346
4166.6665,15.695192,-9.324359
4183.3335,15.7072115,-9.327564
4200.0,15.719231,-9.33077
4216.6665,15.709616,-9.309936
4233.3335,15.7,-9.289103
4250.0,11.35,-9.665384
4266.6665,4.10641,-10.30641
4283.3335,-2.8852565,-10.844231
4300.0,-8.869231,-10.969231
4316.6665,-14.853205,-11.094231
4333.3335,-15.83141,-11.053846
4350.0,-15.558173,-10.9721155
4366.6665,-15.382372,-10.903846
4383.3335,-15.352724,-10.855769
4400.0,-15.323077,-10.807693
4416.6665,-15.291827,-10.766026
4433.3335,-15.260577,-10.724359
4450.0,-15.239423,-10.694231
4466.6665,-15.225,-10.671795
4483.3335,-15.213943,-10.648077
4500.0,-15.216346,-10.619231
4516.6665,-15.21875,-10.5903845
4533.3335,-15.21859,-10.584616
4550.0,-15.217789,-10.584616
4566.6665,-15.213141,-10.569872
4583.3335,-15.202724,-10.533012
4600.0,-15.192307,-10.496154
4616.6665,-15.205129,-10.53141
4633.3335,-15.217949,-10.566667
4650.0,-15.204807,-10.555288
4666.6665,-15.174359,-10.51282
4683.3335,-15.149038,-10.479327
4700.0,-15.144231,-10.48173
4716.6665,-15.139423,-10.484135
4733.3335,-15.366667,-10.372436
4750.0,-15.651923,-10.232211
4766.6665,-15.826923,-10.154808
4783.3335,-15.836538,-10.171635
4800.0,-15.846154,-10.188461
4816.6665,-15.852564,-10.158012
4833.3335,-15.858974,-10.127564
4850.0,-15.873077,-10.115385
4866.6665,-15.892307,-10.115385
4883.3335,-15.908334,-10.114102
4900.0,-15.911538,-10.107693
4916.6665,-15.914743,-10.101282
4933.3335,-15.910256,-10.067948
4950.0,-15.903846,-10.0278845
4966.6665,-15.891026,-9.995513
4983.3335,-15.868589,-9.97468
5000.0,-15.846154,-9.953846
5016.6665,-15.854167,-9.973077
5033.3335,-15.86218,-9.992308
5050.0,-15.833653,-9.959616
5066.6665,-15.780769,-9.892307
5083.3335,-15.734936,-9.842949
5100.0,-15.717308,-9.865385
5116.6665,-15.699679,-9.88782
5133.3335,-12.221795,-9.311539
5150.0,-7.878846,-8.585577
5166.6665,-5.1634617,-8.131411
5183.3335,-4.889423,-8.084936
5200.0,-4.6153846,-8.038462
5216.6665,-4.5753207,-8.036859
5233.3335,-4.5352564,-8.035256
5250.0,-4.4975963,-8.036538
5266.6665,-4.4615383,-8.039743
5283.3335,-4.516506,-8.046474
5300.0,-4.935577,-8.067307
5316.6665,-5.3546476,-8.088141
5333.3335,-9.026282,-8.800641
5350.0,-13.511058,-9.686058
5366.6665,-16.182371,-10.184295
5383.3335,-16.133493,-10.101763
5400.0,-16.084616,-10.019231
5416.6665,-16.034935,-10.022436
5433.3335,-15.985256,-10.025641
5450.0,-15.95577,-10.007692
5466.6665,-15.939744,-9.975641
5483.3335,-15.928686,-9.954327
5500.0,-15.9375,-9.975962
5516.6665,-15.946314,-9.997596
5533.3335,-15.947436,-9.984615
5550.0,-15.946634,-9.962981
5566.6665,-15.944872,-9.944231
5583.3335,-15.941667,-9.929808
5600.0,-15.938461,-9.915384
5616.6665,-15.948077,-9.894551
5633.3335,-15.957692,-9.873718
5650.0,-15.966346,-9.8634615
5666.6665,-15.974359,-9.860256
5683.3335,-15.982051,-9.854007
5700.0,-15.9884615,-9.835577
5716.6665,-15.994872,-9.817147
5733.3335,-15.997436,-9.802564
5750.0,-15.999039,-9.788942
5766.6665,-16.001923,-9.780769
5783.3335,-16.006731,-9.780769
5800.0,-16.011538,-9.780769
5816.6665,-16.00593,-9.816026
5833.3335,-16.00032,-9.851282
5850.0,-13.48125,-9.4884615
5866.6665,-9.286538,-8.860256
5883.3335,-5.830769,-8.291347
5900.0,-5.330769,-7.959615
5916.6665,-4.830769,-7.6278844
5933.3335,-4.6935897,-7.525641
5950.0,-4.647115,-7.480769
5966.6665,-4.604487,-7.466987
5983.3335,-4.5676284,-7.49984
6000.0,-4.5307693,-7.5326924
6016.6665,-4.4875,-7.523878
6033.3335,-4.4442306,-7.5150642
6050.0,-5.001923,-7.6639423
6066.6665,-5.9602566,-7.9179487
6083.3335,-6.7259617,-8.122596
6100.0,-6.7211537,-8.129807
6116.6665,-6.7163463,-8.137019
6133.3335,-6.6961536,-8.142307
6150.0,-6.6721153,-8.147116
6166.6665,-6.6621795,-8.165384
6183.3335,-6.6733975,-8.203846
6200.0,-6.6846156,-8.242308
6216.6665,-6.666987,-8.253526
6233.3335,-6.6493587,-8.264744
6250.0,-6.644231,-8.275
6266.6665,-6.6474357,-8.2846155
6283.3335,-6.648077,-8.295193
6300.0,-6.6384616,-8.309615
6316.6665,-6.628846,-8.3240385
6333.3335,-6.624359,-8.316667
6350.0,-6.621154,-8.303846
6366.6665,-6.6192307,-8.289743
6383.3335,-6.6192307,-8.273718
6400.0,-6.6192307,-8.257692
6416.6665,-6.625641,-8.254487
6433.3335,-6.6320515,-8.251282
6450.0,-6.6384616,-8.253846
6466.6665,-6.6448717,-8.260257
6483.3335,-6.6099358,-8.261699
6500.0,-6.4096155,-8.243269
6516.6665,-6.209295,-8.22484
6533.3335,-6.173718,-8.217949
6550.0,-6.179327,-8.213943
6566.6665,-6.1759615,-8.18782
6583.3335,-6.1591344,-8.128526
6600.0,-6.1423078,-8.069231
6616.6665,-6.123077,-8.058013
6633.3335,-6.103846,-8.046795
6650.0,-6.098077,-8.0375
6666.6665,-6.101282,-8.029488
6683.3335,-6.102885,-8.01859
6700.0,-6.098077,-7.996154
6716.6665,-6.0932693,-7.973718
6733.3335,-6.0858974,-7.955128
6750.0,-6.0778847,-7.9375
6766.6665,-6.0730767,-7.927564
6783.3335,-6.0730767,-7.929167
6800.0,-6.0730767,-7.9307694
6816.6665,-6.077083,-7.9147434
6833.3335,-6.08109,-7.898718
6850.0,-6.1004806,-7.9057693
6866.6665,-6.1301284,-7.928205
6883.3335,-6.1528845,-7.939263
6900.0,-6.148077,-7.9048076
6916.6665,-6.143269,-7.8703527
6933.3335,-6.14359,-7.860256
6950.0,-6.145192,-7.85625
6966.6665,-6.195833,-7.690064
6983.3335,-6.320032,-7.280609
7000.0,-6.4442306,-6.871154
7016.6665,-6.4434295,-6.902404
7033.3335,-6.4426284,-6.933654
7050.0,-6.4423075,-6.9384613
7066.6665,-6.4423075,-6.925641
7083.3335,-6.4410257,-6.917308
7100.0,-6.4346156,-6.9269233
7116.6665,-6.428205,-6.9365387
7133.3335,-6.428205,-6.9384613
7150.0,-6.4298077,-6.9384613
7166.6665,-6.427564,-6.95
7183.3335,-6.4195514,-6.978846
7200.0,-6.4115386,-7.0076923
7216.6665,-6.403526,-7.021314
7233.3335,-6.395513,-7.034936
7250.0,-6.395192,-7.0389423
7266.6665,-6.4,-7.0365386
7283.3335,-6.354808,-7.0246797
7300.0,-6.1096153,-6.975
7316.6665,-5.8644233,-6.9253206
7333.3335,-5.6871796,-6.8371797
7350.0,-5.526923,-6.7394233
7366.6665,-5.4365387,-6.6852565
7383.3335,-5.4509616,-6.6964746
7400.0,-5.4653845,-6.707692
7416.6665,-5.4766026,-6.7108974
7433.3335,-5.4878206,-6.7141027
7450.0,-5.490865,-6.7201924
7466.6665,-5.4884615,-6.728205
7483.3335,-5.483494,-6.734295
7500.0,-5.4682693,-6.7326922
7516.6665,-5.453045,-6.7310896
7533.3335,-5.5858974,-6.721795
7550.0,-5.7557693,-6.710577
7566.6665,-5.952244,-6.7464743
7583.3335,-6.188622,-6.853045
7600.0,-6.425,-6.959615
7616.6665,-6.4498396,-6.9508014
7633.3335,-6.4746795,-6.941987
7650.0,-6.480769,-6.9346156
7666.6665,-6.474359,-6.928205
7683.3335,-6.4733973,-6.9269233
7700.0,-6.4942307,-6.9461536
7716.6665,-6.5150642,-6.9653845
7733.3335,-6.5153847,-6.9653845
7750.0,-6.5105767,-6.960577
7766.6665,-6.5115385,-6.967949
7783.3335,-6.521154,-6.99359
7800.0,-6.5307693,-7.019231
7816.6665,-6.5179486,-6.9983974
7833.3335,-6.5051284,-6.9775643
7850.0,-6.5115385,-6.9875
7866.6665,-6.5307693,-7.0179486
7883.3335,-6.5471153,-7.047756
7900.0,-6.5519233,-7.075
7916.6665,-6.5567307,-7.1022434
7933.3335,-6.544872,-7.0871797
7950.0,-6.5288463,-7.0615387
7966.6665,-6.51859,-7.048718
7983.3335,-6.5169873,-7.055128
8000.0,-6.5153847,-7.0615387
8016.6665,-6.520192,-7.079167
8033.3335,-6.525,-7.096795
8050.0,-6.518269,-7.0971155
8066.6665,-6.503846,-7.0858974
8083.3335,-6.4923077,-7.078205
8100.0,-6.4923077,-7.084615
8116.6665,-6.4923077,-7.091026
8133.3335,-6.4910254,-7.080769
8150.0,-6.4894233,-7.066346
8166.6665,-6.4913464,-7.06891
8183.3335,-6.4985576,-7.0969553
8200.0,-6.5057693,-7.125
8216.667,-6.4793267,-7.124199
8233.333,-6.4528847,-7.1233974
8250.0,-6.441346,-7.1336536
8266.667,-6.4397435,-7.151282
8283.333,-6.43766,-7.1697116
8300.0,-6.433654,-7.191346
8316.667,-6.4296474,-7.2129807
8333.333,-6.4346156,-7.246154
8350.0,-6.441827,-7.2822113
8366.667,-6.450641,-7.3089743
8383.333,-6.4618587,-7.321795
8400.0,-6.473077,-7.334615
8416.667,-6.4602566,-7.3073716
8433.333,-6.447436,-7.280128
8450.0,-6.435577,-7.283173
8466.667,-6.424359,-7.3064103
8483.333,-6.4134617,-7.3241987
8500.0,-6.4038463,-7.3201923
8516.667,-6.394231,-7.316186
8533.333,-6.3974357,-7.320513
8550.0,-6.4038463,-7.326923
8566.667,-6.4,-7.325641
8583.333,-6.3807693,-7.3128204
8600.0,-6.3615384,-7.3
8616.667,-6.345513,-7.2759614
8633.333,-6.3294873,-7.251923
8650.0,-6.3211536,-7.2365384
8666.667,-6.317949,-7.226923
8683.333,-6.3147435,-7.2163463
8700.0,-6.3115387,-7.201923
8716.667,-6.3083334,-7.1875
8733.333,-6.3128204,-7.1897435
8750.0,-6.3192306,-7.1961536
8766.667,-6.323718,-7.201923
8783.333,-6.3253207,-7.206731
8800.0,-6.326923,-7.2115383
8816.667,-6.3125,-7.1891026
8833.333,-6.298077,-7.1666665
8850.0,-6.291346,-7.1788464
8866.667,-6.2897434,-7.2141027
8883.333,-6.289423,-7.2439103
8900.0,-6.294231,-7.251923
8916.667,-6.2990384,-7.259936
8933.333,-6.296154,-7.276923
8950.0,-6.291346,-7.296154
8966.667,-6.2916665,-7.323718
8983.333,-6.2996793,-7.363782
9000.0,-6.3076925,-7.4038463
9016.667,-11.140224,-5.7259617
9033.333,-15.972756,-4.048077
9050.0,-18.604326,-2.9259615
9066.667,-19.768589,-2.174359
9083.333,-20.689423,-1.5791667
9100.0,-20.636538,-1.6096153
9116.667,-20.583654,-1.6400641
9133.333,-20.541025,-1.6782051
9150.0,-20.500961,-1.7182692
9166.667,-20.476282,-1.7576923
9183.333,-20.47468,-1.7961539
9200.0,-20.473078,-1.8346153
9216.667,-20.469872,-1.8554487
9233.333,-20.466667,-1.8762821
9250.0,-20.464422,-1.9067308
9266.667,-20.46282,-1.9435897
9283.333,-20.471153,-1.9753205
9300.0,-20.51923,-1.9865384
9316.667,-20.567308,-1.9977564
9333.333,-20.605127,-2.0166667
9350.0,-20.640385,-2.0375
9366.667,-19.720512,-2.261859
9383.333,-17.367949,-2.7915065
9400.0,-15.015385,-3.3211539
9416.667,-14.288429,-3.3652244
9433.333,-13.561475,-3.4092948
9450.0,-12.834519,-3.4533653
9466.667,-12.107564,-3.4974358
9483.333,-11.380609,-3.5415065
9500.0,-10.653654,-3.585577
9516.667,-9.926699,-3.6296475
9533.333,-9.199743,-3.673718
9550.0,-8.472789,-3.7177885
9566.667,-7.7458334,-3.761859
9583.333,-8.009455,-5.406891
9600.0,-8.273077,-7.0519233
9616.667,-7.9910254,-6.862019
9633.333,-7.7089744,-6.6721153
9650.0,-7.5778847,-6.6384616
9666.667,-7.5474358,-6.7089744
9683.333,-7.518269,-6.76859
9700.0,-7.4942307,-6.7846155
9716.667,-7.4701924,-6.800641
9733.333,-7.4525642,-6.76859
9750.0,-7.4365387,-6.7245193
9766.667,-7.1076922,-6.909295
9783.333,-6.3096156,-7.43734
9800.0,-5.5115385,-7.9653845
9816.667,-5.515545,-7.9733973
9833.333,-5.5195513,-7.98141
9850.0,-5.5177884,-7.998077
9866.667,-5.5121794,-8.020513
9883.333,-5.5105767,-8.038141
9900.0,-5.525,-8.036538
9916.667,-5.539423,-8.034936
9933.333,-5.5602565,-8.051282
9950.0,-5.582692,-8.072115
9966.667,-5.6035256,-8.069551
9983.333,-5.621955,-8.031891
10000.0,-5.6403847,-7.9942307
10016.667,-6.030609,-7.986218
10033.333,-6.420833,-7.978205
10050.0,-6.5673075,-7.9591346
10066.667,-6.551282,-7.9326925
10083.333,-6.5384617,-7.909936
10100.0,-6.5384617,-7.901923
10116.667,-6.5384617,-7.8939104
10133.333,-6.529487,-7.889744
10150.0,-6.518269,-7.8865385
10166.667,-6.5121794,-7.878846
10183.333,-6.513782,-7.8644233
10200.0,-6.5153847,-7.85
10216.667,-6.50016,-7.8516026
10233.333,-6.4849358,-7.853205
10250.0,-6.4783654,-7.852885
10266.667,-6.4775643,-7.851282
10283.333,-6.4759617,-7.851122
10300.0,-6.4711537,-7.856731
10316.667,-6.4663463,-7.86234
10333.333,-6.451282,-7.873077
10350.0,-6.433654,-7.885096
10366.667,-6.4221153,-7.894231
10383.333,-6.4197116,-7.8990383
10400.0,-6.417308,-7.9038463
10416.667,-6.417308,-7.9246793
10433.333,-6.417308,-7.945513
10450.0,-6.4120193,-7.9451923
10466.667,-6.403205,-7.9307694
10483.333,-6.396154,-7.920032
10500.0,-6.396154,-7.9240384
10516.667,-6.396154,-7.928045
10533.333,-6.39359,-7.9358974
10550.0,-6.3903847,-7.9447117
10566.667,-6.3839746,-7.9403844
10583.333,-6.3727565,-7.916346
10600.0,-6.3615384,-7.8923078
10616.667,-6.3535256,-7.8834934
10633.333,-6.345513,-7.8746796
10650.0,-6.3375,-7.8822117
10666.667,-6.3294873,-7.900641
10683.333,-6.3221154,-7.9168267
10700.0,-6.3173075,-7.9240384
10716.667,-6.3125,-7.93125
10733.333,-6.328205,-7.957692
10750.0,-6.3490386,-7.988942
10766.667,-6.3596153,-7.995513
10783.333,-6.354808,-7.965064
10800.0,-6.35,-7.9346156
10816.667,-6.3628206,-7.971474
10833.333,-6.375641,-8.008333
10850.0,-6.3798075,-8.025962
10866.667,-6.3782053,-8.030769
10883.333,-6.3778844,-8.031891
10900.0,-6.3826923,-8.01827
10916.667,-6.3875,-8.004647
10933.333,-6.3807693,-7.9858975
10950.0,-6.371154,-7.9658656
10966.667,-6.370513,-7.953846
10983.333,-6.383333,-7.953846
11000.0,-6.396154,-7.953846
11016.667,-6.388141,-7.936218
11033.333,-6.3801284,-7.9185896
11050.0,-6.383173,-7.9014425
11066.667,-6.39359,-7.8846154
11083.333,-6.403205,-7.871314
11100.0,-6.4096155,-7.8721156
11116.667,-6.4160256,-7.8729167
11133.333,-6.4179487,-7.8858976
11150.0,-6.41875,-7.901923
11166.667,-6.419872,-7.9083333
11183.333,-6.4214745,-7.9003205
11200.0,-6.423077,-7.8923078
11216.667,-6.4134617,-7.8875
11233.333,-6.4038463,-7.8826923
11250.0,-6.4038463,-7.8802886
11266.667,-6.4102564,-7.879487
11283.333,-6.4147434,-7.88125
11300.0,-6.4115386,-7.893269
11316.667,-6.4083333,-7.9052887
11333.333,-6.4038463,-7.925641
11350.0,-6.3990383,-7.9480767
11366.667,-6.396154,-7.95609
11383.333,-6.396154,-7.942468
11400.0,-6.396154,-7.9288464
11416.667,-6.3689103,-7.911218
11433.333,-6.3416667,-7.89359
11450.0,-6.125,-7.8735576
11466.667,-5.782051,-7.851923
11483.333,-5.5070515,-7.831731
11500.0,-5.503846,-7.8173075
11516.667,-5.500641,-7.8028846
11533.333,-5.502564,-7.805128
11550.0,-5.5057693,-7.8115387
11566.667,-5.515705,-7.8134613
11583.333,-5.535737,-7.808654
11600.0,-5.5557694,-7.8038464
11616.667,-5.5822115,-7.8334937
11633.333,-5.608654,-7.863141
11650.0,-5.668269,-7.848077
11666.667,-5.75,-7.803205
11683.333,-5.879968,-7.757532
11700.0,-6.2028847,-7.708654
11716.667,-6.525801,-7.6597757
11733.333,-6.5730767,-7.6410255
11750.0,-6.551442,-7.6298075
11766.667,-6.544231,-7.624359
11783.333,-6.558654,-7.627564
11800.0,-6.5730767,-7.6307693
11816.667,-6.5634613,-7.6147437
11833.333,-6.5538464,-7.598718
11850.0,-6.55,-7.5985575
11866.667,-6.55,-7.6089745
11883.333,-6.5490384,-7.619391
11900.0,-6.544231,-7.6298075
11916.667,-6.539423,-7.6402245
11933.333,-6.252564,-7.5794873
11950.0,-5.895192,-7.5009613
11966.667,-5.677564,-7.445513
11983.333,-5.6695514,-7.4246793
12000.0,-5.6615386,-7.4038463
12016.667,-5.6647434,-7.405449
12033.333,-5.6679487,-7.407051
12050.0,-5.673077,-7.4221153
12066.667,-5.679487,-7.4461536
12083.333,-5.684936,-7.469872
12100.0,-5.6865387,-7.4923077
12116.667,-5.688141,-7.514744
12133.333,-5.679487,-7.526923
12150.0,-5.668269,-7.5365386
12166.667,-5.7858973,-7.5378203
12183.333,-6.096795,-7.5266027
12200.0,-6.4076924,-7.5153847
12216.667,-6.3964744,-7.557051
12233.333,-6.3852563,-7.598718
12250.0,-6.3846154,-7.6144233
12266.667,-6.3910255,-7.6128206
12283.333,-6.397917,-7.613141
12300.0,-6.4067307,-7.621154
12316.667,-6.415545,-7.6291666
12333.333,-6.398718,-7.6025643
12350.0,-6.3754807,-7.5673075
12366.667,-6.3596153,-7.5474358
12383.333,-6.354808,-7.550641
12400.0,-6.35,-7.5538464
12416.667,-6.346795,-7.5538464
12433.333,-6.34359,-7.5538464
12450.0,-6.335577,-7.5548077
12466.667,-6.324359,-7.5564103
12483.333,-6.3157053,-7.5608974
12500.0,-6.3173075,-7.576923
12516.667,-6.31891,-7.592949
12533.333,-6.3089743,-7.6051283
12550.0,-6.296154,-7.6163464
12566.667,-6.2878203,-7.6272435
12583.333,-6.286218,-7.63766
12600.0,-6.2846155,-7.648077
12616.667,-6.2669873,-7.6136217
12633.333,-6.249359,-7.579167
12650.0,-6.2384615,-7.566827
12666.667,-6.2320514,-7.5692306
12683.333,-6.227885,-7.579167
12700.0,-6.2326922,-7.6192307
12716.667,-6.2375,-7.659295
12733.333,-4.025641,-7.90641
12750.0,-1.2596154,-8.205289
12766.667,2.811859,-8.484295
12783.333,8.841506,-8.733494
12800.0,14.871154,-8.982693
12816.667,14.864743,-8.999519
12833.333,14.858334,-9.016346
12850.0,14.900962,-8.998558
12866.667,14.976282,-8.957692
12883.333,15.048557,-8.923237
12900.0,15.108654,-8.914423
12916.667,15.16875,-8.905609
12933.333,15.205129,-8.889744
12950.0,15.235577,-8.872115
12966.667,15.2615385,-8.859615
12983.333,15.280769,-8.854808
13000.0,15.3,-8.85
13016.667,15.308013,-8.848397
13033.333,15.316026,-8.846795
13050.0,15.323077,-8.839904
13066.667,15.329487,-8.829487
13083.333,15.336859,-8.818109
13100.0,15.348077,-8.802885
13116.667,15.359295,-8.787661
13133.333,15.383333,-8.792308
13150.0,15.410577,-8.801923
13166.667,15.43141,-8.817628
13183.333,15.442628,-8.842468
13200.0,15.453846,-8.867308
13216.667,15.43782,-8.856891
13233.333,15.421795,-8.846475
13250.0,15.503846,-8.884615
13266.667,15.651282,-8.955129
13283.333,15.771314,-9.012019
13300.0,15.781731,-9.014423
13316.667,15.792148,-9.016827
13333.333,15.8,-9.032692
13350.0,15.807212,-9.051923
13366.667,15.813461,-9.070192
13383.333,15.818269,-9.087019
13400.0,15.823077,-9.103847
13416.667,15.821474,-9.0926285
13433.333,15.819872,-9.08141
13450.0,15.815385,-9.068269
13466.667,15.808974,-9.053846
13483.333,15.802885,-9.040705
13500.0,15.798077,-9.032692
13516.667,15.793269,-9.024679
13533.333,15.797436,-9.020513
13550.0,15.803846,-9.017307
13566.667,15.809615,-9.007051
13583.333,15.814423,-8.9862175
13600.0,15.819231,-8.9653845
13616.667,15.8240385,-8.997436
13633.333,15.828846,-9.029488
13650.0,12.371154,-8.881731
13666.667,6.6051283,-8.614102
13683.333,1.2048076,-8.270833
13700.0,-2.7326922,-7.625
13716.667,-6.6701922,-6.9791665
13733.333,-7.4378204,-6.801282
13750.0,-7.4129806,-6.7403846
13766.667,-7.392628,-6.6942306
13783.333,-7.3790064,-6.6701922
13800.0,-7.3653846,-6.646154
13816.667,-7.3878207,-6.660577
13833.333,-7.4102564,-6.675
13850.0,-7.4302883,-6.6875
13866.667,-7.448718,-6.698718
13883.333,-7.295673,-6.70609
13900.0,-6.456731,-6.6980767
13916.667,-5.6177883,-6.690064
13933.333,-5.428205,-6.7064104
13950.0,-5.4009614,-6.728846
13966.667,-5.376923,-6.7378206
13983.333,-5.3576922,-6.7266026
14000.0,-5.3384614,-6.7153845
14016.667,-5.333654,-6.728205
14033.333,-5.328846,-6.7410254
14050.0,-5.3211536,-6.7475963
14066.667,-5.3115387,-6.75
14083.333,-5.3035254,-6.753045
14100.0,-5.3019233,-6.7586536
14116.667,-5.3003206,-6.7642627
14133.333,-5.3064103,-6.7679486
14150.0,-5.314423,-6.771154
14166.667,-5.3214746,-6.780128
14183.333,-5.327083,-6.797756
14200.0,-5.332692,-6.8153844
14216.667,-5.338301,-6.8193913
14233.333,-5.34391,-6.8233976
14250.0,-5.353846,-6.8341346
14266.667,-5.366667,-6.849359
14283.333,-5.37516,-6.860096
14300.0,-5.3663464,-6.852885
14316.667,-5.357532,-6.845673
14333.333,-5.123077,-6.8717947
14350.0,-4.8322115,-6.90625
14366.667,-2.7612178,-7.2266026
14383.333,1.979968,-7.9758015
14400.0,6.7211537,-8.725
14416.667,6.8084936,-8.751442
14433.333,6.8958335,-8.7778845
14450.0,6.9375,-8.775
14466.667,6.948718,-8.752564
14483.333,6.963141,-8.739423
14500.0,6.9903846,-8.763461
14516.667,7.017628,-8.7875
14533.333,7.032051,-8.796154
14550.0,7.043269,-8.8009615
14566.667,6.874359,-8.804487
14583.333,6.4352565,-8.806089
14600.0,5.996154,-8.807693
14616.667,5.9865384,-8.857371
14633.333,5.976923,-8.907051
14650.0,5.9711537,-8.9177885
14666.667,5.967949,-8.902564
14683.333,5.9653845,-8.895352
14700.0,5.9653845,-8.920193
14716.667,5.9653845,-8.945032
14733.333,5.980769,-8.948718
14750.0,6.0,-8.947115
14766.667,6.0121794,-8.939744
14783.333,6.013782,-8.9237175
14800.0,6.0153847,-8.907692
14816.667,6.0153847,-8.907692
14833.333,6.0153847,-8.907692
14850.0,6.019231,-8.9096155
14866.667,6.025641,-8.912821
14883.333,6.0272436,-8.918269
14900.0,6.0096154,-8.932693
14916.667,5.991987,-8.947115
14933.333,5.9910254,-8.944872
14950.0,5.9942307,-8.938461
14966.667,5.996154,-8.931089
14983.333,5.996154,-8.922276
15000.0,5.996154,-8.913462
15016.667,6.0089746,-8.904648
15033.333,6.021795,-8.895833
15050.0,6.0298076,-8.892789
15066.667,6.0346155,-8.89359
15083.333,6.0391026,-8.898878
15100.0,6.042308,-8.922115
15116.667,6.0455127,-8.945353
15133.333,6.0474358,-8.939744
15150.0,6.0490384,-8.926923
15166.667,6.048718,-8.915384
15183.333,6.0455127,-8.905769
15200.0,6.042308,-8.896153
15216.667,6.03109,-8.888141
15233.333,6.0198717,-8.880128
15250.0,6.0153847,-8.875
15266.667,6.0153847,-8.871795
15283.333,6.013782,-8.866507
15300.0,6.0057693,-8.852884
15316.667,5.9977565,-8.839263
15333.333,5.9923077,-8.853847
15350.0,5.9875,-8.875481
15366.667,5.9858975,-8.896153
15383.333,5.9891024,-8.915384
15400.0,5.9923077,-8.934615
15416.667,5.984295,-8.929808
15433.333,5.976282,-8.925
15450.0,7.706731,-8.98173
15466.667,10.596154,-9.079487
15483.333,13.102884,-9.14391
15500.0,14.078846,-9.075
15516.667,15.054808,-9.00609
15533.333,15.267949,-8.984615
15550.0,15.290384,-8.975
15566.667,15.307052,-8.970512
15583.333,15.315064,-8.973718
15600.0,15.323077,-8.976923
15616.667,15.334295,-8.984936
15633.333,15.345512,-8.992949
15650.0,15.35673,-9.005769
15666.667,15.367949,-9.021795
15683.333,15.375641,-9.033975
15700.0,15.369231,-9.030769
15716.667,15.362821,-9.027564
15733.333,15.369231,-9.028205
15750.0,15.378846,-9.029808
15766.667,15.392307,-9.045193
15783.333,15.411538,-9.08125
15800.0,15.430769,-9.117308
15816.667,15.430769,-9.092468
15833.333,15.430769,-9.067628
15850.0,15.430769,-9.061539
15866.667,15.430769,-9.067948
15883.333,15.432693,-9.0740385
15900.0,15.442307,-9.078846
15916.667,15.451923,-9.083653
15933.333,15.444872,-9.0903845
15950.0,15.433654,-9.097596
15966.667,15.421795,-9.101282
15983.333,15.408975,-9.09968
16000.0,15.396153,-9.098077
16016.667,15.402564,-9.095673
16033.333,15.408975,-9.093269
16050.0,15.414423,-9.0971155
16066.667,15.41923,-9.105128
16083.333,15.4237175,-9.1157055
16100.0,15.426923,-9.1365385
16116.667,15.430128,-9.1573715
16133.333,15.417949,-9.139744
16150.0,15.401923,-9.1125
16166.667,15.394231,-9.0903845
16183.333,15.399038,-9.075961
16200.0,15.403846,-9.061539
16216.667,12.632212,-9.067948
16233.333,9.860577,-9.074359
16250.0,7.871154,-9.107693
16266.667,6.403205,-9.158975
16283.333,5.2264423,-9.2012825
16300.0,5.214423,-9.207692
16316.667,5.202404,-9.214103
16333.333,5.1858974,-9.205129
16350.0,5.168269,-9.192307
16366.667,5.148077,-9.18141
16383.333,5.1240387,-9.173397
16400.0,5.1,-9.165384
16416.666,5.096795,-9.175
16433.334,5.09359,-9.184615
16450.0,5.095673,-9.183173
16466.666,5.101282,-9.174359
16483.334,5.170673,-9.144391
16500.0,5.4951925,-9.029808
16516.666,5.8197117,-8.915224
16533.334,5.896154,-8.888461
16550.0,5.910577,-8.883654
16566.666,5.924359,-8.886218
16583.334,5.9371796,-8.899839
16600.0,5.95,-8.913462
16616.666,5.9692307,-8.879006
16633.334,5.9884615,-8.844551
16650.0,6.0033655,-8.840865
16666.666,6.0153847,-8.857693
16683.334,6.028686,-8.876442
16700.0,6.0471153,-8.9028845
16716.666,6.065545,-8.929327
16733.334,6.0858974,-8.940385
16750.0,6.106731,-8.947597
16766.666,6.125,-8.958013
16783.334,6.139423,-8.973237
16800.0,6.1538463,-8.9884615
16816.666,6.1650643,-8.985256
16833.334,6.176282,-8.982051
16850.0,6.1951923,-8.98173
16866.666,6.2192307,-8.983334
16883.334,6.240705,-8.977564
16900.0,6.251923,-8.942307
16916.666,6.263141,-8.907051
16933.334,6.2807693,-8.9051285
16950.0,6.3,-8.911538
16966.666,6.316346,-8.929808
16983.334,6.3283653,-8.965865
17000.0,6.3403845,-9.001923
17016.666,6.349199,-9.007532
17033.334,6.3580127,-9.013141
17050.0,6.3692307,-9.01827
17066.666,6.3820515,-9.023077
17083.334,6.3923078,-9.027083
17100.0,6.3923078,-9.0278845
17116.666,6.3923078,-9.028686
17133.334,6.3923078,-9.047436
17150.0,6.3923078,-9.070673
17166.666,6.39359,-9.088462
17183.334,6.396795,-9.098077
17200.0,6.4,-9.107693
17216.666,6.411218,-9.110096
17233.334,6.4224358,-9.1125
17250.0,6.4269233,-9.109615
17266.666,6.4269233,-9.103205
17283.334,6.426442,-9.09407
17300.0,6.4240384,-9.0740385
17316.666,6.4216347,-9.054007
17333.334,6.429487,-9.060256
17350.0,6.4399037,-9.073077
17366.666,6.45,-9.078526
17383.334,6.459615,-9.072917
17400.0,6.4692307,-9.067307
17416.666,6.4748397,-9.066506
17433.334,6.4804487,-9.065705
17450.0,6.3322115,-8.9
17466.666,6.0814104,-8.624359
17483.334,5.8836536,-8.402564
17500.0,5.898077,-8.396153
17516.666,5.9125,-8.389744
17533.334,5.9128203,-8.411538
17550.0,5.9096155,-8.440385
17566.666,5.9038463,-8.458974
17583.334,5.894231,-8.462179
17600.0,5.8846154,-8.4653845
17616.666,5.883013,-8.476603
17633.334,5.88141,-8.487821
17650.0,5.8817306,-8.490385
17666.666,5.883333,-8.48718
17683.334,5.884936,-8.48718
17700.0,5.8865385,-8.5
17716.666,5.888141,-8.51282
17733.334,5.8807693,-8.517949
17750.0,5.871154,-8.521153
17766.666,5.8679485,-8.510898
17783.334,5.874359,-8.480449
17800.0,5.8807693,-8.45
17816.666,5.8791666,-8.459616
17833.334,5.877564,-8.469231
17850.0,4.9096155,-8.454807
17866.666,3.297436,-8.424359
17883.334,0.8403846,-8.43718
17900.0,-4.996154,-8.623077
17916.666,-10.832692,-8.808974
17933.334,-13.240385,-8.982693
17950.0,-14.790865,-9.153365
17966.666,-15.734295,-9.245833
17983.334,-15.767147,-9.220994
18000.0,-15.8,-9.196154
18016.666,-15.827244,-9.192948
18033.334,-15.854487,-9.189744
18050.0,-15.877404,-9.200961
18066.666,-15.897436,-9.221795
18083.334,-15.913622,-9.242308
18100.0,-15.914423,-9.2615385
18116.666,-15.915224,-9.280769
18133.334,-15.882051,-9.366667
18150.0,-15.8403845,-9.469231
18166.666,-15.78718,-9.6134615
18183.334,-15.716666,-9.820192
18200.0,-15.646153,-10.026923
18216.666,-15.661378,-10.03734
18233.334,-15.676602,-10.047756
18250.0,-15.689904,-10.060096
18266.666,-15.701923,-10.073718
18283.334,-15.709295,-10.082692
18300.0,-15.698077,-10.073077
18316.666,-15.686859,-10.063461
18333.334,-15.696154,-10.080129
18350.0,-15.710577,-10.103365
18366.666,-15.711538,-10.114102
18383.334,-15.692307,-10.10609
18400.0,-15.673077,-10.098077
18416.666,-15.666667,-10.098077
18433.334,-15.660256,-10.098077
18450.0,-15.666347,-10.117788
18466.666,-15.680769,-10.150641
18483.334,-15.689102,-10.174359
18500.0,-15.673077,-10.161538
18516.666,-15.657051,-10.148718
18533.334,-15.657692,-10.153846
18550.0,-15.6625,-10.163462
18566.666,-15.664423,-10.166026
18583.334,-15.662019,-10.158012
18600.0,-15.6596155,-10.15
18616.666,-15.663622,-10.15641
18633.334,-15.667628,-10.162821
18650.0,-15.660577,-10.1625
18666.666,-15.646153,-10.157692
18683.334,-15.6342945,-10.154488
18700.0,-15.632692,-10.157692
18716.666,-15.63109,-10.160897
18733.334,-15.642307,-10.167949
18750.0,-15.656731,-10.1759615
18766.666,-15.65641,-10.172436
18783.334,-15.633974,-10.151603
18800.0,-15.611539,-10.130769
18816.666,-15.611539,-10.114743
18833.334,-15.611539,-10.098718
18850.0,-15.609615,-10.094711
18866.666,-15.60641,-10.098718
18883.334,-15.603847,-10.1030445
18900.0,-15.603847,-10.108654
18916.666,-15.603847,-10.114263
18933.334,-15.592949,-10.101282
18950.0,-15.579327,-10.083653
18966.666,-15.569231,-10.077564
18983.334,-15.564423,-10.088782
19000.0,-15.559615,-10.1
19016.666,-15.544391,-10.104808
19033.334,-15.529166,-10.109615
19050.0,-15.509615,-10.098077
19066.666,-15.48718,-10.075641
19083.334,-15.467949,-10.055128
19100.0,-15.461538,-10.042308
19116.666,-15.455129,-10.029488
19133.334,-15.430769,-10.0
19150.0,-15.401923,-9.966346
19166.666,-15.387179,-9.947436
19183.334,-15.39359,-9.950641
19200.0,-15.4,-9.953846
19216.666,-15.405609,-9.958653
19233.334,-15.411218,-9.963462
19250.0,-15.415865,-9.95625
19266.666,-15.419871,-9.941026
19283.334,-15.42484,-9.928846
19300.0,-15.433654,-9.928846
19316.666,-15.442468,-9.928846
19333.334,-15.446154,-9.907692
19350.0,-15.448558,-9.88125
19366.666,-15.458013,-9.875961
19383.334,-15.4780445,-9.902404
19400.0,-15.498077,-9.928846
19416.666,-15.502084,-9.944071
19433.334,-15.50609,-9.959295
19450.0,-15.508654,-9.963462
19466.666,-15.510257,-9.960257
19483.334,-15.5137825,-9.955449
19500.0,-15.525,-9.944231
19516.666,-15.536218,-9.933013
19533.334,-15.53718,-10.024359
19550.0,-15.535577,-10.141346
19566.666,-15.53718,-10.20577
19583.334,-15.54359,-10.191346
19600.0,-15.55,-10.176923
19616.666,-15.555609,-10.176923
19633.334,-15.561218,-10.176923
19650.0,-15.558173,-10.187019
19666.666,-15.549359,-10.203846
19683.334,-15.545513,-10.222276
19700.0,-15.561539,-10.247115
19716.666,-15.577564,-10.2719555
19733.334,-15.573077,-10.270513
19750.0,-15.563461,-10.2625
19766.666,-15.555769,-10.252564
19783.334,-15.5509615,-10.239743
19800.0,-15.546154,-10.226923
19816.666,-15.548557,-10.2221155
19833.334,-15.5509615,-10.217308
19850.0,-15.548557,-10.2153845
19866.666,-15.542949,-10.2153845
19883.334,-15.539743,-10.216666
19900.0,-15.546154,-10.223077
19916.666,-15.552564,-10.229487
19933.334,-15.541026,-10.221795
19950.0,-15.525,-10.210577
19966.666,-15.516026,-10.207051
19983.334,-15.517629,-10.215064
20000.0,-15.519231,-10.223077
20016.666,-15.502404,-10.200641
20033.334,-15.485577,-10.1782055
20050.0,-15.48173,-10.164904
20066.666,-15.486539,-10.157692
20083.334,-15.490866,-10.156731
20100.0,-15.493269,-10.180769
20116.666,-15.495673,-10.204807
20133.334,-14.303846,-10.030769
20150.0,-12.813461,-9.807212
20166.666,-10.480128,-9.326923
20183.334,-6.882372,-8.461538
20200.0,-3.2846153,-7.5961537
20216.666,-3.6435897,-7.2772436
20233.334,-4.002564,-6.9583335
20250.0,-4.4552884,-6.4947114
20266.666,-4.970513,-5.9346156
20283.334,-5.364904,-5.500801
20300.0,-5.2759614,-5.5721154
20316.666,-5.1870193,-5.6434293
20333.334,-5.126923,-5.724359
20350.0,-5.0740385,-5.8076925
20366.666,-5.2134614,-5.9608974
20383.334,-5.641346,-6.21891
20400.0,-6.0692306,-6.476923
20416.666,-6.1285257,-6.7301283
20433.334,-6.1878204,-6.983333
20450.0,-6.2173076,-7.0730767
20466.666,-6.226923,-7.0538464
20483.334,-6.2346153,-7.0336537
20500.0,-6.2346153,-7.0096154
20516.666,-6.2346153,-6.985577
20533.334,-6.2378206,-6.980769
20550.0,-6.241827,-6.980769
20566.666,-6.2394233,-6.9775643
20583.334,-6.2274036,-6.969551
20600.0,-6.2153845,-6.9615383
20616.666,-6.2442307,-6.988782
20633.334,-6.273077,-7.0160255
20650.0,-6.290385,-7.0048075
20666.666,-6.3,-6.967949
20683.334,-6.3096156,-6.9384613
20700.0,-6.3192306,-6.9384613
20716.666,-6.328846,-6.9384613
20733.334,-6.341026,-6.944872
20750.0,-6.353846,-6.9528847
20766.666,-6.375641,-6.9608974
20783.334,-6.4108973,-6.96891
20800.0,-6.4461536,-6.976923
20816.666,-6.4253206,-6.959295
20833.334,-6.404487,-6.9416666
20850.0,-6.3923078,-6.916346
20866.666,-6.3858976,-6.8858976
20883.334,-6.384455,-6.8673077
20900.0,-6.4028845,-6.896154
20916.666,-6.4213142,-6.925
20933.334,-7.0455127,-6.9608974
20950.0,-7.8211536,-6.9985576
20966.666,-8.279166,-7.005449
20983.334,-8.260737,-6.966186
21000.0,-8.242308,-6.9269233
21016.666,-8.264744,-6.9509616
21033.334,-8.28718,-6.975
21050.0,-8.305769,-6.990865
21066.666,-8.3217945,-7.001282
21083.334,-8.333333,-7.0084934
21100.0,-8.326923,-7.0028844
21116.666,-8.320513,-6.997276
21133.334,-8.338462,-7.023077
21150.0,-8.3625,-7.0567307
21166.666,-8.381411,-7.080769
21183.334,-8.392629,-7.0903845
21200.0,-8.403846,-7.1
21216.666,-11.785256,-8.335577
21233.334,-15.166667,-9.571154
21250.0,-16.547115,-10.038462
21266.666,-16.59359,-9.993589
21283.334,-16.633333,-9.963782
21300.0,-16.646154,-9.994231
21316.666,-16.658974,-10.024679
21333.334,-16.669231,-10.0346155
21350.0,-16.678846,-10.039423
21366.666,-16.691025,-10.04359
21383.334,-16.707052,-10.046795
21400.0,-16.723078,-10.05
21416.666,-16.726282,-10.0532055
21433.334,-16.729486,-10.05641
21450.0,-16.733654,-10.054808
21466.666,-16.738462,-10.05
21483.334,-16.740705,-10.040384
21500.0,-16.732693,-10.0115385
21516.666,-16.72468,-9.982693
21533.334,-16.728205,-9.973077
21550.0,-16.734615,-9.968269
21566.666,-16.735256,-9.970512
21583.334,-16.727243,-9.983334
21600.0,-16.71923,-9.996154
21616.666,-16.70641,-9.967308
21633.334,-16.69359,-9.938461
21650.0,-16.949038,-7.9471154
21666.666,-17.383333,-4.6474357
21683.334,-17.726603,-2.0041666
21700.0,-17.705769,-1.9865384
21716.666,-17.684937,-1.9689102
21733.334,-17.676283,-1.9467949
21750.0,-17.670673,-1.9235576
21766.666,-17.663782,-1.9086539
21783.334,-17.654968,-1.90625
21800.0,-17.646154,-1.9038461
21816.666,-17.628525,-1.9102564
21833.334,-17.610897,-1.9166666
21850.0,-17.583174,-1.9182693
21866.666,-17.548717,-1.9166666
21883.334,-17.470032,-1.8966346
21900.0,-17.214422,-1.8028846
21916.666,-16.958815,-1.7091346
21933.334,-16.56795,-1.6038462
21950.0,-16.143269,-1.4956731
21966.666,-15.875,-1.4217949
21983.334,-15.841346,-1.399359
22000.0,-15.807693,-1.3769231
22016.666,-15.804487,-1.3785256
22033.334,-15.801282,-1.3801283
22050.0,-15.793269,-1.3682692
22066.666,-15.782051,-1.347436
22083.334,-15.769231,-1.3291667
22100.0,-15.75,-1.3211539
22116.666,-15.730769,-1.313141
22133.334,-15.730769,-1.2961539
22150.0,-15.735577,-1.2769231
22166.666,-15.736539,-1.2576923
22183.334,-15.73173,-1.2384615
22200.0,-15.726923,-1.2192308
22216.666,-15.744552,-1.2208333
22233.334,-15.762179,-1.222436
22250.0,-11.943269,-2.810577
22266.666,-5.5666666,-5.4564104
22283.334,0.2826923,-7.711218
22300.0,4.023077,-8.401923
22316.666,7.7634616,-9.0926285
22333.334,8.529488,-9.188461
22350.0,8.551923,-9.135577
22366.666,8.58141,-9.080129
22383.334,8.621474,-9.020833
22400.0,8.661538,-8.961538
22416.666,8.695192,-8.945513
22433.334,8.728847,-8.929487
22450.0,7.9480767,-8.908654
22466.666,6.624359,-8.884615
22483.334,5.564423,-8.8634615
22500.0,5.5596156,-8.853847
22516.666,5.5548077,-8.844231
22533.334,5.55,-8.835897
22550.0,5.5451922,-8.827885
22566.666,5.55,-8.825
22583.334,5.5692306,-8.829807
22600.0,5.5884614,-8.834616
22616.666,5.6004806,-8.819391
22633.334,5.6125,-8.804167
22650.0,5.6235576,-8.780289
22666.666,5.6339746,-8.750641
22683.334,5.7394233,-8.73125
22700.0,6.225,-8.752885
22716.666,6.710577,-8.774519
22733.334,6.8333335,-8.792308
22750.0,6.8653846,-8.8091345
22766.666,6.882372,-8.815385
22783.334,6.876763,-8.805769
22800.0,6.871154,-8.796154
22816.666,6.87516,-8.8009615
22833.334,6.8791666,-8.805769
22850.0,7.6365385,-8.829807
22866.666,8.896153,-8.866667
22883.334,10.341025,-8.888141
22900.0,12.526923,-8.848077
22916.666,14.71282,-8.808013
22933.334,15.1782055,-8.823718
22950.0,15.213462,-8.853365
22966.666,15.243589,-8.870193
22983.334,15.266026,-8.867788
23000.0,15.288462,-8.865385
23016.666,15.298077,-8.873398
23033.334,15.307693,-8.881411
23050.0,15.322115,-8.891346
23066.666,15.339744,-8.902564
23083.334,15.353847,-8.916026
23100.0,15.353847,-8.938461
23116.666,15.353847,-8.960897
23133.334,15.342308,-8.969231
23150.0,15.327885,-8.974038
23166.666,15.314744,-8.971154
23183.334,15.303526,-8.956731
23200.0,15.292308,-8.942307
23216.666,15.292308,-8.95032
23233.334,15.292308,-8.958333
23250.0,15.286538,-8.970192
23266.666,15.276923,-8.984615
23283.334,15.270192,-8.9988785
23300.0,15.275,-9.0125
23316.666,15.279808,-9.026122
23333.334,15.267949,-9.025
23350.0,15.251923,-9.020192
23366.666,15.243269,-9.019231
23383.334,15.245673,-9.024038
23400.0,15.248077,-9.028846
23416.666,15.252084,-9.052083
23433.334,15.25609,-9.07532
23450.0,15.264423,-9.077885
23466.666,15.275641,-9.066667
23483.334,15.15,-9.061859
23500.0,14.476923,-9.082692
23516.666,13.803846,-9.103526
23533.334,6.123077,-9.387179
23550.0,-3.3096154,-9.736539
23566.666,-9.996795,-9.717308
23583.334,-12.565705,-9.145192
23600.0,-15.134615,-8.573077
23616.666,-15.163462,-8.489743
23633.334,-15.192307,-8.40641
23650.0,-15.230769,-8.35673
23666.666,-15.275641,-8.329487
23683.334,-15.313461,-8.299039
23700.0,-15.323077,-8.255769
23716.666,-15.332692,-8.2125
23733.334,-15.34359,-8.194231
23750.0,-15.354808,-8.182212
23766.666,-15.36218,-8.165064
23783.334,-15.363782,-8.140224
23800.0,-15.365385,-8.115385
23816.666,-15.36218,-8.104167
23833.334,-15.358974,-8.092949
23850.0,-15.417308,-8.033654
23866.666,-15.516666,-7.9423075
23883.334,-15.64391,-7.836378
23900.0,-15.882692,-7.6721153
23916.666,-16.121475,-7.5078526
23933.334,-16.173717,-7.4647436
23950.0,-16.179327,-7.451923
23966.666,-16.189102,-7.4407053
23983.334,-16.205128,-7.431891
24000.0,-16.221153,-7.423077
24016.666,-16.21234,-7.419872
24033.334,-16.203526,-7.4166665
24050.0,-16.199038,-7.419231
24066.666,-16.197435,-7.425641
24083.334,-16.197435,-7.4302883
24100.0,-16.203846,-7.4278846
24116.666,-16.210257,-7.425481
24133.334,-16.21282,-7.421795
24150.0,-16.214422,-7.4177885
24166.666,-16.217308,-7.4150643
24183.334,-16.222115,-7.414263
24200.0,-16.226923,-7.4134617
24216.666,-16.229326,-7.3902245
24233.334,-16.231731,-7.366987
24250.0,-16.226923,-7.348077
24266.666,-16.217308,-7.3320513
24283.334,-16.209776,-7.315064
24300.0,-16.210577,-7.294231
24316.666,-16.211378,-7.2733974
24333.334,-16.569872,-5.0538464
24350.0,-17.017788,-2.2846153
24366.666,-17.276602,-0.6073718
24383.334,-17.251762,-0.568109
24400.0,-17.226923,-0.52884614
24416.666,-17.222115,-0.4815705
24433.334,-17.217308,-0.43429488
24450.0,-17.209616,-0.4105769
24466.666,-17.2,-0.4025641
24483.334,-17.188782,-0.39711538
24500.0,-17.171154,-0.4019231
24516.666,-17.153526,-0.40673077
24533.334,-17.155128,-0.42884615
24550.0,-17.16154,-0.45528847
24566.666,-17.052565,-0.65032053
24583.334,-16.770514,-1.0982372
24600.0,-16.488462,-1.5461539
24616.666,-16.490065,-1.5173076
24633.334,-16.491667,-1.4884615
24650.0,-16.506731,-1.4798077
24666.666,-16.53077,-1.4846153
24683.334,-16.55032,-1.4942307
24700.0,-16.551924,-1.5230769
24716.666,-16.553526,-1.551923
24733.334,-16.51923,-3.7384615
24750.0,-16.475962,-6.464423
24766.666,-16.424358,-8.092308
24783.334,-16.360256,-8.073077
24800.0,-16.296154,-8.053846
24816.666,-16.278526,-8.057052
24833.334,-16.260897,-8.060256
24850.0,-16.249039,-8.081731
24866.666,-16.241026,-8.115385
24883.334,-16.234295,-8.147116
24900.0,-16.232693,-8.171154
24916.666,-16.23109,-8.195192
24933.334,-16.235897,-8.23718
24950.0,-16.242308,-8.283654
24966.666,-16.24359,-8.308974
24983.334,-16.237179,-8.302564
25000.0,-16.23077,-8.296154
25016.666,-16.240385,-8.297756
25033.334,-16.25,-8.299359
25050.0,-16.248077,-8.295193
25066.666,-16.238462,-8.28718
25083.334,-16.232052,-8.2823715
25100.0,-16.238462,-8.290384
25116.666,-16.244871,-8.298397
25133.334,-16.247437,-8.2987175
25150.0,-16.249039,-8.297115
25166.666,-16.24391,-8.292308
25183.334,-16.228685,-8.282692
25200.0,-16.21346,-8.273077
25216.666,-16.209455,-8.271474
25233.334,-16.205448,-8.269872
25250.0,-16.208654,-8.256731
25266.666,-16.216667,-8.235897
25283.334,-16.225,-8.2198715
25300.0,-16.234615,-8.223077
25316.666,-16.24423,-8.226282
25333.334,-16.253845,-8.226923
25350.0,-16.263462,-8.226923
25366.666,-16.266666,-8.229167
25383.334,-16.260256,-8.234776
25400.0,-16.253845,-8.240385
25416.666,-16.245832,-8.249199
25433.334,-16.23782,-8.258013
25450.0,-16.236538,-8.267307
25466.666,-16.239744,-8.276923
25483.334,-16.241987,-8.289423
25500.0,-16.240385,-8.313461
25516.666,-16.238783,-8.3375
25533.334,-16.25,-8.351282
25550.0,-16.264423,-8.3625
25566.666,-16.275,-8.367949
25583.334,-16.279808,-8.364743
25600.0,-16.284615,-8.361539
25616.666,-16.275,-8.361539
25633.334,-16.265385,-8.361539
25650.0,-16.251923,-8.377404
25666.666,-16.235897,-8.403846
25683.334,-16.217949,-8.422916
25700.0,-16.192308,-8.4125
25716.666,-16.166666,-8.402083
25733.334,-16.165384,-8.4051285
25750.0,-16.170193,-8.411538
25766.666,-16.167307,-8.417308
25783.334,-16.152885,-8.422115
25800.0,-16.138462,-8.426923
25816.666,-16.144873,-8.439744
25833.334,-16.151281,-8.452564
25850.0,-16.159134,-8.461058
25866.666,-16.167948,-8.466666
25883.334,-16.176123,-8.474519
25900.0,-16.18173,-8.491346
25916.666,-16.18734,-8.508173
25933.334,-16.188461,-8.516666
25950.0,-16.188461,-8.523077
25966.666,-16.19359,-8.53141
25983.334,-16.20641,-8.542628
26000.0,-16.21923,-8.553846
26016.666,-16.223238,-8.558654
26033.334,-16.227243,-8.563461
26050.0,-16.228365,-8.5740385
26066.666,-16.227564,-8.588462
26083.334,-16.229006,-8.600321
26100.0,-16.239424,-8.601923
26116.666,-16.24984,-8.603526
26133.334,-16.253845,-8.610256
26150.0,-16.25625,-8.618269
26166.666,-16.258974,-8.621795
26183.334,-16.26218,-8.618589
26200.0,-16.265385,-8.615385
26216.666,-16.268589,-8.623398
26233.334,-16.271795,-8.631411
26250.0,-16.2625,-8.6125
26266.666,-16.244871,-8.575641
26283.334,-16.23093,-8.55
26300.0,-16.231731,-8.569231
26316.666,-16.232533,-8.588462
26333.334,-16.226923,-8.596154
26350.0,-16.219711,-8.600962
26366.666,-16.210897,-8.598077
26383.334,-16.19968,-8.583653
26400.0,-16.188461,-8.569231
26416.666,-16.191668,-8.546795
26433.334,-16.194872,-8.524359
26450.0,-16.091347,-8.45
26466.666,-15.916667,-8.341025
26483.334,-15.754807,-8.2176285
26500.0,-15.644231,-8.036538
26516.666,-15.533654,-7.8554487
26533.334,-15.5115385,-7.817949
26550.0,-15.5115385,-7.816346
26566.666,-15.5115385,-7.8128204
26583.334,-15.5115385,-7.8064103
26600.0,-15.5115385,-7.8
26616.666,-15.513141,-7.7991986
26633.334,-15.514744,-7.7983975
26650.0,-15.504807,-7.79375
26666.666,-15.48718,-7.7865386
26683.334,-15.476603,-7.7846155
26700.0,-15.494231,-7.8038464
26716.666,-15.511859,-7.8230767
26733.334,-15.508974,-7.821795
26750.0,-15.500961,-7.8153844
26766.666,-15.490385,-7.8076925
26783.334,-15.475962,-7.798077
26800.0,-15.461538,-7.7884617
26816.666,-15.475962,-7.798077
26833.334,-15.490385,-7.8076925
26850.0,-15.491827,-7.8067307
26866.666,-15.484615,-7.798718
26883.334,-14.78734,-7.6421475
26900.0,-11.329807,-6.891346
26916.666,-7.872276,-6.140545
26933.334,-7.074359,-5.8974357
26950.0,-6.941346,-5.78125
26966.666,-6.8391027,-5.703205
26983.334,-6.783013,-5.6823716
27000.0,-6.726923,-5.6615386
27016.666,-6.6852565,-5.647115
27033.334,-6.64359,-5.6326923
27050.0,-6.6182694,-5.6355767
27066.666,-6.603846,-5.65
27083.334,-6.5868587,-5.66891
27100.0,-6.5596156,-5.705769
27116.666,-6.532372,-5.742628
27133.334,-6.525641,-5.7589746
27150.0,-6.5240383,-5.770192
27166.666,-6.53141,-5.794872
27183.334,-6.5522437,-5.8397436
27200.0,-6.5730767,-5.8846154
27216.666,-6.5794873,-5.9038463
27233.334,-6.5858974,-5.923077
27250.0,-6.5778847,-5.9341345
27266.666,-6.5602565,-5.9397435
27283.334,-6.546154,-5.9488783
27300.0,-6.546154,-5.9721155
27316.666,-6.546154,-5.9953527
27333.334,-6.5615387,-6.0397434
27350.0,-6.580769,-6.089423
27366.666,-6.590705,-6.1259613
27383.334,-6.5866985,-6.1427884
27400.0,-6.582692,-6.1596155
27416.666,-6.5666666,-6.158013
27433.334,-6.550641,-6.15641
27450.0,-6.5427885,-6.1514425
27466.666,-6.540385,-6.144231
27483.334,-6.539423,-6.1419873
27500.0,-6.544231,-6.1596155
27516.666,-6.5490384,-6.1772437
27533.334,-7.1051283,-5.5564103
27550.0,-7.7990384,-4.7759614
27566.666,-8.225,-4.303205
27583.334,-8.249039,-4.291987
27600.0,-8.273077,-4.2807693
27616.666,-8.31234,-4.321635
27633.334,-8.351603,-4.3625
27650.0,-8.365385,-4.3725963
27666.666,-8.36218,-4.3621793
27683.334,-8.363942,-4.356891
27700.0,-8.385577,-4.3721156
27716.666,-8.407211,-4.3873396
27733.334,-8.397436,-4.375641
27750.0,-8.379807,-4.3572116
27766.666,-8.369872,-4.3397436
27783.334,-8.371474,-4.323718
27800.0,-8.373077,-4.3076925
27816.666,-8.659936,-2.8221154
27833.334,-8.9467945,-1.3365384
27850.0,-9.051923,-0.7375
27866.666,-9.035897,-0.7294872
27883.334,-9.023077,-0.71955127
27900.0,-9.023077,-0.7019231
27916.666,-9.023077,-0.6842949
27933.334,-9.033334,-0.6653846
27950.0,-9.046154,-0.64615387
27966.666,-9.058333,-0.6352564
27983.334,-9.069551,-0.636859
28000.0,-9.08077,-0.63846153
28016.666,-9.415705,-0.55833334
28033.334,-9.750641,-0.4782051
28050.0,-9.8875,-0.4375
28066.666,-9.892307,-0.42307693
28083.334,-9.90032,-0.41282052
28100.0,-9.921154,-0.41923076
28116.666,-9.941987,-0.42564103
28133.334,-9.93718,-0.42692307
28150.0,-9.9259615,-0.42692307
28166.666,-9.926282,-0.42371795
28183.334,-9.943911,-0.4157051
28200.0,-9.961538,-0.4076923
28216.666,-9.881411,-0.39967948
28233.334,-9.801282,-0.39166668
28250.0,-9.683654,-0.4375
28266.666,-9.541026,-0.5192308
28283.334,-9.4259615,-0.5834936
28300.0,-9.421154,-0.5778846
28316.666,-9.416347,-0.57227564
28333.334,-9.41923,-0.57179487
28350.0,-9.424039,-0.57259613
28366.666,-9.422436,-0.5724359
28383.334,-9.411218,-0.5708333
28400.0,-9.4,-0.5692308
28416.666,-9.387179,-0.56121796
28433.334,-9.374359,-0.55320513
28450.0,-9.369712,-0.55528843
28466.666,-9.370513,-0.5641026
28483.334,-9.3716345,-0.56971157
28500.0,-9.374039,-0.5625
28516.666,-9.376442,-0.55528843
28533.334,-9.373077,-0.550641
28550.0,-9.368269,-0.5466346
28566.666,-9.3634615,-0.54647434
28583.334,-9.358654,-0.5520833
28600.0,-9.353847,-0.5576923
28616.666,-12.9676285,-3.5160255
28633.334,-16.58141,-6.474359
28650.0,-17.629808,-7.667308
28666.666,-16.967949,-7.6833334
28683.334,-16.429167,-7.692949
28700.0,-16.382692,-7.6769233
28716.666,-16.336218,-7.6608973
28733.334,-16.310257,-7.6769233
28750.0,-16.289423,-7.7009616
28766.666,-16.273077,-7.7147436
28783.334,-16.263462,-7.713141
28800.0,-16.253845,-7.7115383
28816.666,-16.249039,-7.701923
28833.334,-16.24423,-7.6923075
28850.0,-16.241346,-7.6932693
28866.666,-16.239744,-7.701282
28883.334,-16.237179,-7.7099357
28900.0,-16.23077,-7.7211537
28916.666,-16.22436,-7.732372
28933.334,-15.973077,-7.792308
28950.0,-15.660577,-7.8644233
28966.666,-15.477564,-7.923077
28983.334,-15.488782,-7.9615383
29000.0,-15.5,-8.0
29016.666,-15.520833,-7.9903846
29033.334,-15.541667,-7.980769
29050.0,-15.551442,-7.9740386
29066.666,-15.553846,-7.9692307
29083.334,-15.554808,-7.9690704
29100.0,-15.55,-7.9875
29116.666,-15.545193,-8.00593
29133.334,-15.542308,-8.016666
29150.0,-15.539904,-8.025481
29166.666,-15.54359,-8.03718
29183.334,-15.55641,-8.0532055
29200.0,-15.569231,-8.069231
29216.666,-15.5532055,-8.08766
29233.334,-15.53718,-8.10609
29250.0,-15.538462,-8.120673
29266.666,-15.551282,-8.132692
29283.334,-15.56218,-8.144231
29300.0,-15.565385,-8.153846
29316.666,-15.56859,-8.163462
29333.334,-15.576923,-8.171795
29350.0,-15.586538,-8.179808
29366.666,-15.591025,-8.186218
29383.334,-15.58782,-8.190225
29400.0,-15.584616,-8.194231
29416.666,-15.6030445,-8.223077
29433.334,-15.621474,-8.251923
29450.0,-15.607211,-8.258173
29466.666,-15.571154,-8.249359
29483.334,-15.628526,-8.258974
29500.0,-16.059616,-8.342308
29516.666,-16.490705,-8.425641
29533.334,-16.585257,-8.516666
29550.0,-16.595673,-8.609615
29566.666,-16.602243,-8.672436
29583.334,-16.603045,-8.690064
29600.0,-16.603846,-8.707692
29616.666,-16.589422,-8.738942
29633.334,-16.575,-8.770192
29650.0,-16.444231,-8.807212
29666.666,-16.235897,-8.848077
29683.334,-16.069872,-8.886218
29700.0,-16.073076,-8.913462
29716.666,-16.076283,-8.940705
29733.334,-16.073717,-8.9698715
29750.0,-16.069712,-8.999519
29766.666,-16.0625,-9.02532
29783.334,-16.05048,-9.045353
29800.0,-16.038462,-9.065385
29816.666,-16.032051,-9.064584
29833.334,-16.02564,-9.063782
29850.0,-16.020193,-9.064423
29866.666,-16.015385,-9.066026
29883.334,-16.01186,-9.068109
29900.0,-16.013462,-9.072115
29916.666,-16.015064,-9.076121
29933.334,-16.016666,-9.092308
29950.0,-16.018269,-9.111539
29966.666,-16.016666,-9.121154
29983.334,-16.010256,-9.116346
30000.0,-16.003845,-9.111539
30016.666,-16.00545,-9.105128
30033.334,-16.007051,-9.098718
30050.0,-16.00577,-9.0875
30066.666,-16.002563,-9.073077
30083.334,-15.952564,-9.038301
30100.0,-15.7153845,-8.922115
30116.666,-15.478205,-8.805929
30133.334,-15.43141,-8.773718
30150.0,-15.432212,-8.7625
30166.666,-15.4375,-8.760898
30183.334,-15.449519,-8.773718
30200.0,-15.461538,-8.786538
30216.666,-15.453526,-8.766506
30233.334,-15.445513,-8.746474
30250.0,-15.45,-8.748077
30266.666,-15.46282,-8.764103
30283.334,-15.473077,-8.778205
30300.0,-15.473077,-8.7846155
30316.666,-15.473077,-8.791026
30333.334,-15.464103,-8.79359
30350.0,-15.452885,-8.795193
30366.666,-15.446154,-8.79968
30383.334,-15.446154,-8.808494
30400.0,-15.446154,-8.817307
30416.666,-15.433333,-8.811699
30433.334,-15.420513,-8.806089
30450.0,-15.414423,-8.805769
30466.666,-15.412821,-8.808974
30483.334,-15.451603,-8.789743
30500.0,-15.651923,-8.680769
30516.666,-15.852243,-8.5717945
30533.334,-15.878205,-8.558974
30550.0,-15.860577,-8.570192
30566.666,-15.857371,-8.579166
30583.334,-15.875801,-8.584776
30600.0,-15.894231,-8.5903845
30616.666,-15.891827,-8.615224
30633.334,-15.889423,-8.640064
30650.0,-15.907211,-8.656731
30666.666,-15.938461,-8.667949
30683.334,-15.964263,-8.677885
30700.0,-15.968269,-8.682693
30716.666,-15.972276,-8.6875
30733.334,-15.96282,-8.69359
30750.0,-15.95,-8.7
30766.666,-15.945833,-8.709616
30783.334,-15.954647,-8.724038
30800.0,-15.963462,-8.7384615
30816.666,-15.961058,-8.742468
30833.334,-15.958653,-8.746474
30850.0,-15.960577,-8.749519
30866.666,-15.9653845,-8.751923
30883.334,-15.969551,-8.752564
30900.0,-15.971154,-8.746154
30916.666,-15.972756,-8.739743
30933.334,-16.001282,-8.677564
30950.0,-16.03654,-8.601442
30966.666,-16.057692,-8.556731
30983.334,-16.057692,-8.5591345
31000.0,-16.057692,-8.561539
31016.666,-16.060898,-8.561539
31033.334,-16.064102,-8.561539
31050.0,-16.0625,-8.559615
31066.666,-16.057692,-8.55641
31083.334,-16.054167,-8.555449
31100.0,-16.055769,-8.563461
31116.666,-16.057371,-8.571474
31133.334,-16.060257,-8.567948
31150.0,-16.063461,-8.561539
31166.666,-16.06314,-8.561859
31183.334,-16.057531,-8.572276
31200.0,-16.051924,-8.582692
31216.666,-15.783494,-8.57548
31233.334,-15.515064,-8.568269
31250.0,-15.414423,-8.568269
31266.666,-15.425641,-8.573077
31283.334,-15.433173,-8.578526
31300.0,-15.4259615,-8.586538
31316.666,-15.41875,-8.594551
31333.334,-15.435898,-8.616667
31350.0,-15.459135,-8.642307
31366.666,-15.475,-8.654808
31383.334,-15.479808,-8.647596
31400.0,-15.484615,-8.640385
31416.666,-15.463782,-8.629968
31433.334,-15.442948,-8.619552
31450.0,-15.427403,-8.602884
31466.666,-15.415384,-8.582051
31483.334,-15.453045,-8.553846
31500.0,-15.689423,-8.496154
31516.666,-15.925801,-8.438461
31533.334,-15.966666,-8.432693
31550.0,-15.958653,-8.439904
31566.666,-15.952244,-8.445833
31583.334,-15.948237,-8.44984
31600.0,-15.944231,-8.453846
31616.666,-15.929007,-8.44343
31633.334,-15.913782,-8.433013
31650.0,-15.908654,-8.43125
31666.666,-15.910256,-8.435256
31683.334,-15.767629,-8.401923
31700.0,-15.048077,-8.219231
31716.666,-14.328526,-8.036538
31733.334,-11.658975,-7.580769
31750.0,-8.501923,-7.0567307
31766.666,-6.598077,-6.754487
31783.334,-6.5740385,-6.784936
31800.0,-6.55,-6.8153844
31816.666,-6.509936,-6.784936
31833.334,-6.469872,-6.754487
31850.0,-6.441346,-6.753846
31866.666,-6.4205127,-6.773077
31883.334,-6.4022436,-6.795833
31900.0,-6.394231,-6.832692
31916.666,-6.386218,-6.869551
31933.334,-6.3692307,-6.874359
31950.0,-6.35,-6.871154
31966.666,-4.0666666,-7.2605767
31983.334,1.6128205,-8.238942
32000.0,7.292308,-9.217308
32016.666,7.526282,-9.255769
32033.334,7.7602563,-9.29423
32050.0,7.875,-9.298557
32066.666,7.9102564,-9.2801285
32083.334,7.9410257,-9.2615385
32100.0,7.953846,-9.242308
32116.666,7.9666667,-9.223077
32133.334,7.980769,-9.184615
32150.0,7.9951925,-9.141346
32166.666,7.754487,-9.114743
32183.334,7.1310897,-9.113141
32200.0,6.5076923,-9.111539
32216.666,6.483654,-9.124359
32233.334,6.459615,-9.137179
32250.0,6.4509616,-9.1375
32266.666,6.4525642,-9.129487
32283.334,6.454167,-9.116026
32300.0,6.455769,-9.08077
32316.666,6.4573717,-9.045513
32333.334,6.453846,-9.032051
32350.0,6.4490385,-9.024038
32366.666,6.449359,-9.012179
32383.334,6.4573717,-8.994552
32400.0,6.4653845,-8.976923
32416.666,10.427724,-8.567468
32433.334,14.390064,-8.158012
32450.0,16.052404,-8.016827
32466.666,16.18141,-8.054487
32483.334,16.291666,-8.088462
32500.0,16.326923,-8.107693
32516.666,16.362179,-8.126923
32533.334,16.37436,-8.123077
32550.0,16.38077,-8.1134615
32566.666,16.330769,-8.110256
32583.334,16.196154,-8.116667
32600.0,16.061539,-8.123077
32616.666,15.814744,-8.236859
32633.334,15.567948,-8.350641
32650.0,15.464423,-8.394231
32666.666,15.45641,-8.391026
32683.334,15.445833,-8.385898
32700.0,15.425,-8.373077
32716.666,15.404166,-8.360256
32733.334,15.411538,-8.380769
32750.0,15.4259615,-8.4096155
32766.666,15.4282055,-8.424359
32783.332,15.41218,-8.417949
32800.0,15.396153,-8.411538
32816.668,15.466666,-8.517307
32833.332,15.53718,-8.623077
32850.0,15.564423,-8.660577
32866.668,15.56282,-8.652564
32883.332,15.564744,-8.651603
32900.0,15.58077,-8.678846
32916.668,15.596795,-8.70609
32933.332,15.6,-8.70577
32950.0,15.6,-8.698558
32966.668,13.888461,-8.827885
32983.332,9.609615,-9.162019
33000.0,5.330769,-9.496154
33016.668,-3.5891025,-10.916026
33033.332,-12.508974,-12.335897
33050.0,-17.81827,-12.767307
33066.668,-20.720512,-12.539743
33083.332,-22.763783,-12.45609
33100.0,-21.371155,-12.948077
33116.668,-19.978525,-13.440064
33133.332,-18.180769,-12.19359
33150.0,-16.28173,-10.5125
33166.668,-15.081731,-9.420193
33183.332,-14.930288,-9.211058
33200.0,-14.778846,-9.001923
33216.668,-14.713943,-8.909776
33233.332,-14.649038,-8.817628
33250.0,-14.614423,-8.759615
33266.668,-14.6,-8.724359
33283.332,-14.592308,-8.701923
33300.0,-14.611539,-8.730769
33316.668,-14.630769,-8.759615
33333.332,-15.335257,-8.964103
33350.0,-16.211058,-9.2125
33366.668,-16.732372,-9.34968
33383.332,-16.721954,-9.320032
33400.0,-16.711538,-9.290384
33416.668,-16.698717,-9.27516
33433.332,-16.685898,-9.259936
33450.0,-16.683655,-9.236057
33466.668,-16.688461,-9.20641
33483.332,-16.691988,-9.181891
33500.0,-16.690384,-9.177885
33516.668,-16.688782,-9.173879
33533.332,-16.679487,-9.164103
33550.0,-16.66827,-9.1528845
33566.668,-16.653206,-9.145833
33583.332,-16.632372,-9.145032
33600.0,-16.611538,-9.144231
33616.668,-16.174038,-8.962339
33633.332,-15.736539,-8.780449
33650.0,-15.577885,-8.7221155
33666.668,-15.605128,-8.746154
33683.332,-15.629167,-8.764423
33700.0,-15.640385,-8.759615
33716.668,-15.651603,-8.754807
33733.332,-15.661538,-8.769231
33750.0,-15.671154,-8.788462
33766.668,-15.6737175,-8.789103
33783.332,-15.665705,-8.761859
33800.0,-15.657692,-8.734615
33816.668,-15.66891,-8.750641
33833.332,-15.680128,-8.766666
33850.0,-15.685577,-8.7778845
33866.668,-15.68718,-8.785897
33883.332,-15.68782,-8.79375
33900.0,-15.684615,-8.8009615
33916.668,-15.68141,-8.808173
33933.332,-15.675641,-8.80641
33950.0,-15.66923,-8.802403
33966.668,-15.6737175,-8.808974
33983.332,-15.694551,-8.83141
34000.0,-15.7153845,-8.853847
34016.668,-15.707372,-8.852243
34033.332,-15.699359,-8.850641
34050.0,-15.697115,-8.843269
34066.668,-15.698718,-8.832051
34083.332,-15.7012825,-8.821474
34100.0,-15.707692,-8.813461
34116.668,-15.714103,-8.805449
34133.332,-15.7153845,-8.7987175
34150.0,-15.7153845,-8.792308
34166.668,-15.717308,-8.782051
34183.332,-15.7221155,-8.766026
34200.0,-15.726923,-8.75
34216.668,-15.714103,-8.753205
34233.332,-15.7012825,-8.756411
34250.0,-15.752885,-8.711538
34266.668,-15.847436,-8.634615
34283.332,-15.9386215,-8.566987
34300.0,-16.016346,-8.536538
34316.668,-16.09407,-8.50609
34333.332,-16.11923,-8.508974
34350.0,-16.13125,-8.520192
34366.668,-16.135897,-8.522436
34383.332,-16.129488,-8.511218
34400.0,-16.123077,-8.5
34416.668,-16.127884,-8.491987
34433.332,-16.132692,-8.483974
34450.0,-16.12548,-8.478847
34466.668,-16.110256,-8.475641
34483.332,-16.098238,-8.470834
34500.0,-16.09904,-8.459616
34516.668,-16.09984,-8.448398
34533.332,-16.09984,-8.448398
34550.0,-16.09984,-8.448398
