0.0,-1.1423076,-10.378846
16.666666,-1.1455128,-10.3716345
33.333332,-1.148718,-10.364423
50.0,-1.1461538,-10.354808
66.666664,-1.1397436,-10.34359
83.333336,-1.1333333,-10.330449
100.0,-1.1269231,-10.309615
116.666664,-1.1205128,-10.288782
133.33333,-1.2557693,-10.241026
150.0,-1.4264423,-10.186539
166.66667,-3.2355769,-10.04359
183.33333,-7.5024037,-9.767949
200.0,-11.769231,-9.492308
216.66667,-11.826923,-9.460257
233.33333,-11.884615,-9.4282055
250.0,-11.901923,-9.403846
266.66666,-11.892307,-9.384615
283.33334,-11.927243,-9.367628
300.0,-12.140385,-9.359615
316.66666,-12.353526,-9.351603
333.33334,-13.545513,-9.483334
350.0,-14.982211,-9.65
366.66666,-15.8471155,-9.74391
383.33334,-15.854327,-9.728686
400.0,-15.861539,-9.713462
416.66666,-15.863141,-9.71907
433.33334,-15.864743,-9.72468
450.0,-15.871154,-9.706731
466.66666,-15.880769,-9.673077
483.33334,-15.887179,-9.641506
500.0,-15.880769,-9.618269
516.6667,-15.874359,-9.595032
533.3333,-13.0115385,-8.926923
550.0,-9.434615,-8.097596
566.6667,-7.2073717,-7.5583334
583.3333,-7.0046473,-7.454167
600.0,-6.8019233,-7.35
616.6667,-6.7899036,-7.3211536
633.3333,-6.7778845,-7.292308
650.0,-6.7740383,-7.2740383
666.6667,-6.775641,-7.2628207
683.3333,-6.7753205,-7.2504807
700.0,-6.7673078,-7.233654
716.6667,-6.759295,-7.216827
733.3333,-6.7384615,-7.1910257
750.0,-6.714423,-7.1629806
766.6667,-6.7025642,-7.148718
783.3333,-6.7089744,-7.155128
800.0,-6.7153845,-7.1615386
816.6667,-6.497436,-7.0429487
833.3333,-6.279487,-6.924359
850.0,-6.1846156,-6.858654
866.6667,-6.171795,-6.828205
883.3333,-6.160577,-6.800641
900.0,-6.1557693,-6.7846155
916.6667,-6.1509614,-6.76859
933.3333,-6.1557693,-6.7660255
950.0,-6.1629806,-6.766827
966.6667,-6.1714745,-6.768269
983.3333,-6.181891,-6.7706733
1000.0,-6.1923075,-6.773077
1016.6667,-6.205128,-6.7714744
1033.3334,-6.217949,-6.7698717
1050.0,-6.2221155,-6.7653847
1066.6666,-6.220513,-6.7589746
1083.3334,-6.217949,-6.748718
1100.0,-6.2115383,-6.723077
1116.6666,-6.205128,-6.697436
1133.3334,-6.2,-6.6897435
1150.0,-6.1951923,-6.6865387
1166.6666,-6.1916666,-6.683654
1183.3334,-6.190064,-6.68125
1200.0,-6.1884613,-6.6788464
1216.6666,-6.1884613,-6.6860576
1233.3334,-6.1884613,-6.6932693
1250.0,-6.191346,-6.709615
1266.6666,-6.1961536,-6.7320514
1283.3334,-6.1983976,-6.7496796
1300.0,-6.1903844,-6.748077
1316.6666,-6.1823716,-6.7464743
1333.3334,-6.1833334,-6.748077
1350.0,-6.1865387,-6.7504807
1366.6666,-6.1858974,-6.7483974
1383.3334,-6.179487,-6.7395835
1400.0,-6.173077,-6.730769
1416.6666,-6.176282,-6.7291665
1433.3334,-6.179487,-6.7275643
1450.0,-6.1798077,-6.7365384
1466.6666,-6.178205,-6.752564
1483.3334,-6.1772437,-6.763782
1500.0,-6.1788464,-6.7557693
1516.6666,-6.1804485,-6.7477565
1533.3334,-6.1705127,-6.751282
1550.0,-6.1576924,-6.7576923
1566.6666,-6.15,-6.7589746
1583.3334,-6.15,-6.752564
1600.0,-6.15,-6.746154
1616.6666,-6.0169873,-6.645192
1633.3334,-5.8839746,-6.544231
1650.0,-6.0677886,-6.227885
1666.6666,-6.4628205,-5.7679486
1683.3334,-6.9059296,-5.346795
1700.0,-7.541346,-5.080769
1716.6666,-8.176763,-4.8147435
1733.3334,-7.373077,-5.6384616
1750.0,-6.209615,-6.7346153
1766.6666,-5.4599357,-7.375
1783.3334,-5.3309293,-7.331731
1800.0,-5.201923,-7.2884617
1816.6666,-5.204327,-7.2884617
1833.3334,-5.206731,-7.2884617
1850.0,-5.2115383,-7.3067307
1866.6666,-5.217949,-7.3371797
1883.3334,-5.2208333,-7.3625
1900.0,-5.209615,-7.3673077
1916.6666,-5.1983976,-7.3721156
1933.3334,-5.4897437,-7.325641
1950.0,-5.856731,-7.266346
1966.6666,-6.076923,-7.2259617
1983.3334,-6.076923,-7.2139425
2000.0,-6.076923,-7.201923
2016.6666,-6.0721154,-7.1834936
2033.3334,-6.0673075,-7.1650643
2050.0,-6.0615387,-7.1504807
2066.6667,-6.055128,-7.1384616
2083.3333,-6.0496793,-7.129968
2100.0,-6.048077,-7.1355767
2116.6667,-6.0464745,-7.1411858
2133.3333,-6.0410256,-7.1474357
2150.0,-6.0346155,-7.1538463
2166.6667,-6.0288463,-7.154487
2183.3333,-6.0240383,-7.1464744
2200.0,-6.019231,-7.1384616
2216.6667,-6.0288463,-7.148077
2233.3333,-6.0384617,-7.1576924
2250.0,-6.042308,-7.167308
2266.6667,-6.042308,-7.1769233
2283.3333,-6.041987,-7.1833334
2300.0,-6.040385,-7.1769233
2316.6667,-6.038782,-7.1705127
2333.3333,-6.0429487,-7.1602564
2350.0,-6.0485578,-7.1490383
2366.6667,-6.0516024,-7.1391025
2383.3333,-6.0508013,-7.1310897
2400.0,-6.05,-7.123077
2416.6667,-6.061218,-7.1214743
2433.3333,-6.072436,-7.1198716
2450.0,-6.080769,-7.1326923
2466.6667,-6.0871797,-7.155128
2483.3333,-6.09391,-7.173718
2500.0,-6.101923,-7.1769233
2516.6667,-6.1099358,-7.180128
2533.3333,-6.110256,-7.1628203
2550.0,-6.108654,-7.1403847
2566.6667,-6.1076922,-7.123077
2583.3333,-6.1076922,-7.1134615
2600.0,-6.1076922,-7.103846
2616.6667,-6.1133013,-7.10625
2633.3333,-6.1189103,-7.108654
2650.0,-6.11875,-7.110577
2666.6667,-6.1147437,-7.1121793
2683.3333,-6.1128206,-7.114263
2700.0,-6.1192307,-7.1182694
2716.6667,-6.125641,-7.122276
2733.3333,-6.116667,-7.1192307
2750.0,-6.103846,-7.1144233
2766.6667,-6.0916667,-7.1051283
2783.3333,-6.0804486,-7.0891027
2800.0,-6.0692306,-7.0730767
2816.6667,-6.077244,-7.0730767
2833.3333,-6.0852566,-7.0730767
2850.0,-6.0903845,-7.0721154
2866.6667,-6.09359,-7.070513
2883.3333,-6.0932693,-7.064423
2900.0,-6.078846,-7.040385
2916.6667,-6.064423,-7.016346
2933.3333,-6.0576925,-7.002564
2950.0,-6.0528846,-6.9913464
2966.6667,-6.0474358,-6.991987
2983.3333,-6.0410256,-7.0104165
3000.0,-6.0346155,-7.0288463
3016.6667,-6.028205,-7.023237
3033.3333,-6.021795,-7.017628
3050.0,-6.0206733,-7.012981
3066.6667,-6.023077,-7.0089746
3083.3333,-6.0222754,-6.99984
3100.0,-6.0086536,-6.9701924
3116.6667,-5.995032,-6.940545
3133.3333,-5.9910254,-6.9384613
3150.0,-5.9894233,-6.9432693
3166.6667,-5.9884615,-6.9403844
3183.3333,-5.9884615,-6.9259615
3200.0,-5.9884615,-6.9115386
3216.6667,-5.985256,-6.903526
3233.3333,-5.9820514,-6.895513
3250.0,-5.996154,-6.894231
3266.6667,-6.021795,-6.8974357
3283.3333,-6.0416665,-6.897115
3300.0,-6.0384617,-6.8826923
3316.6667,-6.0352564,-6.8682694
3333.3333,-6.0346155,-6.8641024
3350.0,-6.0346155,-6.8625
3366.6667,-6.0371795,-6.854487
3383.3333,-6.0435896,-6.8368587
3400.0,-6.05,-6.8192306
3416.6667,-6.05,-6.8160257
3433.3333,-6.05,-6.8128204
3450.0,-6.050481,-6.8052883
3466.6667,-6.051282,-6.794872
3483.3333,-6.0527244,-6.7844553
3500.0,-6.0567307,-6.7740383
3516.6667,-6.060737,-6.763622
3533.3333,-9.439744,-7.49359
3550.0,-13.6625,-8.408654
3566.6667,-16.205128,-8.997436
3583.3333,-16.227564,-9.096795
3600.0,-16.25,-9.196154
3616.6667,-16.23077,-9.181731
3633.3333,-16.211538,-9.167308
3650.0,-16.205769,-9.155769
3666.6667,-16.208975,-9.146153
3683.3333,-16.210257,-9.140385
3700.0,-16.203846,-9.15
3716.6667,-16.197435,-9.1596155
3733.3333,-16.18205,-9.165384
3750.0,-16.164423,-9.170193
3766.6667,-16.097435,-9.333974
3783.3333,-15.95641,-9.7362175
3800.0,-15.815385,-10.138461
3816.6667,-15.804167,-10.136859
3833.3333,-15.792949,-10.135257
3850.0,-15.780769,-10.142307
3866.6667,-15.767949,-10.1551285
3883.3333,-15.755769,-10.16859
3900.0,-15.746154,-10.184615
3916.6667,-15.736539,-10.200641
3933.3333,-15.726923,-10.211538
3950.0,-15.717308,-10.221154
3966.6667,-15.70641,-10.221795
3983.3333,-15.69359,-10.208974
4000.0,-15.680769,-10.196154
4016.6667,-15.671154,-10.188942
4033.3333,-15.661538,-10.181731
4050.0,-15.655769,-10.175481
4066.6667,-15.652564,-10.169871
4083.3333,-15.649038,-10.163782
4100.0,-15.644231,-10.155769
4116.6665,-15.639423,-10.147757
4133.3335,-15.638461,-10.151923
4150.0,-15.638461,-10.159135
4166.6665,-15.638461,-10.15032
4183.3335,-15.638461,-10.117468
4200.0,-15.638461,-10.084616
4216.6665,-15.633654,-10.075
4233.3335,-15.628846,-10.065385
4250.0,-15.624039,-10.056731
4266.6665,-15.619231,-10.0487175
4283.3335,-15.592308,-10.03718
4300.0,-15.476923,-10.0115385
4316.6665,-15.361539,-9.985897
4333.3335,-12.535897,-9.560256
4350.0,-9.032692,-9.0346155
4366.6665,-6.8929486,-8.686539
4383.3335,-6.7983975,-8.604808
4400.0,-6.703846,-8.523077
4416.6665,-6.6910257,-8.491026
4433.3335,-6.678205,-8.458974
4450.0,-6.6701922,-8.45
4466.6665,-6.665385,-8.45641
4483.3335,-6.6192307,-8.415705
4500.0,-6.4076924,-8.186539
4516.6665,-6.1961536,-7.9573717
4533.3335,-6.1884613,-7.1051283
4550.0,-6.231731,-6.0971155
4566.6665,-6.209615,-5.776282
4583.3335,-6.089423,-6.486218
4600.0,-5.9692307,-7.1961536
4616.6665,-5.9620194,-7.21859
4633.3335,-5.9548078,-7.2410254
4650.0,-5.946635,-7.2509613
4666.6665,-5.9378204,-7.252564
4683.3335,-5.929167,-7.25
4700.0,-5.921154,-7.230769
4716.6665,-5.9131413,-7.2115383
4733.3335,-5.9076924,-7.2320514
4750.0,-5.9028845,-7.2625
4766.6665,-5.8923078,-7.2826924
4783.3335,-5.873077,-7.2875
4800.0,-5.853846,-7.292308
4816.6665,-5.861859,-7.3019233
4833.3335,-5.8698716,-7.3115387
4850.0,-5.8740387,-7.3139424
4866.6665,-5.875641,-7.3115387
4883.3335,-5.8766026,-7.306891
4900.0,-5.875,-7.293269
4916.6665,-5.8733974,-7.2796474
4933.3335,-5.870513,-7.276923
4950.0,-5.8673077,-7.276923
4966.6665,-5.8647437,-7.2743587
4983.3335,-5.863141,-7.2679486
5000.0,-5.8615384,-7.2615385
5016.6665,-9.970512,-8.320833
5033.3335,-14.079487,-9.380128
5050.0,-15.754807,-9.8471155
5066.6665,-15.807693,-9.91923
5083.3335,-15.84359,-9.974519
5100.0,-15.811539,-9.9625
5116.6665,-15.779488,-9.95048
5133.3335,-15.779488,-9.944231
5150.0,-15.7875,-9.939423
5166.6665,-15.795513,-9.934295
5183.3335,-15.803526,-9.928686
5200.0,-15.811539,-9.923077
5216.6665,-15.811539,-9.901443
5233.3335,-15.811539,-9.879807
5250.0,-15.807693,-9.86202
5266.6665,-15.801282,-9.846795
5283.3335,-15.795193,-9.83109
5300.0,-15.790384,-9.813461
5316.6665,-15.785577,-9.795834
5333.3335,-15.785897,-9.7801285
5350.0,-15.7875,-9.764904
5366.6665,-15.788141,-9.757372
5383.3335,-15.78734,-9.761378
5400.0,-15.786538,-9.765385
5416.6665,-15.784135,-9.766987
5433.3335,-15.781731,-9.76859
5450.0,-15.739423,-9.916347
5466.6665,-15.670513,-10.161538
5483.3335,-15.6157055,-10.355769
5500.0,-15.617308,-10.346154
5516.6665,-15.61891,-10.336538
5533.3335,-15.614102,-10.337179
5550.0,-15.607693,-10.3403845
5566.6665,-15.598718,-10.338462
5583.3335,-15.585897,-10.328846
5600.0,-15.573077,-10.319231
5616.6665,-15.574679,-10.311218
5633.3335,-15.5762825,-10.3032055
5650.0,-15.581731,-10.289423
5666.6665,-15.589744,-10.271795
5683.3335,-15.595834,-10.256411
5700.0,-15.594231,-10.25
5716.6665,-15.5926285,-10.243589
5733.3335,-15.592308,-10.242308
5750.0,-15.592308,-10.242308
5766.6665,-15.585257,-10.237821
5783.3335,-15.567628,-10.226603
5800.0,-15.55,-10.2153845
5816.6665,-11.60609,-9.079166
5833.3335,-7.6621795,-7.942949
5850.0,-5.9692307,-7.4490385
5866.6665,-5.776923,-7.383333
5883.3335,-5.6216345,-7.3298078
5900.0,-5.6144233,-7.325
5916.6665,-5.6072116,-7.3201923
5933.3335,-5.6115384,-7.3089743
5950.0,-5.61875,-7.296154
5966.6665,-5.6285257,-7.2833333
5983.3335,-5.6421475,-7.270513
6000.0,-5.6557693,-7.2576923
6016.6665,-5.6501603,-7.2496796
6033.3335,-5.6445513,-7.241667
6050.0,-5.644231,-7.229808
6066.6665,-5.6474357,-7.2153845
6083.3335,-5.6490383,-7.1990385
6100.0,-5.644231,-7.175
6116.6665,-5.639423,-7.1509614
6133.3335,-5.7955127,-7.3128204
6150.0,-5.991827,-7.521154
6166.6665,-6.1125,-7.6403847
6183.3335,-6.1197114,-7.6259613
6200.0,-6.126923,-7.6115384
6216.6665,-6.1285257,-7.6099358
6233.3335,-6.1301284,-7.608333
6250.0,-6.126923,-7.5995193
6266.6665,-6.120513,-7.5858974
6283.3335,-6.1141024,-7.5741987
6300.0,-6.1076922,-7.5701923
6316.6665,-6.101282,-7.566186
6333.3335,-6.0897436,-7.554487
6350.0,-6.076923,-7.5408654
6366.6665,-6.0641026,-7.5317307
6383.3335,-6.051282,-7.529327
6400.0,-6.0384617,-7.526923
6416.6665,-6.0464745,-7.5060897
6433.3335,-6.054487,-7.485256
6450.0,-6.053365,-7.4701924
6466.6665,-6.046154,-7.4589744
6483.3335,-6.041186,-7.4554486
6500.0,-6.0451922,-7.4826922
6516.6665,-6.0491986,-7.509936
6533.3335,-6.0384617,-7.478205
6550.0,-6.0240383,-7.4317307
6566.6665,-6.0134616,-7.4131413
6583.3335,-6.0086536,-7.436378
6600.0,-6.003846,-7.459615
6616.6665,-6.0086536,-7.4764423
6633.3335,-6.0134616,-7.4932694
6650.0,-6.011058,-7.4971156
6666.6665,-6.003846,-7.4923077
6683.3335,-5.995032,-7.48141
6700.0,-5.979808,-7.4461536
6716.6665,-5.9645834,-7.4108973
6733.3335,-5.957692,-7.4166665
6750.0,-5.9528847,-7.4326925
6766.6665,-5.950641,-7.4461536
6783.3335,-5.952244,-7.455769
6800.0,-5.953846,-7.4653845
6816.6665,-5.947436,-7.4509616
6833.3335,-5.9410257,-7.4365387
6850.0,-5.9423075,-7.426442
6866.6665,-5.948718,-7.419231
6883.3335,-5.9548078,-7.4113784
6900.0,-5.959615,-7.4009614
6916.6665,-5.964423,-7.390545
6933.3335,-5.9564104,-7.3641024
6950.0,-5.9451923,-7.333654
6966.6665,-5.945513,-7.313141
6983.3335,-5.963141,-7.307532
7000.0,-5.980769,-7.3019233
7016.6665,-5.9839745,-7.281891
7033.3335,-5.9871793,-7.261859
7050.0,-5.996154,-7.2490387
7066.6665,-6.0089746,-7.2410254
7083.3335,-6.021154,-7.235256
7100.0,-6.0307693,-7.2384615
7116.6665,-6.040385,-7.241667
7133.3335,-6.0384617,-7.226923
7150.0,-6.0336537,-7.207692
7166.6665,-6.0346155,-7.194872
7183.3335,-6.044231,-7.1916666
7200.0,-6.0538464,-7.1884613
7216.6665,-6.061859,-7.1740384
7233.3335,-6.069872,-7.1596155
7250.0,-6.0692306,-7.139423
7266.6665,-6.0628204,-7.1153846
7283.3335,-6.0591345,-7.101282
7300.0,-6.066346,-7.126923
7316.6665,-6.073558,-7.152564
7333.3335,-6.074359,-7.1641026
7350.0,-6.073558,-7.1721153
7366.6665,-6.070513,-7.174359
7383.3335,-6.0641026,-7.1679487
7400.0,-6.0576925,-7.1615386
7416.6665,-6.0657053,-7.1759615
7433.3335,-6.073718,-7.1903844
7450.0,-6.0730767,-7.203846
7466.6665,-6.0666666,-7.2166667
7483.3335,-6.0621796,-7.230769
7500.0,-6.0653844,-7.25
7516.6665,-6.0685897,-7.269231
7533.3335,-6.0628204,-7.2621794
7550.0,-6.0548077,-7.2485576
7566.6665,-6.051282,-7.2375
7583.3335,-6.054487,-7.2302885
7600.0,-6.0576925,-7.223077
7616.6665,-6.051282,-7.2182693
7633.3335,-6.044872,-7.2134614
7650.0,-6.041346,-7.209615
7666.6665,-6.0397434,-7.2064104
7683.3335,-6.1040063,-7.1608973
7700.0,-6.4317307,-6.9461536
7716.6665,-6.759455,-6.73141
7733.3335,-6.8294873,-6.6839743
7750.0,-6.8350964,-6.678365
7766.6665,-6.8365383,-6.6695514
7783.3335,-6.831731,-6.6559296
7800.0,-6.826923,-6.6423078
7816.6665,-6.820513,-6.6358976
7833.3335,-6.8141026,-6.629487
7850.0,-6.8057694,-6.6278844
7866.6665,-6.796154,-6.629487
7883.3335,-6.788782,-6.628846
7900.0,-6.790385,-6.6192307
7916.6665,-6.791987,-6.6096153
7933.3335,-6.7871795,-6.598718
7950.0,-6.7807693,-6.5875
7966.6665,-6.780128,-6.5794873
7983.3335,-6.7881413,-6.576282
8000.0,-6.796154,-6.5730767
8016.6665,-6.799359,-6.5714746
8033.3335,-6.802564,-6.569872
8050.0,-6.8028846,-6.560577
8066.6665,-6.801282,-6.546154
8083.3335,-6.8003206,-6.5347757
8100.0,-6.8019233,-6.535577
8116.6665,-6.8035254,-6.5363784
8133.3335,-6.802564,-6.5371795
8150.0,-6.8009615,-6.5379806
8166.6665,-6.644231,-6.592949
8183.3335,-6.2548075,-6.7291665
8200.0,-5.8653846,-6.8653846
8216.667,-5.855769,-6.8525643
8233.333,-5.8461537,-6.8397436
8250.0,-5.8384614,-6.835577
8266.667,-5.8320513,-6.8371797
8283.333,-5.825,-6.8365383
8300.0,-5.8153844,-6.826923
8316.667,-5.8057694,-6.8173075
8333.333,-5.717949,-6.7
8350.0,-5.610577,-6.5557694
8366.667,-5.751923,-6.173718
8383.333,-6.266346,-5.434936
8400.0,-6.7807693,-4.6961536
8416.667,-6.5916667,-5.721795
8433.333,-6.402564,-6.747436
8450.0,-6.273077,-7.1923075
8466.667,-6.1833334,-7.25
8483.333,-6.1072116,-7.305128
8500.0,-6.085577,-7.35
8516.667,-6.0639424,-7.3948717
8533.333,-6.0564103,-7.423077
8550.0,-6.052404,-7.4471154
8566.667,-6.05,-7.457692
8583.333,-6.05,-7.4480767
8600.0,-6.05,-7.4384613
8616.667,-6.046795,-7.4416666
8633.333,-6.0435896,-7.444872
8650.0,-6.040385,-7.4509616
8666.667,-6.0371795,-7.4589744
8683.333,-6.038782,-7.4602566
8700.0,-6.0596156,-7.4346156
8716.667,-6.0804486,-7.408974
8733.333,-7.8057694,-6.578205
8750.0,-9.9572115,-5.546154
8766.667,-11.247115,-4.901923
8783.333,-11.244712,-4.839423
8800.0,-11.242308,-4.776923
8816.667,-11.256731,-4.7753205
8833.333,-11.271153,-4.773718
8850.0,-11.278846,-4.775
8866.667,-11.282051,-4.778205
8883.333,-11.2846155,-4.777564
8900.0,-11.2846155,-4.7615385
8916.667,-11.2846155,-4.745513
8933.333,-11.276923,-4.7256413
8950.0,-11.267307,-4.7048078
8966.667,-11.283334,-4.6916666
8983.333,-11.33782,-4.690064
9000.0,-11.392307,-4.6884613
9016.667,-13.336218,-7.153205
9033.333,-15.2801285,-9.617949
9050.0,-16.069231,-10.604808
9066.667,-16.08846,-10.60641
9083.333,-16.100801,-10.601923
9100.0,-16.085577,-10.573077
9116.667,-16.070353,-10.54423
9133.333,-16.070513,-10.535897
9150.0,-16.07452,-10.532692
9166.667,-16.078846,-10.5301285
9183.333,-16.083654,-10.528525
9200.0,-16.08846,-10.526923
9216.667,-16.08846,-10.529327
9233.333,-16.08846,-10.531731
9250.0,-16.089422,-10.532211
9266.667,-16.091026,-10.53141
9283.333,-16.092308,-10.527564
9300.0,-16.092308,-10.5115385
9316.667,-16.092308,-10.495513
9333.333,-16.091026,-10.483334
9350.0,-16.089422,-10.4721155
9366.667,-16.085257,-10.461538
9383.333,-16.077244,-10.451923
9400.0,-16.069231,-10.442307
9416.667,-16.061218,-10.429487
9433.333,-16.053205,-10.416667
9450.0,-12.400962,-10.26827
9466.667,-6.3192306,-10.029488
9483.333,-0.81875,-9.794551
9500.0,2.3567307,-9.575
9516.667,5.5322113,-9.355449
9533.333,6.158974,-9.247436
9550.0,6.1485577,-9.167308
9566.667,6.148077,-9.112821
9583.333,6.1625,-9.096795
9600.0,6.1769233,-9.08077
9616.667,6.1721153,-9.079166
9633.333,6.167308,-9.077564
9650.0,6.1701922,-9.0740385
9666.667,6.178205,-9.069231
9683.333,6.1852565,-9.059936
9700.0,6.1884613,-9.032692
9716.667,6.1916666,-9.005448
9733.333,6.2,-8.973718
9750.0,6.209615,-8.9408655
9766.667,6.84359,-8.943911
9783.333,8.414103,-9.000801
9800.0,9.984615,-9.057693
9816.667,12.087981,-9.004807
9833.333,14.191346,-8.951923
9850.0,15.039904,-8.920193
9866.667,15.051923,-8.902564
9883.333,15.062981,-8.8865385
9900.0,15.070192,-8.876923
9916.667,15.077404,-8.867308
9933.333,15.085897,-8.861539
9950.0,15.094711,-8.85673
9966.667,15.094551,-8.852564
9983.333,15.08093,-8.849359
10000.0,15.067307,-8.846154
10016.667,15.351763,-8.895833
10033.333,15.636218,-8.945513
10050.0,15.774038,-8.973077
10066.667,15.814102,-8.985897
10083.333,15.850641,-9.0
10100.0,15.873077,-9.019231
10116.667,15.895513,-9.038462
10133.333,15.908334,-9.046154
10150.0,15.91875,-9.0509615
10166.667,15.9259615,-9.057693
10183.333,15.928366,-9.067307
10200.0,15.930769,-9.076923
10216.667,15.930769,-9.083333
10233.333,15.930769,-9.089744
10250.0,15.921154,-9.088462
10266.667,15.9051285,-9.082051
10283.333,15.896153,-9.083333
10300.0,15.915384,-9.115385
10316.667,15.934615,-9.147436
10333.333,15.93141,-9.151923
10350.0,15.922596,-9.149519
10366.667,15.916667,-9.158975
10383.333,15.915064,-9.186218
10400.0,15.913462,-9.213462
10416.667,15.903846,-9.217468
10433.333,15.894231,-9.221475
10450.0,15.876442,-9.2125
10466.667,15.853205,-9.194872
10483.333,15.828526,-9.1759615
10500.0,15.798077,-9.151923
10516.667,15.767629,-9.127885
10533.333,15.765385,-9.117308
10550.0,15.770192,-9.110096
10566.667,16.361538,-8.280449
10583.333,17.832693,-6.2171474
10600.0,19.303846,-4.1538463
10616.667,19.41282,-3.809295
10633.333,19.521795,-3.4647436
10650.0,19.554808,-3.3076923
10666.667,19.53718,-3.275641
10683.333,19.523397,-3.2435896
10700.0,19.525,-3.2115386
10716.667,19.526602,-3.1794872
10733.333,19.510897,-3.173718
10750.0,19.490866,-3.1745193
10766.667,19.47532,-3.1746795
10783.333,19.466507,-3.1738782
10800.0,19.457693,-3.1730769
10816.667,19.460897,-3.2019231
10833.333,19.464102,-3.2307692
10850.0,19.451923,-3.2264423
10866.667,19.429487,-3.2
10883.333,19.41154,-3.18125
10900.0,19.41154,-3.1932693
10916.667,19.41154,-3.2052884
10933.333,19.40641,-3.2134616
10950.0,19.4,-3.220673
10966.667,19.390064,-3.222436
10983.333,19.37484,-3.2160256
11000.0,19.359615,-3.2096155
11016.667,18.27548,-3.3354166
11033.333,17.191345,-3.4612179
11050.0,16.728846,-3.5509615
11066.667,16.680769,-3.6166666
11083.333,16.642628,-3.6647437
11100.0,16.64423,-3.6423078
11116.667,16.645834,-3.6198719
11133.333,16.651281,-3.624359
11150.0,16.657692,-3.635577
11166.667,16.667307,-3.648077
11183.333,16.68173,-3.6625
11200.0,16.696154,-3.676923
11216.667,16.69295,-3.6817307
11233.333,16.689743,-3.6865385
11250.0,16.705769,-3.7019231
11266.667,16.734615,-3.724359
11283.333,16.759295,-3.7451923
11300.0,16.767307,-3.7596154
11316.667,16.77532,-3.7740386
11333.333,17.601282,-5.1051283
11350.0,18.631731,-6.7653847
11366.667,19.277565,-7.7791667
11383.333,19.346474,-7.823237
11400.0,19.415384,-7.8673077
11416.667,19.410578,-7.8665066
11433.333,19.40577,-7.865705
11450.0,19.401922,-7.876923
11466.667,19.398718,-7.896154
11483.333,19.39407,-7.909295
11500.0,19.383654,-7.898077
11516.667,19.373238,-7.886859
11533.333,19.364103,-7.8884616
11550.0,19.355288,-7.893269
11566.667,19.354486,-7.898077
11583.333,19.365705,-7.9028845
11600.0,19.376923,-7.9076924
11616.667,20.373718,-8.066346
11633.333,21.370512,-8.225
11650.0,20.806282,-8.850481
11666.667,20.242052,-9.78718
11683.333,19.67782,-10.611859
11700.0,19.11359,-10.9884615
11716.667,18.549358,-11.365064
11733.333,17.985128,-11.775641
11750.0,17.420897,-12.194712
11766.667,16.856667,-12.450641
11783.333,16.292437,-12.461859
11800.0,15.728205,-12.473077
11816.667,15.163975,-12.4698715
11833.333,14.599744,-12.466666
11850.0,14.035513,-12.536538
11866.667,13.471282,-12.6551285
11883.333,12.907051,-12.745833
11900.0,11.288462,-12.725
11916.667,9.669871,-12.704166
11933.333,9.346154,-12.624359
11950.0,9.346154,-12.529808
11966.667,9.339744,-12.471475
11983.333,9.323718,-12.467468
12000.0,9.307693,-12.463462
12016.667,9.102564,-12.145352
12033.333,8.897436,-11.827244
12050.0,5.3028846,-9.986539
12066.667,-0.55128205,-7.1307693
12083.333,-5.8875,-4.52484
12100.0,-9.151923,-2.9182692
12116.667,-12.416347,-1.3116987
12133.333,-11.875641,-2.7474358
12150.0,-10.383654,-4.94375
12166.667,-9.140385,-6.3083334
12183.333,-8.270192,-6.4253206
12200.0,-7.4,-6.542308
12216.667,-7.3591347,-6.6096153
12233.333,-7.3182693,-6.6769233
12250.0,-7.299519,-6.7173076
12266.667,-7.2955127,-6.7397437
12283.333,-7.2926283,-6.7602563
12300.0,-7.294231,-6.773077
12316.667,-7.295833,-6.7858973
12333.333,-7.2846155,-6.7807693
12350.0,-7.270192,-6.771154
12366.667,-7.2615385,-6.766346
12383.333,-7.2615385,-6.76875
12400.0,-7.2615385,-6.771154
12416.667,-6.7503204,-7.115705
12433.333,-6.2391024,-7.4602566
12450.0,-6.0278845,-7.59375
12466.667,-6.016667,-7.5865383
12483.333,-6.0070515,-7.5802884
12500.0,-6.003846,-7.5778847
12516.667,-6.000641,-7.575481
12533.333,-5.9948716,-7.5641026
12550.0,-5.9884615,-7.550481
12566.667,-5.9846153,-7.541346
12583.333,-5.9846153,-7.5389423
12600.0,-5.9846153,-7.5365386
12616.667,-6.000641,-7.5197115
12633.333,-6.016667,-7.5028844
12650.0,-6.021154,-7.4923077
12666.667,-6.0179486,-7.4858975
12683.333,-6.016346,-7.4775643
12700.0,-6.021154,-7.4615383
12716.667,-6.0259614,-7.445513
12733.333,-6.029487,-7.4525642
12750.0,-6.0326924,-7.4653845
12766.667,-6.036859,-7.46859
12783.333,-6.042468,-7.4573717
12800.0,-6.048077,-7.4461536
12816.667,-6.0472755,-7.423718
12833.333,-6.0464745,-7.401282
12850.0,-6.043269,-7.38125
12866.667,-6.0384617,-7.3628206
12883.333,-6.035577,-7.3360577
12900.0,-6.040385,-7.2759614
12916.667,-6.0451922,-7.2158656
12933.333,-6.665385,-5.2807693
12950.0,-7.439423,-2.876923
12966.667,-7.901282,-1.4
12983.333,-7.8948717,-1.3134615
13000.0,-7.8884616,-1.2269231
13016.667,-7.8852563,-1.2076923
13033.333,-7.8820515,-1.1884615
13050.0,-7.720673,-1.0951923
13066.667,-7.453846,-0.9525641
13083.333,-6.7479167,-0.33173078
13100.0,-4.285577,2.2019231
13116.667,-1.8232372,4.735577
13133.333,-0.90384614,3.3858974
13150.0,-0.37019232,1.0653846
13166.667,-0.042628206,-0.44230768
13183.333,-0.024198718,-0.7307692
13200.0,-0.005769231,-1.0192307
13216.667,0.007051282,-0.9983974
13233.333,0.019871796,-0.9775641
13250.0,0.050480768,-0.9721154
13266.667,0.09294872,-0.97692305
13283.333,0.12628205,-0.99022436
13300.0,0.12307692,-1.0375
13316.667,0.119871795,-1.0847757
13333.333,0.09615385,-1.1467949
13350.0,0.067307696,-1.2125
13366.667,0.048076924,-1.2310897
13383.333,0.043269232,-1.1790065
13400.0,0.03846154,-1.1269231
13416.667,0.041666668,-1.0948718
13433.333,0.044871796,-1.0628206
13450.0,0.039903846,-1.0490384
13466.667,0.02948718,-1.0474359
13483.333,0.02099359,-1.0488782
13500.0,0.020192308,-1.0625
13516.667,0.019391026,-1.0761218
13533.333,0.023076924,-1.0705128
13550.0,0.027884616,-1.0600961
13566.667,0.028205128,-1.0538461
13583.333,0.021794872,-1.0538461
13600.0,0.015384615,-1.0538461
13616.667,0.004166667,-1.0570513
13633.333,-0.007051282,-1.0602564
13650.0,-2.0086539,-1.4855769
13666.667,-5.3371797,-2.1923077
13683.333,-8.016666,-2.774359
13700.0,-8.1,-2.8576922
13716.667,-8.183333,-2.9410257
13733.333,-8.184615,-2.9128206
13750.0,-8.165384,-2.8567307
13766.667,-8.151923,-2.8173077
13783.333,-8.147116,-2.8028846
13800.0,-8.142307,-2.7884614
13816.667,-7.8322115,-3.315705
13833.333,-7.522115,-3.8429487
13850.0,-7.0206733,-4.834615
13866.667,-6.391667,-6.1358976
13883.333,-5.8855767,-7.1769233
13900.0,-5.871154,-7.1769233
13916.667,-5.856731,-7.1769233
13933.333,-5.8461537,-7.1679487
13950.0,-5.8365383,-7.1567307
13966.667,-5.830128,-7.1596155
13983.333,-5.8285255,-7.183654
14000.0,-5.826923,-7.207692
14016.667,-5.798077,-7.2125
14033.333,-5.769231,-7.2173076
14050.0,-5.7528844,-7.2173076
14066.667,-5.7448716,-7.2141027
14083.333,-5.7375,-7.211218
14100.0,-5.7326922,-7.209615
14116.667,-5.727885,-7.208013
14133.333,-5.7371793,-7.221795
14150.0,-5.75,-7.2394233
14166.667,-5.7557693,-7.2551284
14183.333,-5.7509613,-7.2679486
14200.0,-5.746154,-7.2807693
14216.667,-5.732532,-7.296795
14233.333,-5.71891,-7.3128204
14250.0,-5.7120194,-7.334615
14266.667,-5.709615,-7.360256
14283.333,-6.478205,-7.6054487
14300.0,-10.33077,-8.728847
14316.667,-14.183333,-9.852243
14333.333,-15.903205,-10.152564
14350.0,-17.089905,-10.247115
14366.667,-17.793911,-10.283334
14383.333,-17.773878,-10.232051
14400.0,-17.753845,-10.180769
14416.667,-17.760256,-10.151923
14433.333,-17.766666,-10.123077
14450.0,-17.766346,-10.089423
14466.667,-17.761538,-10.052564
14483.333,-17.75641,-10.016987
14500.0,-17.75,-9.986539
14516.667,-17.74359,-9.95609
14533.333,-17.80064,-9.68782
14550.0,-17.873558,-9.360096
14566.667,-18.51875,-8.75032
14583.333,-19.163942,-8.140545
14600.0,-19.809135,-7.5307693
14616.667,-20.454327,-6.920994
14633.333,-21.09952,-6.311218
14650.0,-21.74471,-5.7014422
14666.667,-20.197435,-7.2551284
14683.333,-18.950481,-8.485096
14700.0,-18.904808,-8.420193
14716.667,-18.859135,-8.3552885
14733.333,-18.856411,-8.355128
14750.0,-18.864424,-8.371154
14766.667,-18.872757,-8.3875
14783.333,-18.88157,-8.404327
14800.0,-18.890385,-8.421154
14816.667,-18.89439,-8.429968
14833.333,-18.898397,-8.438782
14850.0,-18.9,-8.442307
14866.667,-18.9,-8.442307
14883.333,-18.902243,-8.44359
14900.0,-18.913462,-8.45
14916.667,-18.924679,-8.45641
14933.333,-19.655128,-9.68718
14950.0,-20.565384,-11.224038
14966.667,-21.121796,-12.208974
14983.333,-21.147436,-12.366026
15000.0,-21.173077,-12.523077
15016.667,-21.163462,-12.500641
15033.333,-21.153847,-12.478205
15050.0,-21.15,-12.467308
15066.667,-21.15,-12.464103
15083.333,-21.148077,-12.458974
15100.0,-21.138462,-12.446154
15116.667,-21.128845,-12.433333
15133.333,-20.239744,-12.021795
15150.0,-19.13077,-11.510577
15166.667,-18.03077,-10.935898
15183.333,-16.944231,-10.266026
15200.0,-15.857693,-9.596154
15216.667,-15.852884,-9.597756
15233.333,-15.848077,-9.599359
15250.0,-15.844231,-9.608654
15266.667,-15.841025,-9.623077
15283.333,-15.8375,-9.634936
15300.0,-15.832692,-9.6365385
15316.667,-15.827885,-9.638141
15333.333,-15.819231,-9.639744
15350.0,-15.809615,-9.641346
15366.667,-15.810256,-9.691667
15383.333,-15.8262825,-9.815064
15400.0,-15.842308,-9.938461
15416.667,-15.84391,-9.967308
15433.333,-15.845512,-9.996154
15450.0,-15.84375,-10.021153
15466.667,-15.839744,-10.04359
15483.333,-15.837339,-10.06234
15500.0,-15.841346,-10.066346
15516.667,-15.845352,-10.070353
15533.333,-15.842308,-10.070513
15550.0,-15.8375,-10.069712
15566.667,-15.835257,-10.067307
15583.333,-15.836859,-10.0625
15600.0,-15.838462,-10.057693
15616.667,-15.840064,-10.048077
15633.333,-15.841666,-10.038462
15650.0,-15.844231,-10.029808
15666.667,-15.847436,-10.021795
15683.333,-15.850321,-10.014423
15700.0,-15.851923,-10.009615
15716.667,-15.853526,-10.004807
15733.333,-15.853847,-9.998718
15750.0,-15.853847,-9.992308
15766.667,-15.852564,-9.982693
15783.333,-15.849359,-9.968269
15800.0,-15.846154,-9.953846
15816.667,-15.842949,-9.941026
15833.333,-15.839744,-9.9282055
15850.0,-13.782692,-9.565385
15866.667,-10.35641,-8.969231
15883.333,-7.495513,-8.456731
15900.0,-6.896154,-8.278846
15916.667,-6.296795,-8.100962
15933.333,-6.171795,-8.066667
15950.0,-6.165385,-8.068269
15966.667,-6.1596155,-8.06218
15983.333,-6.1548076,-8.044551
16000.0,-6.15,-8.026923
16016.667,-6.145192,-7.9964743
16033.333,-6.1403847,-7.966026
16050.0,-6.0923076,-7.753846
16066.667,-6.0153847,-7.4205127
16083.333,-5.9516025,-7.148718
16100.0,-5.9403844,-7.123077
16116.667,-5.929167,-7.097436
16133.333,-5.932051,-7.103846
16150.0,-5.9384613,-7.1182694
16166.667,-5.9371796,-7.1108975
16183.333,-5.924359,-7.070833
16200.0,-5.9115386,-7.0307693
16216.667,-5.901923,-7.0243587
16233.333,-5.8923078,-7.0179486
16250.0,-5.889423,-7.0048075
16266.667,-5.8910255,-6.9871793
16283.333,-5.892628,-6.9697113
16300.0,-5.894231,-6.9528847
16316.667,-5.8958335,-6.9360576
16333.333,-5.8628206,-6.9076924
16350.0,-5.8211536,-6.8764424
16366.667,-5.9801283,-6.348077
16383.333,-6.440064,-5.0740385
16400.0,-6.9,-3.8
16416.666,-7.0682693,-2.7879808
16433.334,-7.2365384,-1.7759615
16450.0,-7.05625,-2.6826923
16466.666,-6.64359,-4.86859
16483.334,-6.3104167,-6.6165066
16500.0,-6.2951922,-6.6125
16516.666,-6.279968,-6.608494
16533.334,-6.279487,-6.601282
16550.0,-6.2826924,-6.5932693
16566.666,-6.2916665,-6.6121793
16583.334,-6.3092947,-6.6714745
16600.0,-6.326923,-6.730769
16616.666,-6.3076925,-6.717949
16633.334,-6.2884617,-6.705128
16650.0,-6.2778845,-6.7
16666.666,-6.273077,-6.7
16683.334,-6.2679486,-6.6990385
16700.0,-6.2615385,-6.6942306
16716.666,-6.2551284,-6.689423
16733.334,-6.251282,-6.682051
16750.0,-6.248077,-6.6740384
16766.666,-6.042308,-6.71859
16783.334,-5.5326924,-6.841987
16800.0,-5.023077,-6.9653845
16816.666,-0.13525641,-7.7891026
16833.334,4.752564,-8.612821
16850.0,6.751923,-8.932693
16866.666,6.825641,-8.916667
16883.334,6.889744,-8.906731
16900.0,6.915385,-8.921154
16916.666,6.9410257,-8.935577
16933.334,6.957692,-8.953846
16950.0,6.9721155,-8.973077
16966.666,6.8009615,-9.011218
16983.334,6.3514423,-9.077724
17000.0,5.901923,-9.144231
17016.666,5.864263,-9.215545
17033.334,5.8266025,-9.286859
17050.0,5.816346,-9.3091345
17066.666,5.824359,-9.2987175
17083.334,5.834295,-9.288622
17100.0,5.851923,-9.279808
17116.666,5.869551,-9.270993
17133.334,5.896154,-9.280769
17150.0,5.925,-9.295193
17166.666,5.955128,-9.287821
17183.334,5.9871793,-9.247756
17200.0,6.019231,-9.207692
17216.666,6.032051,-9.188461
17233.334,6.044872,-9.16923
17250.0,6.05,-9.158654
17266.666,6.05,-9.153846
17283.334,6.052564,-9.1469555
17300.0,6.0653844,-9.131731
17316.666,6.078205,-9.116507
17333.334,6.091026,-9.108974
17350.0,6.103846,-9.103365
17366.666,6.1198716,-9.094231
17383.334,6.140705,-9.079807
17400.0,6.1615386,-9.065385
17416.666,6.1615386,-9.05657
17433.334,6.1615386,-9.047756
17450.0,6.1625,-9.029808
17466.666,6.1641026,-9.005769
17483.334,6.166346,-8.985096
17500.0,6.171154,-8.977884
17516.666,6.1759615,-8.970673
17533.334,6.1910257,-8.999359
17550.0,6.208654,-9.037019
17566.666,6.223718,-9.055449
17583.334,6.2349358,-9.0450325
17600.0,6.246154,-9.0346155
17616.666,6.252564,-8.9721155
17633.334,6.2589746,-8.9096155
17650.0,6.264423,-8.876923
17666.666,6.269231,-8.864102
17683.334,5.4003205,-8.816987
17700.0,1.0365385,-8.632692
17716.666,-3.3272436,-8.448398
17733.334,-4.5378203,-8.269872
17750.0,-4.9600964,-8.092789
17766.666,-5.208013,-7.965705
17783.334,-5.1943913,-7.913622
17800.0,-5.1807694,-7.8615384
17816.666,-5.203205,-7.8599358
17833.334,-5.2256413,-7.858333
17850.0,-5.2403846,-7.8509617
17866.666,-5.25,-7.8397436
17883.334,-5.3184295,-7.785096
17900.0,-5.6221156,-7.5567307
17916.666,-5.9258013,-7.3283653
17933.334,-6.001282,-7.279487
17950.0,-6.0197115,-7.2754807
17966.666,-6.0371795,-7.2743587
17983.334,-6.053205,-7.277564
18000.0,-6.0692306,-7.2807693
18016.666,-4.251923,-7.6253204
18033.334,-2.4346154,-7.969872
18050.0,0.049038462,-8.400481
18066.666,2.976923,-8.888461
18083.334,5.3246794,-9.272596
18100.0,5.351923,-9.241346
18116.666,5.3791666,-9.210096
18133.334,5.389744,-9.194872
18150.0,5.396154,-9.183654
18166.666,5.3964744,-9.171154
18183.334,5.38766,-9.156731
18200.0,5.378846,-9.142307
18216.666,5.38125,-9.14391
18233.334,5.3836536,-9.145513
18250.0,5.3865385,-9.147116
18266.666,5.389744,-9.148718
18283.334,5.391346,-9.15032
18300.0,5.3865385,-9.151923
18316.666,5.3817306,-9.153525
18333.334,5.374359,-9.134615
18350.0,5.3663464,-9.110577
18366.666,5.3608975,-9.0903845
18383.334,5.359295,-9.075961
18400.0,5.3576922,-9.061539
18416.666,5.360096,-9.078365
18433.334,5.3625,-9.095192
18450.0,5.363942,-9.088943
18466.666,5.3647437,-9.067307
18483.334,5.3660254,-9.047916
18500.0,5.3692307,-9.0375
18516.666,5.372436,-9.027083
18533.334,5.373718,-9.014103
18550.0,5.3745193,-9.000481
18566.666,5.4929485,-8.972436
18583.334,5.7878203,-8.922756
18600.0,6.082692,-8.873077
18616.666,6.089904,-8.897116
18633.334,6.0971155,-8.921154
18650.0,6.0971155,-8.934615
18666.666,6.0923076,-8.941026
18683.334,6.0884614,-8.945513
18700.0,6.0884614,-8.942307
18716.666,6.0884614,-8.939102
18733.334,6.0730767,-8.907692
18750.0,6.0538464,-8.869231
18766.666,6.0410256,-8.851923
18783.334,6.0378203,-8.866346
18800.0,6.0346155,-8.880769
18816.666,6.033013,-8.864743
18833.334,6.03141,-8.848718
18850.0,6.0288463,-8.836538
18866.666,6.025641,-8.826923
18883.334,6.0227566,-8.819231
18900.0,6.021154,-8.819231
18916.666,6.0195513,-8.819231
18933.334,6.016667,-8.816667
18950.0,6.0134616,-8.813461
18966.666,6.0134616,-8.809295
18983.334,6.018269,-8.803686
19000.0,6.023077,-8.798077
19016.666,6.0142627,-8.810096
19033.334,6.005449,-8.822115
19050.0,5.9985576,-8.834616
19066.666,5.9929485,-8.847436
19083.334,5.9884615,-8.859295
19100.0,5.9884615,-8.867308
19116.666,5.9884615,-8.87532
19133.334,5.9480767,-8.949359
19150.0,5.8975964,-9.039904
19166.666,5.8701925,-9.100321
19183.334,5.8774037,-9.115545
19200.0,5.8846154,-9.130769
19216.666,5.883013,-9.101923
19233.334,5.88141,-9.073077
19250.0,5.8826923,-9.070192
19266.666,5.8858976,-9.084616
19283.334,5.890705,-9.095512
19300.0,5.901923,-9.092308
19316.666,5.9131413,-9.089103
19333.334,5.915385,-9.083333
19350.0,5.915385,-9.076923
19366.666,5.9121795,-9.075641
19383.334,5.9041667,-9.082051
19400.0,5.896154,-9.088462
19416.666,5.9009614,-9.062019
19433.334,5.9057693,-9.035577
19450.0,5.910577,-9.023558
19466.666,5.915385,-9.021153
19483.334,5.916987,-9.01859
19500.0,5.9057693,-9.015385
19516.666,5.8945513,-9.012179
19533.334,5.9038463,-8.989743
19550.0,5.918269,-8.9625
19566.666,5.923077,-8.938461
19583.334,5.9134617,-8.91923
19600.0,5.9038463,-8.9
19616.666,5.8958335,-8.890385
19633.334,5.8878207,-8.880769
19650.0,5.8836536,-8.871154
19666.666,5.8820515,-8.861539
19683.334,5.8807693,-8.855128
19700.0,5.8807693,-8.861539
19716.666,5.8807693,-8.867949
19733.334,5.919231,-8.983334
19750.0,5.9673076,-9.125961
19766.666,5.997436,-9.204487
19783.334,6.000641,-9.186859
19800.0,6.003846,-9.16923
19816.666,5.985417,-9.154006
19833.334,5.966987,-9.1387825
19850.0,5.9552884,-9.124519
19866.666,5.9480767,-9.110897
19883.334,5.9432693,-9.102884
19900.0,5.9480767,-9.117308
19916.666,5.9528847,-9.131731
19933.334,5.953846,-9.133333
19950.0,5.953846,-9.131731
19966.666,5.947436,-9.129487
19983.334,5.9314103,-9.126282
20000.0,5.915385,-9.123077
20016.666,5.9121795,-9.118269
20033.334,5.908974,-9.1134615
20050.0,5.9048076,-9.102884
20066.666,5.9,-9.088462
20083.334,5.8947115,-9.078526
20100.0,5.8875,-9.086538
20116.666,5.8802886,-9.094551
20133.334,5.8858976,-9.078205
20150.0,5.8947115,-9.055769
20166.666,5.901923,-9.049359
20183.334,5.9067307,-9.066987
20200.0,5.9115386,-9.084616
20216.666,5.9083333,-9.091025
20233.334,5.905128,-9.097436
20250.0,5.9009614,-9.105769
20266.666,5.896154,-9.115385
20283.334,5.892628,-9.120673
20300.0,5.894231,-9.108654
20316.666,5.8958335,-9.096635
20333.334,5.902564,-9.105128
20350.0,5.910577,-9.11875
20366.666,5.9141026,-9.125641
20383.334,5.9108973,-9.122436
20400.0,5.9076924,-9.119231
20416.666,5.9108973,-9.128846
20433.334,5.9141026,-9.138461
20450.0,5.923077,-9.126923
20466.666,5.9358974,-9.101282
20483.334,5.9483976,-9.080449
20500.0,5.959615,-9.078846
20516.666,5.9708333,-9.077244
20533.334,5.967949,-9.064744
20550.0,5.9615383,-9.04952
20566.666,5.959615,-9.054808
20583.334,5.964423,-9.090865
20600.0,5.9692307,-9.126923
20616.666,5.9692307,-9.122916
20633.334,5.9692307,-9.11891
20650.0,5.9721155,-9.119231
20666.666,5.976923,-9.122436
20683.334,5.9804487,-9.124519
20700.0,5.978846,-9.122115
20716.666,5.9772434,-9.119712
20733.334,5.978205,-9.123077
20750.0,5.979808,-9.127885
20766.666,5.9801283,-9.133974
20783.334,5.9785256,-9.141987
20800.0,5.976923,-9.15
20816.666,5.9777246,-9.141987
20833.334,5.9785256,-9.133974
20850.0,3.5346153,-9.058173
20866.666,-0.53910255,-8.93718
20883.334,-4.0871797,-8.784776
20900.0,-5.5326924,-8.506731
20916.666,-6.978205,-8.228686
20933.334,-7.245513,-8.10641
20950.0,-7.2182693,-8.023077
20966.666,-7.208654,-7.9692307
20983.334,-7.2254806,-7.959615
21000.0,-7.2423077,-7.95
21016.666,-7.291987,-7.9451923
21033.334,-7.3416667,-7.9403844
21050.0,-7.4682693,-7.856731
21066.666,-7.646154,-7.720513
21083.334,-7.79391,-7.6041665
21100.0,-7.8211536,-7.5673075
21116.666,-7.8483973,-7.530449
21133.334,-7.875641,-7.532051
21150.0,-7.9028845,-7.543269
21166.666,-7.9179487,-7.554487
21183.334,-7.9147434,-7.5657053
21200.0,-7.9115386,-7.576923
21216.666,-10.632692,-8.385417
21233.334,-13.353847,-9.193911
21250.0,-14.825,-9.639904
21266.666,-15.46282,-9.844231
21283.334,-15.967308,-10.000641
21300.0,-15.938461,-9.9653845
21316.666,-15.9096155,-9.930128
21333.334,-15.921795,-9.926923
21350.0,-15.944231,-9.931731
21366.666,-15.960897,-9.935898
21383.334,-15.96891,-9.939102
21400.0,-15.976923,-9.942307
21416.666,-15.975321,-9.942307
21433.334,-15.973718,-9.942307
21450.0,-15.974038,-9.939423
21466.666,-15.975641,-9.934615
21483.334,-15.976923,-9.927564
21500.0,-15.976923,-9.911538
21516.666,-15.976923,-9.895513
21533.334,-15.975641,-9.875641
21550.0,-15.974038,-9.854808
21566.666,-15.917949,-9.787821
21583.334,-15.7801285,-9.651603
21600.0,-15.642307,-9.515385
21616.666,-17.66154,-4.1652246
21633.334,-19.680769,1.1849359
21650.0,-20.058655,1.475
21666.666,-19.342308,-1.6083333
21683.334,-18.67564,-4.0370193
21700.0,-18.207693,-3.8471153
21716.666,-17.739744,-3.6572115
21733.334,-17.641026,-3.5679488
21750.0,-17.634615,-3.5038462
21766.666,-17.632051,-3.4615386
21783.334,-17.635256,-3.4519231
21800.0,-17.638462,-3.4423077
21816.666,-17.644873,-3.3990386
21833.334,-17.651281,-3.3557692
21850.0,-17.657692,-3.3125
21866.666,-17.664103,-3.2692308
21883.334,-17.669552,-3.2314103
21900.0,-17.671154,-3.2153847
21916.666,-17.672756,-3.199359
21933.334,-17.671154,-3.1730769
21950.0,-17.66875,-3.1442308
21966.666,-17.664423,-3.1115384
21983.334,-17.657211,-3.073077
22000.0,-17.65,-3.0346153
22016.666,-17.65,-2.9753206
22033.334,-17.65,-2.9160256
22050.0,-17.65,-2.8605769
22066.666,-17.65,-2.8076923
22083.334,-17.65,-2.7580128
22100.0,-17.65,-2.7211537
22116.666,-17.65,-2.684295
22133.334,-17.653847,-2.6410255
22150.0,-17.658653,-2.5961537
22166.666,-17.663462,-2.5567307
22183.334,-17.66827,-2.5254807
22200.0,-17.673077,-2.4942307
22216.666,-17.676283,-2.451763
22233.334,-17.679487,-2.4092948
22250.0,-17.676443,-2.3721154
22266.666,-17.669231,-2.3384616
22283.334,-17.66266,-2.3041666
22300.0,-17.658653,-2.2673078
22316.666,-17.654648,-2.2304487
22333.334,-17.652565,-2.2064102
22350.0,-17.65096,-2.185577
22366.666,-17.569231,-1.9967948
22383.334,-17.367308,-1.5560898
22400.0,-17.165384,-1.1153846
22416.666,-17.158173,-1.0713141
22433.334,-17.15096,-1.0272436
22450.0,-17.141827,-0.99278843
22466.666,-17.13141,-0.9647436
22483.334,-17.124039,-0.9373397
22500.0,-17.128845,-0.9125
22516.666,-17.133654,-0.88766026
22533.334,-17.12436,-0.87435895
22550.0,-17.111538,-0.8639423
22566.666,-17.106411,-0.85192305
22583.334,-17.11282,-0.8375
22600.0,-17.11923,-0.8230769
22616.666,-17.127243,-0.80865383
22633.334,-17.135256,-0.79423076
22650.0,-17.147116,-0.78365386
22666.666,-17.16154,-0.775641
22683.334,-17.172596,-0.7676282
22700.0,-17.170193,-0.75961536
22716.666,-17.167788,-0.7516026
22733.334,-17.169231,-0.7551282
22750.0,-17.171635,-0.76153845
22766.666,-17.066025,-1.8974359
22783.334,-16.798397,-4.7275643
22800.0,-16.53077,-7.5576925
22816.666,-16.477884,-7.713141
22833.334,-16.425,-7.86859
22850.0,-16.402885,-7.925
22866.666,-16.401281,-7.915385
22883.334,-16.40096,-7.9094553
22900.0,-16.40577,-7.918269
22916.666,-16.410578,-7.9270835
22933.334,-16.414103,-7.928205
22950.0,-16.417307,-7.927404
22966.666,-16.417948,-7.9333334
22983.334,-16.414743,-7.949359
23000.0,-16.41154,-7.9653845
23016.666,-16.408333,-7.9830127
23033.334,-16.405128,-8.000641
23050.0,-16.401922,-8.013461
23066.666,-16.398718,-8.023077
23083.334,-16.398397,-8.032692
23100.0,-16.409615,-8.042308
23116.666,-16.420834,-8.051923
23133.334,-16.420513,-8.053846
23150.0,-16.417307,-8.053846
23166.666,-16.410898,-8.053846
23183.334,-16.39968,-8.053846
23200.0,-16.388462,-8.053846
23216.666,-16.393269,-8.053045
23233.334,-16.398077,-8.052243
23250.0,-16.395193,-8.057212
23266.666,-16.38718,-8.066026
23283.334,-16.379808,-8.071634
23300.0,-16.375,-8.064423
23316.666,-16.370192,-8.057212
23333.334,-16.380129,-8.041667
23350.0,-16.39375,-8.024038
23366.666,-16.39968,-8.011218
23383.334,-16.39407,-8.005609
23400.0,-16.388462,-8.0
23416.666,-16.38686,-7.9903846
23433.334,-16.385256,-7.980769
23450.0,-16.382692,-7.9740386
23466.666,-16.379488,-7.9692307
23483.334,-16.376602,-7.9625
23500.0,-16.375,-7.9480767
23516.666,-16.373398,-7.933654
23533.334,-16.370512,-7.928205
23550.0,-16.367308,-7.925
23566.666,-16.364103,-7.919872
23583.334,-16.360897,-7.911859
23600.0,-16.357693,-7.9038463
23616.666,-16.34968,-7.8958335
23633.334,-16.341667,-7.8878207
23650.0,-16.334616,-7.8807693
23666.666,-16.328205,-7.874359
23683.334,-16.321795,-7.866987
23700.0,-16.315384,-7.855769
23716.666,-16.308975,-7.844551
23733.334,-16.303846,-7.8378205
23750.0,-16.299038,-7.8322115
23766.666,-16.291025,-7.827244
23783.334,-16.278206,-7.823237
23800.0,-16.265385,-7.8192306
23816.666,-16.250961,-7.820833
23833.334,-16.236538,-7.822436
23850.0,-16.226923,-7.8057694
23866.666,-16.220512,-7.776923
23883.334,-16.21346,-7.751923
23900.0,-16.203846,-7.7423077
23916.666,-16.194231,-7.7326922
23933.334,-16.178205,-7.7384615
23950.0,-16.160578,-7.748077
23966.666,-16.151281,-7.7557693
23983.334,-16.154488,-7.7605767
24000.0,-16.157692,-7.7653847
24016.666,-16.145674,-7.7589746
24033.334,-16.133654,-7.752564
24050.0,-16.13125,-7.748077
24066.666,-16.135256,-7.7448716
24083.334,-16.1375,-7.7413464
24100.0,-16.132692,-7.7365384
24116.666,-16.127884,-7.731731
24133.334,-16.12436,-7.7192307
24150.0,-16.121155,-7.7048078
24166.666,-16.120832,-7.695513
24183.334,-16.12484,-7.69391
24200.0,-16.128845,-7.6923075
24216.666,-16.126442,-7.6826925
24233.334,-16.124039,-7.673077
24250.0,-16.120192,-7.671154
24266.666,-16.115385,-7.674359
24283.334,-16.121155,-7.6602564
24300.0,-16.169231,-7.576923
24316.666,-16.217308,-7.49359
24333.334,-16.710257,-5.753846
24350.0,-17.314423,-3.6
24366.666,-17.669231,-2.2689102
24383.334,-17.65,-2.171955
24400.0,-17.63077,-2.075
24416.666,-17.63077,-2.0557692
24433.334,-17.63077,-2.0365384
24450.0,-17.628845,-2.00625
24466.666,-17.62564,-1.9685898
24483.334,-17.61939,-1.9304488
24500.0,-17.600962,-1.8903847
24516.666,-17.582533,-1.8503205
24533.334,-17.564743,-1.8294872
24550.0,-17.547115,-1.8134615
24566.666,-17.535578,-1.8006411
24583.334,-17.533173,-1.7926282
24600.0,-17.53077,-1.7846154
24616.666,-17.189423,-4.0121794
24633.334,-16.848078,-6.2397437
24650.0,-16.638462,-7.4125
24666.666,-16.516666,-7.8820515
24683.334,-16.416025,-8.258013
24700.0,-16.4,-8.259615
24716.666,-16.383974,-8.261218
24733.334,-16.36282,-8.265385
24750.0,-16.340385,-8.270192
24766.666,-16.321154,-8.272436
24783.334,-16.30673,-8.270833
24800.0,-16.292307,-8.269231
24816.666,-16.284294,-8.274038
24833.334,-16.276281,-8.278846
24850.0,-16.268269,-8.290384
24866.666,-16.260256,-8.30641
24883.334,-16.25064,-8.318269
24900.0,-16.234615,-8.313461
24916.666,-16.21859,-8.308654
24933.334,-16.18205,-8.552564
24950.0,-16.140385,-8.858654
24966.666,-16.117308,-9.041026
24983.334,-16.122116,-9.037821
25000.0,-16.126923,-9.0346155
25016.666,-16.11891,-9.033012
25033.334,-16.110897,-9.03141
25050.0,-16.103846,-9.025962
25066.666,-16.097435,-9.017949
25083.334,-16.092949,-9.010898
25100.0,-16.096153,-9.007692
25116.666,-16.09936,-9.004487
25133.334,-16.102564,-8.992308
25150.0,-16.10577,-8.977884
25166.666,-16.110897,-8.957692
25183.334,-16.11891,-8.928846
25200.0,-16.126923,-8.9
25216.666,-16.126923,-8.892789
25233.334,-16.126923,-8.885577
25250.0,-16.126923,-8.869712
25266.666,-16.126923,-8.848077
25283.334,-16.12564,-8.827885
25300.0,-16.11923,-8.813461
25316.666,-16.11282,-8.799039
25333.334,-16.11282,-8.792308
25350.0,-16.114424,-8.7875
25366.666,-16.117949,-8.7846155
25383.334,-16.12436,-8.7846155
25400.0,-16.13077,-8.7846155
25416.666,-16.125961,-8.775
25433.334,-16.121155,-8.765385
25450.0,-16.117308,-8.764423
25466.666,-16.114103,-8.769231
25483.334,-16.109936,-8.770833
25500.0,-16.101923,-8.759615
25516.666,-16.09391,-8.748398
25533.334,-16.08846,-8.734615
25550.0,-16.083654,-8.720192
25566.666,-16.076923,-8.71282
25583.334,-16.067308,-8.716025
25600.0,-16.057692,-8.719231
25616.666,-16.059296,-8.719231
25633.334,-16.060898,-8.719231
25650.0,-16.061539,-8.729808
25666.666,-16.061539,-8.747436
25683.334,-16.084936,-8.791667
25700.0,-16.201923,-8.942307
25716.666,-16.31891,-9.092949
25733.334,-16.347435,-9.120513
25750.0,-16.353846,-9.117308
25766.666,-16.355448,-9.110897
25783.334,-16.34984,-9.09968
25800.0,-16.34423,-9.088462
25816.666,-16.348238,-9.085257
25833.334,-16.352243,-9.082051
25850.0,-16.353846,-9.082692
25866.666,-16.353846,-9.085897
25883.334,-16.354166,-9.085577
25900.0,-16.35577,-9.071154
25916.666,-16.357372,-9.056731
25933.334,-16.357693,-9.05
25950.0,-16.357693,-9.045193
25966.666,-16.360256,-9.039743
25983.334,-16.366667,-9.033334
26000.0,-16.373077,-9.026923
26016.666,-16.379488,-9.014103
26033.334,-16.385897,-9.001282
26050.0,-16.386538,-8.997115
26066.666,-16.383333,-8.998718
26083.334,-16.381731,-8.997756
26100.0,-16.386538,-8.986539
26116.666,-16.391346,-8.975321
26133.334,-16.392307,-8.971795
26150.0,-16.392307,-8.970192
26166.666,-16.391026,-8.966025
26183.334,-16.387821,-8.958013
26200.0,-16.384615,-8.95
26216.666,-16.371796,-8.95641
26233.334,-16.358974,-8.96282
26250.0,-16.346153,-8.975
26266.666,-16.333334,-8.991026
26283.334,-15.754167,-8.7801285
26300.0,-12.9096155,-7.6615386
26316.666,-10.065064,-6.5429487
26333.334,-8.774359,-6.003846
26350.0,-7.8721156,-5.6096153
26366.666,-7.3275642,-5.3660254
26383.334,-7.3195515,-5.3483973
26400.0,-7.3115387,-5.330769
26416.666,-7.2955127,-5.317949
26433.334,-7.279487,-5.305128
26450.0,-7.270192,-5.3028846
26466.666,-7.2653847,-5.3076925
26483.334,-7.2621794,-5.3115387
26500.0,-7.2653847,-5.3115387
26516.666,-7.26859,-5.3115387
26533.334,-7.2673078,-5.3166666
26550.0,-7.264904,-5.3230767
26566.666,-4.9759617,-5.1852565
26583.334,0.74278843,-4.83109
26600.0,6.4615383,-4.476923
26616.666,10.657051,-4.3871794
26633.334,14.852564,-4.2974358
26650.0,16.584616,-4.226923
26666.666,16.674358,-4.169231
26683.334,16.74968,-4.117628
26700.0,16.767307,-4.0903845
26716.666,16.784935,-4.063141
26733.334,16.768589,-4.0576925
26750.0,16.74375,-4.0576925
26766.666,16.730448,-4.069872
26783.334,16.734455,-4.1003203
26800.0,16.738462,-4.1307693
26816.666,16.751282,-4.1772437
26833.334,16.764103,-4.223718
26850.0,16.064423,-5.2653847
26866.666,14.889744,-6.970513
26883.334,14.03109,-8.480128
26900.0,14.436539,-9.207692
26916.666,14.841988,-9.935256
26933.334,15.047436,-10.016666
26950.0,15.202885,-9.936539
26966.666,15.29968,-9.859615
26983.334,15.308494,-9.7875
27000.0,15.317307,-9.7153845
27016.666,15.300481,-9.70577
27033.334,15.283654,-9.696154
27050.0,15.288462,-9.725962
27066.666,15.307693,-9.782051
27083.334,15.321154,-9.823237
27100.0,15.311539,-9.804808
27116.666,15.301923,-9.786378
27133.334,15.292308,-9.794871
27150.0,15.282692,-9.810096
27166.666,15.271795,-9.823077
27183.334,15.258974,-9.832692
27200.0,15.246154,-9.842308
27216.666,15.249359,-9.874359
27233.334,15.252564,-9.90641
27250.0,15.245193,-9.900962
27266.666,15.230769,-9.870513
27283.334,14.60641,-9.852884
27300.0,11.542308,-9.8865385
27316.666,8.478205,-9.920193
27333.334,6.071795,-9.234615
27350.0,3.8298078,-8.369231
27366.666,3.8849359,-8.22492
27383.334,3.9400642,-8.080609
27400.0,3.9951923,-7.936298
27416.666,4.0503206,-7.791987
27433.334,4.1054487,-7.6476765
27450.0,4.160577,-7.5033655
27466.666,4.5852566,-7.6147437
27483.334,4.928365,-7.6990385
27500.0,4.9451923,-7.675
27516.666,4.9620194,-7.6509614
27533.334,4.973077,-7.7
27550.0,4.9826922,-7.7673078
27566.666,4.9179487,-7.8128204
27583.334,4.741667,-7.825641
27600.0,4.5653844,-7.8384614
27616.666,-0.51314104,-8.329647
27633.334,-5.5916667,-8.820833
27650.0,-7.643269,-8.9966345
27666.666,-7.6769233,-8.962179
27683.334,-7.709615,-8.928846
27700.0,-7.7384615,-8.9
27716.666,-7.7673078,-8.871154
27733.334,-7.7884617,-8.8217945
27750.0,-7.8076925,-8.767307
27766.666,-7.8358974,-8.728847
27783.334,-7.877564,-8.714423
27800.0,-7.919231,-8.7
27816.666,-7.925641,-8.698398
27833.334,-7.932051,-8.6967945
27850.0,-7.939423,-8.693269
27866.666,-7.947436,-8.688461
27883.334,-8.59968,-8.7407055
27900.0,-11.828846,-9.021153
27916.666,-15.058013,-9.301602
27933.334,-15.698718,-9.31282
27950.0,-15.692307,-9.256731
27966.666,-15.691026,-9.208974
27983.334,-15.697436,-9.1737175
28000.0,-15.703846,-9.138461
28016.666,-15.713462,-9.117628
28033.334,-15.723077,-9.096795
28050.0,-15.729808,-9.083653
28066.666,-15.734615,-9.075641
28083.334,-15.7384615,-9.066987
28100.0,-15.7384615,-9.055769
28116.666,-15.7384615,-9.044551
28133.334,-15.746154,-9.028846
28150.0,-15.755769,-9.012019
28166.666,-15.76282,-8.996474
28183.334,-15.766026,-8.982853
28200.0,-15.769231,-8.969231
28216.666,-15.770833,-8.969231
28233.334,-15.772436,-8.969231
28250.0,-15.7778845,-8.962981
28266.666,-15.785897,-8.952564
28283.334,-15.79359,-8.942468
28300.0,-15.8,-8.933654
28316.666,-15.80641,-8.92484
28333.334,-15.816667,-8.920513
28350.0,-15.827885,-8.917308
28366.666,-15.83782,-8.914103
28383.334,-15.845834,-8.910897
28400.0,-15.853847,-8.907692
28416.666,-15.855449,-8.9125
28433.334,-15.857051,-8.917308
28450.0,-15.855769,-8.916827
28466.666,-15.852564,-8.912821
28483.334,-15.848718,-8.90657
28500.0,-15.842308,-8.891346
28516.666,-15.835897,-8.8761215
28533.334,-15.826923,-8.875641
28550.0,-15.817307,-8.878846
28566.666,-15.810256,-8.88782
28583.334,-15.807052,-8.905449
28600.0,-15.803846,-8.923077
28616.666,-15.803846,-8.934295
28633.334,-15.803846,-8.945513
28650.0,-15.801923,-8.954807
28666.666,-15.7987175,-8.96282
28683.334,-15.794871,-8.963782
28700.0,-15.788462,-8.936539
28716.666,-15.782051,-8.909295
28733.334,-15.779488,-8.912821
28750.0,-15.7778845,-8.924039
28766.666,-15.775641,-8.9282055
28783.334,-15.772436,-8.921795
28800.0,-15.769231,-8.915384
28816.666,-15.770833,-8.9073715
28833.334,-15.772436,-8.899359
28850.0,-15.76827,-8.894231
28866.666,-15.760257,-8.891026
28883.334,-15.752885,-8.889263
28900.0,-15.748077,-8.89327
28916.666,-15.743269,-8.897276
28933.334,-15.746154,-8.885898
28950.0,-15.750961,-8.870673
28966.666,-15.754487,-8.855128
28983.334,-15.75609,-8.839103
29000.0,-15.757692,-8.823077
29016.666,-15.764103,-8.815064
29033.334,-15.770513,-8.807052
29050.0,-15.776923,-8.8
29066.666,-15.783334,-8.79359
29083.334,-15.790064,-8.786538
29100.0,-15.798077,-8.776923
29116.666,-15.806089,-8.767307
29133.334,-15.808974,-8.770513
29150.0,-15.810577,-8.776923
29166.666,-15.814102,-8.7801285
29183.334,-15.820513,-8.778525
29200.0,-15.826923,-8.776923
29216.666,-15.822115,-8.768109
29233.334,-15.817307,-8.7592945
29250.0,-15.8240385,-8.689904
29266.666,-15.838462,-8.580129
29283.334,-16.06218,-7.953205
29300.0,-17.123077,-5.2576923
29316.666,-18.183975,-2.5621796
29333.334,-18.384615,-1.9410256
29350.0,-18.370192,-1.8384615
29366.666,-18.357052,-1.7673076
29383.334,-18.345833,-1.7432692
29400.0,-18.334616,-1.7192308
29416.666,-18.342628,-1.7064103
29433.334,-18.350641,-1.6935897
29450.0,-18.357693,-1.6817307
29466.666,-18.364103,-1.6705128
29483.334,-18.371475,-1.6580129
29500.0,-18.382692,-1.6403847
29516.666,-18.39391,-1.6227564
29533.334,-18.389103,-1.5903846
29550.0,-18.38029,-1.5543269
29566.666,-18.366987,-1.5233974
29583.334,-18.346954,-1.5001602
29600.0,-18.326923,-1.4769231
29616.666,-18.317308,-1.4560897
29633.334,-18.307692,-1.4352564
29650.0,-18.3,-1.4110577
29666.666,-18.29359,-1.3846154
29683.334,-18.28686,-1.3629807
29700.0,-18.278847,-1.3605769
29716.666,-18.270834,-1.3581731
29733.334,-18.265385,-1.3461539
29750.0,-18.260576,-1.3317307
29766.666,-18.25545,-1.3185897
29783.334,-18.24984,-1.3073717
29800.0,-18.24423,-1.2961539
29816.666,-18.24343,-1.2897435
29833.334,-18.242628,-1.2833333
29850.0,-18.234615,-1.2730769
29866.666,-18.221794,-1.2602564
29883.334,-18.209936,-1.2487179
29900.0,-18.201923,-1.2423077
29916.666,-18.19391,-1.2358974
29933.334,-18.191025,-1.2448717
29950.0,-18.189423,-1.2576923
29966.666,-18.182692,-1.2592949
29983.334,-18.16827,-1.2440705
30000.0,-18.153847,-1.2288462
30016.666,-18.141026,-1.2136217
30033.334,-18.128204,-1.1983974
30050.0,-17.917307,-1.0706731
30066.666,-17.57436,-0.8679487
30083.334,-17.29327,-0.6982372
30100.0,-17.259615,-0.66057694
30116.666,-17.225962,-0.62291664
30133.334,-17.21282,-0.60128206
30150.0,-17.204807,-0.58365387
30166.666,-17.203205,-0.57179487
30183.334,-17.211218,-0.56858975
30200.0,-17.21923,-0.5653846
30216.666,-17.228846,-0.575
30233.334,-17.238462,-0.5846154
30250.0,-17.238462,-0.5769231
30266.666,-17.232052,-0.5576923
30283.334,-17.225962,-0.54102564
30300.0,-17.221153,-0.5346154
30316.666,-17.216347,-0.52820516
30333.334,-16.919231,-2.699359
30350.0,-16.549038,-5.4149036
30366.666,-16.267948,-7.263141
30383.334,-16.120512,-7.8104167
30400.0,-15.973077,-8.357693
30416.666,-15.945833,-8.35609
30433.334,-15.91859,-8.354487
30450.0,-15.900962,-8.357693
30466.666,-15.889744,-8.364102
30483.334,-15.877564,-8.37516
30500.0,-15.861539,-8.404808
30516.666,-15.845512,-8.434455
30533.334,-15.839103,-8.4512825
30550.0,-15.835096,-8.464904
30566.666,-15.829807,-8.475962
30583.334,-15.822597,-8.483173
30600.0,-15.815385,-8.490385
30616.666,-15.805769,-8.494391
30633.334,-15.796154,-8.498398
30650.0,-15.798077,-8.4884615
30666.666,-15.807693,-8.469231
30683.334,-15.816346,-8.452564
30700.0,-15.821154,-8.446154
30716.666,-15.825961,-8.439744
30733.334,-15.724359,-8.35
30750.0,-15.596154,-8.239423
30766.666,-15.628205,-7.4516025
30783.334,-15.900641,-5.647917
30800.0,-16.173077,-3.8442307
30816.666,-16.320513,-4.272115
30833.334,-16.467949,-4.7
30850.0,-16.356731,-5.8514423
30866.666,-16.073076,-7.485256
30883.334,-15.846795,-8.771474
30900.0,-15.85,-8.667308
30916.666,-15.853205,-8.563141
30933.334,-15.860256,-8.56282
30950.0,-15.868269,-8.588462
30966.666,-15.878846,-8.612821
30983.334,-15.89327,-8.635257
31000.0,-15.907692,-8.657692
31016.666,-15.9237175,-8.680128
31033.334,-15.939744,-8.702564
31050.0,-15.950961,-8.720192
31066.666,-15.958974,-8.734615
31083.334,-15.965064,-8.744552
31100.0,-15.963462,-8.736539
31116.666,-15.961859,-8.728526
31133.334,-15.9512825,-8.725641
31150.0,-15.938461,-8.724038
31166.666,-15.930128,-8.725641
31183.334,-15.928526,-8.732051
31200.0,-15.926923,-8.7384615
31216.666,-15.926923,-8.741667
31233.334,-15.926923,-8.744872
31250.0,-15.926923,-8.743269
31266.666,-15.926923,-8.7384615
31283.334,-15.928526,-8.732693
31300.0,-15.936539,-8.723077
31316.666,-15.944551,-8.713462
31333.334,-15.944872,-8.705129
31350.0,-15.943269,-8.697115
31366.666,-15.944231,-8.688461
31383.334,-15.9490385,-8.678846
31400.0,-15.953846,-8.66923
31416.666,-15.955449,-8.6596155
31433.334,-15.957051,-8.65
31450.0,-15.960577,-8.640385
31466.666,-15.9653845,-8.630769
31483.334,-15.96843,-8.622596
31500.0,-15.964423,-8.620193
31516.666,-15.960417,-8.617788
31533.334,-15.96282,-8.600641
31550.0,-15.966827,-8.579807
31566.666,-15.970512,-8.559295
31583.334,-15.973718,-8.539263
31600.0,-15.976923,-8.519231
31616.666,-15.986539,-8.533654
31633.334,-15.996154,-8.548077
31650.0,-16.0,-8.549039
31666.666,-16.0,-8.541026
31683.334,-15.998398,-8.533975
31700.0,-15.990385,-8.530769
31716.666,-15.982371,-8.527564
31733.334,-12.892307,-8.2384615
31750.0,-9.031731,-7.8778844
31766.666,-6.653205,-7.6352563
31783.334,-6.4977565,-7.5695515
31800.0,-6.3423076,-7.503846
31816.666,-6.34391,-7.503846
31833.334,-6.345513,-7.503846
31850.0,-6.3432693,-7.5048075
31866.666,-6.3384614,-7.50641
31883.334,-6.3298078,-7.5057693
31900.0,-6.3057694,-7.496154
31916.666,-6.2817307,-7.4865384
31933.334,-6.270513,-7.4858975
31950.0,-6.2625,-7.4875
31966.666,-6.2551284,-7.4942307
31983.334,-6.248718,-7.5086536
32000.0,-6.2423077,-7.523077
32016.666,-6.2310896,-7.54391
32033.334,-6.219872,-7.5647435
32050.0,-6.2173076,-7.5615387
32066.666,-6.220513,-7.542308
32083.334,-6.225,-7.525
32100.0,-6.2346153,-7.5153847
32116.666,-6.2442307,-7.5057693
32133.334,-6.2641025,-7.501282
32150.0,-6.2865386,-7.498077
32166.666,-6.299359,-7.4826922
32183.334,-6.297756,-7.4490385
32200.0,-6.296154,-7.415385
32216.666,-6.3009615,-7.3929486
32233.334,-6.3057694,-7.370513
32250.0,-6.314423,-7.3644233
32266.666,-6.325641,-7.3692307
32283.334,-6.3333335,-7.363782
32300.0,-6.326923,-7.3173075
32316.666,-6.320513,-7.2708335
32333.334,-6.321795,-7.2410254
32350.0,-6.325,-7.2153845
32366.666,-6.298077,-7.201923
32383.334,-6.2259617,-7.206731
32400.0,-6.1538463,-7.2115383
32416.666,-0.95272434,-7.7940707
32433.334,4.2483974,-8.376602
32450.0,6.4581733,-8.587981
32466.666,6.673718,-8.551923
32483.334,6.8483973,-8.51827
32500.0,6.8596153,-8.494231
32516.666,6.8708334,-8.470192
32533.334,6.889744,-8.474359
32550.0,6.910577,-8.485577
32566.666,6.923718,-8.484615
32583.334,6.9253206,-8.4653845
32600.0,6.9269233,-8.446154
32616.666,6.9253206,-8.430128
32633.334,6.923718,-8.414103
32650.0,6.9269233,-8.418269
32666.666,6.9333334,-8.435898
32683.334,6.940545,-8.439423
32700.0,6.9509616,-8.3865385
32716.666,6.961378,-8.333653
32733.334,7.521154,-8.333333
32750.0,8.218269,-8.346154
32766.666,9.901603,-8.433974
32783.332,13.064262,-8.6342945
32800.0,16.226923,-8.834616
32816.668,16.315063,-8.804167
32833.332,16.403206,-8.773718
32850.0,16.447115,-8.760577
32866.668,16.461538,-8.758974
32883.332,16.471153,-8.74968
32900.0,16.461538,-8.709616
32916.668,16.451923,-8.669551
32933.332,16.45,-8.670513
32950.0,16.45,-8.681731
32966.668,16.455769,-8.65032
32983.332,16.470192,-8.554968
33000.0,16.484615,-8.459616
33016.668,17.741827,-6.3241987
33033.332,18.999039,-4.188782
33050.0,19.508173,-3.291346
33066.668,19.518589,-3.2192307
33083.332,19.529167,-3.1657052
33100.0,19.540384,-3.1865385
33116.668,19.551603,-3.2073717
33133.332,19.523077,-3.146154
33150.0,19.484615,-3.064423
33166.668,19.458975,-3.0128205
33183.332,19.452564,-3.0064104
33200.0,19.446154,-3.0
33216.668,19.455769,-3.0488782
33233.332,19.465385,-3.0977564
33250.0,19.466347,-3.1028845
33266.668,19.461538,-3.0788462
33283.332,19.450642,-3.0472755
33300.0,19.415384,-2.9855769
33316.668,19.380129,-2.9238782
33333.332,19.364744,-2.9115384
33350.0,19.354326,-2.9115384
33366.668,19.338781,-2.9179487
33383.332,19.315544,-2.9339743
33400.0,19.292307,-2.95
33416.668,19.308332,-2.9996796
33433.332,19.32436,-3.049359
33450.0,19.320192,-3.0692308
33466.668,19.302565,-3.0692308
33483.332,19.282051,-3.0663462
33500.0,19.25,-3.051923
33516.668,19.217949,-3.0375
33533.332,19.203846,-3.0384614
33550.0,19.194231,-3.0432692
33566.668,19.183332,-3.0423076
33583.332,19.170513,-3.0326922
33600.0,19.157692,-3.023077
33616.668,18.526281,-3.0190706
33633.332,17.894873,-3.015064
33650.0,12.904808,-3.633173
33666.668,5.0089746,-4.6660256
33683.332,-2.222436,-5.763141
33700.0,-6.796154,-7.1173077
33716.668,-11.369872,-8.471475
33733.332,-12.3217945,-8.702564
33750.0,-12.368269,-8.6528845
33766.668,-12.4028845,-8.6125
33783.332,-12.419711,-8.586058
33800.0,-12.436539,-8.559615
33816.668,-12.453365,-8.565225
33833.332,-12.470192,-8.570833
33850.0,-13.473077,-8.780769
33866.668,-15.133333,-9.126923
33883.332,-16.469551,-9.403525
33900.0,-16.509615,-9.401923
33916.668,-16.549679,-9.40032
33933.332,-16.551924,-9.371154
33950.0,-16.544712,-9.335096
33966.668,-16.544552,-9.311859
33983.332,-16.554968,-9.307853
34000.0,-16.565384,-9.303846
34016.668,-16.571795,-9.299039
34033.332,-16.578205,-9.29423
34050.0,-16.586538,-9.290865
34066.668,-16.596153,-9.288462
34083.332,-16.547756,-9.270352
34100.0,-16.267307,-9.189423
34116.668,-15.986859,-9.108494
34133.332,-15.912821,-9.06282
34150.0,-15.890385,-9.025962
34166.668,-15.882051,-8.998077
34183.332,-15.894872,-8.983654
34200.0,-15.907692,-8.969231
34216.668,-15.917308,-8.954006
34233.332,-15.926923,-8.938782
34250.0,-15.934615,-8.929327
34266.668,-15.941026,-8.9237175
34283.332,-15.948718,-8.915224
34300.0,-15.961538,-8.895192
34316.668,-15.974359,-8.87516
34333.332,-15.985897,-8.862821
34350.0,-15.997115,-8.852404
34366.668,-16.00577,-8.841025
34383.332,-16.010576,-8.828205
34400.0,-16.015385,-8.815385
34416.668,-16.023397,-8.810577
34433.332,-16.03141,-8.805769
34450.0,-16.027885,-8.808173
34466.668,-16.016666,-8.815385
34483.332,-16.009935,-8.822276
34500.0,-16.021154,-8.827885
34516.668,-16.032372,-8.833493
34533.332,-16.032372,-8.833493
34550.0,-16.032372,-8.833493
