133.33333,-0.3224359,-9.332051
150.0,-0.46826923,-9.326443
166.66667,-0.5573718,-9.320513
183.33333,-0.5613782,-9.314102
200.0,-0.5653846,-9.307693
216.66667,-0.54615384,-9.277244
233.33333,-0.52692306,-9.246795
250.0,-0.49326923,-9.230769
266.66666,-0.45,-9.224359
283.33334,-0.4157051,-9.2221155
300.0,-0.4173077,-9.236539
316.66666,-0.41891026,-9.250961
333.33334,-0.42435896,-9.351923
350.0,-0.43076923,-9.474519
366.66666,-0.41282052,-9.551602
383.33334,-0.35833332,-9.560416
400.0,-0.30384615,-9.569231
416.66666,-0.3246795,-9.591666
433.33334,-0.3455128,-9.614102
450.0,-0.3471154,-9.551923
466.66666,-0.33589745,-9.433333
483.33334,-0.96602565,-9.066827
500.0,-4.1615386,-7.708654
516.6667,-7.3570514,-6.3504806
533.3333,-9.175,-6.0666666
550.0,-10.648558,-6.051442
566.6667,-11.554167,-6.0483975
583.3333,-11.607853,-6.063622
600.0,-11.661538,-6.078846
616.6667,-11.704807,-6.121314
633.3333,-11.748077,-6.163782
650.0,-11.749039,-6.1865387
666.6667,-11.721795,-6.1961536
683.3333,-12.028525,-6.3451924
700.0,-13.671154,-7.0519233
716.6667,-15.313782,-7.7586536
733.3333,-15.915384,-7.9826922
750.0,-16.256731,-8.086058
766.6667,-16.466347,-8.184295
783.3333,-16.478365,-8.274839
800.0,-16.490385,-8.365385
816.6667,-16.510416,-8.431089
833.3333,-16.530449,-8.496795
850.0,-16.55673,-8.542308
866.6667,-16.58718,-8.574359
883.3333,-16.609455,-8.604648
900.0,-16.59904,-8.627885
916.6667,-16.588621,-8.651122
933.3333,-16.58846,-8.660256
950.0,-16.590866,-8.665865
966.6667,-16.583975,-8.665384
983.3333,-16.56314,-8.655769
1000.0,-16.542307,-8.646153
1016.6667,-14.598397,-8.54359
1033.3334,-12.654488,-8.441026
1050.0,-10.711538,-8.295673
1066.6666,-8.769231,-8.121795
1083.3334,-7.217628,-7.9841347
1100.0,-7.228846,-7.9913464
1116.6666,-7.240064,-7.9985576
1133.3334,-7.230769,-7.9884615
1150.0,-7.2163463,-7.9740386
1166.6666,-7.2,-7.9653845
1183.3334,-7.1807694,-7.9653845
1200.0,-7.1615386,-7.9653845
1216.6666,-7.1439104,-7.9525642
1233.3334,-7.126282,-7.9397435
1250.0,-7.1144233,-7.9322114
1266.6666,-7.10641,-7.928205
1283.3334,-7.070673,-7.8238783
1300.0,-6.9240384,-7.3182693
1316.6666,-6.777404,-6.81266
1333.3334,-6.7397437,-6.6685896
1350.0,-6.7293267,-6.614904
1366.6666,-6.7326922,-6.588782
1383.3334,-6.7567306,-6.6040063
1400.0,-6.7807693,-6.6192307
1416.6666,-6.7807693,-6.6448717
1433.3334,-6.7807693,-6.6705127
1450.0,-6.7822113,-6.6629806
1466.6666,-6.7846155,-6.633333
1483.3334,-6.785096,-6.6065707
1500.0,-6.7778845,-6.5913463
1516.6666,-6.7706733,-6.576122
1533.3334,-6.7660255,-6.5384617
1550.0,-6.762019,-6.4951925
1566.6666,-4.4247594,-5.3660254
1583.3334,-2.0875,-4.236859
1600.0,0.24975961,-3.1076922
1616.6666,2.5870192,-1.9785256
1633.3334,4.9242787,-0.849359
1650.0,7.2615385,0.2798077
1666.6666,6.896154,-1.6576923
1683.3334,6.6003203,-3.196795
1700.0,6.582692,-3.1423078
1716.6666,6.565064,-3.0878205
1733.3334,6.5692306,-3.0089743
1750.0,6.578846,-2.9240384
1766.6666,6.5903845,-2.8605769
1783.3334,6.604808,-2.8293269
1800.0,6.6192307,-2.7980769
1816.6666,6.611218,-2.7700322
1833.3334,6.603205,-2.7419872
1850.0,6.6,-2.7427886
1866.6666,6.6,-2.7628205
1883.3334,6.6003203,-2.7745192
1900.0,6.601923,-2.7528846
1916.6666,6.6035256,-2.73125
1933.3334,6.6089745,-2.7391026
1950.0,6.6153846,-2.7543268
1966.6666,6.61859,-2.7612178
1983.3334,6.616987,-2.755609
2000.0,6.6153846,-2.75
2016.6666,1.3942307,-3.9535255
2033.3334,-3.8269231,-5.157051
2050.0,-6.0961537,-5.7115383
2066.6667,-6.3974357,-5.8333335
2083.3333,-6.6493587,-5.936218
2100.0,-6.703846,-5.9634614
2116.6667,-6.758333,-5.990705
2133.3333,-6.773077,-5.999359
2150.0,-6.7778845,-6.0033655
2166.6667,-6.7846155,-6.0173078
2183.3333,-6.794231,-6.046154
2200.0,-6.8038464,-6.075
2216.6667,-6.801442,-6.134295
2233.3333,-6.7990384,-6.1935897
2250.0,-6.7889423,-6.2447114
2266.6667,-6.773718,-6.290385
2283.3333,-6.7653847,-6.3320513
2300.0,-6.7846155,-6.3576922
2316.6667,-6.8038464,-6.383333
2333.3333,-6.8064103,-6.402564
2350.0,-6.8048077,-6.4201922
2366.6667,-6.798077,-6.453205
2383.3333,-6.7836537,-6.509295
2400.0,-6.769231,-6.5653844
2416.6667,-6.7772436,-6.5589743
2433.3333,-6.7852564,-6.552564
2450.0,-6.7875,-6.5528846
2466.6667,-6.7858973,-6.5576925
2483.3333,-6.782372,-6.5589743
2500.0,-6.771154,-6.546154
2516.6667,-6.759936,-6.5333333
2533.3333,-6.766667,-6.5333333
2550.0,-6.7778845,-6.5365386
2566.6667,-6.7858973,-6.529487
2583.3333,-6.7891026,-6.5070515
2600.0,-6.792308,-6.4846153
2616.6667,-6.7642627,-6.4509616
2633.3333,-6.736218,-6.417308
2650.0,-6.738942,-6.4067307
2666.6667,-6.7621794,-6.4115386
2683.3333,-6.776923,-6.410577
2700.0,-6.7576923,-6.3865385
2716.6667,-6.7384615,-6.3625
2733.3333,-6.74359,-6.3608975
2750.0,-6.7548075,-6.364904
2766.6667,-6.764744,-6.360577
2783.3333,-6.7727566,-6.34375
2800.0,-6.7807693,-6.326923
2816.6667,-8.618109,-4.7628207
2833.3333,-10.455449,-3.1987178
2850.0,-11.335096,-2.5658653
2866.6667,-11.5762825,-2.5538461
2883.3333,-11.777564,-2.538622
2900.0,-11.819231,-2.510577
2916.6667,-11.860897,-2.482532
2933.3333,-11.880769,-2.45
2950.0,-11.895192,-2.416346
2966.6667,-11.908975,-2.3846154
2983.3333,-11.921795,-2.3557692
3000.0,-11.934615,-2.3269231
3016.6667,-11.916186,-2.3141026
3033.3333,-11.897757,-2.3012822
3050.0,-11.913942,-2.2923076
3066.6667,-11.953205,-2.2858975
3083.3333,-12.202564,-2.678205
3100.0,-13.292308,-4.665385
3116.6667,-14.382051,-6.652564
3133.3333,-14.935898,-7.1217947
3150.0,-15.355769,-7.2115383
3166.6667,-15.628846,-7.2926283
3183.3333,-15.681731,-7.3607373
3200.0,-15.734615,-7.4288464
3216.6667,-15.7153845,-7.4552884
3233.3333,-15.696154,-7.481731
3250.0,-15.685096,-7.518269
3266.6667,-15.679487,-7.5615387
3283.3333,-15.674199,-7.601282
3300.0,-15.670193,-7.626923
3316.6667,-15.666186,-7.652564
3333.3333,-15.807693,-7.7320514
3350.0,-15.985577,-7.825
3366.6667,-16.097757,-7.8772435
3383.3333,-16.111378,-7.8684297
3400.0,-16.125,-7.8596153
3416.6667,-16.141827,-7.8580127
3433.3333,-16.158653,-7.85641
3450.0,-16.159615,-7.8370194
3466.6667,-16.15,-7.8057694
3483.3333,-16.148077,-7.788782
3500.0,-16.176924,-7.828846
3516.6667,-16.205769,-7.8689103
3533.3333,-16.21282,-7.877564
3550.0,-16.214422,-7.8783655
3566.6667,-16.2,-7.8753204
3583.3333,-16.16154,-7.8665066
3600.0,-16.123077,-7.8576922
3616.6667,-16.116667,-7.8753204
3633.3333,-16.110256,-7.8929486
3650.0,-16.1125,-7.9009614
3666.6667,-16.120512,-7.902564
3683.3333,-16.12468,-7.9076924
3700.0,-16.113462,-7.9269233
3716.6667,-16.102243,-7.9461536
3733.3333,-16.09359,-7.9461536
3750.0,-16.085577,-7.941346
3766.6667,-16.075,-7.932051
3783.3333,-16.060577,-7.9160256
3800.0,-16.046154,-7.9
3816.6667,-16.047756,-7.940064
3833.3333,-16.049358,-7.9801283
3850.0,-16.041346,-7.972596
3866.6667,-16.026922,-7.9333334
3883.3333,-16.016987,-7.904327
3900.0,-16.025,-7.916346
3916.6667,-16.033012,-7.928365
3933.3333,-16.035898,-7.9371796
3950.0,-16.0375,-7.9451923
3966.6667,-16.034615,-7.949359
3983.3333,-16.025,-7.9477563
4000.0,-16.015385,-7.9461536
4016.6667,-16.01218,-7.960577
4033.3333,-16.008974,-7.975
4050.0,-16.010576,-7.9966345
4066.6667,-16.015385,-8.023077
4083.3333,-16.018589,-8.042148
4100.0,-16.015385,-8.031731
4116.6665,-16.01218,-8.021314
4133.3335,-16.01923,-8.003846
4150.0,-16.028847,-7.9846153
4166.6665,-14.482693,-7.8416667
4183.3335,-10.602884,-7.513141
4200.0,-6.723077,-7.1846156
4216.6665,-6.6485577,-7.1317306
4233.3335,-6.5740385,-7.078846
4250.0,-6.547596,-7.0528846
4266.6665,-6.553205,-7.044872
4283.3335,-6.55609,-7.0416665
4300.0,-6.548077,-7.0576925
4316.6665,-6.5400643,-7.073718
4333.3335,-6.5391026,-7.0730767
4350.0,-6.5399036,-7.0682693
4366.6665,-6.541987,-7.072436
4383.3335,-6.545994,-7.090064
4400.0,-6.55,-7.1076922
4416.6665,-6.545994,-7.1116986
4433.3335,-6.541987,-7.115705
4450.0,-6.5206733,-7.1125
4466.6665,-6.4878206,-7.104487
4483.3335,-6.4647436,-7.0988784
4500.0,-6.480769,-7.102885
4516.6665,-6.4967947,-7.106891
4533.3335,-6.497436,-7.1198716
4550.0,-6.4942307,-7.135096
4566.6665,-4.653205,-7.108333
4583.3335,-0.05544872,-7.01859
4600.0,4.542308,-6.9288464
4616.6665,5.8740387,-7.067468
4633.3335,7.205769,-7.20609
4650.0,7.7048078,-7.2817307
4666.6665,7.648718,-7.3153844
4683.3335,7.603846,-7.3442307
4700.0,7.603846,-7.353846
4716.6665,7.603846,-7.3634615
4733.3335,7.598718,-7.35641
4750.0,7.5923076,-7.3451924
4766.6665,7.591026,-7.3442307
4783.3335,7.597436,-7.358654
4800.0,7.603846,-7.373077
4816.6665,7.608654,-7.360256
4833.3335,7.6134615,-7.347436
4850.0,9.501442,-7.652404
4866.6665,12.644872,-8.16923
4883.3335,15.166026,-8.591827
4900.0,15.198077,-8.6375
4916.6665,15.230128,-8.683173
4933.3335,15.20641,-8.714103
4950.0,15.16875,-8.741346
4966.6665,15.141666,-8.7592945
4983.3335,15.130448,-8.763301
5000.0,15.119231,-8.767307
5016.6665,15.10641,-8.74407
5033.3335,15.09359,-8.720834
5050.0,15.0971155,-8.7375
5066.6665,15.111539,-8.780769
5083.3335,15.120193,-8.813782
5100.0,15.105769,-8.805769
5116.6665,15.091346,-8.797756
5133.3335,15.089103,-8.810256
5150.0,15.089904,-8.827885
5166.6665,15.094231,-8.8426285
5183.3335,15.103847,-8.8530445
5200.0,15.1134615,-8.8634615
5216.6665,15.1030445,-8.867468
5233.3335,15.0926285,-8.871474
5250.0,15.088462,-8.853847
5266.6665,15.088462,-8.8217945
5283.3335,15.079807,-8.810096
5300.0,15.036538,-8.879807
5316.6665,14.993269,-8.949519
5333.3335,15.003846,-9.003846
5350.0,15.0278845,-9.054327
5366.6665,15.055128,-9.091025
5383.3335,15.087179,-9.107051
5400.0,15.119231,-9.123077
5416.6665,15.160897,-9.140705
5433.3335,15.202564,-9.158334
5450.0,15.224038,-9.1625
5466.6665,15.232051,-9.157692
5483.3335,15.236859,-9.157051
5500.0,15.228847,-9.173077
5516.6665,15.220834,-9.189102
5533.3335,12.435898,-8.939102
5550.0,8.956731,-8.622596
5566.6665,6.78141,-8.443269
5583.3335,6.561859,-8.469711
5600.0,6.3423076,-8.496154
5616.6665,6.286218,-8.524199
5633.3335,6.2301283,-8.552243
5650.0,6.191346,-8.560096
5666.6665,6.1641026,-8.554487
5683.3335,6.1400642,-8.552564
5700.0,6.128846,-8.565385
5716.6665,6.117628,-8.578205
5733.3335,6.1128206,-8.588462
5750.0,6.1096153,-8.598077
5766.6665,6.1054487,-8.598397
5783.3335,6.0998397,-8.584776
5800.0,6.0942307,-8.571154
5816.6665,6.0934296,-8.566346
5833.3335,6.092628,-8.561539
5850.0,3.54375,-8.183173
5866.6665,-0.70384616,-7.5557694
5883.3335,-4.3333335,-7.0264425
5900.0,-5.4903846,-6.889423
5916.6665,-6.6474357,-6.7524037
5933.3335,-6.9371796,-6.6897435
5950.0,-7.010096,-6.6456733
5966.6665,-7.0634613,-6.623077
5983.3335,-7.0875,-6.6326923
6000.0,-7.1115384,-6.6423078
6016.6665,-7.106731,-6.6423078
6033.3335,-7.101923,-6.6423078
6050.0,-7.089423,-6.634135
6066.6665,-7.071795,-6.620513
6083.3335,-7.0608974,-6.604968
6100.0,-7.076923,-6.581731
6116.6665,-7.092949,-6.5584936
6133.3335,-7.0923076,-6.5435896
6150.0,-7.0875,-6.5307693
6166.6665,-7.0891027,-6.5333333
6183.3335,-7.1003203,-6.5589743
6200.0,-7.1115384,-6.584615
6216.6665,-7.1003203,-6.611859
6233.3335,-7.0891027,-6.6391025
6250.0,-7.0730767,-6.639423
6266.6665,-7.0538464,-6.6217947
6283.3335,-7.035577,-6.603846
6300.0,-7.021154,-6.584615
6316.6665,-7.0067306,-6.5653844
6333.3335,-6.9884615,-6.555128
6350.0,-6.9692307,-6.5471153
6366.6665,-6.958013,-6.5554485
6383.3335,-6.958814,-6.588301
6400.0,-6.959615,-6.621154
6416.6665,-10.247275,-6.914423
6433.3335,-13.534936,-7.207692
6450.0,-15.25,-7.4735575
6466.6665,-15.916667,-7.7211537
6483.3335,-16.466347,-7.926763
6500.0,-16.548077,-7.964423
6516.6665,-16.629808,-8.002084
6533.3335,-16.641666,-8.016666
6550.0,-16.636057,-8.025481
6566.6665,-16.631731,-8.028846
6583.3335,-16.629328,-8.024038
6600.0,-16.626923,-8.019231
6616.6665,-16.591667,-8.011218
6633.3335,-16.55641,-8.003205
6650.0,-16.549038,-8.002885
6666.6665,-16.560257,-8.007692
6683.3335,-16.521154,-8.034936
6700.0,-16.28077,-8.151923
6716.6665,-16.040384,-8.26891
6733.3335,-15.9884615,-8.301282
6750.0,-15.983654,-8.3125
6766.6665,-15.986539,-8.329487
6783.3335,-16.000961,-8.355128
6800.0,-16.015385,-8.380769
6816.6665,-16.013783,-8.379167
6833.3335,-16.01218,-8.377564
6850.0,-16.011538,-8.382692
6866.6665,-16.011538,-8.392307
6883.3335,-16.009134,-8.396314
6900.0,-15.997115,-8.377885
6916.6665,-15.985096,-8.359455
6933.3335,-16.014744,-8.368589
6950.0,-16.054808,-8.384615
6966.6665,-16.079166,-8.3887825
6983.3335,-16.079967,-8.37516
7000.0,-16.080769,-8.361539
7016.6665,-16.092789,-8.351923
7033.3335,-16.104807,-8.342308
7050.0,-16.111057,-8.338943
7066.6665,-16.113462,-8.339744
7083.3335,-16.113783,-8.340224
7100.0,-16.10577,-8.339423
7116.6665,-16.097757,-8.338622
7133.3335,-16.071154,-8.325641
7150.0,-16.039904,-8.309615
7166.6665,-16.022436,-8.305769
7183.3335,-16.02564,-8.320192
7200.0,-16.028847,-8.334616
7216.6665,-16.064903,-8.350641
7233.3335,-16.100962,-8.366667
7250.0,-16.102404,-8.358654
7266.6665,-16.080769,-8.334616
7283.3335,-16.066185,-8.319071
7300.0,-16.079807,-8.3375
7316.6665,-16.09343,-8.355929
7333.3335,-16.078205,-8.361539
7350.0,-16.055769,-8.363942
7366.6665,-16.044872,-8.375
7383.3335,-16.051283,-8.399038
7400.0,-16.057692,-8.423077
7416.6665,-16.092949,-8.447115
7433.3335,-16.128204,-8.471154
7450.0,-16.14375,-8.482211
7466.6665,-16.146154,-8.484615
7483.3335,-15.399679,-8.388141
7500.0,-11.657692,-7.896154
7516.6665,-7.915705,-7.4041667
7533.3335,-6.9820514,-7.209615
7550.0,-6.7504807,-7.089423
7566.6665,-6.6089745,-7.020192
7583.3335,-6.6025643,-7.027404
7600.0,-6.5961537,-7.0346155
7616.6665,-6.60016,-7.069872
7633.3335,-6.6041665,-7.1051283
7650.0,-6.6091347,-7.106731
7666.6665,-6.6147437,-7.0858974
7683.3335,-6.6173077,-7.0733976
7700.0,-6.6076922,-7.0942307
7716.6665,-6.598077,-7.115064
7733.3335,-6.598077,-7.1076922
7750.0,-6.6004806,-7.0932693
7766.6665,-6.604808,-7.0916667
7783.3335,-6.612019,-7.109295
7800.0,-6.6192307,-7.126923
7816.6665,-6.6160254,-7.1253204
7833.3335,-6.6128206,-7.123718
7850.0,-5.7451925,-6.477885
7866.6665,-4.301282,-5.402564
7883.3335,-3.1108975,-4.3376603
7900.0,-2.9346154,-3.314423
7916.6665,-2.7583334,-2.2911859
7933.3335,-2.7192307,-2.0653846
7950.0,-2.7144232,-2.0389423
7966.6665,-2.7048078,-2.0253205
7983.3335,-2.6879807,-2.0309296
8000.0,-2.6711538,-2.0365384
8016.6665,-2.6879807,-2.069391
8033.3335,-2.7048078,-2.1022437
8050.0,-2.708654,-2.101923
8066.6665,-2.7038462,-2.079487
8083.3335,-2.7024038,-2.0649037
8100.0,-2.7144232,-2.0817308
8116.6665,-2.7264423,-2.0985577
8133.3335,-2.7397435,-2.0846155
8150.0,-2.7533653,-2.0629807
8166.6665,-2.7496796,-2.0567307
8183.3335,-2.720032,-2.0735576
8200.0,-2.6903846,-2.0903847
8216.667,2.274359,-2.5471153
8233.333,7.2391024,-3.0038462
8250.0,9.448558,-3.2350962
8266.667,9.821154,-3.3160257
8283.333,10.109455,-3.378686
8300.0,10.060577,-3.3682692
8316.667,10.011699,-3.3578525
8333.333,10.003846,-3.3358974
8350.0,10.00625,-3.3110578
8366.667,10.009615,-3.2942307
8383.333,10.014423,-3.289423
8400.0,10.019231,-3.2846153
8416.667,10.024038,-3.2814102
8433.333,10.028846,-3.2782052
8450.0,10.0375,-3.2721155
8466.667,10.0487175,-3.2641025
8483.333,10.058494,-3.2564104
8500.0,10.0625,-3.25
8516.667,10.066506,-3.2435896
8533.333,10.064102,-3.25
8550.0,10.060096,-3.2596154
8566.667,10.055449,-3.2557693
8583.333,10.04984,-3.2317307
8600.0,10.04423,-3.2076924
8616.667,10.833493,-3.2774038
8633.333,11.622756,-3.3471153
8650.0,13.185577,-3.8245192
8666.667,15.264103,-4.573718
8683.333,16.93782,-5.1826925
8700.0,16.992308,-5.230769
8716.667,17.046795,-5.2788463
8733.333,17.032051,-5.2641025
8750.0,17.0,-5.233654
8766.667,16.976282,-5.217949
8783.333,16.965065,-5.224359
8800.0,16.953846,-5.230769
8816.667,16.93141,-5.1891026
8833.333,16.908974,-5.1474357
8850.0,16.90096,-5.1365385
8866.667,16.902565,-5.146154
8883.333,16.901442,-5.15625
8900.0,16.889423,-5.168269
8916.667,16.877403,-5.1802883
8933.333,16.728846,-5.198718
8950.0,16.546154,-5.21875
8966.667,13.34359,-5.195833
8983.333,5.611218,-5.108494
9000.0,-2.1211538,-5.021154
9016.667,-6.3647437,-4.6990385
9033.333,-10.608334,-4.376923
9050.0,-12.367788,-4.2447114
9066.667,-12.471154,-4.2391024
9083.333,-12.559295,-4.2310896
9100.0,-12.586538,-4.2134614
9116.667,-12.613782,-4.195833
9133.333,-12.616667,-4.1634617
9150.0,-12.6134615,-4.1274037
9166.667,-12.607051,-4.092628
9183.333,-12.595834,-4.059776
9200.0,-12.584616,-4.026923
9216.667,-12.58782,-3.9804487
9233.333,-12.591025,-3.9339743
9250.0,-12.595192,-3.9067307
9266.667,-12.6,-3.8923078
9283.333,-12.604808,-3.875641
9300.0,-12.609615,-3.85
9316.667,-12.614423,-3.824359
9333.333,-11.173077,-4.253846
9350.0,-9.370193,-4.7971153
9366.667,-8.066667,-5.354487
9383.333,-7.5121794,-5.933013
9400.0,-6.957692,-6.5115385
9416.667,-6.933654,-6.514744
9433.333,-6.9096155,-6.5179486
9450.0,-6.9014425,-6.5173078
9466.667,-6.9038463,-6.5141025
9483.333,-6.9052887,-6.5102563
9500.0,-6.9028845,-6.503846
9516.667,-6.9004807,-6.497436
9533.333,-6.9038463,-6.4865384
9550.0,-6.9086537,-6.4745193
9566.667,-6.9147434,-6.4733973
9583.333,-6.922756,-6.4886217
9600.0,-6.9307694,-6.503846
9616.667,-6.921154,-6.5150642
9633.333,-6.9115386,-6.526282
9650.0,-6.916346,-6.540385
9666.667,-6.9307694,-6.5564103
9683.333,-6.9426284,-6.5693913
9700.0,-6.9442306,-6.5701923
9716.667,-6.945833,-6.5709934
9733.333,-6.948718,-6.5666666
9750.0,-6.951923,-6.5610576
9766.667,-6.951923,-6.5583334
9783.333,-6.9471154,-6.559936
9800.0,-6.9423075,-6.5615387
9816.667,-6.929487,-6.559936
9833.333,-6.9166665,-6.5583334
9850.0,-8.329807,-6.3048077
9866.667,-10.69359,-5.883333
9883.333,-12.892949,-5.5384617
9900.0,-14.434615,-5.5
9916.667,-15.976282,-5.4615383
9933.333,-16.341026,-5.470513
9950.0,-16.41154,-5.4913464
9966.667,-16.460897,-5.498718
9983.333,-16.478525,-5.4858975
10000.0,-16.496155,-5.473077
10016.667,-16.502563,-5.4682693
10033.333,-16.508974,-5.4634614
10050.0,-16.520193,-5.455769
10066.667,-16.534615,-5.4461536
10083.333,-16.542147,-5.438301
10100.0,-16.522116,-5.4375
10116.667,-16.502083,-5.436699
10133.333,-16.486538,-5.419231
10150.0,-16.472115,-5.3975964
10166.667,-16.452244,-5.3839746
10183.333,-16.424198,-5.382372
10200.0,-16.396154,-5.3807693
10216.667,-16.391346,-5.3543267
10233.333,-16.386538,-5.3278847
10250.0,-16.39423,-5.3158655
10266.667,-16.410257,-5.3134613
10283.333,-16.413942,-5.315064
10300.0,-16.368269,-5.332692
10316.667,-16.322596,-5.3503203
10333.333,-13.199359,-5.8910255
10350.0,-9.306731,-6.5625
10366.667,-6.961218,-6.9621797
10383.333,-6.936378,-6.954167
10400.0,-6.9115386,-6.9461536
10416.667,-6.929968,-6.94375
10433.333,-6.9483976,-6.941346
10450.0,-6.9572115,-6.927404
10466.667,-6.959615,-6.9057693
10483.333,-6.958013,-6.8836536
10500.0,-6.9403844,-6.8596153
10516.667,-6.922756,-6.835577
10533.333,-6.908974,-6.824359
10550.0,-6.896154,-6.816346
10566.667,-6.891667,-6.8115387
10583.333,-6.8996797,-6.8115387
10600.0,-6.9076924,-6.8115387
10616.667,-6.90609,-6.8003206
10633.333,-6.904487,-6.7891026
10650.0,-6.8923078,-6.7971153
10666.667,-6.873077,-6.817949
10683.333,-6.8485575,-6.828846
10700.0,-6.8028846,-6.8
10716.667,-6.7572117,-6.771154
10733.333,-6.697436,-6.7551284
10750.0,-6.634135,-6.7423077
10766.667,-6.5833335,-6.7301283
10783.333,-6.551282,-6.71891
10800.0,-6.519231,-6.707692
10816.667,-6.5032053,-6.744551
10833.333,-6.4871793,-6.78141
10850.0,-6.4875,-6.7971153
10866.667,-6.498718,-6.798718
10883.333,-6.5105767,-6.8083334
10900.0,-6.525,-6.85
10916.667,-6.539423,-6.891667
10933.333,-6.5608974,-6.901923
10950.0,-6.5841346,-6.904327
10966.667,-6.596474,-6.90641
10983.333,-6.592468,-6.908013
11000.0,-6.5884614,-6.9096155
11016.667,-3.6349359,-6.8535256
11033.333,-0.68141025,-6.7974358
11050.0,1.8778846,-6.800481
11066.667,4.174359,-6.842949
11083.333,6.0032053,-6.8855767
11100.0,5.9615383,-6.9288464
11116.667,5.919872,-6.9721155
11133.333,5.898718,-6.991667
11150.0,5.8826923,-7.0052886
11166.667,5.8692307,-7.0317307
11183.333,5.8596153,-7.077404
11200.0,5.85,-7.123077
11216.667,5.8516026,-7.1198716
11233.333,5.853205,-7.116667
11250.0,5.8509617,-7.1307693
11266.667,5.8461537,-7.15641
11283.333,6.023077,-7.233654
11300.0,6.9269233,-7.5173078
11316.667,7.830769,-7.8009615
11333.333,9.079487,-9.602564
11350.0,10.414423,-11.783654
11366.667,11.222436,-13.126282
11383.333,11.240064,-13.211218
11400.0,11.257692,-13.296154
11416.667,11.24407,-13.325801
11433.333,11.230449,-13.355449
11450.0,11.227404,-13.400481
11466.667,11.23141,-13.45577
11483.333,11.2302885,-13.504167
11500.0,11.208653,-13.525
11516.667,11.187019,-13.545834
11533.333,11.103847,-14.662821
11550.0,11.005288,-16.053846
11566.667,10.9237175,-16.928526
11583.333,10.867628,-17.028687
11600.0,10.811539,-17.128845
11616.667,10.805128,-17.172916
11633.333,10.7987175,-17.216988
11650.0,10.79375,-17.24952
11666.667,10.789743,-17.274359
11683.333,10.788141,-17.292627
11700.0,10.796154,-17.284615
11716.667,10.804167,-17.276602
11733.333,10.805128,-17.283333
11750.0,10.804327,-17.29375
11766.667,10.802564,-17.305769
11783.333,10.799359,-17.320192
11800.0,10.796154,-17.334616
11816.667,10.797756,-17.346634
11833.333,10.799359,-17.358654
11850.0,8.026443,-17.022596
11866.667,3.4038463,-16.454487
11883.333,-1.3709936,-15.810898
11900.0,-6.7548075,-14.865385
11916.667,-12.138621,-13.919871
11933.333,-13.342308,-13.66923
11950.0,-13.500961,-13.592308
11966.667,-13.610256,-13.547436
11983.333,-13.645513,-13.550641
12000.0,-13.680769,-13.553846
12016.667,-13.680769,-13.516987
12033.333,-13.680769,-13.480128
12050.0,-13.680769,-13.478365
12066.667,-13.680769,-13.5
12083.333,-13.677243,-13.511699
12100.0,-13.6596155,-13.483654
12116.667,-13.641987,-13.455609
12133.333,-13.257692,-14.005128
12150.0,-12.781731,-14.6990385
12166.667,-12.496795,-15.123718
12183.333,-12.498398,-15.144551
12200.0,-12.5,-15.165384
12216.667,-12.494391,-15.21907
12233.333,-12.488782,-15.272757
12250.0,-12.475481,-15.30625
12266.667,-12.457051,-15.3262825
12283.333,-12.441987,-15.347756
12300.0,-12.440385,-15.375
12316.667,-12.438782,-15.402244
12333.333,-12.407692,-15.396153
12350.0,-12.369231,-15.381731
12366.667,-12.328846,-15.561539
12383.333,-12.285577,-16.032692
12400.0,-12.242308,-16.503845
12416.667,-12.239903,-16.485416
12433.333,-12.2375,-16.466988
12450.0,-12.234135,-16.457212
12466.667,-12.230128,-16.453205
12483.333,-12.226282,-16.451283
12500.0,-12.223077,-16.457693
12516.667,-12.2198715,-16.464102
12533.333,-12.217949,-16.45641
12550.0,-12.216346,-16.445192
12566.667,-11.901282,-16.310257
12583.333,-11.116026,-15.989743
12600.0,-10.33077,-15.66923
12616.667,-10.064744,-15.382372
12633.333,-9.7987175,-15.095512
12650.0,-9.692307,-14.960577
12666.667,-9.692307,-14.926923
12683.333,-9.692147,-14.9028845
12700.0,-9.691346,-14.917308
12716.667,-9.690545,-14.931731
12733.333,-9.6967945,-14.915384
12750.0,-9.704807,-14.891346
12766.667,-9.715705,-14.875
12783.333,-9.730929,-14.870193
12800.0,-9.746154,-14.865385
12816.667,-9.754167,-14.858974
12833.333,-9.762179,-14.852564
12850.0,-9.7615385,-14.844231
12866.667,-9.755128,-14.834616
12883.333,-9.746474,-14.829166
12900.0,-9.728847,-14.8403845
12916.667,-9.711218,-14.851603
12933.333,-9.694872,-14.85641
12950.0,-9.678846,-14.859615
12966.667,-11.075641,-14.940064
12983.333,-14.591666,-15.136378
13000.0,-18.107693,-15.332692
13016.667,-18.602083,-15.434455
13033.333,-19.096474,-15.536218
13050.0,-19.324038,-15.587981
13066.667,-19.373718,-15.60641
13083.333,-19.415865,-15.620353
13100.0,-19.427885,-15.616346
13116.667,-19.439903,-15.61234
13133.333,-19.453846,-15.59359
13150.0,-19.46827,-15.571154
13166.667,-19.476282,-15.549039
13183.333,-19.47468,-15.527404
13200.0,-19.473078,-15.505769
13216.667,-19.46827,-15.519391
13233.333,-19.46346,-15.533012
13250.0,-19.466347,-15.545193
13266.667,-19.47436,-15.55641
13283.333,-19.476923,-15.565705
13300.0,-19.457693,-15.567307
13316.667,-19.438461,-15.568911
13333.333,-19.424358,-15.5717945
13350.0,-19.41154,-15.575
13366.667,-19.41154,-15.583974
13383.333,-19.430769,-15.601603
13400.0,-19.45,-15.619231
13416.667,-19.454807,-15.596795
13433.333,-19.459616,-15.574359
13450.0,-19.448076,-15.564423
13466.667,-19.42564,-15.56282
13483.333,-19.40673,-15.565705
13500.0,-19.401922,-15.586538
13516.667,-19.397116,-15.607371
13533.333,-18.171795,-13.8
13550.0,-16.641346,-11.535577
13566.667,-15.684295,-10.144872
13583.333,-15.587339,-10.064744
13600.0,-15.490385,-9.984615
13616.667,-15.48157,-9.976603
13633.333,-15.472756,-9.96859
13650.0,-15.484615,-9.982693
13666.667,-15.510257,-10.0115385
13683.333,-15.532692,-10.0323715
13700.0,-15.542308,-10.021153
13716.667,-15.551923,-10.009936
13733.333,-15.557693,-10.0
13750.0,-15.5625,-9.990385
13766.667,-15.564423,-9.979487
13783.333,-15.562019,-9.966666
13800.0,-15.559615,-9.953846
13816.667,-15.565225,-9.939423
13833.333,-15.570833,-9.925
13850.0,-15.586538,-9.930769
13866.667,-15.608974,-9.95
13883.333,-15.632051,-9.966025
13900.0,-15.657692,-9.969231
13916.667,-15.683333,-9.972436
13933.333,-16.772436,-9.267949
13950.0,-18.127403,-8.3865385
13966.667,-18.972757,-7.85
13983.333,-19.053686,-7.830769
14000.0,-19.134615,-7.8115387
14016.667,-19.113783,-7.7698717
14033.333,-19.092949,-7.728205
14050.0,-19.08173,-7.707692
14066.667,-19.076923,-7.701282
14083.333,-19.066025,-7.6897435
14100.0,-19.03077,-7.6576924
14116.667,-18.995512,-7.625641
14133.333,-18.976282,-7.574359
14150.0,-18.961058,-7.518269
14166.667,-18.947756,-7.469551
14183.333,-18.93734,-7.431891
14200.0,-18.926924,-7.394231
14216.667,-18.930128,-7.3902245
14233.333,-18.933332,-7.386218
14250.0,-18.915384,-7.3884616
14266.667,-18.883333,-7.3948717
14283.333,-18.923077,-7.250801
14300.0,-19.25,-6.5048075
14316.667,-19.576923,-5.7588143
14333.333,-19.657692,-5.6096153
14350.0,-19.676924,-5.6096153
14366.667,-19.678205,-5.6009617
14383.333,-19.652565,-5.579327
14400.0,-19.626923,-5.5576925
14416.667,-19.627724,-5.56891
14433.333,-19.628525,-5.580128
14450.0,-19.647116,-5.6
14466.667,-19.677565,-5.625641
14483.333,-19.698557,-5.6456733
14500.0,-19.68173,-5.643269
14516.667,-19.664904,-5.6408653
14533.333,-19.180769,-5.15
14550.0,-18.579807,-4.5370193
14566.667,-18.054487,-3.6711538
14583.333,-17.642628,-2.4259615
14600.0,-17.23077,-1.1807692
14616.667,-17.245192,-1.1775641
14633.333,-17.259615,-1.174359
14650.0,-17.241346,-1.1596154
14666.667,-17.201283,-1.1371795
14683.333,-17.162981,-1.1139423
14700.0,-17.131731,-1.0875
14716.667,-17.100481,-1.0610577
14733.333,-17.096794,-1.0724359
14750.0,-17.1,-1.0932692
14766.667,-16.20673,-1.1201923
14783.333,-13.96875,-1.15625
14800.0,-11.730769,-1.1923077
14816.667,-11.719551,-1.1826923
14833.333,-11.708333,-1.1730769
14850.0,-11.698077,-1.1711539
14866.667,-11.688461,-1.174359
14883.333,-11.68141,-1.1820513
14900.0,-11.684615,-1.2076923
14916.667,-11.68782,-1.2333333
14933.333,-11.665384,-1.2384615
14950.0,-11.6365385,-1.2384615
14966.667,-10.81859,-1.7288462
14983.333,-8.816987,-2.9548078
15000.0,-6.8153844,-4.1807694
15016.667,-6.546154,-4.8570514
15033.333,-6.276923,-5.5333333
15050.0,-6.1610575,-5.8644233
15066.667,-6.1474357,-5.9653845
15083.333,-6.1328526,-6.0455127
15100.0,-6.1144233,-6.042308
15116.667,-6.0959935,-6.0391026
15133.333,-6.0884614,-6.01859
15150.0,-6.083654,-5.99375
15166.667,-6.0878205,-5.9791665
15183.333,-6.1054487,-5.979968
15200.0,-6.123077,-5.980769
15216.667,-6.1423078,-6.0016026
15233.333,-6.1615386,-6.0224357
15250.0,-6.1701922,-6.0259614
15266.667,-6.171795,-6.0179486
15283.333,-6.179487,-6.016667
15300.0,-6.2115383,-6.042308
15316.667,-6.24359,-6.067949
15333.333,-6.2551284,-6.0871797
15350.0,-6.2615385,-6.104808
15366.667,-6.2708335,-6.1253204
15383.333,-6.2844553,-6.1501603
15400.0,-6.298077,-6.175
15416.667,-6.306891,-6.195032
15433.333,-6.3157053,-6.215064
15450.0,-6.3298078,-6.210577
15466.667,-6.347436,-6.1897435
15483.333,-6.3615384,-6.1753206
15500.0,-6.3615384,-6.1865387
15516.667,-6.3615384,-6.1977563
15533.333,-6.353205,-6.171795
15550.0,-6.3427887,-6.1365385
15566.667,-6.329167,-6.110256
15583.333,-6.310737,-6.097436
15600.0,-6.292308,-6.084615
15616.667,-6.3171473,-6.116667
15633.333,-6.341987,-6.148718
15650.0,-6.222596,-6.1807694
15666.667,-6.0070515,-6.2128205
15683.333,-5.5942307,-6.5307693
15700.0,-4.3923078,-7.9923077
15716.667,-3.1903846,-9.453846
15733.333,-2.9371796,-9.748718
15750.0,-2.9211538,-9.751923
15766.667,-2.9044871,-9.76282
15783.333,-2.886859,-9.785256
15800.0,-2.8692307,-9.807693
15816.667,-2.8804488,-9.820513
15833.333,-2.8916667,-9.833333
15850.0,-2.8990386,-9.846154
15866.667,-2.9038463,-9.858974
15883.333,-2.909936,-9.876602
15900.0,-2.9211538,-9.913462
15916.667,-2.9323719,-9.95032
15933.333,-2.9333334,-9.975
15950.0,-2.9317307,-9.9966345
15966.667,-2.9259615,-10.016987
15983.333,-2.9139423,-10.035417
16000.0,-2.9019232,-10.053846
16016.667,-2.5261219,-10.148397
16033.333,-2.1503205,-10.242949
16050.0,-1.9961538,-10.313461
16066.667,-1.9897436,-10.367949
16083.333,-1.98125,-10.413462
16100.0,-1.9644231,-10.423077
16116.667,-1.9475962,-10.432693
16133.333,-1.9448718,-10.453846
16150.0,-1.9456731,-10.477884
16166.667,-1.9314103,-10.492949
16183.333,-1.8945513,-10.494552
16200.0,-1.8576924,-10.496154
16216.667,-1.8448718,-10.500961
16233.333,-1.8320513,-10.505769
16250.0,-0.24038461,-9.983654
16266.667,2.4038463,-9.110256
16283.333,4.6358976,-8.33109
16300.0,5.2192307,-7.9288464
16316.667,5.802564,-7.5266027
16333.333,5.9141026,-7.4288464
16350.0,5.9076924,-7.4072113
16366.667,5.9067307,-7.4038463
16383.333,5.9139423,-7.4278846
16400.0,5.921154,-7.451923
16416.666,5.9251604,-7.4479165
16433.334,5.929167,-7.44391
16450.0,5.9298077,-7.4317307
16466.666,5.928205,-7.4141026
16483.334,5.926282,-7.3977566
16500.0,5.923077,-7.3865385
16516.666,5.919872,-7.3753204
16533.334,5.9269233,-7.396154
16550.0,5.9365387,-7.425
16566.666,5.9397435,-7.4483976
16583.334,5.9333334,-7.4636216
16600.0,5.9269233,-7.478846
16616.666,5.917308,-7.526923
16633.334,5.9076924,-7.575
16650.0,5.9076924,-7.558173
16666.666,5.9141026,-7.498077
16683.334,5.919231,-7.453846
16700.0,5.919231,-7.473077
16716.666,5.919231,-7.4923077
16733.334,5.9435897,-7.470513
16750.0,5.9740386,-7.4384613
16766.666,5.99359,-7.4272437
16783.334,5.9967947,-7.4472756
16800.0,6.0,-7.4673076
16816.666,6.011218,-7.4777246
16833.334,6.0224357,-7.488141
16850.0,6.0278845,-7.4942307
16866.666,6.029487,-7.497436
16883.334,6.033013,-7.499359
16900.0,6.044231,-7.496154
16916.666,6.0554485,-7.4929485
16933.334,6.0589743,-7.4923077
16950.0,6.060577,-7.4923077
16966.666,6.0634613,-7.501923
16983.334,6.0682693,-7.5259614
17000.0,6.0730767,-7.55
17016.666,6.082692,-7.575641
17033.334,6.0923076,-7.601282
17050.0,6.0990386,-7.5990386
17066.666,6.103846,-7.578205
17083.334,6.1089745,-7.5693913
17100.0,6.1153846,-7.608654
17116.666,6.1217947,-7.647917
17133.334,6.133333,-7.6576924
17150.0,6.146154,-7.660096
17166.666,6.151923,-7.680128
17183.334,6.147115,-7.7266026
17200.0,6.1423078,-7.773077
17216.666,6.153526,-7.745032
17233.334,6.1647434,-7.716987
17250.0,6.167308,-7.733173
17266.666,6.1641026,-7.7788463
17283.334,6.1615386,-7.8076925
17300.0,6.1615386,-7.769231
17316.666,6.1615386,-7.730769
17333.334,6.1679487,-7.729487
17350.0,6.1759615,-7.7375
17366.666,6.1798077,-7.744551
17383.334,6.177404,-7.75016
17400.0,6.175,-7.7557693
17416.666,6.1485577,-7.778205
17433.334,6.1221156,-7.800641
17450.0,6.104808,-7.820673
17466.666,6.09359,-7.8391027
17483.334,6.083013,-7.84391
17500.0,6.075,-7.794231
17516.666,6.066987,-7.744551
17533.334,6.075641,-7.7384615
17550.0,6.0884614,-7.7432694
17566.666,6.095513,-7.741667
17583.334,6.09391,-7.7304487
17600.0,6.0923076,-7.7192307
17616.666,6.0891027,-7.709615
17633.334,6.0858974,-7.7
17650.0,6.0778847,-7.707692
17666.666,6.0666666,-7.726923
17683.334,6.0589743,-7.747436
17700.0,6.0653844,-7.773077
17716.666,6.071795,-7.798718
17733.334,6.0692306,-7.7974358
17750.0,6.064423,-7.789423
17766.666,6.0641026,-7.7875
17783.334,6.070513,-7.7947116
17800.0,6.076923,-7.8019233
17816.666,6.0977564,-7.7706733
17833.334,6.11859,-7.7394233
17850.0,6.1365385,-7.7365384
17866.666,6.152564,-7.752564
17883.334,6.161859,-7.758013
17900.0,6.144231,-7.7211537
17916.666,6.1266026,-7.6842947
17933.334,6.110256,-7.7
17950.0,6.0942307,-7.728846
17966.666,6.075641,-7.754487
17983.334,6.053205,-7.7753205
18000.0,6.0307693,-7.796154
18016.666,6.0195513,-7.784936
18033.334,6.008333,-7.773718
18050.0,6.001923,-7.7908654
18066.666,5.998718,-7.826923
18083.334,5.9942307,-7.8477564
18100.0,5.9846153,-7.8076925
18116.666,5.975,-7.767628
18133.334,5.971795,-7.7660255
18150.0,5.9701924,-7.7740383
18166.666,5.9711537,-7.778205
18183.334,5.9759617,-7.7766027
18200.0,5.980769,-7.775
18216.666,5.9711537,-7.8158655
18233.334,5.9615383,-7.856731
18250.0,5.9480767,-7.8644233
18266.666,5.932051,-7.85
18283.334,5.9168267,-7.8395834
18300.0,5.9048076,-7.8451924
18316.666,5.8927884,-7.8508015
18333.334,5.8871794,-7.8461537
18350.0,5.883173,-7.8389425
18366.666,5.877564,-7.83109
18383.334,5.869551,-7.8222756
18400.0,5.8615384,-7.8134613
18416.666,5.856731,-7.7870193
18433.334,5.851923,-7.7605767
18450.0,5.8451924,-7.768269
18466.666,5.8371797,-7.798718
18483.334,5.8294873,-7.8214746
18500.0,5.8230767,-7.8134613
18516.666,5.8166666,-7.8054485
18533.334,5.8153844,-7.8141026
18550.0,5.8153844,-7.826923
18566.666,5.8125,-7.8352566
18583.334,5.8052883,-7.8368587
18600.0,5.798077,-7.8384614
18616.666,5.795673,-7.8304486
18633.334,5.793269,-7.822436
18650.0,5.7836537,-7.8182693
18666.666,5.769231,-7.8166666
18683.334,5.7567306,-7.813141
18700.0,5.751923,-7.8019233
18716.666,5.7471156,-7.790705
18733.334,5.748718,-7.8089743
18750.0,5.751923,-7.834615
18766.666,5.749359,-7.8378205
18783.334,5.738141,-7.8073716
18800.0,5.726923,-7.776923
18816.666,5.7221155,-7.796154
18833.334,5.7173076,-7.8153844
18850.0,5.7100964,-7.816346
18866.666,5.701282,-7.805128
18883.334,5.6927886,-7.7935896
18900.0,5.685577,-7.7807693
18916.666,5.678365,-7.7679486
18933.334,5.673077,-7.74359
18950.0,5.668269,-7.7163463
18966.666,5.6647434,-7.7118587
18983.334,5.6631413,-7.7415066
19000.0,5.6615386,-7.771154
19016.666,5.6591344,-7.764744
19033.334,5.6567307,-7.758333
19050.0,5.6533656,-7.7745194
19066.666,5.6493587,-7.8057694
19083.334,5.646795,-7.833013
19100.0,5.65,-7.8442307
19116.666,5.653205,-7.8554487
19133.334,5.6576924,-7.89359
19150.0,5.6625,-7.9384613
19166.666,5.6679487,-7.9634614
19183.334,5.674359,-7.958654
19200.0,5.6807694,-7.953846
19216.666,5.6807694,-7.916186
19233.334,5.6807694,-7.8785257
19250.0,5.683173,-7.8798075
19266.666,5.6871796,-7.907051
19283.334,5.6879807,-7.9296474
19300.0,5.6759615,-7.933654
19316.666,5.6639423,-7.93766
19333.334,5.654487,-7.9333334
19350.0,5.6456733,-7.9269233
19366.666,5.6355767,-7.9185896
19383.334,5.6235576,-7.907372
19400.0,5.6115384,-7.896154
19416.666,5.6163464,-7.908173
19433.334,5.621154,-7.9201922
19450.0,5.6375,-7.93125
19466.666,5.6615386,-7.9416666
19483.334,5.6814103,-7.9480767
19500.0,5.6846156,-7.9384613
19516.666,5.6878204,-7.9288464
19533.334,5.694872,-7.9384613
19550.0,5.7028847,-7.9528847
19566.666,5.707692,-7.9628205
19583.334,5.707692,-7.966026
19600.0,5.707692,-7.9692307
19616.666,5.6932693,-7.990064
19633.334,5.6788464,-8.010898
19650.0,5.675,-8.044711
19666.666,5.678205,-8.087179
19683.334,5.6807694,-8.124519
19700.0,5.6807694,-8.141346
19716.666,5.6807694,-8.158173
19733.334,5.6788464,-8.166667
19750.0,5.676442,-8.173077
19766.666,5.677564,-8.173077
19783.334,5.6839743,-8.163462
19800.0,5.6903844,-8.153846
19816.666,5.7008014,-8.177885
19833.334,5.711218,-8.201923
19850.0,5.7120194,-8.214423
19866.666,5.7064104,-8.219231
19883.334,5.7036858,-8.225962
19900.0,5.7125,-8.240385
19916.666,5.721314,-8.254807
19933.334,5.730769,-8.232051
19950.0,5.7403846,-8.2
19966.666,5.749359,-8.167949
19983.334,5.757372,-8.135898
20000.0,5.7653847,-8.103847
20016.666,5.778205,-8.098237
20033.334,5.7910256,-8.0926285
20050.0,5.8019233,-8.099519
20066.666,5.8115387,-8.114743
20083.334,5.8214746,-8.126923
20100.0,5.832692,-8.126923
20116.666,5.84391,-8.126923
20133.334,5.8615384,-8.134615
20150.0,5.8807693,-8.144231
20166.666,5.898718,-8.146153
20183.334,5.9147434,-8.1365385
20200.0,5.9307694,-8.126923
20216.666,5.9371796,-8.093269
20233.334,5.9435897,-8.059615
20250.0,5.953846,-8.0509615
20266.666,5.9666667,-8.058974
20283.334,5.9804487,-8.070513
20300.0,5.998077,-8.096154
20316.666,6.015705,-8.121795
20333.334,6.020513,-8.144872
20350.0,6.022115,-8.167308
20366.666,6.026282,-8.167949
20383.334,6.034295,-8.135898
20400.0,6.042308,-8.103847
20416.666,6.063141,-8.08782
20433.334,6.0839744,-8.0717945
20450.0,6.101923,-8.068269
20466.666,6.1179485,-8.073077
20483.334,6.1310897,-8.08109
20500.0,6.1326923,-8.101923
20516.666,6.134295,-8.122756
20533.334,6.1384616,-8.112821
20550.0,6.143269,-8.095192
20566.666,6.146795,-8.087179
20583.334,6.1483974,-8.09359
20600.0,6.15,-8.1
20616.666,6.1475964,-8.10641
20633.334,6.145192,-8.112821
20650.0,6.1447115,-8.118269
20666.666,6.145513,-8.123077
20683.334,6.1474357,-8.128686
20700.0,6.1538463,-8.1375
20716.666,6.1602564,-8.146314
20733.334,6.1666665,-8.132692
20750.0,6.173077,-8.1134615
20766.666,6.176282,-8.108013
20783.334,6.1746793,-8.123238
20800.0,6.173077,-8.138461
20816.666,0.19150642,-7.8764424
20833.334,-5.7900643,-7.6144233
20850.0,-8.558173,-7.5365386
20866.666,-9.183974,-7.5814104
20883.334,-9.694071,-7.625
20900.0,-9.741346,-7.6634617
20916.666,-9.788622,-7.701923
20933.334,-9.807693,-7.7115383
20950.0,-9.819712,-7.7139425
20966.666,-9.832051,-7.7089744
20983.334,-9.8448715,-7.692949
21000.0,-9.857693,-7.6769233
21016.666,-11.9698715,-8.120833
21033.334,-14.082051,-8.564744
21050.0,-15.2778845,-8.788462
21066.666,-15.862821,-8.865385
21083.334,-16.339102,-8.929487
21100.0,-16.38077,-8.942307
21116.666,-16.422436,-8.955129
21133.334,-16.435898,-8.95
21150.0,-16.442308,-8.940385
21166.666,-16.45641,-8.93718
21183.334,-16.482052,-8.94359
21200.0,-16.507692,-8.95
21216.666,-16.507692,-8.924359
21233.334,-16.507692,-8.898718
21250.0,-16.514423,-8.881731
21266.666,-16.52564,-8.870513
21283.334,-16.539103,-8.864903
21300.0,-16.561539,-8.881731
21316.666,-16.583975,-8.898558
21333.334,-16.589743,-8.882051
21350.0,-16.591347,-8.857211
21366.666,-16.59423,-8.845512
21383.334,-16.59904,-8.853526
21400.0,-16.603846,-8.861539
21416.666,-16.607052,-8.850321
21433.334,-16.610256,-8.839103
21450.0,-16.625,-8.836058
21466.666,-16.647436,-8.838462
21483.334,-16.66218,-8.839583
21500.0,-16.646154,-8.835577
21516.666,-16.630129,-8.831571
21533.334,-16.632051,-8.826923
21550.0,-16.638462,-8.822115
21566.666,-16.648718,-8.81859
21583.334,-16.664743,-8.816987
21600.0,-16.680769,-8.815385
21616.666,-16.673557,-8.786538
21633.334,-16.666346,-8.757692
21650.0,-16.669712,-8.733654
21666.666,-16.680128,-8.71282
21683.334,-16.690865,-8.697757
21700.0,-16.702885,-8.70577
21716.666,-16.714905,-8.713782
21733.334,-16.703846,-8.685898
21750.0,-16.68702,-8.649038
21766.666,-16.671154,-8.614102
21783.334,-16.65673,-8.582051
21800.0,-16.642307,-8.55
21816.666,-16.62468,-8.527564
21833.334,-16.607052,-8.505128
21850.0,-16.585096,-8.479808
21866.666,-16.560257,-8.452564
21883.334,-16.541185,-8.427083
21900.0,-16.545193,-8.408654
21916.666,-16.549198,-8.390224
21933.334,-16.544872,-8.316667
21950.0,-16.538462,-8.229327
21966.666,-16.371796,-7.930128
21983.334,-15.964744,-7.313141
22000.0,-15.557693,-6.6961536
22016.666,-15.568109,-6.673718
22033.334,-15.578526,-6.651282
22050.0,-15.557212,-6.601923
22066.666,-15.514744,-6.5346155
22083.334,-15.482051,-6.4777246
22100.0,-15.4884615,-6.4625
22116.666,-15.494872,-6.4472756
22133.334,-15.480769,-6.424359
22150.0,-15.461538,-6.3995194
22166.666,-15.445513,-6.371154
22183.334,-15.434295,-6.3375
22200.0,-15.423077,-6.3038464
22216.666,-15.422276,-6.294231
22233.334,-15.421474,-6.2846155
22250.0,-15.411057,-6.2740383
22266.666,-15.394231,-6.2628207
22283.334,-15.376923,-6.2458334
22300.0,-15.357693,-6.205769
22316.666,-15.338462,-6.165705
22333.334,-15.828846,-4.346795
22350.0,-16.446634,-2.083173
22366.666,-16.851603,-0.6875
22383.334,-16.93734,-0.59375
22400.0,-17.023077,-0.5
22416.666,-17.027885,-0.4190705
22433.334,-17.032692,-0.33814102
22450.0,-17.032692,-0.29182693
22466.666,-17.029488,-0.26858974
22483.334,-17.026281,-0.24839744
22500.0,-17.023077,-0.24038461
22516.666,-17.019873,-0.23237179
22533.334,-17.00577,-0.23910256
22550.0,-16.988943,-0.24951923
22566.666,-16.98814,-0.26378205
22583.334,-17.011377,-0.2838141
22600.0,-17.034615,-0.30384615
22616.666,-17.047436,-0.31025642
22633.334,-17.060257,-0.31666666
22650.0,-17.034134,-0.31346154
22666.666,-16.982052,-0.30384615
22683.334,-16.940544,-0.2971154
22700.0,-16.941345,-0.30192307
22716.666,-16.942148,-0.30673078
22733.334,-16.907692,-0.28333333
22750.0,-16.864424,-0.25288463
22766.666,-16.833014,-0.25865385
22783.334,-16.819391,-0.31875
22800.0,-16.805769,-0.37884617
22816.666,-13.199199,-0.59759617
22833.334,-9.5926285,-0.81634617
22850.0,-2.7778847,-0.6048077
22866.666,6.175641,-0.10641026
22883.334,13.95032,0.09583333
22900.0,17.009615,-0.88653845
22916.666,20.06891,-1.8689103
22933.334,20.476923,-1.8051282
22950.0,20.222115,-1.4798077
22966.666,20.035257,-1.2711538
22983.334,19.950321,-1.2375
23000.0,19.865385,-1.2038461
23016.666,19.841347,-1.1589744
23033.334,19.817308,-1.1141026
23050.0,19.791346,-1.0985577
23066.666,19.764103,-1.1025641
23083.334,19.742949,-1.10625
23100.0,19.746155,-1.1086539
23116.666,19.74936,-1.1110576
23133.334,19.771154,-1.1115384
23150.0,19.797596,-1.1115384
23166.666,19.808012,-1.097436
23183.334,19.794392,-1.0621794
23200.0,19.78077,-1.0269231
23216.666,19.769552,-0.9900641
23233.334,19.758333,-0.9532051
23250.0,19.754808,-0.94711536
23266.666,19.75641,-0.96153843
23283.334,19.756731,-0.9721154
23300.0,19.751923,-0.9673077
23316.666,19.747116,-0.9625
23333.334,19.726923,-0.9685897
23350.0,19.702885,-0.9774038
23366.666,19.679487,-0.975
23383.334,19.657051,-0.95576924
23400.0,19.634615,-0.93653846
23416.666,19.621796,-0.94054484
23433.334,19.608974,-0.9445513
23450.0,19.590385,-0.95096153
23466.666,19.56795,-0.95897436
23483.334,19.55048,-0.97115386
23500.0,19.552885,-1.0
23516.666,19.555288,-1.0288461
23533.334,19.542948,-1.0378205
23550.0,19.526922,-1.041827
23566.666,19.508013,-1.0368589
23583.334,19.484776,-1.0184295
23600.0,19.461538,-1.0
23616.666,19.415064,-0.9727564
23633.334,19.36859,-0.94551283
23650.0,16.017307,-0.6528846
23666.666,10.46282,-0.18333334
23683.334,5.822436,0.21506411
23700.0,4.8384614,0.32884616
23716.666,3.8544872,0.4426282
23733.334,3.6371794,0.42307693
23750.0,3.6115384,0.37019232
23766.666,3.5903847,0.34583333
23783.334,3.5759616,0.36426282
23800.0,3.5615385,0.3826923
23816.666,3.733013,0.39310896
23833.334,3.9044871,0.40352565
23850.0,4.191346,0.36826923
23866.666,4.555128,0.3025641
23883.334,4.8490386,0.24839744
23900.0,4.8634615,0.24038461
23916.666,4.8778844,0.23237179
23933.334,4.8891025,0.20833333
23950.0,4.8995194,0.18028846
23966.666,4.9041667,0.15480769
23983.334,4.9001603,0.13317308
24000.0,4.896154,0.11153846
24016.666,4.896154,0.077884614
24033.334,4.896154,0.04423077
24050.0,4.914423,0.04519231
24066.666,4.944872,0.06923077
24083.334,4.970513,0.09102564
24100.0,4.976923,0.103846155
24116.666,4.983333,0.11666667
24133.334,4.9910254,0.16666667
24150.0,4.9990387,0.22596154
24166.666,5.0032053,0.24935897
24183.334,5.0016026,0.21891026
24200.0,5.0,0.18846154
24216.666,4.5,0.09150641
24233.334,4.0,-0.005448718
24250.0,1.1740384,-1.2879808
24266.666,-3.202564,-3.3608975
24283.334,-6.7315707,-5.0346155
24300.0,-6.8701925,-5.1115384
24316.666,-7.0088143,-5.1884613
24333.334,-7.052564,-5.203846
24350.0,-7.072596,-5.203846
24366.666,-7.0884614,-5.1897435
24383.334,-7.098077,-5.154487
24400.0,-7.1076922,-5.1192307
24416.666,-7.120513,-5.12484
24433.334,-7.133333,-5.130449
24450.0,-7.4269233,-5.1091347
24466.666,-7.9076924,-5.069872
24483.334,-8.29423,-5.0384617
24500.0,-8.303846,-5.0384617
24516.666,-8.313461,-5.0384617
24533.334,-8.324359,-5.0410256
24550.0,-8.335577,-5.044231
24566.666,-8.346154,-5.0519233
24583.334,-8.355769,-5.066346
24600.0,-8.365385,-5.080769
24616.666,-8.358974,-5.04391
24633.334,-8.352564,-5.0070515
24650.0,-8.3375,-4.9865384
24666.666,-8.316667,-4.976923
24683.334,-8.296795,-4.96891
24700.0,-8.280769,-4.9673076
24716.666,-8.264744,-4.965705
24733.334,-8.256411,-4.9692307
24750.0,-8.25,-4.9740386
24766.666,-8.247436,-4.975
24783.334,-8.250641,-4.9701924
24800.0,-8.253846,-4.9653845
24816.666,-8.239423,-4.95016
24833.334,-8.225,-4.934936
24850.0,-8.219231,-4.925481
24866.666,-8.219231,-4.919872
24883.334,-8.845994,-5.040705
24900.0,-11.979808,-5.667308
24916.666,-15.113622,-6.29391
24933.334,-15.860256,-6.471795
24950.0,-16.010096,-6.5375
24966.666,-16.100641,-6.5833335
24983.334,-16.102243,-6.599359
25000.0,-16.103846,-6.6153846
25016.666,-16.12468,-6.6233974
25033.334,-16.145514,-6.63141
25050.0,-16.148077,-6.6317306
25066.666,-16.138462,-6.626923
25083.334,-16.129808,-6.621154
25100.0,-16.125,-6.6115384
25116.666,-16.120192,-6.601923
25133.334,-16.129488,-6.6
25150.0,-16.142307,-6.6
25166.666,-16.160898,-6.5942307
25183.334,-16.18814,-6.5798078
25200.0,-16.215385,-6.5653844
25216.666,-16.21298,-6.578205
25233.334,-16.210577,-6.591026
25250.0,-16.212019,-6.5961537
25266.666,-16.216026,-6.5961537
25283.334,-16.219551,-6.5977564
25300.0,-16.221153,-6.605769
25316.666,-16.222757,-6.613782
25333.334,-16.228205,-6.6346154
25350.0,-16.234615,-6.6586537
25366.666,-16.246796,-6.678205
25383.334,-16.267628,-6.6910257
25400.0,-16.288462,-6.703846
25416.666,-16.296474,-6.703846
25433.334,-16.304487,-6.703846
25450.0,-16.30673,-6.7009616
25466.666,-16.305128,-6.6961536
25483.334,-16.304327,-6.695833
25500.0,-16.30673,-6.7134614
25516.666,-16.309135,-6.7310896
25533.334,-16.311539,-6.74359
25550.0,-16.313942,-6.7548075
25566.666,-16.3125,-6.758333
25583.334,-16.305288,-6.7503204
25600.0,-16.298077,-6.7423077
25616.666,-16.297276,-6.7326922
25633.334,-16.296474,-6.723077
25650.0,-16.302885,-6.710577
25666.666,-16.314102,-6.6961536
25683.334,-16.32468,-6.6858974
25700.0,-16.332693,-6.6923075
25716.666,-16.340706,-6.698718
25733.334,-15.894872,-6.6679487
25750.0,-15.335577,-6.6278844
25766.666,-11.274038,-6.1647434
25783.334,-1.9591346,-5.066987
25800.0,7.355769,-3.9692307
25816.666,12.188301,-2.7865384
25833.334,17.020834,-1.6038462
25850.0,18.958654,-1.1048077
25866.666,18.966667,-1.0615385
25883.334,18.964743,-1.027564
25900.0,18.923077,-1.0307692
25916.666,18.88141,-1.0339744
25933.334,18.870512,-1.0423077
25950.0,18.867308,-1.051923
25966.666,18.864103,-1.0621794
25983.334,18.860897,-1.0733974
26000.0,18.857693,-1.0846153
26016.666,18.847275,-1.0669872
26033.334,18.836859,-1.049359
26050.0,18.827404,-1.0509615
26066.666,18.81859,-1.0653846
26083.334,18.808975,-1.0740385
26100.0,18.796154,-1.0596154
26116.666,18.783333,-1.0451924
26133.334,18.776922,-1.0602564
26150.0,18.772116,-1.0826923
26166.666,18.76923,-1.0987179
26183.334,18.76923,-1.1051282
26200.0,18.76923,-1.1115384
26216.666,18.753204,-1.1291667
26233.334,18.737179,-1.1467949
26250.0,18.735577,-1.1634616
26266.666,18.74359,-1.1794872
26283.334,18.748718,-1.1939102
26300.0,18.742308,-1.2019231
26316.666,18.735897,-1.2099359
26333.334,18.721794,-1.2217948
26350.0,18.705769,-1.2346153
26366.666,18.696154,-1.2442307
26383.334,18.696154,-1.2490385
26400.0,18.696154,-1.2538462
26416.666,18.700962,-1.2778846
26433.334,18.705769,-1.301923
26450.0,18.70673,-1.323077
26466.666,18.705128,-1.3423077
26483.334,18.702885,-1.3596153
26500.0,18.698076,-1.3692307
26516.666,18.69327,-1.3788462
26533.334,18.698717,-1.3794872
26550.0,18.70673,-1.3778846
26566.666,18.711538,-1.3791667
26583.334,18.711538,-1.3847756
26600.0,18.711538,-1.3903847
26616.666,18.719551,-1.3983974
26633.334,18.727564,-1.4064102
26650.0,18.729807,-1.4288461
26666.666,18.728205,-1.4608974
26683.334,18.728045,-1.4886218
26700.0,18.733654,-1.4990385
26716.666,18.739264,-1.5094551
26733.334,18.738462,-1.5166667
26750.0,18.736057,-1.5230769
26766.666,18.516026,-1.6121795
26783.334,17.969551,-1.8253205
26800.0,17.423077,-2.0384614
26816.666,13.008013,-4.2788463
26833.334,8.592949,-6.519231
26850.0,6.709615,-7.5086536
26866.666,6.5141025,-7.6641026
26883.334,6.3477564,-7.79391
26900.0,6.298077,-7.8211536
26916.666,6.2483974,-7.8483973
26933.334,6.2346153,-7.870513
26950.0,6.229808,-7.891346
26966.666,6.230769,-7.901923
26983.334,6.2403846,-7.897115
27000.0,6.25,-7.8923078
27016.666,6.2451925,-7.9067307
27033.334,6.2403846,-7.921154
27050.0,6.2384615,-7.919231
27066.666,6.2384615,-7.90641
27083.334,6.2410254,-7.8923078
27100.0,6.253846,-7.873077
27116.666,6.266667,-7.853846
27133.334,6.2679486,-7.8589745
27150.0,6.266346,-7.8701925
27166.666,6.2669873,-7.8727565
27183.334,6.2709937,-7.86234
27200.0,6.275,-7.851923
27216.666,0.78942305,-7.8190703
27233.334,-4.6961536,-7.786218
27250.0,-9.210096,-7.480769
27266.666,-13.0762825,-6.99359
27283.334,-16.180288,-6.60016
27300.0,-16.235577,-6.581731
27316.666,-16.290865,-6.563301
27333.334,-16.30641,-6.548718
27350.0,-16.31202,-6.535096
27366.666,-16.323076,-6.5224357
27383.334,-16.342308,-6.511218
27400.0,-16.361538,-6.5
27416.666,-16.38718,-6.519231
27433.334,-16.41282,-6.5384617
27450.0,-16.421154,-6.5451922
27466.666,-16.417948,-6.5435896
27483.334,-16.414743,-6.5397434
27500.0,-16.41154,-6.526923
27516.666,-16.408333,-6.5141025
27533.334,-16.41154,-6.5108976
27550.0,-16.416346,-6.510096
27566.666,-16.422436,-6.509295
27583.334,-16.430449,-6.5084934
27600.0,-16.438461,-6.5076923
27616.666,-16.438461,-6.5189104
27633.334,-16.438461,-6.530128
27650.0,-16.444231,-6.5326924
27666.666,-16.453846,-6.529487
27683.334,-16.460257,-6.525641
27700.0,-16.453846,-6.519231
27716.666,-16.447435,-6.5128207
27733.334,-16.45,-6.532051
27750.0,-16.454807,-6.5576925
27766.666,-16.457693,-6.572436
27783.334,-16.457693,-6.570833
27800.0,-16.457693,-6.5692306
27816.666,-16.4625,-6.578045
27833.334,-16.467308,-6.5868587
27850.0,-16.463942,-6.5947113
27866.666,-16.455128,-6.601923
27883.334,-16.409454,-6.6051283
27900.0,-16.216347,-6.5923076
27916.666,-16.023237,-6.5794873
27933.334,-13.220512,-6.8333335
27950.0,-9.765385,-7.1538463
27966.666,-7.6884613,-7.344872
27983.334,-7.6788464,-7.3416667
28000.0,-7.669231,-7.3384614
28016.666,-7.686859,-7.3128204
28033.334,-7.7044873,-7.2871795
28050.0,-7.714423,-7.297596
28066.666,-7.7192307,-7.3320513
28083.334,-7.723718,-7.362019
28100.0,-7.726923,-7.3740387
28116.666,-7.7301283,-7.386058
28133.334,-7.7358975,-7.3782053
28150.0,-7.7423077,-7.3653846
28166.666,-7.746154,-7.3628206
28183.334,-7.746154,-7.375641
28200.0,-7.746154,-7.3884616
28216.666,-7.7653847,-7.3820515
28233.334,-7.7846155,-7.375641
28250.0,-7.7836537,-7.375
28266.666,-7.769231,-7.3782053
28283.334,-7.758173,-7.373718
28300.0,-7.7605767,-7.3384614
28316.666,-7.762981,-7.303205
28333.334,-7.75641,-7.2974358
28350.0,-7.7475963,-7.2990384
28366.666,-8.343269,-6.5971155
28383.334,-9.845673,-4.839904
28400.0,-11.348077,-3.0826924
28416.666,-11.586058,-2.7597756
28433.334,-11.8240385,-2.436859
28450.0,-11.929808,-2.3033655
28466.666,-11.947436,-2.2961538
28483.334,-11.958974,-2.284455
28500.0,-11.946154,-2.2548077
28516.666,-11.933333,-2.2251604
28533.334,-11.9282055,-2.2346153
28550.0,-11.925,-2.2538462
28566.666,-11.925641,-2.2737179
28583.334,-11.932052,-2.2945514
28600.0,-11.938461,-2.3153846
28616.666,-12.116346,-2.3346155
28633.334,-12.29423,-2.353846
28650.0,-13.327404,-3.185577
28666.666,-14.930769,-4.5589743
28683.334,-16.223879,-5.6705127
28700.0,-16.27596,-5.7346153
28716.666,-16.328045,-5.798718
28733.334,-16.364103,-5.8371797
28750.0,-16.396154,-5.8692307
28766.666,-16.423077,-5.891667
28783.334,-16.442308,-5.8996797
28800.0,-16.461538,-5.9076924
28816.666,-16.448717,-5.904487
28833.334,-16.435898,-5.901282
28850.0,-16.430769,-5.904327
28866.666,-16.430769,-5.9115386
28883.334,-16.430449,-5.914583
28900.0,-16.428846,-5.9009614
28916.666,-16.427244,-5.8873396
28933.334,-16.426283,-5.875641
28950.0,-16.42548,-5.8644233
28966.666,-16.417948,-5.8608975
28983.334,-16.40032,-5.8689103
29000.0,-16.382692,-5.876923
29016.666,-16.393108,-5.896154
29033.334,-16.403526,-5.915385
29050.0,-16.395193,-5.9067307
29066.666,-16.37436,-5.879487
29083.334,-16.356731,-5.85625
29100.0,-16.351923,-5.8490386
29116.666,-16.347115,-5.841827
29133.334,-16.334616,-5.84359
29150.0,-16.320192,-5.847596
29166.666,-16.30705,-5.856731
29183.334,-16.295834,-5.8735576
29200.0,-16.284615,-5.8903847
29216.666,-16.273397,-5.887981
29233.334,-16.26218,-5.8855767
29250.0,-16.263462,-5.891346
29266.666,-16.273077,-5.902564
29283.334,-16.0125,-6.043269
29300.0,-14.671154,-6.701923
29316.666,-13.329807,-7.360577
29333.334,-12.724359,-7.6282053
29350.0,-12.302885,-7.798077
29366.666,-12.04423,-7.901923
29383.334,-12.029808,-7.9067307
29400.0,-12.015385,-7.9115386
29416.666,-12.000961,-7.929167
29433.334,-11.986539,-7.946795
29450.0,-11.975,-7.959615
29466.666,-11.9653845,-7.9692307
29483.334,-11.959295,-7.979487
29500.0,-11.967308,-7.9923077
29516.666,-11.975321,-8.005128
29533.334,-11.983334,-8.007692
29550.0,-11.991346,-8.007692
29566.666,-11.994231,-8.006411
29583.334,-11.989423,-8.003205
29600.0,-11.984615,-8.0
29616.666,-11.991026,-8.008814
29633.334,-11.997436,-8.017629
29650.0,-12.003846,-8.017789
29666.666,-12.010257,-8.012179
29683.334,-12.615224,-8.157211
29700.0,-15.614423,-8.904808
29716.666,-18.613623,-9.652404
29733.334,-20.005129,-10.088462
29750.0,-20.99471,-10.446634
29766.666,-21.596794,-10.673077
29783.334,-21.617628,-10.701923
29800.0,-21.638462,-10.730769
29816.666,-21.635256,-10.741987
29833.334,-21.632051,-10.753205
29850.0,-21.636538,-10.764423
29866.666,-21.646154,-10.775641
29883.334,-21.657051,-10.790064
29900.0,-21.673077,-10.817307
29916.666,-21.689102,-10.844551
29933.334,-21.7,-10.852564
29950.0,-21.709616,-10.855769
29966.666,-21.68718,-11.484295
29983.334,-21.616667,-13.050801
30000.0,-21.546154,-14.617308
30016.666,-21.570192,-14.68141
30033.334,-21.59423,-14.745513
30050.0,-21.609615,-14.804327
30066.666,-21.61923,-14.859615
30083.334,-21.62484,-14.909295
30100.0,-21.614424,-14.936539
30116.666,-21.604006,-14.963782
30133.334,-21.604486,-14.977564
30150.0,-21.607693,-14.987981
30166.666,-21.616987,-14.995193
30183.334,-21.635416,-14.997596
30200.0,-21.653847,-15.0
30216.666,-20.879808,-15.248398
30233.334,-20.10577,-15.496795
30250.0,-19.686539,-15.850962
30266.666,-19.503845,-16.27564
30283.334,-19.358654,-16.616026
30300.0,-19.363462,-16.61923
30316.666,-19.368269,-16.622437
30333.334,-19.36923,-16.610256
30350.0,-19.36923,-16.59423
30366.666,-19.146154,-16.548397
30383.334,-18.58846,-16.457853
30400.0,-18.245892,-15.238898
30416.666,-17.903322,-14.019944
30433.334,-17.560751,-12.800991
30450.0,-17.218182,-11.582037
30466.666,-16.875612,-10.363083
30483.334,-16.533043,-9.144129
30500.0,-16.190472,-7.9251747
30516.666,-15.847902,-6.7062206
30533.334,-15.505332,-5.487267
30550.0,-15.162763,-4.268313
30566.666,-14.820192,-3.049359
30583.334,-15.014904,-5.047756
30600.0,-15.209616,-7.046154
30616.666,-15.24968,-6.6447115
30633.334,-15.289743,-6.2432694
30650.0,-15.374039,-6.1197114
30666.666,-15.487821,-6.1814103
30683.334,-15.585096,-6.244551
30700.0,-15.616346,-6.3134613
30716.666,-15.647596,-6.382372
30733.334,-15.815385,-6.5839744
30750.0,-16.017307,-6.81875
30766.666,-16.121796,-6.9214745
30783.334,-16.080128,-6.826122
30800.0,-16.038462,-6.730769
30816.666,-16.017628,-6.673077
30833.334,-15.996795,-6.6153846
30850.0,-15.978847,-6.5865383
30866.666,-15.96282,-6.576923
30883.334,-15.951603,-6.571955
30900.0,-15.959616,-6.585577
30916.666,-15.9676285,-6.599199
30933.334,-15.971154,-6.5884614
30950.0,-15.973557,-6.571635
30966.666,-15.978847,-6.576282
30983.334,-15.9884615,-6.613141
31000.0,-15.998077,-6.65
31016.666,-16.333815,-6.1884613
31033.334,-16.669552,-5.726923
31050.0,-17.188461,-4.4461536
31066.666,-17.829487,-2.6192307
31083.334,-18.348719,-1.159936
31100.0,-18.38077,-1.1711539
31116.666,-18.41282,-1.1823717
31133.334,-18.423077,-1.1564102
31150.0,-18.427885,-1.1211538
31166.666,-18.428205,-1.0897436
31183.334,-18.421795,-1.0641025
31200.0,-18.415384,-1.0384616
31216.666,-18.445833,-1.0496795
31233.334,-18.476282,-1.0608975
31250.0,-18.491346,-1.0615385
31266.666,-18.496155,-1.0551282
31283.334,-18.5,-1.0503205
31300.0,-18.5,-1.051923
31316.666,-18.5,-1.0535257
31333.334,-18.492308,-1.0358975
31350.0,-18.482693,-1.0134616
31366.666,-18.471153,-0.9980769
31383.334,-18.45673,-0.9932692
31400.0,-18.442308,-0.98846155
31416.666,-18.451923,-0.9900641
31433.334,-18.461538,-0.9916667
31450.0,-18.816345,-0.92115384
31466.666,-19.401281,-0.8025641
31483.334,-19.899359,-0.70384616
31500.0,-20.05,-0.6846154
31516.666,-20.200642,-0.6653846
31533.334,-20.246796,-0.64358974
31550.0,-20.266827,-0.62115383
31566.666,-20.283653,-0.6051282
31583.334,-20.295673,-0.5987179
31600.0,-20.307692,-0.5923077
31616.666,-20.30609,-0.5826923
31633.334,-20.304487,-0.5730769
31650.0,-20.289423,-0.5596154
31666.666,-20.265385,-0.5435898
31683.334,-20.242308,-0.52371794
31700.0,-20.223078,-0.48846152
31716.666,-20.203846,-0.45320514
31733.334,-20.194872,-0.44358975
31750.0,-20.188461,-0.44038463
31766.666,-20.184296,-0.43333334
31783.334,-20.183493,-0.42051283
31800.0,-20.182692,-0.4076923
31816.666,-20.16827,-0.38766026
31833.334,-20.153847,-0.36762822
31850.0,-20.147116,-0.35528848
31866.666,-20.145514,-0.3480769
31883.334,-20.145033,-0.33974358
31900.0,-20.149038,-0.32692307
31916.666,-20.153046,-0.31410256
31933.334,-20.15064,-0.29871795
31950.0,-20.146635,-0.2826923
31966.666,-20.14968,-0.2717949
31983.334,-20.163301,-0.26858974
32000.0,-20.176924,-0.2653846
32016.666,-18.033493,-0.4360577
32033.334,-15.890064,-0.60673076
32050.0,-14.990866,-0.65048075
32066.666,-14.921154,-0.6096154
32083.334,-14.866026,-0.5820513
32100.0,-14.869231,-0.6076923
32116.666,-14.872436,-0.6333333
32133.334,-14.889744,-0.6551282
32150.0,-14.910577,-0.67596155
32166.666,-14.93141,-0.6929487
32183.334,-14.952244,-0.70416665
32200.0,-14.973077,-0.7153846
32216.666,-15.003526,-0.7378205
32233.334,-15.033975,-0.7602564
32250.0,-15.049039,-0.7721154
32266.666,-15.053846,-0.77692306
32283.334,-15.061539,-0.78365386
32300.0,-15.08077,-0.7980769
32316.666,-15.1,-0.8125
32333.334,-15.119872,-0.8211538
32350.0,-15.139904,-0.8283654
32366.666,-15.064102,-0.8317308
32383.334,-14.844551,-0.8293269
32400.0,-14.625,-0.8269231
32416.666,-14.38782,-0.8076923
32433.334,-14.150641,-0.78846157
32450.0,-14.053366,-0.7783654
32466.666,-14.049359,-0.774359
32483.334,-14.045834,-0.7713141
32500.0,-14.04423,-0.7721154
32516.666,-14.042628,-0.7729167
32533.334,-14.05,-0.76346153
32550.0,-14.059615,-0.7514423
32566.666,-14.074679,-0.7471154
32583.334,-14.097917,-0.75432694
32600.0,-14.121154,-0.76153845
32616.666,-12.705289,-0.55
32633.334,-11.289423,-0.33846155
32650.0,-10.7125,-0.23942308
32666.666,-10.694872,-0.21538462
32683.334,-10.677885,-0.1897436
32700.0,-10.663462,-0.15769231
32716.666,-10.649038,-0.12564103
32733.334,-10.64359,-0.115384616
32750.0,-10.640385,-0.11057692
32766.666,-10.641666,-0.109615386
32783.332,-10.649679,-0.114423074
32800.0,-10.657692,-0.11923077
32816.668,-10.649679,-0.10240385
32833.332,-10.641666,-0.08557692
32850.0,-10.634615,-0.066826925
32866.668,-10.628205,-0.046794873
32883.332,-10.62468,-0.032371797
32900.0,-10.632692,-0.040384617
32916.668,-10.640705,-0.048397437
32933.332,-10.646153,-0.05576923
32950.0,-10.650962,-0.06298077
32966.668,-10.65609,-0.06955128
32983.332,-10.661698,-0.07516026
33000.0,-10.667308,-0.08076923
33016.668,-12.277083,-0.28589743
33033.332,-13.886859,-0.49102563
33050.0,-14.5625,-0.58365387
33066.668,-14.615385,-0.60128206
33083.332,-14.659776,-0.6160256
33100.0,-14.670193,-0.61923075
33116.668,-14.680609,-0.62243587
33133.332,-14.696154,-0.64871794
33150.0,-14.712981,-0.6807692
33166.668,-14.724359,-0.70576924
33183.332,-14.727564,-0.7201923
33200.0,-14.730769,-0.7346154
33216.668,-14.729167,-0.7330128
33233.332,-14.727564,-0.73141026
33250.0,-15.08077,-1.2942308
33266.668,-15.670513,-2.2333333
33283.332,-16.192308,-3.2923076
33300.0,-16.442308,-4.830769
33316.668,-16.692308,-6.3692307
33333.332,-16.751923,-6.7698717
33350.0,-16.763943,-6.886058
33366.668,-16.770193,-6.979487
33383.332,-16.767788,-7.038782
33400.0,-16.765385,-7.098077
33416.668,-16.752563,-7.1052885
33433.332,-16.739744,-7.1125
33450.0,-16.733173,-7.1173077
33466.668,-16.73077,-7.120513
33483.332,-16.728365,-7.117628
33500.0,-16.725962,-7.0903845
33516.668,-16.723558,-7.063141
33533.332,-16.708975,-7.057051
33550.0,-16.691345,-7.05625
33566.668,-16.68141,-7.0567307
33583.332,-16.683012,-7.0591345
33600.0,-16.684616,-7.0615387
33616.668,-16.683012,-7.085577
33633.332,-16.68141,-7.1096153
33650.0,-16.679808,-7.1144233
33666.668,-16.678205,-7.10641
33683.332,-16.678846,-7.1003203
33700.0,-16.688461,-7.101923
33716.668,-16.698076,-7.1035256
33733.332,-16.715385,-7.116667
33750.0,-16.734615,-7.1326923
33766.668,-16.74359,-7.1391025
33783.332,-16.737179,-7.1310897
33800.0,-16.73077,-7.123077
33816.668,-16.73798,-7.128686
33833.332,-16.745192,-7.134295
33850.0,-16.747597,-7.1355767
33866.668,-16.746796,-7.1339746
33883.332,-16.74407,-7.1326923
33900.0,-16.733654,-7.1326923
33916.668,-16.723238,-7.1326923
33933.332,-16.717308,-7.133333
33950.0,-16.7125,-7.134135
33966.668,-16.71346,-7.139744
33983.332,-16.723078,-7.152564
34000.0,-16.732693,-7.165385
34016.668,-16.74952,-7.1701922
34033.332,-16.766346,-7.175
34050.0,-16.775,-7.168269
34066.668,-16.778206,-7.1538463
34083.332,-16.772757,-7.1320515
34100.0,-16.732693,-7.080769
34116.668,-16.692629,-7.029487
34133.332,-16.679487,-7.021795
34150.0,-16.673077,-7.025
34166.668,-16.670513,-7.0410256
34183.332,-16.673717,-7.076282
34200.0,-16.676924,-7.1115384
34216.668,-16.655289,-7.095513
34233.332,-16.633654,-7.0794873
34250.0,-16.612019,-7.0625
34266.668,-16.590385,-7.044872
34283.332,-16.575321,-7.0336537
34300.0,-16.586538,-7.048077
34316.668,-16.597757,-7.0625
34333.332,-16.594872,-7.0833335
34350.0,-16.58846,-7.105769
34366.668,-16.576283,-7.122436
34383.332,-16.555449,-7.130449
34400.0,-16.534615,-7.1384616
34416.668,-16.511377,-7.1136217
34433.332,-16.48814,-7.088782
34450.0,-16.486057,-7.074519
34466.668,-16.498077,-7.0673075
34483.332,-16.505129,-7.055128
34500.0,-16.492308,-7.023077
34516.668,-16.479486,-6.9910254
34533.332,-16.479486,-6.9910254
34550.0,-16.479486,-6.9910254
