0.0,-0.65,-10.096154
16.666666,-0.638782,-10.084936
33.333332,-0.62756413,-10.073718
50.0,-0.62403846,-10.086538
66.666664,-0.62564105,-10.115385
83.333336,-0.6227564,-10.146153
100.0,-0.60192305,-10.184615
116.666664,-0.58108974,-10.223077
133.33333,-0.5730769,-10.205129
150.0,-0.56826925,-10.173077
166.66667,-0.24358974,-10.148718
183.33333,0.5608974,-10.135898
200.0,1.3653846,-10.123077
216.66667,2.8878205,-10.017307
233.33333,4.4102564,-9.911538
250.0,5.0259614,-9.866346
266.66666,5.0371795,-9.861539
283.33334,5.0474358,-9.852564
300.0,5.0538464,-9.826923
316.66666,5.0602565,-9.801282
333.33334,5.0897436,-9.778205
350.0,5.125,-9.755769
366.66666,5.2365384,-9.646153
383.33334,5.4625,-9.405769
400.0,5.6884613,-9.165384
416.66666,5.6964746,-9.142949
433.33334,5.7044873,-9.120513
450.0,5.7182693,-9.110577
466.66666,5.7358975,-9.108974
483.33334,5.7496796,-9.109776
500.0,5.748077,-9.120193
516.6667,5.7464743,-9.130609
533.3333,5.7410254,-9.139744
550.0,5.7346153,-9.148558
566.6667,5.6301284,-9.126282
583.3333,5.3785257,-9.057372
600.0,5.126923,-8.9884615
616.6667,0.63974357,-8.623077
633.3333,-3.847436,-8.257692
650.0,-5.6826925,-8.0740385
666.6667,-5.75,-8.0115385
683.3333,-5.8064103,-7.966987
700.0,-5.8192306,-7.9942307
716.6667,-5.8320513,-8.021474
733.3333,-5.844872,-8.033334
750.0,-5.8576922,-8.041347
766.6667,-5.870513,-8.023077
783.3333,-5.883333,-7.9653845
800.0,-5.896154,-7.9076924
816.6667,-5.9121795,-7.8451924
833.3333,-5.928205,-7.7826924
850.0,-5.9298077,-7.75
866.6667,-5.921795,-7.7371793
883.3333,-5.9240384,-7.664263
900.0,-5.9673076,-7.3509617
916.6667,-6.0105767,-7.03766
933.3333,-6.019231,-6.9634614
950.0,-6.019231,-6.9490385
966.6667,-6.0153847,-6.938141
983.3333,-6.0057693,-6.932532
1000.0,-5.996154,-6.9269233
1016.6667,-6.013782,-6.934936
1033.3334,-6.03141,-6.942949
1050.0,-6.0375,-6.945673
1066.6666,-6.0358973,-6.944872
1083.3334,-6.0354166,-6.9403844
1100.0,-6.039423,-6.921154
1116.6666,-6.0434294,-6.901923
1133.3334,-6.053205,-6.908974
1150.0,-6.064423,-6.922596
1166.6666,-6.058654,-6.9121795
1183.3334,-6.027404,-6.865705
1200.0,-5.996154,-6.8192306
1216.6666,-5.996154,-6.8817306
1233.3334,-5.996154,-6.9442306
1250.0,-5.9913464,-6.9692307
1266.6666,-5.983333,-6.9692307
1283.3334,-6.1806087,-6.9709935
1300.0,-7.1990385,-6.979808
1316.6666,-8.217468,-6.9886217
1333.3334,-10.436539,-7.3820515
1350.0,-12.95577,-7.8716345
1366.6666,-14.48141,-8.170513
1383.3334,-14.516666,-8.183333
1400.0,-14.551923,-8.196154
1416.6666,-14.56875,-8.184936
1433.3334,-14.585577,-8.1737175
1450.0,-14.583653,-8.166827
1466.6666,-14.569231,-8.162821
1483.3334,-14.555769,-8.154648
1500.0,-14.546154,-8.129807
1516.6666,-14.536538,-8.104968
1533.3334,-14.969231,-8.107693
1550.0,-15.5125,-8.117308
1566.6666,-15.838462,-8.122436
1583.3334,-15.838462,-8.120833
1600.0,-15.838462,-8.119231
1616.6666,-15.843269,-8.135257
1633.3334,-15.848077,-8.151282
1650.0,-15.837981,-8.149038
1666.6666,-15.817948,-8.134615
1683.3334,-15.801122,-8.12532
1700.0,-15.797115,-8.1365385
1716.6666,-15.793109,-8.147757
1733.3334,-15.785897,-8.144231
1750.0,-15.7778845,-8.137019
1766.6666,-14.284295,-8.135257
1783.3334,-10.56234,-8.141666
1800.0,-6.8403845,-8.148077
1816.6666,-6.4341345,-8.028686
1833.3334,-6.0278845,-7.909295
1850.0,-5.8524036,-7.862981
1866.6666,-5.830769,-7.8653846
1883.3334,-5.8036857,-7.8578525
1900.0,-5.7548075,-7.810577
1916.6666,-5.7059293,-7.7633014
1933.3334,-5.64359,-7.6628203
1950.0,-5.5778847,-7.5490384
1966.6666,-5.496562,-7.664569
1983.3334,-5.415239,-7.780099
2000.0,-5.333916,-7.8956294
2016.6666,-5.252593,-8.01116
2033.3334,-5.1712704,-8.12669
2050.0,-5.0899477,-8.24222
2066.6667,-5.0086246,-8.357751
2083.3333,-4.927302,-8.473281
2100.0,-4.845979,-8.588811
2116.6667,-4.764656,-8.704342
2133.3333,-4.6833334,-8.819872
2150.0,-5.0134616,-8.1283655
2166.6667,-5.225,-7.6951923
2183.3333,-5.2586536,-7.6495194
2200.0,-5.292308,-7.603846
2216.6667,-5.4157853,-7.7495193
2233.3333,-5.539263,-7.895192
2250.0,-5.66274,-8.040865
2266.6667,-5.786218,-8.186539
2283.3333,-5.9096956,-8.3322115
2300.0,-6.033173,-8.477884
2316.6667,-6.1566505,-8.623558
2333.3333,-6.280128,-8.769231
2350.0,-6.3995194,-8.110577
2366.6667,-6.4740386,-7.717949
2383.3333,-6.48125,-7.724359
2400.0,-6.4884615,-7.730769
2416.6667,-6.4772434,-7.7740383
2433.3333,-6.466026,-7.8173075
2450.0,-6.4490385,-7.8490386
2466.6667,-6.428205,-7.873077
2483.3333,-6.410096,-7.8972754
2500.0,-6.4028845,-7.9221153
2516.6667,-6.3956733,-7.946955
2533.3333,-6.374359,-7.9884615
2550.0,-6.3495193,-8.034135
2566.6667,-6.3352566,-8.063461
2583.3333,-6.3368587,-8.068269
2600.0,-6.3384614,-8.073077
2616.6667,-6.3176284,-8.101923
2633.3333,-6.296795,-8.130769
2650.0,-6.2826924,-8.129807
2666.6667,-6.273077,-8.108974
2683.3333,-6.2628207,-8.096475
2700.0,-6.25,-8.117308
2716.6667,-6.2371793,-8.138141
2733.3333,-6.2346153,-8.116667
2750.0,-6.2346153,-8.084616
2766.6667,-6.228205,-8.058974
2783.3333,-6.2121797,-8.042949
2800.0,-6.1961536,-8.026923
2816.6667,-6.1777244,-8.020513
2833.3333,-6.159295,-8.014103
2850.0,-6.15625,-8.010577
2866.6667,-6.1634617,-8.008974
2883.3333,-6.169231,-8.007372
2900.0,-6.169231,-8.005769
2916.6667,-6.169231,-8.004167
2933.3333,-6.182051,-7.985256
2950.0,-6.1980767,-7.9620194
2966.6667,-6.2044873,-7.9423075
2983.3333,-6.1964746,-7.9278846
3000.0,-6.1884613,-7.9134617
3016.6667,-6.1884613,-7.9190707
3033.3333,-6.1884613,-7.9246793
3050.0,-6.1980767,-7.9288464
3066.6667,-6.2141027,-7.932051
3083.3333,-6.223077,-7.933013
3100.0,-6.203846,-7.925
3116.6667,-6.1846156,-7.916987
3133.3333,-6.1769233,-7.9371796
3150.0,-6.1721153,-7.964423
3166.6667,-6.1705127,-7.98141
3183.3333,-6.173718,-7.9830127
3200.0,-6.1769233,-7.9846153
3216.6667,-6.191346,-8.060738
3233.3333,-6.205769,-8.136859
3250.0,-6.2014422,-8.189904
3266.6667,-6.1846156,-8.227564
3283.3333,-6.172596,-8.258974
3300.0,-6.1798077,-8.265385
3316.6667,-6.1870193,-8.271795
3333.3333,-6.1769233,-8.288462
3350.0,-6.1625,-8.307693
3366.6667,-6.146154,-8.3125
3383.3333,-6.126923,-8.295673
3400.0,-6.1076922,-8.278846
3416.6667,-6.1060896,-8.297276
3433.3333,-6.104487,-8.315705
3450.0,-6.098077,-8.321154
3466.6667,-6.0884614,-8.317948
3483.3333,-6.0804486,-8.315385
3500.0,-6.078846,-8.315385
3516.6667,-6.077244,-8.315385
3533.3333,-6.070513,-8.321154
3550.0,-6.0625,-8.328365
3566.6667,-6.0564103,-8.333013
3583.3333,-6.053205,-8.333814
3600.0,-6.05,-8.334616
3616.6667,-6.047596,-8.33141
3633.3333,-6.0451922,-8.328205
3650.0,-6.03125,-8.321634
3666.6667,-6.0096154,-8.31282
3683.3333,-5.9939103,-8.304007
3700.0,-6.001923,-8.295193
3716.6667,-6.009936,-8.286378
3733.3333,-6.0121794,-8.279488
3750.0,-6.012981,-8.273077
3766.6667,-6.017628,-8.256411
3783.3333,-6.0280447,-8.224359
3800.0,-6.0384617,-8.192307
3816.6667,-6.0400643,-8.177885
3833.3333,-6.0416665,-8.163462
3850.0,-6.0384617,-8.153846
3866.6667,-6.032051,-8.147436
3883.3333,-6.026923,-8.144391
3900.0,-6.026923,-8.154808
3916.6667,-6.026923,-8.165224
3933.3333,-6.03141,-8.147436
3950.0,-6.0370193,-8.122596
3966.6667,-6.1285257,-8.103847
3983.3333,-6.3488784,-8.094231
4000.0,-6.5692306,-8.084616
4016.6667,-6.577244,-8.017307
4033.3333,-6.5852566,-7.95
4050.0,-6.59375,-7.917308
4066.6667,-6.6025643,-7.9076924
4083.3333,-6.6110578,-7.8964744
4100.0,-6.6182694,-7.878846
4116.6665,-6.6254807,-7.861218
4133.3335,-6.6320515,-7.846795
4150.0,-6.6384616,-7.8331733
4166.6665,-6.548718,-7.8016024
4183.3335,-6.3147435,-7.7431087
4200.0,-6.080769,-7.6846156
4216.6665,-6.079167,-7.666186
4233.3335,-6.0775642,-7.6477566
4250.0,-6.075,-7.6384616
4266.6665,-6.071795,-7.6352563
4283.3335,-6.066346,-7.6225963
4300.0,-6.0519233,-7.5721154
4316.6665,-6.0375,-7.5216346
4333.3335,-6.0333333,-7.50641
4350.0,-6.0317307,-7.5
4366.6665,-6.029487,-7.4897437
4383.3335,-6.026282,-7.473718
4400.0,-6.023077,-7.457692
4416.6665,-6.011859,-7.4440703
4433.3335,-6.000641,-7.4304485
4450.0,-5.9942307,-7.426442
4466.6665,-5.9910254,-7.4288464
4483.3335,-5.9891024,-7.4339743
4500.0,-5.9923077,-7.45
4516.6665,-5.995513,-7.466026
4533.3335,-5.967949,-7.480769
4550.0,-5.9326925,-7.4951925
4566.6665,-5.9160256,-7.508333
4583.3335,-5.9272437,-7.5195513
4600.0,-5.9384613,-7.5307693
4616.6665,-5.933654,-7.501923
4633.3335,-5.9288464,-7.473077
4650.0,-5.925,-7.4639425
4666.6665,-5.921795,-7.467949
4683.3335,-5.916987,-7.4629807
4700.0,-5.9057693,-7.4221153
4716.6665,-5.8945513,-7.38125
4733.3335,-5.8923078,-7.39359
4750.0,-5.8923078,-7.419231
4766.6665,-5.8891025,-7.4166665
4783.3335,-5.8810897,-7.3717947
4800.0,-5.873077,-7.326923
4816.6665,-5.860256,-7.286859
4833.3335,-5.847436,-7.2467947
4850.0,-5.85,-7.2596154
4866.6665,-5.8628206,-7.3076925
4883.3335,-5.9333334,-7.2833333
4900.0,-6.2346153,-6.9692307
4916.6665,-6.5358973,-6.655128
4933.3335,-6.5871797,-6.578205
4950.0,-6.5759616,-6.560577
4966.6665,-6.5589743,-6.541346
4983.3335,-6.5333333,-6.5197115
5000.0,-6.5076923,-6.498077
5016.6665,-6.4932694,-6.498878
5033.3335,-6.478846,-6.4996796
5050.0,-6.4634614,-6.453846
5066.6665,-6.447436,-6.376923
5083.3335,-6.365064,-5.895513
5100.0,-6.0173078,-3.7961538
5116.6665,-5.6695514,-1.6967949
5133.3335,-5.598718,-1.2705128
5150.0,-5.5971155,-1.2625
5166.6665,-5.5951924,-1.2416667
5183.3335,-5.5927887,-1.2016026
5200.0,-5.5903845,-1.1615385
5216.6665,-5.5959935,-1.148718
5233.3335,-5.6016026,-1.1358974
5250.0,-5.5961537,-1.1259615
5266.6665,-5.5833335,-1.1179488
5283.3335,-5.579968,-1.1080128
5300.0,-5.6144233,-1.0903846
5316.6665,-5.648878,-1.0727564
5333.3335,-5.626923,-1.0653846
5350.0,-5.5908656,-1.0605769
5366.6665,-5.5692306,-1.0480769
5383.3335,-5.5692306,-1.0240384
5400.0,-5.5692306,-1.0
5416.6665,-5.5860577,-1.0128205
5433.3335,-5.602885,-1.0256411
5450.0,-5.6216345,-1.0278846
5466.6665,-5.641667,-1.0230769
5483.3335,-5.657372,-1.0222757
5500.0,-5.6557693,-1.0375
5516.6665,-5.6541667,-1.0527244
5533.3335,-5.6602564,-1.0525641
5550.0,-5.668269,-1.0485576
5566.6665,-5.669231,-1.0583333
5583.3335,-5.6596155,-1.0887821
5600.0,-5.65,-1.1192307
5616.6665,-5.6548076,-1.0983975
5633.3335,-5.6596155,-1.0775641
5650.0,-5.648077,-1.0798076
5666.6665,-5.625641,-1.097436
5683.3335,-5.607372,-1.1078526
5700.0,-5.605769,-1.0894231
5716.6665,-5.6041665,-1.0709935
5733.3335,-5.610256,-1.0871795
5750.0,-5.6182694,-1.1120192
5766.6665,-5.779487,-1.1198717
5783.3335,-6.1705127,-1.1022435
5800.0,-6.5615387,-1.0846153
5816.6665,-6.5615387,-1.0413462
5833.3335,-6.5615387,-0.9980769
5850.0,-6.560577,-0.96875
5866.6665,-6.5589743,-0.94871795
5883.3335,-6.558013,-0.9325321
5900.0,-6.5596156,-0.93173075
5916.6665,-6.561218,-0.9309295
5933.3335,-6.584615,-0.9320513
5950.0,-6.6134615,-0.93365383
5966.6665,-6.625,-0.9403846
5983.3335,-6.610577,-0.9548077
6000.0,-6.5961537,-0.9692308
6016.6665,-6.6233974,-1.0028846
6033.3335,-6.650641,-1.0365385
6050.0,-6.5302887,-2.2995193
6066.6665,-6.3115387,-4.3820515
6083.3335,-6.133173,-6.1254807
6100.0,-6.1163464,-6.5125
6116.6665,-6.0995193,-6.8995194
6133.3335,-6.1282053,-6.978205
6150.0,-6.168269,-6.979808
6166.6665,-6.1923075,-6.985256
6183.3335,-6.1923075,-6.9964743
6200.0,-6.1923075,-7.0076923
6216.6665,-6.1923075,-7.240064
6233.3335,-6.1923075,-7.472436
6250.0,-6.1634617,-7.5682693
6266.6665,-6.1153846,-7.5730767
6283.3335,-6.076282,-7.583013
6300.0,-6.0730767,-7.6134615
6316.6665,-6.069872,-7.6439104
6333.3335,-6.0641026,-7.6282053
6350.0,-6.0576925,-7.6009617
6366.6665,-6.054487,-7.5852566
6383.3335,-6.05609,-7.5868587
6400.0,-6.0576925,-7.5884614
6416.6665,-6.0753207,-7.602885
6433.3335,-6.092949,-7.6173077
6450.0,-6.0971155,-7.623077
6466.6665,-6.0923076,-7.623077
6483.3335,-6.0891027,-7.623077
6500.0,-6.0923076,-7.623077
6516.6665,-6.095513,-7.623077
6533.3335,-6.1,-7.6089745
6550.0,-6.104808,-7.5913463
6566.6665,-6.1041665,-7.591026
6583.3335,-6.0953526,-7.616667
6600.0,-6.0865383,-7.6423078
6616.6665,-4.824519,-7.8153844
6633.3335,-3.5625,-7.9884615
6650.0,-3.0490384,-8.0509615
6666.6665,-3.0346153,-8.039743
6683.3335,-3.0166667,-8.029808
6700.0,-2.9846153,-8.025
6716.6665,-2.952564,-8.020192
6733.3335,-2.9378204,-8.0
6750.0,-2.927404,-7.9759617
6766.6665,-2.9208333,-7.9621797
6783.3335,-2.920032,-7.963782
6800.0,-2.9192307,-7.9653845
6816.6665,-2.9416666,-7.9766026
6833.3335,-2.9641025,-7.9878206
6850.0,-3.2365384,-8.021635
6866.6665,-3.675641,-8.070513
6883.3335,-4.202083,-8.083974
6900.0,-5.0778847,-7.955769
6916.6665,-5.9536858,-7.8275642
6933.3335,-6.1307693,-7.792308
6950.0,-6.133173,-7.7802887
6966.6665,-6.1365385,-7.7724357
6983.3335,-6.141346,-7.7708335
7000.0,-6.146154,-7.769231
7016.6665,-6.134936,-7.7660255
7033.3335,-6.123718,-7.7628207
7050.0,-6.102885,-7.7740383
7066.6665,-6.075641,-7.794872
7083.3335,-6.0552883,-7.8078527
7100.0,-6.0625,-7.789423
7116.6665,-6.0697117,-7.7709937
7133.3335,-6.0564103,-7.7358975
7150.0,-6.0379806,-7.696635
7166.6665,-6.023077,-7.6685896
7183.3335,-6.0134616,-7.657372
7200.0,-6.003846,-7.646154
7216.6665,-6.0022435,-7.6317306
7233.3335,-6.000641,-7.6173077
7250.0,-6.004327,-7.6225963
7266.6665,-6.0115385,-7.6410255
7283.3335,-6.0161858,-7.656891
7300.0,-6.0105767,-7.6625
7316.6665,-6.004968,-7.668109
7333.3335,-6.002564,-7.620513
7350.0,-6.0009613,-7.5596156
7366.6665,-5.995513,-7.523718
7383.3335,-5.984295,-7.5253205
7400.0,-5.973077,-7.526923
7416.6665,-5.9602566,-7.492468
7433.3335,-5.947436,-7.458013
7450.0,-5.939423,-7.454327
7466.6665,-5.9346156,-7.4711537
7483.3335,-5.929167,-7.4822116
7500.0,-5.921154,-7.4701924
7516.6665,-5.9131413,-7.4581733
7533.3335,-5.905128,-7.4403844
7550.0,-5.897115,-7.421154
7566.6665,-5.8974357,-7.4317307
7583.3335,-5.9102564,-7.487019
7600.0,-5.923077,-7.542308
7616.6665,-5.923077,-7.529487
7633.3335,-5.923077,-7.516667
7650.0,-5.915385,-7.5048075
7666.6665,-5.902564,-7.49359
7683.3335,-5.8945513,-7.4910254
7700.0,-5.9057693,-7.523077
7716.6665,-5.916987,-7.555128
7733.3335,-6.055128,-7.5653844
7750.0,-6.225,-7.5701923
7766.6665,-6.3278847,-7.5692306
7783.3335,-6.3302884,-7.5596156
7800.0,-6.332692,-7.55
7816.6665,-6.3302884,-7.5692306
7833.3335,-6.3278847,-7.5884614
7850.0,-6.3221154,-7.576923
7866.6665,-6.3141026,-7.544872
7883.3335,-6.3064103,-7.516667
7900.0,-6.3,-7.503846
7916.6665,-6.2935896,-7.4910254
7933.3335,-6.283974,-7.5153847
7950.0,-6.2735577,-7.5490384
7966.6665,-6.2650642,-7.569872
7983.3335,-6.259455,-7.5714746
8000.0,-6.253846,-7.5730767
8016.6665,-6.255449,-7.5730767
8033.3335,-6.2570515,-7.5730767
8050.0,-6.2576923,-7.5990386
8066.6665,-6.2576923,-7.6423078
8083.3335,-6.258013,-7.6733975
8100.0,-6.2596154,-7.6557693
8116.6665,-6.261218,-7.638141
8133.3335,-6.2698717,-7.6384616
8150.0,-6.2802887,-7.643269
8166.6665,-6.2881413,-7.6496797
8183.3335,-6.2921476,-7.6584935
8200.0,-6.296154,-7.667308
8216.667,-6.2921476,-7.672917
8233.333,-6.2881413,-7.6785254
8250.0,-6.2822113,-7.6788464
8266.667,-6.275,-7.675641
8283.333,-6.266346,-7.673077
8300.0,-6.251923,-7.673077
8316.667,-6.2375,-7.673077
8333.333,-6.228205,-7.6705127
8350.0,-6.2201924,-7.667308
8366.667,-6.213141,-7.6608973
8383.333,-6.207532,-7.6496797
8400.0,-6.201923,-7.6384616
8416.667,-6.199519,-7.6400642
8433.333,-6.1971154,-7.641667
8450.0,-6.1841345,-7.651923
8466.667,-6.1641026,-7.6679487
8483.333,-6.1392627,-7.6785254
8500.0,-6.0951924,-7.667308
8516.667,-6.0511217,-7.65609
8533.333,-6.0358973,-7.6538463
8550.0,-6.0278845,-7.6538463
8566.667,-6.03141,-7.669872
8583.333,-6.0522437,-7.7099357
8600.0,-6.0730767,-7.75
8616.667,-6.0522437,-7.735577
8633.333,-6.03141,-7.7211537
8650.0,-6.023077,-7.6701922
8666.667,-6.023077,-7.594872
8683.333,-6.0278845,-7.540545
8700.0,-6.0519233,-7.5701923
8716.667,-6.0759616,-7.5998397
8733.333,-6.078205,-7.620513
8750.0,-6.075,-7.6389422
8766.667,-6.0701923,-7.6365385
8783.333,-6.0629807,-7.602885
8800.0,-6.0557694,-7.5692306
8816.667,-6.04375,-7.564423
8833.333,-6.0317307,-7.5596156
8850.0,-6.0365386,-7.5576925
8866.667,-6.052564,-7.5576925
8883.333,-6.061699,-7.551763
8900.0,-6.043269,-7.522115
8916.667,-6.02484,-7.492468
8933.333,-6.0416665,-7.483333
8950.0,-6.0673075,-7.4793267
8966.667,-6.0753207,-7.4910254
8983.333,-6.056891,-7.526282
9000.0,-6.0384617,-7.5615387
9016.667,-6.0160255,-7.526282
9033.333,-5.99359,-7.4910254
9050.0,-5.985577,-7.4923077
9066.667,-5.9871793,-7.5179486
9083.333,-5.9903846,-7.533013
9100.0,-6.0,-7.5057693
9116.667,-6.0096154,-7.4785256
9133.333,-5.9871793,-7.442949
9150.0,-5.956731,-7.4052887
9166.667,-5.9397435,-7.391346
9183.333,-5.942949,-7.4129806
9200.0,-5.9461536,-7.4346156
9216.667,-5.9461536,-7.4185896
9233.333,-5.9461536,-7.402564
9250.0,-5.939423,-7.3759613
9266.667,-5.928205,-7.3423076
9283.333,-5.9160256,-7.3193913
9300.0,-5.9,-7.339423
9316.667,-5.8839746,-7.359455
9333.333,-5.8820515,-7.4076924
9350.0,-5.8836536,-7.4629807
9366.667,-5.8807693,-7.473077
9383.333,-5.871154,-7.415385
9400.0,-5.8615384,-7.3576922
9416.667,-5.8727565,-7.396955
9433.333,-5.8839746,-7.436218
9450.0,-5.8826923,-7.445673
9466.667,-5.873077,-7.4352565
9483.333,-5.865705,-7.43109
9500.0,-5.8673077,-7.451923
9516.667,-5.8689103,-7.4727564
9533.333,-5.847436,-7.4384613
9550.0,-5.8201923,-7.3903847
9566.667,-5.828205,-7.351282
9583.333,-5.8891025,-7.325641
9600.0,-5.95,-7.3
9616.667,-6.0317307,-7.322436
9633.333,-6.1134615,-7.344872
9650.0,-6.14375,-7.35
9666.667,-6.139744,-7.34359
9683.333,-6.1315703,-7.333654
9700.0,-6.106731,-7.3096156
9716.667,-6.081891,-7.285577
9733.333,-6.1,-7.279487
9750.0,-6.128846,-7.2778845
9766.667,-6.146154,-7.2833333
9783.333,-6.146154,-7.299359
9800.0,-6.146154,-7.3153844
9816.667,-6.141346,-7.2753205
9833.333,-6.1365385,-7.235256
9850.0,-6.1355767,-7.226923
9866.667,-6.1371794,-7.2397437
9883.333,-6.1375,-7.250641
9900.0,-6.1326923,-7.253846
9916.667,-6.1278844,-7.2570515
9933.333,-6.126923,-7.2153845
9950.0,-6.126923,-7.1625
9966.667,-6.124359,-7.139744
9983.333,-6.1179485,-7.1621795
10000.0,-6.1115384,-7.1846156
10016.667,-6.1163464,-7.2166667
10033.333,-6.121154,-7.248718
10050.0,-6.1221156,-7.2586536
10066.667,-6.120513,-7.253846
10083.333,-6.1182694,-7.2490387
10100.0,-6.1134615,-7.2442307
10116.667,-6.108654,-7.2394233
10133.333,-6.1115384,-7.226282
10150.0,-6.1163464,-7.2110577
10166.667,-6.11859,-7.1977563
10183.333,-6.116987,-7.18734
10200.0,-6.1153846,-7.1769233
10216.667,-6.116987,-7.1705127
10233.333,-6.11859,-7.1641026
10250.0,-7.2471156,-6.9634614
10266.667,-9.126923,-6.633333
10283.333,-10.95641,-6.2391024
10300.0,-12.584616,-5.5884614
10316.667,-14.21282,-4.9378204
10333.333,-14.558333,-4.8057694
10350.0,-14.583173,-4.803365
10366.667,-14.611859,-4.79391
10383.333,-14.646314,-4.773878
10400.0,-14.680769,-4.753846
10416.667,-14.6759615,-4.7578526
10433.333,-14.671154,-4.761859
10450.0,-14.668269,-4.7697115
10466.667,-14.666667,-4.780128
10483.333,-14.666347,-4.7865386
10500.0,-14.671154,-4.776923
10516.667,-14.6759615,-4.7673078
10533.333,-16.36923,-3.524359
10550.0,-18.484615,-1.9730769
10566.667,-19.758333,-1.034936
10583.333,-19.769552,-1.0165064
10600.0,-19.78077,-0.9980769
10616.667,-19.771154,-0.97323716
10633.333,-19.761538,-0.94839746
10650.0,-19.760576,-0.9288462
10666.667,-19.765385,-0.9128205
10683.333,-19.76923,-0.9044872
10700.0,-19.76923,-0.9269231
10716.667,-19.76923,-0.949359
10733.333,-19.762821,-0.95
10750.0,-19.754808,-0.94519234
10766.667,-19.74359,-0.9410256
10783.333,-19.727564,-0.9378205
10800.0,-19.711538,-0.9346154
10816.667,-19.673077,-0.91217947
10833.333,-19.634615,-0.88974357
10850.0,-19.611538,-0.8903846
10866.667,-19.598719,-0.9064103
10883.333,-19.592628,-0.9288462
10900.0,-19.613462,-0.97692305
10916.667,-19.634295,-1.025
10933.333,-19.635897,-1.0423077
10950.0,-19.632692,-1.051923
10966.667,-19.617949,-1.0525641
10983.333,-19.585897,-1.0397435
11000.0,-19.553846,-1.0269231
11016.667,-19.53782,-1.0084935
11033.333,-19.521795,-0.9900641
11050.0,-19.510576,-1.0149039
11066.667,-19.502563,-1.0685897
11083.333,-19.4875,-1.1150641
11100.0,-19.444231,-1.1326923
11116.667,-19.40096,-1.1503205
11133.333,-19.353205,-1.1615385
11150.0,-19.304327,-1.1711539
11166.667,-19.264423,-1.1839744
11183.333,-19.23798,-1.2016026
11200.0,-19.211538,-1.2192308
11216.667,-19.185097,-1.1967949
11233.333,-19.158653,-1.174359
11250.0,-19.126923,-1.1817307
11266.667,-19.091667,-1.2089744
11283.333,-19.060097,-1.2336539
11300.0,-19.04327,-1.2480769
11316.667,-19.026442,-1.2625
11333.333,-19.007692,-1.2705128
11350.0,-18.988462,-1.2769231
11366.667,-18.96923,-1.2826923
11383.333,-18.95,-1.2875
11400.0,-18.930769,-1.2923077
11416.667,-19.547756,-1.1865385
11433.333,-20.164743,-1.0807692
11450.0,-20.403366,-1.025
11466.667,-20.389744,-1.0025641
11483.333,-20.37516,-0.97884613
11500.0,-20.356731,-0.95
11516.667,-20.3383,-0.92115384
11533.333,-20.344872,-0.91923076
11550.0,-20.357693,-0.92403847
11566.667,-20.376923,-0.92115384
11583.333,-20.40577,-0.9067308
11600.0,-20.434616,-0.8923077
11616.667,-20.441025,-0.85865384
11633.333,-20.447435,-0.825
11650.0,-20.435097,-0.79375
11666.667,-20.410257,-0.7641026
11683.333,-19.80689,-0.8857372
11700.0,-16.889423,-1.6125
11716.667,-13.971955,-2.3392627
11733.333,-6.521795,-4.770513
11750.0,2.0615385,-7.6278844
11766.667,8.253846,-9.463782
11783.333,10.859615,-9.7674675
11800.0,13.4653845,-10.071154
11816.667,13.48141,-10.060738
11833.333,13.497436,-10.050321
11850.0,13.517307,-10.041347
11866.667,13.539743,-10.033334
11883.333,13.563461,-10.023718
11900.0,13.592308,-10.007692
11916.667,13.621154,-9.991667
11933.333,13.65641,-9.976923
11950.0,13.693269,-9.9625
11966.667,13.817948,-9.88782
11983.333,14.074359,-9.722756
12000.0,14.33077,-9.557693
12016.667,14.348397,-9.447917
12033.333,14.366026,-9.338141
12050.0,14.382692,-9.287019
12066.667,14.398718,-9.275
12083.333,14.418269,-9.266026
12100.0,14.451923,-9.269231
12116.667,14.485577,-9.272436
12133.333,14.5,-9.271795
12150.0,14.509615,-9.270192
12166.667,14.505448,-9.264744
12183.333,14.480609,-9.253526
12200.0,14.45577,-9.242308
12216.667,14.4549675,-9.22468
12233.333,14.454166,-9.207051
12250.0,14.454807,-9.195192
12266.667,14.45641,-9.18718
12283.333,14.458013,-9.182052
12300.0,14.459616,-9.188461
12316.667,14.461218,-9.194872
12333.333,14.460897,-9.211538
12350.0,14.460096,-9.230769
12366.667,14.4625,-9.243589
12383.333,14.469711,-9.246795
12400.0,14.476923,-9.25
12416.667,14.471314,-9.234776
12433.333,14.465705,-9.219551
12450.0,14.353365,-9.205289
12466.667,14.169871,-9.191667
12483.333,14.023397,-9.177564
12500.0,14.025,-9.161538
12516.667,14.026603,-9.145513
12533.333,14.026923,-9.138461
12550.0,14.026923,-9.133654
12566.667,14.023077,-9.133333
12583.333,14.013461,-9.139744
12600.0,14.003846,-9.146153
12616.667,14.011859,-9.150962
12633.333,14.019872,-9.155769
12650.0,14.157692,-9.126923
12666.667,14.382051,-9.075641
12683.333,14.560898,-9.03141
12700.0,14.557693,-9.015385
12716.667,14.554487,-8.999359
12733.333,14.564102,-8.9884615
12750.0,14.576923,-8.978847
12766.667,14.588462,-8.969231
12783.333,14.598077,-8.959616
12800.0,14.607693,-8.95
12816.667,14.598077,-8.948398
12833.333,14.588462,-8.9467945
12850.0,14.592308,-8.947115
12866.667,14.605128,-8.948718
12883.333,14.619552,-8.948077
12900.0,14.640385,-8.938461
12916.667,14.661218,-8.928846
12933.333,14.666667,-8.915384
12950.0,14.668269,-8.900962
12966.667,14.678526,-8.89359
12983.333,14.701763,-8.896795
13000.0,14.725,-8.9
13016.667,14.735416,-8.908012
13033.333,14.745833,-8.916026
13050.0,14.748077,-8.9125
13066.667,14.744872,-8.901282
13083.333,14.472276,-8.870994
13100.0,13.122115,-8.764423
13116.667,11.7719555,-8.657852
13133.333,6.7384615,-8.184615
13150.0,0.7841346,-7.6197114
13166.667,-3.2371795,-7.2275643
13183.333,-4.3589745,-7.094551
13200.0,-5.480769,-6.9615383
13216.667,-5.486378,-6.9423075
13233.333,-5.491987,-6.923077
13250.0,-5.509135,-6.918269
13266.667,-5.533974,-6.923077
13283.333,-5.5573716,-6.9224358
13300.0,-5.575,-6.9
13316.667,-5.592628,-6.877564
13333.333,-5.6,-6.8653846
13350.0,-5.604808,-6.855769
13366.667,-5.7083335,-6.921795
13383.333,-5.9599357,-7.101282
13400.0,-6.2115383,-7.2807693
13416.667,-6.219551,-7.2375
13433.333,-6.2275643,-7.1942306
13450.0,-6.240865,-7.1759615
13466.667,-6.2576923,-7.174359
13483.333,-6.26859,-7.174359
13500.0,-6.2557693,-7.1807694
13516.667,-6.2429485,-7.1871796
13533.333,-6.2448716,-7.1807694
13550.0,-6.2504807,-7.171154
13566.667,-6.2634616,-7.1666665
13583.333,-6.2875,-7.169872
13600.0,-6.3115387,-7.173077
13616.667,-6.3019233,-7.133013
13633.333,-6.292308,-7.092949
13650.0,-6.3009615,-7.115865
13666.667,-6.321795,-7.1807694
13683.333,-6.338141,-7.2229166
13700.0,-6.3365383,-7.1740384
13716.667,-6.3349357,-7.12516
13733.333,-6.3038464,-7.139744
13750.0,-6.2653847,-7.1701922
13766.667,-6.2070513,-7.226282
13783.333,-6.1189103,-7.320833
13800.0,-6.0307693,-7.415385
13816.667,-6.0227566,-7.4041667
13833.333,-6.014744,-7.3929486
13850.0,-6.014423,-7.3923078
13866.667,-6.019231,-7.398718
13883.333,-6.020513,-7.3974357
13900.0,-6.0076923,-7.3653846
13916.667,-5.9948716,-7.3333335
13933.333,-6.0,-7.344872
13950.0,-6.0096154,-7.3673077
13966.667,-6.0105767,-7.3772435
13983.333,-5.9985576,-7.3684297
14000.0,-5.9865384,-7.3596153
14016.667,-5.982532,-7.3459935
14033.333,-5.9785256,-7.3323717
14050.0,-5.9759617,-7.3182693
14066.667,-5.974359,-7.3038464
14083.333,-5.9793267,-7.283013
14100.0,-6.0105767,-7.2365384
14116.667,-6.0418267,-7.190064
14133.333,-6.1423078,-7.198718
14150.0,-6.260096,-7.2211537
14166.667,-6.324359,-7.241987
14183.333,-6.3083334,-7.2604165
14200.0,-6.292308,-7.2788463
14216.667,-6.284295,-7.298878
14233.333,-6.276282,-7.31891
14250.0,-6.272115,-7.328846
14266.667,-6.270513,-7.3320513
14283.333,-6.270192,-7.322596
14300.0,-6.275,-7.2625
14316.667,-6.2798076,-7.202404
14333.333,-6.2846155,-7.2025642
14350.0,-6.289423,-7.2177887
14366.667,-6.2935896,-7.2163463
14383.333,-6.296795,-7.1899037
14400.0,-6.3,-7.1634617
14416.667,-6.2983975,-7.199519
14433.333,-6.296795,-7.235577
14450.0,-6.294231,-7.2596154
14466.667,-6.2910256,-7.275641
14483.333,-6.2884617,-7.2741985
14500.0,-6.2884617,-7.2028847
14516.667,-6.2884617,-7.1315703
14533.333,-6.282051,-7.1089745
14550.0,-6.2740383,-7.0985575
14566.667,-6.2698717,-7.0923076
14583.333,-6.2714744,-7.0923076
14600.0,-6.273077,-7.0923076
14616.667,-6.2650642,-7.124359
14633.333,-6.2570515,-7.15641
14650.0,-6.2548075,-7.166346
14666.667,-6.25641,-7.1615386
14683.333,-6.258333,-7.157051
14700.0,-6.2615385,-7.1538463
14716.667,-6.264744,-7.150641
14733.333,-6.264744,-7.1493587
14750.0,-6.2639422,-7.1485577
14766.667,-6.261859,-7.142628
14783.333,-6.2578526,-7.1290064
14800.0,-6.253846,-7.1153846
14816.667,-6.2522435,-7.1282053
14833.333,-6.250641,-7.1410255
14850.0,-6.2432694,-7.1403847
14866.667,-6.2320514,-7.1307693
14883.333,-6.220032,-7.1246796
14900.0,-6.2048078,-7.1326923
14916.667,-6.1895833,-7.140705
14933.333,-6.1769233,-7.123077
14950.0,-6.1649036,-7.0990386
14966.667,-6.158013,-7.0971155
14983.333,-6.158814,-7.1283655
15000.0,-6.1596155,-7.1596155
15016.667,-6.1572113,-7.1980767
15033.333,-6.1548076,-7.2365384
15050.0,-6.148077,-7.2567306
15066.667,-6.1384616,-7.264744
15083.333,-6.1285257,-7.272917
15100.0,-6.1173077,-7.2817307
15116.667,-6.1060896,-7.290545
15133.333,-6.0923076,-7.303205
15150.0,-6.0778847,-7.316827
15166.667,-6.0711536,-7.3214746
15183.333,-6.0759616,-7.31266
15200.0,-6.080769,-7.3038464
15216.667,-6.0471153,-7.3134613
15233.333,-6.0134616,-7.3230767
15250.0,-6.0009613,-7.331731
15266.667,-6.002564,-7.3397436
15283.333,-6.015705,-7.3540063
15300.0,-6.075,-7.393269
15316.667,-6.134295,-7.432532
15333.333,-6.14359,-7.4615383
15350.0,-6.1403847,-7.487981
15366.667,-6.1365385,-7.498077
15383.333,-6.1317306,-7.483654
15400.0,-6.126923,-7.4692307
15416.667,-6.1253204,-7.4259615
15433.333,-6.123718,-7.3826923
15450.0,-6.1134615,-7.360096
15466.667,-6.097436,-7.351282
15483.333,-6.078205,-7.330609
15500.0,-6.046154,-7.2625
15516.667,-6.0141025,-7.1943913
15533.333,-6.019231,-7.220513
15550.0,-6.0336537,-7.270192
15566.667,-6.042308,-7.303205
15583.333,-6.042308,-7.311218
15600.0,-6.042308,-7.3192306
15616.667,-6.040705,-7.285577
15633.333,-6.0391026,-7.251923
15650.0,-6.0365386,-7.2326922
15666.667,-6.0333333,-7.223077
15683.333,-6.0326924,-7.2173076
15700.0,-6.042308,-7.226923
15716.667,-6.0519233,-7.2365384
15733.333,-6.0346155,-7.229487
15750.0,-6.0105767,-7.2182693
15766.667,-5.999359,-7.2108974
15783.333,-6.007372,-7.209295
15800.0,-6.0153847,-7.207692
15816.667,-5.996154,-7.194872
15833.333,-5.976923,-7.182051
15850.0,-5.977885,-7.1951923
15866.667,-5.9923077,-7.2256413
15883.333,-6.00641,-7.254487
15900.0,-6.019231,-7.276923
15916.667,-6.032051,-7.299359
15933.333,-6.0224357,-7.3076925
15950.0,-6.0072117,-7.3125
15966.667,-5.9958334,-7.311859
15983.333,-5.9902244,-7.303045
16000.0,-5.9846153,-7.294231
16016.667,-5.9733973,-7.2902246
16033.333,-5.9621797,-7.286218
16050.0,-5.959615,-7.273077
16066.667,-5.9628205,-7.253846
16083.333,-5.96859,-7.2567306
16100.0,-5.9846153,-7.348077
16116.667,-6.000641,-7.439423
16133.333,-6.0,-7.4358974
16150.0,-5.9951925,-7.4086537
16166.667,-5.9891024,-7.3878207
16183.333,-5.9810896,-7.3766026
16200.0,-5.973077,-7.3653846
16216.667,-5.965064,-7.330128
16233.333,-5.9570513,-7.294872
16250.0,-5.958654,-7.2846155
16266.667,-5.9666667,-7.2910256
16283.333,-5.9711537,-7.295833
16300.0,-5.9615383,-7.294231
16316.667,-5.951923,-7.2926283
16333.333,-5.951282,-7.279487
16350.0,-5.9528847,-7.2634616
16366.667,-6.0346155,-7.2615385
16383.333,-6.2365384,-7.2807693
16400.0,-6.4384613,-7.3
16416.666,-6.4616985,-7.2935896
16433.334,-6.4849358,-7.2871795
16450.0,-6.487981,-7.269231
16466.666,-6.4775643,-7.24359
16483.334,-6.473718,-7.2259617
16500.0,-6.496154,-7.2403846
16516.666,-6.51859,-7.2548075
16533.334,-6.5153847,-7.2929487
16550.0,-6.5057693,-7.3370194
16566.666,-6.501282,-7.358654
16583.334,-6.504487,-7.3466344
16600.0,-6.5076923,-7.334615
16616.666,-6.5173078,-7.321795
16633.334,-6.526923,-7.3089743
16650.0,-6.5418267,-7.3067307
16666.666,-6.5602565,-7.3115387
16683.334,-6.5729165,-7.308654
16700.0,-6.5625,-7.275
16716.666,-6.5520835,-7.2413464
16733.334,-6.552564,-7.275641
16750.0,-6.5557694,-7.326923
16766.666,-6.5564103,-7.374359
16783.334,-6.553205,-7.4160256
16800.0,-6.55,-7.457692
16816.666,-6.5371795,-7.414423
16833.334,-6.5243587,-7.371154
16850.0,-6.4427886,-7.3504806
16866.666,-6.3153844,-7.344872
16883.334,-6.2152243,-7.3459935
16900.0,-6.2240386,-7.3740387
16916.666,-6.2328525,-7.4020834
16933.334,-6.2371793,-7.419231
16950.0,-6.2403846,-7.433654
16966.666,-6.24359,-7.4375
16983.334,-6.2467947,-7.425481
17000.0,-6.25,-7.4134617
17016.666,-6.241987,-7.4270835
17033.334,-6.2339745,-7.4407053
17050.0,-6.228846,-7.45
17066.666,-6.2256413,-7.4564104
17083.334,-6.240545,-7.4634614
17100.0,-6.3278847,-7.473077
17116.666,-6.4152246,-7.4826922
17133.334,-6.4435897,-7.476282
17150.0,-6.4572115,-7.4658656
17166.666,-6.4608974,-7.4528847
17183.334,-6.4496794,-7.4360576
17200.0,-6.4384613,-7.419231
17216.666,-6.4224358,-7.432051
17233.334,-6.40641,-7.444872
17250.0,-6.3884616,-7.4432693
17266.666,-6.3692307,-7.432051
17283.334,-6.353205,-7.4240384
17300.0,-6.35,-7.4288464
17316.666,-6.346795,-7.433654
17333.334,-6.2397437,-7.4461536
17350.0,-6.106731,-7.460577
17366.666,-6.026923,-7.4692307
17383.334,-6.026923,-7.4692307
17400.0,-6.026923,-7.4692307
17416.666,-6.020513,-7.4764423
17433.334,-6.0141025,-7.483654
17450.0,-5.9990387,-7.4774036
17466.666,-5.978205,-7.4621797
17483.334,-5.960577,-7.4496794
17500.0,-5.955769,-7.4480767
17516.666,-5.9509616,-7.4464746
17533.334,-5.955128,-7.4628205
17550.0,-5.9615383,-7.483654
17566.666,-5.9621797,-7.4923077
17583.334,-5.954167,-7.4826922
17600.0,-5.9461536,-7.473077
17616.666,-5.941346,-7.450641
17633.334,-5.9365387,-7.428205
17650.0,-5.9447117,-7.4375
17666.666,-5.9615383,-7.467949
17683.334,-5.960417,-7.491987
17700.0,-5.8875,-7.4903846
17716.666,-5.8145833,-7.488782
17733.334,-5.7910256,-7.496154
17750.0,-5.7798076,-7.5057693
17766.666,-5.7679486,-7.5089746
17783.334,-5.7551284,-7.502564
17800.0,-5.7423077,-7.496154
17816.666,-5.740705,-7.496955
17833.334,-5.7391024,-7.4977565
17850.0,-5.7403846,-7.487981
17866.666,-5.74359,-7.4711537
17883.334,-5.745513,-7.4570513
17900.0,-5.7423077,-7.453846
17916.666,-5.7391024,-7.450641
17933.334,-5.7384615,-7.4589744
17950.0,-5.7384615,-7.4701924
17966.666,-5.7375,-7.477885
17983.334,-5.735096,-7.4802885
18000.0,-5.7326922,-7.4826922
18016.666,-5.7302885,-7.481891
18033.334,-5.727885,-7.4810896
18050.0,-5.7283654,-7.4740386
18066.666,-5.730769,-7.4628205
18083.334,-5.732532,-7.4535255
18100.0,-5.731731,-7.451923
18116.666,-5.7309294,-7.4503207
18133.334,-5.721795,-7.4461536
18150.0,-5.710577,-7.441346
18166.666,-5.680128,-7.4096155
18183.334,-5.6208334,-7.3375
18200.0,-5.5615387,-7.2653847
18216.666,-5.557532,-7.252564
18233.334,-5.5535254,-7.2397437
18250.0,-5.54375,-7.2211537
18266.666,-5.530128,-7.198718
18283.334,-5.5195513,-7.183013
18300.0,-5.521154,-7.1942306
18316.666,-5.5227566,-7.2054486
18333.334,-3.1987178,-7.501923
18350.0,-0.29326922,-7.8697114
18366.666,2.0089743,-8.15032
18383.334,3.4064102,-8.30016
18400.0,4.8038464,-8.45
18416.666,4.7613783,-8.371474
18433.334,4.71891,-8.292949
18450.0,4.7134614,-8.257692
18466.666,4.7326922,-8.251282
18483.334,4.7495193,-8.245833
18500.0,4.7567306,-8.244231
18516.666,4.7639422,-8.242628
18533.334,4.769231,-8.251282
18550.0,4.7740383,-8.2625
18566.666,4.775,-8.270513
18583.334,4.770192,-8.273718
18600.0,4.7653847,-8.276923
18616.666,4.7621794,-8.294551
18633.334,4.7589746,-8.31218
18650.0,4.766346,-8.326923
18666.666,4.7807693,-8.339744
18683.334,4.7916665,-8.345512
18700.0,4.7884617,-8.323077
18716.666,4.7852564,-8.300641
18733.334,5.110256,-8.3262825
18750.0,5.5173078,-8.363942
18766.666,5.7621794,-8.394551
18783.334,5.763782,-8.414583
18800.0,5.7653847,-8.434615
18816.666,5.7878203,-8.436218
18833.334,5.8102565,-8.43782
18850.0,5.8298078,-8.421635
18866.666,5.847436,-8.39359
18883.334,5.8628206,-8.370673
18900.0,5.8692307,-8.368269
18916.666,5.875641,-8.365866
18933.334,5.873077,-8.351282
18950.0,5.8682694,-8.333653
18966.666,5.595513,-7.6192307
18983.334,4.920833,-5.8596153
19000.0,4.246154,-4.1
19016.666,4.278205,-3.1600962
19033.334,4.3102565,-2.2201922
19050.0,4.3221154,-1.8254808
19066.666,4.320513,-1.7942308
19083.334,4.3221154,-1.7692307
19100.0,4.3365383,-1.7692307
19116.666,4.3509617,-1.7692307
19133.334,4.3589745,-1.7538462
19150.0,4.3653846,-1.7346153
19166.666,4.3621793,-1.7025641
19183.334,4.344551,-1.6512821
19200.0,4.326923,-1.6
19216.666,4.5464745,-1.486218
19233.334,4.7660255,-1.3724359
19250.0,4.8576922,-1.3278847
19266.666,4.8641024,-1.3294872
19283.334,4.8709936,-1.3285257
19300.0,4.8798075,-1.3173077
19316.666,4.888622,-1.3060898
19333.334,4.870513,-1.3115385
19350.0,4.845673,-1.3211539
19366.666,4.8339744,-1.3314103
19383.334,4.841987,-1.3426282
19400.0,4.85,-1.3538462
19416.666,4.8740387,-1.3842949
19433.334,4.898077,-1.4147435
19450.0,4.895192,-1.4336538
19466.666,4.874359,-1.4448718
19483.334,4.825,-1.461859
19500.0,4.6615386,-1.5019231
19516.666,4.498077,-1.5419872
19533.334,4.467949,-1.523718
19550.0,4.4711537,-1.4908653
19566.666,4.475,-1.4689102
19583.334,4.479808,-1.4633013
19600.0,4.4846153,-1.4576923
19616.666,4.48141,-1.4464743
19633.334,4.478205,-1.4352564
19650.0,4.4846153,-1.4384615
19666.666,4.497436,-1.451282
19683.334,4.5096154,-1.4589744
19700.0,4.519231,-1.4461539
19716.666,4.5288463,-1.4333333
19733.334,4.528205,-1.4102564
19750.0,4.525,-1.3846154
19766.666,4.519231,-1.3596153
19783.334,4.5096154,-1.3355769
19800.0,4.5,-1.3115385
19816.666,4.5464745,-1.3692307
19833.334,4.592949,-1.426923
19850.0,4.623077,-1.4528847
19866.666,4.6423078,-1.4576923
19883.334,4.6538463,-1.4586538
19900.0,4.6346154,-1.4442308
19916.666,4.6153846,-1.4298077
19933.334,4.6217947,-1.424359
19950.0,4.6346154,-1.4211539
19966.666,4.64359,-1.4044871
19983.334,4.646795,-1.3676282
20000.0,4.65,-1.3307692
20016.666,4.6652246,-1.3419871
20033.334,4.6804485,-1.3532051
20050.0,4.1216345,-1.5086539
20066.666,3.180128,-1.7602564
20083.334,1.7386218,-2.3621795
20100.0,-1.7028847,-4.3653846
20116.666,-5.144391,-6.36859
20133.334,-5.8910255,-6.8570514
20150.0,-5.9639425,-6.966827
20166.666,-6.023718,-7.0307693
20183.334,-6.063782,-7.0259614
20200.0,-6.103846,-7.021154
20216.666,-6.1310897,-7.0171475
20233.334,-6.1583333,-7.013141
20250.0,-6.173077,-6.9971156
20266.666,-6.179487,-6.973077
20283.334,-6.1875,-6.9554486
20300.0,-6.201923,-6.9634614
20316.666,-6.2163463,-6.971474
20333.334,-6.2320514,-6.980769
20350.0,-6.248077,-6.9903846
20366.666,-6.25641,-6.99359
20383.334,-6.2532053,-6.9871793
20400.0,-6.25,-6.980769
20416.666,-6.2516026,-6.951923
20433.334,-6.2532053,-6.923077
20450.0,-6.25625,-6.9269233
20466.666,-6.2602563,-6.9525642
20483.334,-6.2633014,-6.9701924
20500.0,-6.2625,-6.955769
20516.666,-6.2616987,-6.941346
20533.334,-6.2679486,-6.947436
20550.0,-6.2759614,-6.958654
20566.666,-6.2833333,-6.9634614
20583.334,-6.2897434,-6.958654
20600.0,-6.296154,-6.953846
20616.666,-6.291346,-6.9634614
20633.334,-6.2865386,-6.973077
20650.0,-6.2432694,-7.0557694
20666.666,-6.174359,-7.1871796
20683.334,-6.117628,-7.2875
20700.0,-6.1096153,-7.2634616
20716.666,-6.1016026,-7.2394233
20733.334,-6.084615,-7.2102566
20750.0,-6.0653844,-7.1798077
20766.666,-6.050641,-7.1628203
20783.334,-6.0426283,-7.1660256
20800.0,-6.0346155,-7.169231
20816.666,-6.044231,-7.194872
20833.334,-6.0538464,-7.220513
20850.0,-6.058654,-7.235577
20866.666,-6.0602565,-7.24359
20883.334,-6.0641026,-7.2467947
20900.0,-6.076923,-7.230769
20916.666,-6.0897436,-7.2147436
20933.334,-6.0852566,-7.201282
20950.0,-6.0764422,-7.1884613
20966.666,-6.0714746,-7.2
20983.334,-6.0722756,-7.248077
21000.0,-6.0730767,-7.296154
21016.666,-6.0834937,-7.3057694
21033.334,-6.09391,-7.3153844
21050.0,-6.13125,-7.3692307
21066.666,-6.1865387,-7.4525642
21083.334,-6.232372,-7.5259614
21100.0,-6.2403846,-7.5596156
21116.666,-6.2483974,-7.5932693
21133.334,-6.2320514,-7.5858974
21150.0,-6.209615,-7.5682693
21166.666,-6.200641,-7.5692306
21183.334,-6.2118587,-7.598077
21200.0,-6.223077,-7.626923
21216.666,-6.227885,-7.626923
21233.334,-6.2326922,-7.626923
21250.0,-6.235577,-7.6326923
21266.666,-6.2371793,-7.6423078
21283.334,-6.2378206,-7.6541667
21300.0,-6.2346153,-7.675
21316.666,-6.23141,-7.695833
21333.334,-6.2256413,-7.6858974
21350.0,-6.2192307,-7.668269
21366.666,-6.2173076,-7.6631413
21383.334,-6.2221155,-7.676763
21400.0,-6.226923,-7.6903844
21416.666,-6.3022437,-7.686378
21433.334,-6.377564,-7.6823716
21450.0,-6.2740383,-7.583654
21466.666,-6.051282,-7.421795
21483.334,-6.1393213,-7.374228
21500.0,-6.2273602,-7.3266606
21516.666,-6.315399,-7.2790937
21533.334,-6.403438,-7.231527
21550.0,-6.4914775,-7.18396
21566.666,-6.5795164,-7.1363926
21583.334,-6.6675553,-7.0888257
21600.0,-6.7555943,-7.041259
21616.666,-6.8436337,-6.993692
21633.334,-6.9316726,-6.9461246
21650.0,-7.0197115,-6.8985577
21666.666,-6.898718,-8.479487
21683.334,-6.83125,-9.591506
21700.0,-6.977885,-8.827885
21716.666,-7.1245193,-8.064262
21733.334,-7.171154,-7.9435897
21750.0,-7.1927886,-7.983654
21766.666,-7.2009616,-8.017949
21783.334,-7.1889424,-8.04359
21800.0,-7.1769233,-8.069231
21816.666,-7.185737,-8.013141
21833.334,-7.1945515,-7.9570513
21850.0,-7.0597115,-7.9509616
21866.666,-6.924872,-7.944872
21883.334,-6.790032,-7.938782
21900.0,-6.6551924,-7.9326925
21916.666,-6.5203524,-7.9266024
21933.334,-6.385513,-7.9205127
21950.0,-6.2506733,-7.914423
21966.666,-6.1158333,-7.9083333
21983.334,-5.9809937,-7.9022436
22000.0,-5.8461537,-7.896154
22016.666,-5.849359,-7.5676284
22033.334,-5.8525643,-7.2391024
22050.0,-5.854808,-7.1365385
22066.666,-5.85641,-7.1846156
22083.334,-5.85,-7.2208333
22100.0,-5.8115387,-7.209615
22116.666,-5.773077,-7.1983976
22133.334,-5.773077,-7.2320514
22150.0,-5.7826924,-7.276923
22166.666,-5.7865386,-7.283974
22183.334,-5.7817307,-7.234295
22200.0,-5.776923,-7.1846156
22216.666,-5.773718,-7.2054486
22233.334,-5.770513,-7.226282
22250.0,-5.770192,-7.2490387
22266.666,-5.771795,-7.273077
22283.334,-5.7722754,-7.2884617
22300.0,-5.768269,-7.269231
22316.666,-5.7642627,-7.25
22333.334,-5.75641,-7.233333
22350.0,-5.7475963,-7.2173076
22366.666,-5.74359,-7.2147436
22383.334,-5.7467947,-7.232372
22400.0,-5.75,-7.25
22416.666,-5.7516026,-7.238782
22433.334,-5.7532053,-7.2275643
22450.0,-5.7557693,-7.2211537
22466.666,-5.7589746,-7.217949
22483.334,-5.7633014,-7.2201924
22500.0,-5.772115,-7.2442307
22516.666,-5.7809296,-7.268269
22533.334,-5.7858973,-7.2724357
22550.0,-5.7899036,-7.2716346
22566.666,-5.919231,-7.3323717
22583.334,-6.2365384,-7.485417
22600.0,-6.5538464,-7.6384616
22616.666,-6.5410256,-7.5879807
22633.334,-6.528205,-7.5375
22650.0,-6.5259614,-7.541346
22666.666,-6.5307693,-7.5814104
22683.334,-6.536859,-7.6179485
22700.0,-6.548077,-7.6403847
22716.666,-6.5592947,-7.6628203
22733.334,-6.5641026,-7.6858974
22750.0,-6.5673075,-7.7091346
22766.666,-6.5666666,-7.7173076
22783.334,-6.5602565,-7.7028847
22800.0,-6.5538464,-7.6884613
22816.666,-6.561859,-7.675641
22833.334,-6.569872,-7.6628203
22850.0,-6.5759616,-7.664423
22866.666,-6.580769,-7.675641
22883.334,-6.5365386,-7.688141
22900.0,-6.296154,-7.705769
22916.666,-6.0557694,-7.7233973
22933.334,-6.0,-7.7121797
22950.0,-5.9903846,-7.69375
22966.666,-5.9826922,-7.6746793
22983.334,-5.977885,-7.6546474
23000.0,-5.973077,-7.6346154
23016.666,-5.9682693,-7.5961537
23033.334,-5.9634614,-7.5576925
23050.0,-5.9615383,-7.55
23066.666,-5.9615383,-7.5628204
23083.334,-5.9600964,-7.574359
23100.0,-5.9528847,-7.580769
23116.666,-5.945673,-7.5871797
23133.334,-5.9410257,-7.5621796
23150.0,-5.9370193,-7.529327
23166.666,-5.9346156,-7.515705
23183.334,-5.9346156,-7.5309296
23200.0,-5.9346156,-7.546154
23216.666,-5.9233975,-7.5653844
23233.334,-5.9121795,-7.584615
23250.0,-5.873077,-7.6769233
23266.666,-5.8153844,-7.817949
23283.334,-5.7695513,-7.933173
23300.0,-5.771154,-7.9451923
23316.666,-5.7727566,-7.9572115
23333.334,-5.7641025,-7.929487
23350.0,-5.7528844,-7.891827
23366.666,-5.7429485,-7.873718
23383.334,-5.7349358,-7.884936
23400.0,-5.726923,-7.896154
23416.666,-5.723718,-7.9121795
23433.334,-5.720513,-7.928205
23450.0,-5.723077,-7.9278846
23466.666,-5.729487,-7.9166665
23483.334,-5.733333,-7.9166665
23500.0,-5.726923,-7.9615383
23516.666,-5.720513,-8.006411
23533.334,-5.724359,-7.9564104
23550.0,-5.730769,-7.8826923
23566.666,-5.726923,-7.8442307
23583.334,-5.707692,-7.858654
23600.0,-5.6884613,-7.873077
23616.666,-5.7044873,-7.8634615
23633.334,-5.720513,-7.853846
23650.0,-5.733654,-7.8384614
23666.666,-5.7448716,-7.8192306
23683.334,-5.7963142,-7.798718
23700.0,-6.0086536,-7.773077
23716.666,-6.2209935,-7.747436
23733.334,-6.251923,-7.7570515
23750.0,-6.2375,-7.7754807
23766.666,-6.2291665,-7.786859
23783.334,-6.229968,-7.78766
23800.0,-6.230769,-7.7884617
23816.666,-6.2483974,-7.820513
23833.334,-6.2660255,-7.8525643
23850.0,-6.275,-7.856731
23866.666,-6.278205,-7.8423076
23883.334,-6.280609,-7.8294873
23900.0,-6.2798076,-7.8230767
23916.666,-6.2790065,-7.8166666
23933.334,-6.2743587,-7.801282
23950.0,-6.26875,-7.7836537
23966.666,-6.26859,-7.783974
23983.334,-6.2766027,-7.811218
24000.0,-6.2846155,-7.8384614
24016.666,-6.2878203,-7.844872
24033.334,-6.2910256,-7.851282
24050.0,-6.290385,-7.835577
24066.666,-6.2871795,-7.805128
24083.334,-6.2836537,-7.7802887
24100.0,-6.2788463,-7.7778845
24116.666,-6.2740383,-7.7754807
24133.334,-6.273718,-7.776923
24150.0,-6.2745194,-7.779327
24166.666,-6.278526,-7.7910256
24183.334,-6.2873397,-7.8166666
24200.0,-6.296154,-7.8423076
24216.666,-6.2689104,-7.8230767
24233.334,-6.241667,-7.8038464
24250.0,-6.2432694,-7.8125
24266.666,-6.2641025,-7.8397436
24283.334,-6.276282,-7.85641
24300.0,-6.253846,-7.830769
24316.666,-6.23141,-7.805128
24333.334,-6.2192307,-7.7833333
24350.0,-6.209615,-7.7625
24366.666,-6.2044873,-7.7602563
24383.334,-6.20609,-7.7858973
24400.0,-6.207692,-7.8115387
24416.666,-6.209295,-7.809936
24433.334,-6.2108974,-7.8083334
24450.0,-6.207692,-7.7985578
24466.666,-6.201282,-7.7833333
24483.334,-6.1907053,-7.7597756
24500.0,-6.1634617,-7.7028847
24516.666,-6.136218,-7.6459937
24533.334,-6.120513,-7.6448717
24550.0,-6.1076922,-7.6576924
24566.666,-6.098077,-7.675641
24583.334,-6.0932693,-7.701282
24600.0,-6.0884614,-7.726923
24616.666,-6.0804486,-7.7165065
24633.334,-6.072436,-7.70609
24650.0,-6.0620193,-7.699519
24666.666,-6.05,-7.695513
24683.334,-6.06875,-7.69375
24700.0,-6.210577,-7.7009616
24716.666,-6.3524036,-7.7081733
24733.334,-6.374359,-7.7320514
24750.0,-6.3663464,-7.760096
24766.666,-6.3589745,-7.764744
24783.334,-6.3525643,-7.734295
24800.0,-6.3461537,-7.703846
24816.666,-6.338141,-7.6990385
24833.334,-6.330128,-7.6942306
24850.0,-6.3298078,-7.6961536
24866.666,-6.334615,-7.7025642
24883.334,-6.339423,-7.7118587
24900.0,-6.3442307,-7.7326922
24916.666,-6.3490386,-7.7535257
24933.334,-6.347436,-7.7884617
24950.0,-6.3442307,-7.826923
24966.666,-6.3365383,-7.849359
24983.334,-6.3221154,-7.8477564
25000.0,-6.3076925,-7.8461537
25016.666,-6.3028846,-7.8349357
25033.334,-6.298077,-7.823718
25050.0,-6.2817307,-7.798077
25066.666,-6.2576923,-7.7628207
25083.334,-6.2315707,-7.7285256
25100.0,-6.1971154,-7.6980767
25116.666,-6.16266,-7.6676283
25133.334,-6.0961537,-7.6179485
25150.0,-6.0216346,-7.5634613
25166.666,-5.9775643,-7.5307693
25183.334,-5.9791665,-7.5307693
25200.0,-5.980769,-7.5307693
25216.666,-5.974359,-7.535577
25233.334,-5.967949,-7.540385
25250.0,-5.9663463,-7.5336537
25266.666,-5.967949,-7.519231
25283.334,-5.966987,-7.5060897
25300.0,-5.955769,-7.498077
25316.666,-5.9445515,-7.490064
25333.334,-5.944872,-7.4801283
25350.0,-5.9480767,-7.4697113
25366.666,-5.948718,-7.4618587
25383.334,-5.945513,-7.4578524
25400.0,-5.9423075,-7.453846
25416.666,-5.94391,-7.4570513
25433.334,-5.945513,-7.4602566
25450.0,-5.941346,-7.4615383
25466.666,-5.9333334,-7.4615383
25483.334,-5.9288464,-7.4641027
25500.0,-5.9384613,-7.476923
25516.666,-5.9480767,-7.4897437
25533.334,-5.953846,-7.471795
25550.0,-5.958654,-7.4461536
25566.666,-5.9666667,-7.428205
25583.334,-5.979487,-7.421795
25600.0,-5.9923077,-7.415385
25616.666,-6.0067306,-7.4426284
25633.334,-6.021154,-7.469872
25650.0,-6.0298076,-7.4884615
25666.666,-6.0346155,-7.501282
25683.334,-6.0400643,-7.516346
25700.0,-6.048077,-7.540385
25716.666,-6.05609,-7.564423
25733.334,-6.067949,-7.571795
25750.0,-6.080769,-7.575
25766.666,-6.0923076,-7.5775642
25783.334,-6.101923,-7.579167
25800.0,-6.1115384,-7.580769
25816.666,-6.1051283,-7.5775642
25833.334,-6.098718,-7.574359
25850.0,-6.0971155,-7.573558
25866.666,-6.098718,-7.574359
25883.334,-6.0971155,-7.5639424
25900.0,-6.082692,-7.5086536
25916.666,-6.0682693,-7.4533653
25933.334,-6.0628204,-7.4525642
25950.0,-6.0596156,-7.4653845
25966.666,-6.0641026,-7.483333
25983.334,-6.080128,-7.5089746
26000.0,-6.0961537,-7.5346155
26016.666,-6.1009617,-7.5378203
26033.334,-6.105769,-7.5410256
26050.0,-6.102885,-7.5365386
26066.666,-6.094872,-7.526923
26083.334,-6.0871797,-7.5105767
26100.0,-6.080769,-7.4673076
26116.666,-6.074359,-7.4240384
26133.334,-6.075641,-7.4384613
26150.0,-6.078846,-7.4673076
26166.666,-6.079167,-7.475
26183.334,-6.07516,-7.4509616
26200.0,-6.0711536,-7.4269233
26216.666,-6.073558,-7.4525642
26233.334,-6.0759616,-7.478205
26250.0,-6.0778847,-7.480769
26266.666,-6.0794873,-7.467949
26283.334,-6.0740385,-7.446795
26300.0,-6.040385,-7.3923078
26316.666,-6.0067306,-7.3378205
26333.334,-5.9871793,-7.3083334
26350.0,-5.9711537,-7.285096
26366.666,-5.9583335,-7.2836537
26383.334,-5.9503207,-7.3149037
26400.0,-5.9423075,-7.3461537
26416.666,-5.948718,-7.389423
26433.334,-5.955128,-7.4326925
26450.0,-5.958654,-7.441346
26466.666,-5.9602566,-7.4269233
26483.334,-5.9599357,-7.410096
26500.0,-5.951923,-7.3836536
26516.666,-5.94391,-7.3572116
26533.334,-5.724359,-7.3358974
26550.0,-5.451923,-7.3158655
26566.666,-5.2089744,-7.284295
26583.334,-5.0102563,-7.235417
26600.0,-4.8115387,-7.1865387
26616.666,-4.7955127,-7.1777244
26633.334,-4.779487,-7.16891
26650.0,-4.7625,-7.160577
26666.666,-4.7448716,-7.152564
26683.334,-4.729808,-7.1458335
26700.0,-4.725,-7.144231
26716.666,-4.7201924,-7.142628
26733.334,-4.967949,-7.1076922
26750.0,-5.2788463,-7.064423
26766.666,-5.485256,-7.0169873
26783.334,-5.534936,-6.963301
26800.0,-5.584615,-6.9096155
26816.666,-5.5942307,-6.914423
26833.334,-5.603846,-6.919231
26850.0,-5.601923,-6.9447117
26866.666,-5.5923076,-6.9839745
26883.334,-5.581731,-7.021795
26900.0,-5.5673075,-7.0538464
26916.666,-5.5528846,-7.0858974
26933.334,-5.5615387,-7.094872
26950.0,-5.5759616,-7.098077
26966.666,-5.427564,-7.1009617
26983.334,-5.034936,-7.1033654
27000.0,-4.6423078,-7.105769
27016.666,-4.3129807,-7.101763
27033.334,-3.9836538,-7.0977564
27050.0,-3.8514423,-7.143269
27066.666,-3.850641,-7.221795
27083.334,-3.849359,-7.289423
27100.0,-3.8461537,-7.3134613
27116.666,-3.8429487,-7.3375
27133.334,-3.8512821,-7.3333335
27150.0,-3.8625,-7.3221154
27166.666,-4.0766025,-7.3201923
27183.334,-4.595032,-7.3322115
27200.0,-5.1134615,-7.3442307
27216.666,-5.1190705,-7.353045
27233.334,-5.1246796,-7.361859
27250.0,-5.1307693,-7.36875
27266.666,-5.1371794,-7.374359
27283.334,-5.1445513,-7.3716345
27300.0,-5.1557693,-7.335577
27316.666,-5.166987,-7.299519
27333.334,-5.169231,-7.292308
27350.0,-5.169231,-7.292308
27366.666,-5.1666665,-7.2871795
27383.334,-5.1602564,-7.2743587
27400.0,-5.1538463,-7.2615385
27416.666,-1.7804487,-7.782372
27433.334,1.5929487,-8.3032055
27450.0,3.2802885,-8.552403
27466.666,3.8435898,-8.620513
27483.334,4.2902246,-8.662019
27500.0,4.270192,-8.5971155
27516.666,4.25016,-8.532211
27533.334,4.269231,-8.515385
27550.0,4.298077,-8.510577
27566.666,4.322436,-8.516026
27583.334,4.340064,-8.536859
27600.0,4.3576922,-8.557693
27616.666,4.401763,-8.536057
27633.334,4.445833,-8.514423
27650.0,4.714423,-8.462019
27666.666,5.1326923,-8.389103
27683.334,5.4719553,-8.328045
27700.0,5.4951925,-8.314423
27716.666,5.5184293,-8.300801
27733.334,5.521795,-8.276923
27750.0,5.520192,-8.250481
27766.666,5.5198717,-8.230128
27783.334,5.5214744,-8.21891
27800.0,5.523077,-8.207692
27816.666,5.5391026,-8.204487
27833.334,5.555128,-8.2012825
27850.0,4.5884614,-8.195192
27866.666,2.9666667,-8.18718
27883.334,1.239423,-8.139103
27900.0,-0.9096154,-7.9307694
27916.666,-3.0586538,-7.722436
27933.334,-3.5153847,-7.682051
27950.0,-3.5490384,-7.683654
27966.666,-3.583654,-7.6788464
27983.334,-3.6197116,-7.664423
28000.0,-3.6557693,-7.65
28016.666,-3.703045,-7.65641
28033.334,-3.7503204,-7.6628203
28050.0,-3.7769232,-7.6625
28066.666,-3.7897437,-7.6576924
28083.334,-3.9665065,-7.6182694
28100.0,-4.7990384,-7.4403844
28116.666,-5.6315703,-7.2625
28133.334,-5.8153844,-7.2153845
28150.0,-5.8370194,-7.2009616
28166.666,-5.8551283,-7.1942306
28183.334,-5.8679485,-7.1990385
28200.0,-5.8807693,-7.203846
28216.666,-5.8983974,-7.1806087
28233.334,-5.9160256,-7.157372
28250.0,-5.9134617,-7.1427884
28266.666,-5.8974357,-7.1339746
28283.334,-5.8884616,-7.085577
28300.0,-5.9076924,-6.878846
28316.666,-5.9269233,-6.6721153
28333.334,-5.929191,-6.736292
28350.0,-5.9314594,-6.8004684
28366.666,-5.9337277,-6.864645
28383.334,-5.935996,-6.9288216
28400.0,-5.9382644,-6.992998
28416.666,-5.9405327,-7.0571747
28433.334,-5.942801,-7.1213512
28450.0,-5.945069,-7.185528
28466.666,-5.947337,-7.2497044
28483.334,-5.9496055,-7.3138804
28500.0,-5.951874,-7.378057
28516.666,-5.954142,-7.4422336
28533.334,-5.9564104,-7.50641
28550.0,-5.683173,-8.798077
28566.666,-5.6282053,-9.216025
28583.334,-5.900641,-8.323398
28600.0,-6.173077,-7.4307694
28616.666,-6.1650643,-7.4259615
28633.334,-6.157051,-7.421154
28650.0,-6.145192,-7.423077
28666.666,-6.1307693,-7.429487
28683.334,-6.116987,-7.4346156
28700.0,-6.105769,-7.4346156
28716.666,-6.094551,-7.4346156
28733.334,-6.076923,-7.4589744
28750.0,-6.0576925,-7.4894233
28766.666,-6.0519233,-7.5032053
28783.334,-6.066346,-7.491987
28800.0,-6.080769,-7.480769
28816.666,-6.074359,-7.463141
28833.334,-6.067949,-7.445513
28850.0,-6.058173,-7.4423075
28866.666,-6.046154,-7.448718
28883.334,-6.0344553,-7.4564104
28900.0,-6.0240383,-7.4692307
28916.666,-6.013622,-7.4820514
28933.334,-6.003846,-7.498718
28950.0,-5.9942307,-7.516346
28966.666,-5.9826922,-7.525
28983.334,-5.9682693,-7.520192
29000.0,-5.953846,-7.5153847
29016.666,-5.979487,-7.440064
29033.334,-6.0051284,-7.3647437
29050.0,-8.581731,-7.2673078
29066.666,-12.858974,-7.155128
29083.334,-16.299358,-7.0746794
29100.0,-16.392307,-7.121154
29116.666,-16.485256,-7.1676283
29133.334,-16.510256,-7.229487
29150.0,-16.518269,-7.2951922
29166.666,-16.523077,-7.3403845
29183.334,-16.523077,-7.354808
29200.0,-16.523077,-7.3692307
29216.666,-16.519873,-7.3836536
29233.334,-16.516666,-7.398077
29250.0,-16.516346,-7.394231
29266.666,-16.517948,-7.3782053
29283.334,-16.517307,-7.3634615
29300.0,-16.507692,-7.353846
29316.666,-16.498077,-7.3442307
29333.334,-16.496155,-7.3102565
29350.0,-16.496155,-7.270192
29366.666,-16.491667,-7.2403846
29383.334,-16.480448,-7.2259617
29400.0,-16.46923,-7.2115383
29416.666,-16.466827,-7.213141
29433.334,-16.464422,-7.2147436
29450.0,-16.458174,-7.2158656
29466.666,-16.44936,-7.2166667
29483.334,-15.628846,-7.311378
29500.0,-11.561539,-7.7817307
29516.666,-7.4942307,-8.252084
29533.334,-5.4480767,-8.258974
29550.0,-3.9072115,-8.15
29566.666,-2.9887822,-8.057372
29583.334,-3.0040064,-7.989263
29600.0,-3.0192308,-7.921154
29616.666,-3.022436,-7.9395833
29633.334,-3.025641,-7.958013
29650.0,-2.4105768,-7.9860578
29666.666,-1.3833333,-8.020513
29683.334,-0.023397436,-8.054327
29700.0,2.6673076,-8.085577
29716.666,5.3580127,-8.116827
29733.334,5.8923078,-8.084616
29750.0,5.8875,-8.036538
29766.666,5.8871794,-7.9971156
29783.334,5.89359,-7.970673
29800.0,5.9,-7.9442306
29816.666,5.9544873,-7.9658656
29833.334,6.0089746,-7.9875
29850.0,6.042308,-7.9894233
29866.666,6.0615387,-7.978205
29883.334,6.0785255,-7.9682693
29900.0,6.0865383,-7.9634614
29916.666,6.094551,-7.958654
29933.334,6.084615,-7.947436
29950.0,6.0701923,-7.9346156
29966.666,6.2346153,-7.9929485
29983.334,6.667308,-8.158012
30000.0,7.1,-8.323077
30016.666,7.091987,-8.310256
30033.334,7.0839744,-8.297436
30050.0,7.0932693,-8.2846155
30066.666,7.1141024,-8.271795
30083.334,7.1326923,-8.266346
30100.0,7.1423078,-8.290384
30116.666,7.151923,-8.314423
30133.334,7.169231,-8.334616
30150.0,7.1884613,-8.353847
30166.666,7.203205,-8.367949
30183.334,7.211218,-8.374359
30200.0,7.2192307,-8.380769
30216.666,8.151122,-8.383974
30233.334,9.083013,-8.387179
30250.0,10.873558,-8.4096155
30266.666,13.236539,-8.444872
30283.334,15.121154,-8.46859
30300.0,15.092308,-8.446154
30316.666,15.063461,-8.4237175
30333.334,15.074359,-8.410256
30350.0,15.095192,-8.399038
30366.666,15.108013,-8.391346
30383.334,15.108814,-8.388943
30400.0,15.109615,-8.3865385
30416.666,15.108013,-8.398558
30433.334,15.10641,-8.410577
30450.0,15.038942,-8.418269
30466.666,14.927564,-8.423077
30483.334,14.809615,-8.424359
30500.0,14.665384,-8.411538
30516.666,14.521153,-8.398718
30533.334,14.476923,-8.394872
30550.0,14.457692,-8.39327
30566.666,14.442948,-8.392949
30583.334,14.434936,-8.394551
30600.0,14.426923,-8.396153
30616.666,14.403686,-8.389744
30633.334,14.380448,-8.383333
30650.0,14.363942,-8.385577
30666.666,14.351923,-8.39359
30683.334,14.341346,-8.400641
30700.0,14.336538,-8.403846
30716.666,14.331731,-8.407051
30733.334,14.329487,-8.402564
30750.0,14.327885,-8.396153
30766.666,14.325641,-8.392949
30783.334,14.322436,-8.394551
30800.0,14.319231,-8.396153
30816.666,14.317628,-8.4073715
30833.334,14.316026,-8.41859
30850.0,14.321154,-8.4375
30866.666,14.33077,-8.461538
30883.334,14.3375,-8.482051
30900.0,14.332692,-8.4884615
30916.666,14.327885,-8.494872
30933.334,14.324359,-8.493589
30950.0,14.321154,-8.490385
30966.666,14.310256,-8.4884615
30983.334,14.287821,-8.4884615
31000.0,14.265385,-8.4884615
31016.666,14.255769,-8.50609
31033.334,14.246154,-8.523718
31050.0,14.245193,-8.5278845
31066.666,14.25,-8.523077
31083.334,14.225641,-8.528365
31100.0,14.084616,-8.5740385
31116.666,13.94359,-8.619712
31133.334,13.917949,-8.628205
31150.0,13.921154,-8.627404
31166.666,13.923077,-8.630448
31183.334,13.923077,-8.639263
31200.0,13.923077,-8.648077
31216.666,13.921474,-8.664904
31233.334,13.919871,-8.681731
31250.0,13.924039,-8.688942
31266.666,13.932052,-8.689744
31283.334,13.93734,-8.692788
31300.0,13.931731,-8.704807
31316.666,13.926122,-8.716827
31333.334,13.9282055,-8.721795
31350.0,13.932212,-8.725
31366.666,13.93141,-8.7153845
31383.334,13.923397,-8.686539
31400.0,13.915384,-8.657692
31416.666,13.93141,-8.6625
31433.334,13.947436,-8.667308
31450.0,13.9490385,-8.653846
31466.666,13.941026,-8.628205
31483.334,13.97468,-8.603205
31500.0,14.175,-8.58077
31516.666,14.37532,-8.558333
31533.334,14.417949,-8.5487175
31550.0,14.421154,-8.542308
31566.666,14.425,-8.53718
31583.334,14.429808,-8.533975
31600.0,14.434615,-8.530769
31616.666,14.434615,-8.508333
31633.334,14.434615,-8.485897
31650.0,14.434615,-8.463462
31666.666,14.434615,-8.441026
31683.334,14.434615,-8.419551
31700.0,14.434615,-8.401923
31716.666,14.434615,-8.3842945
31733.334,14.287821,-8.366667
31750.0,14.104327,-8.349038
31766.666,13.986859,-8.33077
31783.334,13.96843,-8.311539
31800.0,13.95,-8.292308
31816.666,13.953205,-8.289103
31833.334,13.95641,-8.285897
31850.0,13.957692,-8.3
31866.666,13.957692,-8.325641
31883.334,13.959295,-8.347756
31900.0,13.967308,-8.355769
31916.666,13.975321,-8.363782
31933.334,13.984615,-8.375641
31950.0,13.994231,-8.388461
31966.666,13.147757,-8.425641
31983.334,11.017147,-8.499359
32000.0,8.8865385,-8.573077
32016.666,8.071634,-8.5875
32033.334,7.2567306,-8.601923
32050.0,6.919231,-8.604808
32066.666,6.9,-8.6
32083.334,6.8852563,-8.596314
32100.0,6.8884616,-8.5971155
32116.666,6.891667,-8.597917
32133.334,6.889744,-8.591025
32150.0,6.8865385,-8.5822115
32166.666,6.8884616,-8.578205
32183.334,6.898077,-8.58141
32200.0,6.9076924,-8.584616
32216.666,6.901282,-8.586218
32233.334,6.8948717,-8.58782
32250.0,6.896154,-8.578846
32266.666,6.902564,-8.56282
32283.334,6.903686,-8.547756
32300.0,6.8836536,-8.536538
32316.666,6.8636217,-8.52532
32333.334,6.851282,-8.526923
32350.0,6.8408656,-8.531731
32366.666,6.836218,-8.54423
32383.334,6.8402243,-8.568269
32400.0,6.8442307,-8.592308
32416.666,6.8386216,-8.572276
32433.334,6.833013,-8.552243
32450.0,7.0173078,-8.550481
32466.666,7.328205,-8.560898
32483.334,8.170193,-8.601282
32500.0,11.1365385,-8.7615385
32516.666,14.102884,-8.921795
32533.334,14.69359,-8.9282055
32550.0,14.690385,-8.896153
32566.666,14.690385,-8.867949
32583.334,14.695192,-8.845512
32600.0,14.7,-8.823077
32616.666,14.720834,-8.811859
32633.334,14.741667,-8.800641
32650.0,14.754807,-8.79423
32666.666,14.76282,-8.791026
32683.334,14.769872,-8.786859
32700.0,14.773077,-8.778846
32716.666,14.776282,-8.770833
32733.334,14.765385,-8.758974
32750.0,14.750961,-8.746154
32766.666,14.742308,-8.735577
32783.332,14.742308,-8.728365
32800.0,14.742308,-8.721154
32816.668,14.767949,-8.712339
32833.332,14.79359,-8.703526
32850.0,14.805769,-8.689423
32866.668,14.808974,-8.671795
32883.332,14.795834,-8.654166
32900.0,14.717308,-8.6365385
32916.668,14.6387825,-8.61891
32933.332,11.833333,-8.501923
32950.0,8.346154,-8.360096
32966.668,6.225,-8.266026
32983.332,6.1528845,-8.243589
33000.0,6.080769,-8.221154
33016.668,6.0527244,-8.234776
33033.332,6.0246797,-8.248398
33050.0,6.0,-8.253846
33066.668,5.9775643,-8.253846
33083.332,5.9600964,-8.257692
33100.0,5.9625,-8.276923
33116.668,5.964904,-8.296154
33133.332,5.9653845,-8.308974
33150.0,5.9653845,-8.320192
33166.668,6.0740385,-8.316987
33183.332,6.345673,-8.292148
33200.0,6.6173077,-8.267307
33216.668,6.6229167,-8.274519
33233.332,6.6285257,-8.281731
33250.0,6.6365385,-8.293269
33266.668,6.646154,-8.307693
33283.332,6.655449,-8.315705
33300.0,6.6634617,-8.298077
33316.668,6.6714745,-8.280449
33333.332,6.6833334,-8.280769
33350.0,6.6961536,-8.285577
33366.668,7.3516026,-8.308013
33383.332,8.970994,-8.356891
33400.0,10.5903845,-8.405769
33416.668,12.333173,-8.33125
33433.332,14.075961,-8.256731
33450.0,14.743269,-8.217308
33466.668,14.69359,-8.2012825
33483.332,14.653846,-8.1875
33500.0,14.653846,-8.182693
33516.668,14.653846,-8.177885
33533.332,14.660256,-8.174359
33550.0,14.668269,-8.171154
33566.668,14.670513,-8.172436
33583.332,14.664103,-8.180449
33600.0,14.657692,-8.188461
33616.668,14.64327,-8.186859
33633.332,14.628846,-8.185256
33650.0,14.470192,-8.191346
33666.668,14.2153845,-8.202564
33683.332,14.008654,-8.213782
33700.0,13.994231,-8.225
33716.668,13.979808,-8.2362175
33733.332,13.979487,-8.233974
33750.0,13.982693,-8.228365
33766.668,13.98718,-8.226603
33783.332,13.993589,-8.230609
33800.0,14.0,-8.234615
33816.668,14.008814,-8.245833
33833.332,14.017629,-8.257051
33850.0,14.026923,-8.269231
33866.668,14.036538,-8.282051
33883.332,14.046314,-8.291347
33900.0,14.056731,-8.286538
33916.668,14.067147,-8.281731
33933.332,14.070513,-8.288462
33950.0,14.072115,-8.298077
33966.668,14.078526,-8.299359
33983.332,14.092148,-8.288141
34000.0,14.105769,-8.276923
34016.668,14.109776,-8.296955
34033.332,14.113782,-8.316987
34050.0,14.122115,-8.330289
34066.668,14.133333,-8.339103
34083.332,14.14391,-8.348718
34100.0,14.151923,-8.361539
34116.668,14.159936,-8.374359
34133.332,14.157051,-8.389744
34150.0,14.151443,-8.405769
34166.668,14.146474,-8.414743
34183.332,14.1424675,-8.413141
34200.0,14.138461,-8.411538
34216.668,14.133654,-8.411538
34233.332,14.128846,-8.411538
34250.0,14.303366,-8.45
34266.668,14.597436,-8.514103
34283.332,14.8299675,-8.580449
34300.0,14.816346,-8.655769
34316.668,14.802724,-8.73109
34333.332,14.800641,-8.757692
34350.0,14.801442,-8.772116
34366.668,14.799039,-8.7801285
34383.332,14.791827,-8.778525
34400.0,14.7846155,-8.776923
34416.668,14.786218,-8.76891
34433.332,14.787821,-8.760898
34450.0,14.788462,-8.757692
34466.668,14.788462,-8.757692
34483.332,14.78718,-8.759936
34500.0,14.780769,-8.771153
34516.668,14.774359,-8.7823715
34533.332,14.766666,-8.783334
34550.0,14.758654,-8.781731
34566.668,14.749359,-8.773077
34583.332,14.738141,-8.753846
34600.0,14.726923,-8.734615
34616.668,14.713302,-8.734615
34633.332,14.699679,-8.734615
34650.0,14.6908655,-8.732693
34666.668,14.685256,-8.729487
34683.332,14.680128,-8.725321
34700.0,14.676923,-8.717308
34716.668,14.6737175,-8.709295
34733.332,14.639744,-8.721795
34750.0,14.598077,-8.739423
34766.668,14.5762825,-8.751923
34783.332,14.584295,-8.756731
34800.0,14.592308,-8.7615385
34816.668,14.276603,-8.795193
34833.332,13.960897,-8.828846
34850.0,13.832692,-8.845192
34866.668,13.829487,-8.85
34883.332,13.826923,-8.854167
34900.0,13.826923,-8.855769
34916.668,13.826923,-8.857371
34933.332,13.826923,-8.862821
34950.0,13.826923,-8.869231
34966.668,13.828205,-8.873718
34983.332,13.83141,-8.87532
35000.0,13.834616,-8.876923
35016.668,13.844231,-8.880128
35033.332,13.853847,-8.883333
35050.0,13.865385,-8.883654
35066.668,13.878205,-8.882051
35083.332,13.888141,-8.878846
35100.0,13.8865385,-8.869231
35116.668,13.884936,-8.859615
35133.332,13.884615,-8.853847
35150.0,13.884615,-8.849038
35166.668,13.891666,-8.842308
35183.332,13.909295,-8.832692
35200.0,13.926923,-8.823077
35216.668,14.221795,-8.829487
35233.332,14.516666,-8.835897
35250.0,14.638461,-8.833653
35266.668,14.644872,-8.825641
35283.332,14.651282,-8.817628
35300.0,14.657692,-8.809615
35316.668,14.664103,-8.801602
35333.332,14.671795,-8.79359
35350.0,14.679808,-8.785577
35366.668,14.68782,-8.775962
35383.332,14.695833,-8.763943
35400.0,14.703846,-8.751923
35416.668,14.708653,-8.736699
35433.332,14.713462,-8.721475
35450.0,14.713462,-8.706731
35466.668,14.710257,-8.692307
35483.332,14.707372,-8.677885
35500.0,14.70577,-8.663462
35516.668,14.704166,-8.649038
35533.332,14.7,-8.6365385
35550.0,14.695192,-8.624519
35566.668,14.694231,-8.616346
35583.332,14.6990385,-8.613942
35600.0,14.703846,-8.611539
35616.668,14.705449,-8.604327
35633.332,14.707051,-8.5971155
35650.0,14.704807,-8.595673
35666.668,14.7,-8.598077
35683.332,14.695833,-8.598077
35700.0,14.694231,-8.588462
35716.668,14.692628,-8.578846
35733.332,14.691026,-8.570513
35750.0,14.689423,-8.5625
35766.668,14.674359,-8.546795
35783.332,14.639103,-8.519551
35800.0,14.603847,-8.492308
35816.668,14.453205,-8.453846
35833.332,14.302564,-8.415384
35850.0,14.247596,-8.407692
35866.668,14.256411,-8.420513
35883.332,14.265224,-8.432052
35900.0,14.274038,-8.438461
35916.668,14.282852,-8.444872
35933.332,14.282051,-8.450641
35950.0,14.278846,-8.45625
35966.668,14.276282,-8.456731
35983.332,14.274679,-8.449519
36000.0,14.273077,-8.442307
36016.668,14.276282,-8.427885
36033.332,14.279488,-8.413462
36050.0,14.275962,-8.400481
36066.668,14.267949,-8.388461
36083.332,14.262179,-8.376762
36100.0,14.265385,-8.366346
36116.668,14.26859,-8.355929
36133.332,14.2615385,-8.355128
36150.0,14.251923,-8.35673
36166.668,14.244872,-8.360256
36183.332,14.241667,-8.366667
36200.0,14.2384615,-8.373077
36216.668,14.235256,-8.3634615
36233.332,14.232051,-8.353847
36250.0,14.226923,-8.35673
36266.668,14.220512,-8.367949
36283.332,14.213782,-8.38109
36300.0,14.20577,-8.401923
36316.668,14.197757,-8.422756
36333.332,14.19359,-8.4282055
36350.0,14.190385,-8.429808
36366.668,14.130128,-8.477564
36383.332,13.984295,-8.594551
36400.0,13.838462,-8.711538
36416.668,13.828846,-8.735577
36433.332,13.819231,-8.759615
36450.0,13.808654,-8.774038
36466.668,13.797436,-8.782051
36483.332,13.787821,-8.786859
36500.0,13.7846155,-8.778846
36516.668,13.78141,-8.770833
36533.332,13.769872,-8.769231
36550.0,13.75625,-8.769231
36566.668,13.741987,-8.776282
36583.332,13.726763,-8.79391
36600.0,13.711538,-8.811539
36616.668,13.705129,-8.814744
36633.332,13.698718,-8.817948
36650.0,13.691346,-8.815385
36666.668,13.683333,-8.808974
36683.332,13.678846,-8.803686
36700.0,13.688461,-8.802885
36716.668,13.698077,-8.802083
36733.332,13.702564,-8.788462
36750.0,13.70577,-8.771635
36766.668,13.70641,-8.765385
36783.332,13.703205,-8.775
36800.0,13.7,-8.7846155
36816.668,13.978847,-8.848718
36833.332,14.257692,-8.912821
36850.0,14.362981,-8.956731
36866.668,14.352564,-8.98718
36883.332,14.34407,-9.011859
36900.0,14.343269,-9.013461
36916.668,14.342468,-9.015064
36933.332,14.345512,-9.012179
36950.0,14.349519,-9.008173
36966.668,14.357371,-9.011859
36983.332,14.370994,-9.027083
37000.0,14.384615,-9.042308
37016.668,14.411859,-9.042308
37033.332,14.439102,-9.042308
37050.0,14.445192,-9.035577
37066.668,14.43718,-9.024359
37083.332,14.430449,-9.01859
37100.0,14.428846,-9.0346155
37116.668,14.427243,-9.050641
37133.332,14.432052,-9.057693
37150.0,14.438461,-9.0625
37166.668,14.163462,-9.079166
37183.332,13.466346,-9.113622
37200.0,12.769231,-9.148077
37216.668,11.995193,-9.296314
37233.332,11.221154,-9.444551
37250.0,10.907692,-9.505288
37266.668,10.901282,-9.507692
37283.332,10.89359,-9.509776
37300.0,10.880769,-9.510577
37316.668,10.867949,-9.511378
37333.332,10.870513,-9.508974
37350.0,10.876923,-9.505769
37366.668,10.880769,-9.503205
37383.332,10.880769,-9.501602
37400.0,10.880769,-9.5
37416.668,10.87516,-9.496795
37433.332,10.869552,-9.493589
37450.0,10.8716345,-9.490385
37466.668,10.878846,-9.48718
37483.332,10.885737,-9.484295
37500.0,10.891346,-9.482693
37516.668,10.8969555,-9.48109
37533.332,11.025,-9.54359
37550.0,11.183654,-9.622115
37566.668,11.288141,-9.713141
37583.332,11.3113785,-9.822917
37600.0,11.334616,-9.932693
37616.668,11.324199,-9.939904
37633.332,11.313782,-9.947115
37650.0,11.316827,-9.953846
37666.668,11.328846,-9.960257
37683.332,11.341025,-9.967949
37700.0,11.353847,-9.980769
37716.668,11.366667,-9.993589
37733.332,11.376923,-10.0
37750.0,11.3865385,-10.004807
37766.668,11.392307,-10.009936
37783.332,11.392307,-10.015545
37800.0,11.392307,-10.021153
37816.668,11.382692,-10.028365
37833.332,11.373077,-10.035577
37850.0,11.344231,-11.314423
37866.668,11.302564,-13.441026
37883.332,11.274359,-15.276923
37900.0,11.3,-15.95
37916.668,11.325641,-16.623077
37933.332,11.28718,-16.76923
37950.0,11.232693,-16.783653
37966.668,11.194551,-16.795513
37983.332,11.180929,-16.803526
38000.0,11.167308,-16.811539
38016.668,11.160096,-16.822756
38033.332,11.1528845,-16.833975
38050.0,11.142307,-17.16154
38066.668,11.129487,-17.7
38083.332,11.1125,-18.13077
38100.0,11.078846,-18.13077
38116.668,11.045193,-18.13077
38133.332,11.0346155,-18.13077
38150.0,11.029808,-18.13077
38166.668,11.025,-18.130129
38183.332,11.020192,-18.128525
38200.0,11.015385,-18.126923
38216.668,11.012179,-18.141346
38233.332,11.008974,-18.15577
38250.0,10.995193,-18.16202
38266.668,10.974359,-18.16282
38283.332,10.961538,-18.198877
38300.0,10.980769,-18.375961
38316.668,11.0,-18.553045
38333.332,10.997436,-18.598078
38350.0,10.989423,-18.610096
38366.668,10.98141,-18.626602
38383.332,10.973397,-18.64984
38400.0,10.9653845,-18.673077
38416.668,10.963782,-18.674679
38433.332,10.962179,-18.676283
38450.0,10.961538,-18.673557
38466.668,10.961538,-18.667948
38483.332,10.963462,-18.66282
38500.0,10.973077,-18.659615
38516.668,10.982693,-18.65641
38533.332,10.979487,-18.640385
38550.0,10.973077,-18.621155
38566.668,10.969231,-18.605448
38583.332,10.969231,-18.595032
38600.0,10.969231,-18.584616
38616.668,10.982051,-18.575
38633.332,10.994872,-18.565384
38650.0,11.081731,-17.71346
38666.668,11.217949,-16.3
38683.332,11.347756,-14.85641
38700.0,11.451923,-13.292308
38716.668,11.556089,-11.728205
38733.332,11.569231,-11.391026
38750.0,11.559615,-11.360577
38766.668,11.546795,-11.323718
38783.332,11.529166,-11.277244
38800.0,11.5115385,-11.230769
38816.668,11.516346,-11.213141
38833.332,11.521153,-11.195513
38850.0,11.407692,-10.937019
38866.668,11.2153845,-10.517949
38883.332,11.059295,-10.11202
38900.0,11.048077,-9.758654
38916.668,11.036859,-9.405289
38933.332,11.028205,-9.319231
38950.0,11.020192,-9.3
38966.668,11.021795,-9.2801285
38983.332,11.037821,-9.2592945
39000.0,11.053846,-9.2384615
39016.668,11.077885,-9.232051
39033.332,11.101923,-9.225641
39050.0,11.85673,-9.067788
39066.668,13.098718,-8.808974
39083.332,14.24391,-8.599519
39100.0,15.001923,-8.5875
39116.668,15.759936,-8.57548
39133.332,15.896795,-8.548077
39150.0,15.8783655,-8.516827
39166.668,15.864423,-8.491987
39183.332,15.857211,-8.476763
39200.0,15.85,-8.461538
39216.668,15.710577,-8.479968
39233.332,15.571154,-8.498398
39250.0,15.358654,-8.525481
39266.668,15.097436,-8.558333
39283.332,14.886218,-8.580129
39300.0,14.875,-8.557693
39316.668,14.863782,-8.535256
39333.332,14.855128,-8.5301285
39350.0,14.8471155,-8.529327
39366.668,14.8426285,-8.534936
39383.332,14.84343,-8.55016
39400.0,14.844231,-8.565385
39416.668,14.841827,-8.570192
39433.332,14.839423,-8.575
39450.0,14.835577,-8.575
39466.668,14.83077,-8.5717945
39483.332,14.825961,-8.568911
39500.0,14.821154,-8.567307
39516.668,14.816346,-8.565705
39533.332,14.81282,-8.56282
39550.0,14.809615,-8.559615
39566.668,14.808333,-8.557052
39583.332,14.809936,-8.555449
39600.0,14.811539,-8.553846
39616.668,14.825961,-8.537821
39633.332,14.8403845,-8.521795
39650.0,15.430769,-8.460577
39666.668,16.405128,-8.369231
39683.332,17.330448,-8.276923
39700.0,18.059616,-8.180769
39716.668,18.788782,-8.084616
39733.332,18.93718,-8.055128
39750.0,18.940384,-8.042308
39766.668,18.93782,-8.032051
39783.332,18.926603,-8.025641
39800.0,18.915384,-8.019231
39816.668,18.920193,-8.017629
39833.332,18.925,-8.016026
39850.0,18.941345,-8.01827
39866.668,18.965385,-8.023077
39883.332,18.983974,-8.029648
39900.0,18.98077,-8.043269
39916.668,18.977564,-8.056891
39933.332,18.978205,-8.064102
39950.0,18.979807,-8.069712
39966.668,18.996155,-8.069231
39983.332,19.034615,-8.059615
40000.0,19.073076,-8.05
40016.668,19.18766,-8.040384
40033.332,19.302244,-8.030769
40050.0,19.357212,-8.020192
40066.668,19.372437,-8.008974
40083.332,19.384775,-8.001602
40100.0,19.385576,-8.009615
40116.668,19.386377,-8.017629
40133.332,19.389744,-8.025641
40150.0,19.39375,-8.033654
40166.668,19.391026,-8.038462
40183.332,19.378204,-8.038462
40200.0,19.365385,-8.038462
40216.668,19.375,-8.044871
40233.332,19.384615,-8.051282
40250.0,19.390385,-8.061539
40266.668,19.393589,-8.074359
40283.332,19.397757,-8.085257
40300.0,19.40577,-8.088462
40316.668,19.413782,-8.091666
40333.332,19.41859,-8.0948715
40350.0,19.422596,-8.098077
40366.668,19.470833,-8.098718
40383.332,19.585417,-8.095512
40400.0,19.7,-8.092308
40416.668,19.701603,-8.098718
40433.332,19.703205,-8.105128
40450.0,19.70673,-8.110577
40466.668,19.711538,-8.115385
40483.332,19.713781,-8.11891
40500.0,19.705769,-8.117308
40516.668,19.697756,-8.1157055
40533.332,19.697435,-8.102564
40550.0,19.699038,-8.086538
40566.668,19.700642,-8.074359
40583.332,19.702244,-8.067948
40600.0,19.703846,-8.061539
40616.668,19.723078,-8.060738
40633.332,19.742308,-8.059936
40650.0,19.748077,-8.060096
40666.668,19.744871,-8.060898
40683.332,19.741667,-8.060898
40700.0,19.738462,-8.057693
40716.668,19.735256,-8.054487
40733.332,19.732052,-8.052564
40750.0,19.728846,-8.0509615
40766.668,19.728205,-8.049359
40783.332,19.731411,-8.047756
40800.0,19.734615,-8.046154
40816.668,19.723398,-8.049359
40833.332,19.71218,-8.052564
40850.0,18.947115,-8.058654
40866.668,17.679487,-8.066667
40883.332,15.394231,-8.084616
40900.0,9.038462,-8.142307
40916.668,2.6826923,-8.2
40933.332,1.2429488,-8.31859
40950.0,1.0322115,-8.452404
40966.668,0.8836538,-8.529166
40983.332,0.8283654,-8.520352
41000.0,0.77307695,-8.5115385
41016.668,0.7586538,-8.4698715
41033.332,0.74423075,-8.4282055
41050.0,0.73365384,-8.416347
41066.668,0.725641,-8.424359
41083.332,0.71570516,-8.426282
41100.0,0.6980769,-8.403846
41116.668,0.6804487,-8.381411
41133.332,0.45833334,-8.366667
41150.0,0.18509616,-8.353847
41166.668,0.025641026,-8.347756
41183.332,0.036858976,-8.351763
41200.0,0.048076924,-8.355769
41216.668,0.05528846,-8.322917
41233.332,0.0625,-8.290064
41250.0,0.06634615,-8.26827
41266.668,0.06794872,-8.253846
41283.332,0.07115385,-8.244872
41300.0,0.08076923,-8.257692
41316.668,0.09038462,-8.270513
41333.332,0.0948718,-8.29359
41350.0,0.098076925,-8.319231
41366.668,0.10128205,-8.329487
41383.332,0.10448718,-8.316667
41400.0,0.10769231,-8.303846
41416.668,0.10608974,-8.307052
41433.332,0.10448718,-8.310256
41450.0,0.11153846,-8.311539
41466.668,0.124358974,-8.311539
41483.332,0.13782051,-8.327564
41500.0,0.15384616,-8.407692
41516.668,0.16987179,-8.487821
41533.332,0.24294871,-8.535897
41550.0,0.33028847,-8.575961
41566.668,0.3820513,-8.582692
41583.332,0.38044873,-8.539423
41600.0,0.37884617,-8.496154
41616.668,0.3844551,-8.476122
41633.332,0.3900641,-8.45609
41650.0,0.39134616,-8.438942
41666.668,0.3897436,-8.4237175
41683.332,1.2211539,-8.489743
41700.0,5.3846154,-8.880769
41716.668,9.548077,-9.271795
41733.332,12.269231,-9.26859
41750.0,14.629807,-9.166827
41766.668,16.053205,-9.085577
41783.332,16.070833,-9.035096
41800.0,16.08846,-8.984615
41816.668,16.098078,-8.980609
41833.332,16.107693,-8.976603
41850.0,16.114424,-8.967308
41866.668,16.11923,-8.954487
41883.332,16.120512,-8.944391
41900.0,16.107693,-8.945192
41916.668,16.094872,-8.945993
41933.332,17.022436,-8.73718
41950.0,18.185097,-8.475962
41966.668,18.874039,-8.313461
41983.332,18.852404,-8.299039
42000.0,18.830769,-8.2846155
42016.668,18.817148,-8.292628
42033.332,18.803526,-8.300641
42050.0,18.794712,-8.3009615
42066.668,18.789103,-8.296154
42083.332,18.785578,-8.289103
42100.0,18.790384,-8.273077
42116.668,18.795193,-8.257051
42133.332,18.784615,-8.257692
42150.0,18.770193,-8.2625
42166.668,18.757692,-8.269231
42183.332,18.748077,-8.278846
42200.0,18.738462,-8.288462
42216.668,18.709616,-8.286859
42233.332,18.680769,-8.285256
42250.0,18.66827,-8.280769
42266.668,18.666666,-8.274359
42283.332,18.665064,-8.26891
42300.0,18.663462,-8.267307
42316.668,18.66186,-8.265705
42333.332,18.660257,-8.259615
42350.0,18.658653,-8.252404
42366.668,18.655128,-8.246474
42383.332,18.648718,-8.242468
42400.0,18.642307,-8.2384615
42416.668,18.635897,-8.242468
42433.332,18.629488,-8.246474
42450.0,17.876442,-8.42452
42466.668,16.62564,-8.71859
42483.332,15.577724,-8.960577
42500.0,15.341346,-8.994231
42516.668,15.104968,-9.0278845
42533.332,15.035897,-9.044871
42550.0,15.008654,-9.057693
42566.668,14.98718,-9.065385
42583.332,14.974359,-9.065385
42600.0,14.961538,-9.065385
42616.668,14.95593,-9.06859
42633.332,14.95032,-9.0717945
42650.0,14.933173,-9.070192
42666.668,14.908334,-9.065385
42683.332,14.843269,-9.032692
42700.0,14.617308,-8.888461
42716.668,14.391346,-8.744231
42733.332,14.353847,-8.71282
42750.0,14.3634615,-8.709616
42766.668,14.371154,-8.705129
42783.332,14.375961,-8.698718
42800.0,14.380769,-8.692307
42816.668,14.387179,-8.693911
42833.332,14.39359,-8.695513
42850.0,14.398077,-8.696154
42866.668,14.401282,-8.696154
42883.332,14.405449,-8.69359
42900.0,14.413462,-8.680769
42916.668,14.421474,-8.667949
42933.332,14.421795,-8.666667
42950.0,14.420193,-8.668269
42966.668,14.41859,-8.667308
42983.332,14.416987,-8.6625
43000.0,14.415384,-8.657692
43016.668,14.4282055,-8.646474
43033.332,14.441026,-8.635257
43050.0,14.445192,-8.624039
43066.668,14.44359,-8.612821
43083.332,14.445192,-8.604808
43100.0,14.459616,-8.609615
43116.668,14.474038,-8.614423
43133.332,14.478205,-8.607693
43150.0,14.479808,-8.598077
43166.668,14.48141,-8.589744
43183.332,14.483013,-8.583333
43200.0,14.484615,-8.576923
43216.668,14.484615,-8.589744
43233.332,14.484615,-8.602564
43250.0,14.484615,-8.6125
43266.668,14.484615,-8.620513
43283.332,14.485256,-8.625
43300.0,14.4884615,-8.615385
43316.668,14.491667,-8.605769
43333.332,14.491026,-8.616667
43350.0,14.489423,-8.632692
43366.668,14.493589,-8.64359
43383.332,14.506411,-8.646795
43400.0,14.519231,-8.65
43416.668,14.520833,-8.645192
43433.332,14.522436,-8.640385
43450.0,14.528846,-8.646153
43466.668,14.538462,-8.658975
43483.332,14.545834,-8.667628
43500.0,14.54423,-8.6596155
43516.668,14.542628,-8.651603
43533.332,14.535897,-8.641026
43550.0,14.5278845,-8.629807
43566.668,14.523077,-8.622436
43583.332,14.523077,-8.620833
43600.0,14.523077,-8.619231
43616.668,14.519872,-8.628846
43633.332,14.516666,-8.638461
43650.0,14.514423,-8.634134
43666.668,14.51282,-8.620513
43683.332,14.510577,-8.60625
43700.0,14.505769,-8.589423
43716.668,14.500961,-8.572597
43733.332,14.492308,-8.557693
43750.0,14.482693,-8.543269
43766.668,14.473718,-8.536538
43783.332,14.465705,-8.541347
43800.0,14.457692,-8.546154
43816.668,14.465705,-8.533334
43833.332,14.473718,-8.520513
43850.0,14.470192,-8.5115385
43866.668,14.458974,-8.505128
43883.332,14.452885,-8.496474
43900.0,14.467308,-8.478847
43916.668,14.48173,-8.461218
43933.332,14.484615,-8.458974
43950.0,14.484615,-8.460577
43966.668,14.480128,-8.458974
43983.332,14.46891,-8.452564
44000.0,14.457692,-8.446154
44016.668,14.473718,-8.433333
44033.332,14.489743,-8.420513
44050.0,14.496154,-8.407692
44066.668,14.496154,-8.394872
44083.332,14.492628,-8.380769
44100.0,14.475,-8.361539
44116.668,14.457372,-8.342308
44133.332,14.457051,-8.326923
44150.0,14.461058,-8.3125
44166.668,14.464423,-8.301282
44183.332,14.466827,-8.294871
44200.0,14.469231,-8.288462
44216.668,14.667949,-8.288462
44233.332,14.866667,-8.288462
44250.0,14.946154,-8.2846155
44266.668,14.946154,-8.278205
44283.332,14.947436,-8.272596
44300.0,14.953846,-8.270192
44316.668,14.960257,-8.267789
44333.332,14.967949,-8.273077
44350.0,14.975962,-8.280289
44366.668,14.982693,-8.298077
44383.332,14.9875,-8.331731
44400.0,14.992308,-8.365385
44416.668,14.992308,-8.365385
44433.332,14.992308,-8.365385
