0.0,-0.74615383,-9.657692
16.666666,-0.738141,-9.660897
33.333332,-0.7301282,-9.664103
50.0,-0.7182692,-9.671154
66.666664,-0.70384616,-9.680769
83.333336,-0.6910256,-9.683333
100.0,-0.6846154,-9.657692
116.666664,-0.67820513,-9.632051
133.33333,-0.67820513,-9.633333
150.0,-0.67980766,-9.641346
166.66667,-0.6846154,-9.6365385
183.33333,-0.6942308,-9.6125
200.0,-0.70384616,-9.588462
216.66667,-1.5307692,-9.298397
233.33333,-2.3576922,-9.008333
250.0,-3.1528847,-8.663462
266.66666,-3.926923,-8.282051
283.33334,-4.538622,-7.9673076
300.0,-4.5009613,-7.919231
316.66666,-4.463301,-7.871154
333.33334,-4.4435897,-7.877564
350.0,-4.428365,-7.8975964
366.66666,-4.56891,-7.7743587
383.33334,-4.943109,-7.436218
400.0,-5.3173075,-7.098077
416.66666,-5.351763,-7.0347757
433.33334,-5.386218,-6.971474
450.0,-5.391346,-6.925
466.66666,-5.376923,-6.889744
483.33334,-5.363782,-6.863782
500.0,-5.355769,-6.875
516.6667,-5.3477564,-6.886218
533.3333,-2.321795,-7.0410256
550.0,1.4586538,-7.231731
566.6667,3.7923076,-7.3634615
583.3333,3.9557693,-7.4067307
600.0,4.1192307,-7.45
616.6667,4.03109,-7.459615
633.3333,3.9429488,-7.4692307
650.0,3.8903847,-7.460577
666.6667,3.8615384,-7.4397435
683.3333,4.0326924,-7.4205127
700.0,5.003846,-7.4076924
716.6667,5.975,-7.3948717
733.3333,6.2602563,-7.396795
750.0,6.3740387,-7.402404
766.6667,6.4314103,-7.395192
783.3333,6.4041667,-7.36875
800.0,6.376923,-7.3423076
816.6667,6.3721156,-7.3214746
833.3333,6.3673077,-7.300641
850.0,6.3701925,-7.316827
866.6667,6.3782053,-7.3576922
883.3333,6.382532,-7.395032
900.0,6.3721156,-7.418269
916.6667,6.3616986,-7.4415064
933.3333,6.366667,-7.4480767
950.0,6.3754807,-7.450481
966.6667,6.38141,-7.4509616
983.3333,6.383013,-7.448558
1000.0,6.3846154,-7.4461536
1016.6667,6.375,-7.40609
1033.3334,6.3653846,-7.3660254
1050.0,8.177885,-7.925
1066.6666,11.205129,-8.883333
1083.3334,13.758814,-9.669711
1100.0,14.418269,-9.76827
1116.6666,15.077724,-9.866827
1133.3334,15.085897,-9.743589
1150.0,14.93125,-9.564904
1166.6666,14.814102,-9.458974
1183.3334,14.753205,-9.462179
1200.0,14.692307,-9.4653845
1216.6666,14.677885,-9.462179
1233.3334,14.663462,-9.458974
1250.0,14.65,-9.458653
1266.6666,14.637179,-9.460257
1283.3334,14.62468,-9.464263
1300.0,14.6134615,-9.477884
1316.6666,14.602243,-9.491507
1333.3334,14.5948715,-9.487821
1350.0,14.588462,-9.479808
1366.6666,14.577244,-9.474359
1383.3334,14.558814,-9.472756
1400.0,14.540384,-9.471154
1416.6666,14.295193,-9.504807
1433.3334,14.05,-9.538462
1450.0,9.264904,-9.2927885
1466.6666,1.4532051,-8.860897
1483.3334,-4.869551,-8.466025
1500.0,-5.2365384,-8.219231
1516.6666,-5.6035256,-7.972436
1533.3334,-5.594872,-7.873718
1550.0,-5.4923077,-7.8120193
1566.6666,-5.4269233,-7.741987
1583.3334,-5.417308,-7.6594553
1600.0,-5.4076924,-7.576923
1616.6666,-5.4076924,-7.5216346
1633.3334,-5.4076924,-7.4663463
1650.0,-5.4057693,-7.44375
1666.6666,-5.402564,-7.442949
1683.3334,-5.4,-7.4403844
1700.0,-5.4,-7.4307694
1716.6666,-5.4,-7.421154
1733.3334,-5.4205127,-7.4641027
1750.0,-5.4461536,-7.520192
1766.6666,-5.467949,-7.5564103
1783.3334,-5.4839745,-7.5628204
1800.0,-5.5,-7.5692306
1816.6666,-5.488782,-7.5307693
1833.3334,-5.4775643,-7.4923077
1850.0,-5.472596,-7.478846
1866.6666,-5.471795,-7.4820514
1883.3334,-5.4729166,-7.4830127
1900.0,-5.481731,-7.475
1916.6666,-5.490545,-7.466987
1933.3334,-5.4897437,-7.473077
1950.0,-5.4865384,-7.4826922
1966.6666,-5.486218,-7.4865384
1983.3334,-5.4902244,-7.481731
2000.0,-5.4942307,-7.476923
2016.6666,-5.49984,-7.494551
2033.3334,-5.505449,-7.5121794
2050.0,-5.5076923,-7.525
2066.6667,-5.5076923,-7.5346155
2083.3333,-5.5060897,-7.5471153
2100.0,-5.498077,-7.5711536
2116.6667,-5.490064,-7.5951924
2133.3333,-5.4923077,-7.626923
2150.0,-5.4971156,-7.660577
2166.6667,-5.501282,-7.677564
2183.3333,-5.504487,-7.6695514
2200.0,-5.5076923,-7.6615386
2216.6667,-5.509295,-7.677564
2233.3333,-5.5108976,-7.6935897
2250.0,-5.5086536,-7.714423
2266.6667,-5.503846,-7.7384615
2283.3333,-5.498718,-7.7596154
2300.0,-5.4923077,-7.769231
2316.6667,-5.4858975,-7.7788463
2333.3333,-5.4871793,-7.7826924
2350.0,-5.4903846,-7.785096
2366.6667,-5.4942307,-7.7875
2383.3333,-5.4990387,-7.7899036
2400.0,-5.503846,-7.792308
2416.6667,-5.4958334,-7.79391
2433.3333,-5.4878206,-7.7955127
2450.0,-5.488942,-7.8158655
2466.6667,-5.496154,-7.848718
2483.3333,-5.5040064,-7.8783655
2500.0,-5.514423,-7.895192
2516.6667,-5.52484,-7.9120193
2533.3333,-5.5333333,-7.908974
2550.0,-5.541346,-7.9009614
2566.6667,-5.5490384,-7.901923
2583.3333,-5.55625,-7.916346
2600.0,-5.5634613,-7.9307694
2616.6667,-5.5746794,-7.9435897
2633.3333,-5.5858974,-7.9564104
2650.0,-5.5927887,-7.9653845
2666.6667,-5.596795,-7.971795
2683.3333,-5.6,-7.9753203
2700.0,-5.6,-7.9673076
2716.6667,-5.6,-7.959295
2733.3333,-5.6025643,-7.974359
2750.0,-5.605769,-7.9951925
2766.6667,-5.60641,-8.054487
2783.3333,-5.603205,-8.171474
2800.0,-5.6,-8.288462
2816.6667,-5.6008015,-8.270833
2833.3333,-5.6016026,-8.253205
2850.0,-5.61875,-8.2697115
2866.6667,-5.646795,-8.308974
2883.3333,-5.669872,-8.337339
2900.0,-5.673077,-8.322115
2916.6667,-5.676282,-8.306891
2933.3333,-5.667308,-8.319872
2950.0,-5.6552887,-8.339904
2966.6667,-5.648077,-8.35641
2983.3333,-5.648077,-8.367628
3000.0,-5.648077,-8.378846
3016.6667,-5.6576924,-8.347596
3033.3333,-5.667308,-8.316346
3050.0,-5.6697116,-8.298077
3066.6667,-5.667308,-8.288462
3083.3333,-5.665705,-8.282051
3100.0,-5.667308,-8.288462
3116.6667,-5.66891,-8.294871
3133.3333,-5.669231,-8.301923
3150.0,-5.669231,-8.3091345
3166.6667,-5.6679487,-8.311539
3183.3333,-5.6647434,-8.306731
3200.0,-5.6615386,-8.301923
3216.6667,-5.665545,-8.307532
3233.3333,-5.6695514,-8.313141
3250.0,-5.6668267,-8.30625
3266.6667,-5.6596155,-8.291026
3283.3333,-5.652564,-8.279327
3300.0,-5.646154,-8.281731
3316.6667,-5.639744,-8.284135
3333.3333,-5.6320515,-8.271795
3350.0,-5.6240387,-8.255769
3366.6667,-5.6173077,-8.254807
3383.3333,-5.6125,-8.276443
3400.0,-5.6076922,-8.298077
3416.6667,-5.6060896,-8.270032
3433.3333,-5.604487,-8.241987
3450.0,-5.6009617,-8.227884
3466.6667,-5.5961537,-8.223077
3483.3333,-5.5923076,-8.217308
3500.0,-5.5923076,-8.207692
3516.6667,-5.5923076,-8.198077
3533.3333,-5.594872,-8.217949
3550.0,-5.598077,-8.245193
3566.6667,-5.6,-8.259615
3583.3333,-5.6,-8.254807
3600.0,-5.6,-8.25
3616.6667,-5.596795,-8.237981
3633.3333,-5.59359,-8.225962
3650.0,-5.5951924,-8.213462
3666.6667,-5.6,-8.200641
3683.3333,-5.6054487,-8.197597
3700.0,-5.6134615,-8.233654
3716.6667,-5.6214743,-8.2697115
3733.3333,-5.6346154,-8.301282
3750.0,-5.6490383,-8.331731
3766.6667,-5.660577,-8.360897
3783.3333,-5.6677885,-8.388141
3800.0,-5.675,-8.415384
3816.6667,-5.670994,-8.425
3833.3333,-5.666987,-8.434615
3850.0,-5.6701922,-8.475962
3866.6667,-5.678205,-8.538462
3883.3333,-5.6807694,-8.58141
3900.0,-5.6615386,-8.546154
3916.6667,-5.6423078,-8.510898
3933.3333,-5.645513,-8.51859
3950.0,-5.654327,-8.537019
3966.6667,-5.671154,-8.623398
3983.3333,-5.7,-8.811699
4000.0,-5.728846,-9.0
4016.6667,-5.7184296,-9.008013
4033.3333,-5.708013,-9.016026
4050.0,-5.7052884,-9.05
4066.6667,-5.707692,-9.101282
4083.3333,-5.710417,-9.12532
4100.0,-5.714423,-9.040384
4116.6665,-5.7184296,-8.955449
4133.3335,-5.729487,-8.961538
4150.0,-5.7423077,-8.990385
4166.6665,-5.746154,-9.005769
4183.3335,-5.7365384,-9.000961
4200.0,-5.726923,-8.996154
4216.6665,-5.7397437,-9.016987
4233.3335,-5.752564,-9.037821
4250.0,-5.7548075,-9.0346155
4266.6665,-5.75,-9.015385
4283.3335,-5.7471156,-9.003205
4300.0,-5.751923,-9.019231
4316.6665,-5.7567306,-9.035256
4333.3335,-5.7589746,-9.044871
4350.0,-5.7605767,-9.052885
4366.6665,-5.7673078,-9.064744
4383.3335,-5.7817307,-9.082372
4400.0,-5.796154,-9.1
4416.6665,-5.791346,-9.103205
4433.3335,-5.7865386,-9.10641
4450.0,-5.7841344,-9.110577
4466.6665,-5.7833333,-9.115385
4483.3335,-5.7822113,-9.117308
4500.0,-5.7798076,-9.107693
4516.6665,-5.777404,-9.098077
4533.3335,-5.779487,-9.076923
4550.0,-5.7826924,-9.052885
4566.6665,-5.7833333,-9.041026
4583.3335,-5.780128,-9.047436
4600.0,-5.776923,-9.053846
4616.6665,-5.7833333,-9.083493
4633.3335,-5.7897434,-9.113141
4650.0,-5.793269,-9.133173
4666.6665,-5.794872,-9.146795
4683.3335,-5.7935896,-9.154488
4700.0,-5.7807693,-9.138461
4716.6665,-5.7679486,-9.122436
4733.3335,-5.7589746,-9.129487
4750.0,-5.7509613,-9.142307
4766.6665,-5.746154,-9.152564
4783.3335,-5.746154,-9.158975
4800.0,-5.746154,-9.165384
4816.6665,-5.744551,-9.158975
4833.3335,-5.7429485,-9.152564
4850.0,-5.9134617,-9.194231
4866.6665,-6.198718,-9.267949
4883.3335,-6.4285254,-9.33141
4900.0,-6.4365387,-9.353847
4916.6665,-6.4445515,-9.376282
4933.3335,-6.432051,-9.421154
4950.0,-6.414423,-9.471635
4966.6665,-6.4076924,-9.49968
4983.3335,-6.417308,-9.49407
5000.0,-6.4269233,-9.4884615
5016.6665,-6.25625,-9.454006
5033.3335,-6.085577,-9.419551
5050.0,-6.0105767,-9.420673
5066.6665,-5.999359,-9.445513
5083.3335,-5.992468,-9.4698715
5100.0,-6.0028844,-9.492308
5116.6665,-6.0133014,-9.514744
5133.3335,-6.0076923,-9.55
5150.0,-5.998077,-9.588462
5166.6665,-5.9858975,-9.619552
5183.3335,-5.969872,-9.639584
5200.0,-5.953846,-9.6596155
5216.6665,-5.947436,-9.666827
5233.3335,-5.9410257,-9.674039
5250.0,-5.9375,-9.683654
5266.6665,-5.9358974,-9.694872
5283.3335,-5.932051,-9.704166
5300.0,-5.919231,-9.70577
5316.6665,-5.90641,-9.707372
5333.3335,-5.8923078,-9.698718
5350.0,-5.8778844,-9.6875
5366.6665,-5.8692307,-9.682693
5383.3335,-5.8692307,-9.6875
5400.0,-5.8692307,-9.692307
5416.6665,-5.8692307,-9.685096
5433.3335,-5.8692307,-9.677885
5450.0,-5.8692307,-9.673557
5466.6665,-5.8692307,-9.671154
5483.3335,-5.8684297,-9.669551
5500.0,-5.8644233,-9.671154
5516.6665,-5.860417,-9.672756
5533.3335,-5.8570514,-9.660256
5550.0,-5.853846,-9.644231
5566.6665,-5.8516026,-9.6365385
5583.3335,-5.8508015,-9.641346
5600.0,-5.85,-9.646153
5616.6665,-5.841987,-9.61891
5633.3335,-5.8339744,-9.591666
5650.0,-5.8259616,-9.539904
5666.6665,-5.817949,-9.471795
5683.3335,-5.8064103,-9.398397
5700.0,-5.7807693,-9.303846
5716.6665,-5.7551284,-9.209295
5733.3335,-5.7410254,-9.124359
5750.0,-5.729808,-9.041827
5766.6665,-5.735256,-9.059615
5783.3335,-5.765705,-9.227884
5800.0,-5.796154,-9.396153
5816.6665,-5.780128,-9.235897
5833.3335,-5.7641025,-9.075641
5850.0,-5.7615385,-9.08077
5866.6665,-5.7679486,-9.196154
5883.3335,-5.7698717,-9.271795
5900.0,-5.753846,-9.188461
5916.6665,-5.7378206,-9.105128
5933.3335,-5.7384615,-9.096154
5950.0,-5.7432694,-9.105769
5966.6665,-5.748077,-9.141666
5983.3335,-5.7528844,-9.216988
6000.0,-5.7576923,-9.292308
6016.6665,-5.776923,-9.35641
6033.3335,-5.796154,-9.420513
6050.0,-5.8009615,-9.458173
6066.6665,-5.796154,-9.478205
6083.3335,-5.7902246,-9.495994
6100.0,-5.7798076,-9.504807
6116.6665,-5.769391,-9.513621
6133.3335,-5.7576923,-9.463462
6150.0,-5.745673,-9.398558
6166.6665,-5.7429485,-9.383013
6183.3335,-5.7541666,-9.441506
6200.0,-5.7653847,-9.5
6216.6665,-5.7653847,-9.532051
6233.3335,-5.7653847,-9.564102
6250.0,-5.7605767,-9.568269
6266.6665,-5.752564,-9.553846
6283.3335,-5.7464743,-9.548077
6300.0,-5.748077,-9.576923
6316.6665,-5.7496796,-9.605769
6333.3335,-5.746154,-9.598718
6350.0,-5.7413464,-9.582692
6366.6665,-5.7397437,-9.575641
6383.3335,-5.7429485,-9.582051
6400.0,-5.746154,-9.588462
6416.6665,-5.7349358,-9.572436
6433.3335,-5.723718,-9.55641
6450.0,-5.7211537,-9.528846
6466.6665,-5.724359,-9.493589
6483.3335,-5.729487,-9.471795
6500.0,-5.7423077,-9.503846
6516.6665,-5.7551284,-9.535897
6533.3335,-6.098718,-9.539743
6550.0,-6.525,-9.536538
6566.6665,-6.8397436,-9.580129
6583.3335,-6.9871793,-9.693911
6600.0,-7.1346154,-9.807693
6616.6665,-7.125801,-9.782051
6633.3335,-7.116987,-9.756411
6650.0,-7.1033654,-9.740866
6666.6665,-7.0865383,-9.732051
6683.3335,-6.9839745,-9.679647
6700.0,-6.5384617,-9.452885
6716.6665,-6.092949,-9.226122
6733.3335,-5.9871793,-9.208974
6750.0,-5.9663463,-9.244231
6766.6665,-5.928205,-9.149359
6783.3335,-5.8641024,-8.859295
6800.0,-5.8,-8.569231
6816.6665,-5.777564,-8.416987
6833.3335,-5.7551284,-8.264744
6850.0,-5.7403846,-8.161538
6866.6665,-5.730769,-8.091025
6883.3335,-5.7208333,-8.0301285
6900.0,-5.709615,-8.007692
6916.6665,-5.6983976,-7.985256
6933.3335,-5.6858974,-7.9602566
6950.0,-5.673077,-7.9346156
6966.6665,-5.659295,-7.9141026
6983.3335,-5.6440706,-7.901282
7000.0,-5.628846,-7.8884616
7016.6665,-5.6296473,-7.8996797
7033.3335,-5.630449,-7.9108973
7050.0,-5.6278844,-7.9125
7066.6665,-5.623077,-7.9076924
7083.3335,-5.615705,-7.8996797
7100.0,-5.598077,-7.878846
7116.6665,-5.5804486,-7.8580127
7133.3335,-5.576923,-7.851282
7150.0,-5.576923,-7.848077
7166.6665,-5.5730767,-7.8442307
7183.3335,-5.5634613,-7.839423
7200.0,-5.5538464,-7.834615
7216.6665,-5.557051,-7.8193913
7233.3335,-5.5602565,-7.804167
7250.0,-5.5519233,-7.7985578
7266.6665,-5.5358973,-7.799359
7283.3335,-5.523718,-7.8028846
7300.0,-5.526923,-7.8173075
7316.6665,-5.530128,-7.831731
7333.3335,-5.533974,-7.901923
7350.0,-5.5379806,-7.9860578
7366.6665,-5.5721154,-8.065705
7383.3335,-5.6514425,-8.138621
7400.0,-5.690064,-7.201107
7416.6665,-5.728686,-6.2635927
7433.3335,-5.7673078,-5.326078
7450.0,-5.8059297,-4.3885636
7466.6665,-5.844551,-3.4510489
7483.3335,-5.883173,-2.5135343
7500.0,-5.921795,-1.5760198
7516.6665,-5.960417,-0.6385052
7533.3335,-5.9990387,0.29900932
7550.0,-6.03766,1.2365239
7566.6665,-6.076282,2.1740384
7583.3335,-5.8535256,-2.4100962
7600.0,-5.6307693,-6.9942307
7616.6665,-5.8230767,-7.585577
7633.3335,-6.0153847,-8.176923
7650.0,-6.051442,-8.347596
7666.6665,-5.983333,-8.237821
7683.3335,-5.9213142,-8.109455
7700.0,-5.8836536,-7.9067307
7716.6665,-5.8459935,-7.704006
7733.3335,-5.8391027,-7.6403847
7750.0,-5.839904,-7.6115384
7766.6665,-5.840064,-7.6041665
7783.3335,-5.839263,-7.6290064
7800.0,-5.8384614,-7.6538463
7816.6665,-5.840064,-7.655449
7833.3335,-5.8416667,-7.657051
7850.0,-5.8451924,-7.6576924
7866.6665,-5.85,-7.6576924
7883.3335,-5.8522434,-7.6538463
7900.0,-5.8442307,-7.6346154
7916.6665,-5.836218,-7.6153846
7933.3335,-5.820513,-7.6141024
7950.0,-5.8028846,-7.6173077
7966.6665,-5.7929487,-7.6160254
7983.3335,-5.7945514,-7.6080127
8000.0,-5.796154,-7.6
8016.6665,-5.6423078,-7.620032
8033.3335,-5.4884615,-7.6400642
8050.0,-5.435577,-7.6591344
8066.6665,-5.45,-7.677564
8083.3335,-5.492468,-7.701282
8100.0,-5.647115,-7.746154
8116.6665,-5.801763,-7.7910256
8133.3335,-5.8333335,-7.798718
8150.0,-5.8341346,-7.7971153
8166.6665,-5.8339744,-7.7929487
8183.3335,-5.8323717,-7.784936
8200.0,-5.830769,-7.776923
8216.667,-5.8211536,-7.784936
8233.333,-5.8115387,-7.7929487
8250.0,-5.814423,-7.8201923
8266.667,-5.825641,-7.860256
8283.333,-5.8323717,-7.889423
8300.0,-5.8211536,-7.875
8316.667,-5.809936,-7.860577
8333.333,-5.8076925,-7.874359
8350.0,-5.8076925,-7.895192
8366.667,-5.8092947,-7.9233975
8383.333,-5.813301,-7.9626603
8400.0,-5.8173075,-8.001923
8416.667,-5.8149037,-8.028365
8433.333,-5.8125,-8.054808
8450.0,-5.8134613,-8.068269
8466.667,-5.8166666,-8.073077
8483.333,-5.8201923,-8.084135
8500.0,-5.825,-8.120193
8516.667,-5.8298078,-8.15625
8533.333,-5.826923,-8.175641
8550.0,-5.8221154,-8.1908655
8566.667,-5.819872,-8.207692
8583.333,-5.8214746,-8.226923
8600.0,-5.8230767,-8.246154
8616.667,-5.8214746,-8.245353
8633.333,-5.819872,-8.244552
8650.0,-5.8201923,-8.236057
8666.667,-5.821795,-8.222436
8683.333,-5.8233976,-8.21843
8700.0,-5.825,-8.252885
8716.667,-5.8266025,-8.28734
8733.333,-5.825641,-8.292308
8750.0,-5.8240385,-8.289904
8766.667,-5.826282,-8.297756
8783.333,-5.834295,-8.320993
8800.0,-5.8423076,-8.344231
8816.667,-5.840705,-8.319391
8833.333,-5.8391027,-8.294551
8850.0,-5.834615,-8.291347
8866.667,-5.828205,-8.302564
8883.333,-5.8211536,-8.307693
8900.0,-5.8115387,-8.288462
8916.667,-5.8019233,-8.269231
8933.333,-5.7935896,-8.266026
8950.0,-5.785577,-8.266827
8966.667,-5.773077,-8.248718
8983.333,-5.753846,-8.202244
9000.0,-5.7346153,-8.155769
9016.667,-5.722596,-8.150962
9033.333,-5.710577,-8.146153
9050.0,-5.7120194,-8.179327
9066.667,-5.722436,-8.237821
9083.333,-5.734295,-8.295193
9100.0,-5.751923,-8.348077
9116.667,-5.7695513,-8.400962
9133.333,-5.798077,-8.526282
9150.0,-5.829327,-8.669711
9166.667,-5.8509617,-8.786859
9183.333,-5.858173,-8.864583
9200.0,-5.8653846,-8.942307
9216.667,-5.8653846,-8.941506
9233.333,-5.8653846,-8.940705
9250.0,-5.860577,-8.941827
9266.667,-5.8525643,-8.944231
9283.333,-5.848077,-8.951923
9300.0,-5.8576922,-8.980769
9316.667,-5.8673077,-9.009615
9333.333,-5.870513,-8.9884615
9350.0,-5.8721156,-8.954807
9366.667,-5.872436,-8.939423
9383.333,-5.8708334,-8.951443
9400.0,-5.8692307,-8.963462
9416.667,-5.8692307,-8.919391
9433.333,-5.8692307,-8.87532
9450.0,-5.8663464,-8.838462
9466.667,-5.8615384,-8.80641
9483.333,-5.858333,-8.783334
9500.0,-5.8615384,-8.796154
9516.667,-5.8647437,-8.808974
9533.333,-5.871154,-8.83077
9550.0,-5.8783655,-8.854808
9566.667,-5.8846154,-8.876282
9583.333,-5.889423,-8.89391
9600.0,-5.894231,-8.911538
9616.667,-5.898237,-8.906731
9633.333,-5.9022436,-8.901923
9650.0,-5.897115,-8.900962
9666.667,-5.8858976,-8.902564
9683.333,-5.872436,-8.904968
9700.0,-5.85,-8.910577
9716.667,-5.8275642,-8.916186
9733.333,-5.8173075,-8.907692
9750.0,-5.8100963,-8.895673
9766.667,-5.80609,-8.890385
9783.333,-5.806891,-8.895192
9800.0,-5.8076925,-8.9
9816.667,-5.8108974,-8.911218
9833.333,-5.8141026,-8.922436
9850.0,-5.8134613,-8.914423
9866.667,-5.8102565,-8.89359
9883.333,-5.8064103,-8.87484
9900.0,-5.8,-8.864423
9916.667,-5.7935896,-8.854007
9933.333,-5.792308,-8.835897
9950.0,-5.792308,-8.8158655
9966.667,-5.7935896,-8.806089
9983.333,-5.796795,-8.811699
10000.0,-5.8,-8.817307
10016.667,-5.796795,-8.800481
10033.333,-5.7935896,-8.783654
10050.0,-5.7971153,-8.764904
10066.667,-5.805128,-8.744872
10083.333,-5.8129807,-8.73125
10100.0,-5.8201923,-8.743269
10116.667,-5.827404,-8.755288
10133.333,-5.8230767,-8.769231
10150.0,-5.8158655,-8.783654
10166.667,-5.8096156,-8.78141
10183.333,-5.8048077,-8.754167
10200.0,-5.8,-8.726923
10216.667,-5.820833,-8.746154
10233.333,-5.8416667,-8.765385
10250.0,-5.8504806,-8.771635
10266.667,-5.851282,-8.769231
10283.333,-5.8483973,-8.76859
10300.0,-5.830769,-8.775
10316.667,-5.813141,-8.78141
10333.333,-5.8076925,-8.80641
10350.0,-5.8052883,-8.836058
10366.667,-5.801282,-8.840064
10383.333,-5.794872,-8.805609
10400.0,-5.7884617,-8.771153
10416.667,-5.78766,-8.772757
10433.333,-5.786859,-8.774359
10450.0,-5.7759614,-8.776923
10466.667,-5.758333,-8.7801285
10483.333,-5.7459936,-8.777404
10500.0,-5.7548075,-8.750961
10516.667,-5.763622,-8.724519
10533.333,-5.766667,-8.733334
10550.0,-5.768269,-8.750961
10566.667,-5.7679486,-8.7615385
10583.333,-5.764744,-8.7615385
10600.0,-5.7615385,-8.7615385
10616.667,-5.777564,-8.796795
10633.333,-5.7935896,-8.832051
10650.0,-5.7951922,-8.846154
10666.667,-5.7871795,-8.846154
10683.333,-5.780128,-8.846795
10700.0,-5.776923,-8.85
10716.667,-5.773718,-8.853205
10733.333,-5.7576923,-8.847436
10750.0,-5.7384615,-8.839423
10766.667,-5.723077,-8.83141
10783.333,-5.7134614,-8.823398
10800.0,-5.703846,-8.815385
10816.667,-5.702244,-8.81859
10833.333,-5.700641,-8.8217945
10850.0,-5.7028847,-8.835577
10866.667,-5.707692,-8.85641
10883.333,-5.7551284,-8.900641
10900.0,-5.973077,-9.038462
10916.667,-6.1910257,-9.176282
10933.333,-6.230769,-9.2
10950.0,-6.2259617,-9.195192
10966.667,-6.219872,-9.192307
10983.333,-6.2118587,-9.192307
11000.0,-6.203846,-9.192307
11016.667,-6.2014422,-9.203526
11033.333,-6.1990385,-9.214744
11050.0,-6.202404,-9.233654
11066.667,-6.209615,-9.257692
11083.333,-6.213782,-9.274038
11100.0,-6.205769,-9.259615
11116.667,-6.1977563,-9.245193
11133.333,-6.1846156,-9.264103
11150.0,-6.1701922,-9.291347
11166.667,-6.1615386,-9.317948
11183.333,-6.1615386,-9.34359
11200.0,-6.1615386,-9.369231
11216.667,-6.1615386,-9.374039
11233.333,-6.1615386,-9.378846
11250.0,-6.160096,-9.365385
11266.667,-6.1576924,-9.339744
11283.333,-6.1594553,-9.337179
11300.0,-6.1778846,-9.426923
11316.667,-6.1963143,-9.516666
11333.333,-6.197436,-9.533334
11350.0,-6.1942306,-9.531731
11366.667,-6.1932693,-9.535256
11383.333,-6.195673,-9.546474
11400.0,-6.1980767,-9.557693
11416.667,-6.18125,-9.536057
11433.333,-6.164423,-9.514423
11450.0,-6.1485577,-9.492788
11466.667,-6.133333,-9.471154
11483.333,-6.1216345,-9.452885
11500.0,-6.1240387,-9.448077
11516.667,-6.1264424,-9.443269
11533.333,-6.126923,-9.442307
11550.0,-6.126923,-9.442307
11566.667,-6.126282,-9.433333
11583.333,-6.1246796,-9.410897
11600.0,-6.123077,-9.388461
11616.667,-6.1198716,-9.404488
11633.333,-6.116667,-9.420513
11650.0,-6.1153846,-9.405769
11666.667,-6.1153846,-9.370513
11683.333,-6.1163464,-9.339744
11700.0,-6.121154,-9.326923
11716.667,-6.1259613,-9.314102
11733.333,-6.1307693,-9.285897
11750.0,-6.1355767,-9.253846
11766.667,-6.1429486,-9.226282
11783.333,-6.1541667,-9.205449
11800.0,-6.165385,-9.184615
11816.667,-6.166987,-9.175
11833.333,-6.1685896,-9.165384
11850.0,-6.169231,-9.121154
11866.667,-6.169231,-9.053846
11883.333,-6.1208334,-9.002244
11900.0,-5.878846,-9.013461
11916.667,-5.636859,-9.024679
11933.333,-1.9807693,-9.087179
11950.0,2.5288463,-9.1625
11966.667,5.584615,-9.253205
11983.333,6.459615,-9.366987
12000.0,7.334615,-9.480769
12016.667,7.2504807,-9.503205
12033.333,7.166346,-9.525641
12050.0,7.108173,-9.5346155
12066.667,7.0673075,-9.5346155
12083.333,7.0381413,-9.545513
12100.0,7.0557694,-9.6
12116.667,7.0733976,-9.654488
12133.333,7.084615,-9.676923
12150.0,7.0942307,-9.691346
12166.667,7.108333,-9.708974
12183.333,7.1291666,-9.73141
12200.0,7.15,-9.753846
12216.667,7.1964746,-9.837179
12233.333,7.2429485,-9.920513
12250.0,7.289423,-10.024038
12266.667,7.3358974,-10.141026
12283.333,7.3772435,-10.242308
12300.0,7.398077,-10.280769
12316.667,7.41891,-10.319231
12333.333,7.6961536,-10.2012825
12350.0,8.0375,-10.04423
12366.667,10.088782,-10.032692
12383.333,14.7049675,-10.239423
12400.0,19.321154,-10.446154
12416.667,19.032692,-10.826763
12433.333,18.74423,-11.207372
12450.0,18.517788,-11.54952
12466.667,18.332693,-11.866026
12483.333,18.170673,-12.15657
12500.0,18.100962,-12.343269
12516.667,18.03125,-12.529968
12533.333,17.728205,-12.334616
12550.0,17.366827,-12.04375
12566.667,16.81891,-11.678526
12583.333,15.991186,-11.201763
12600.0,15.163462,-10.725
12616.667,16.195513,-10.679327
12633.333,17.227564,-10.633654
12650.0,17.736538,-8.958653
12666.667,17.896795,-6.197436
12683.333,15.091426,-4.9333334
12700.0,12.286057,-3.6692307
12716.667,9.480689,-2.4051282
12733.333,6.6753206,-1.1410257
12750.0,3.869952,0.12307692
12766.667,1.0645833,1.3871795
12783.333,-1.7407852,2.651282
12800.0,-4.546154,3.9153845
12816.667,-4.521314,0.85528845
12833.333,-4.4964743,-2.2048078
12850.0,-4.385096,-4.78125
12866.667,-4.216026,-7.0352564
12883.333,-4.1189103,-8.913782
12900.0,-4.3096156,-9.290384
12916.667,-4.5003204,-9.666987
12933.333,-4.6076922,-9.735897
12950.0,-4.6942306,-9.727884
12966.667,-4.9628205,-9.59968
12983.333,-5.504487,-9.291186
13000.0,-6.046154,-8.982693
13016.667,-6.0125,-8.56843
13033.333,-5.978846,-8.154166
13050.0,-5.951923,-7.9682693
13066.667,-5.929487,-7.9346156
13083.333,-5.909295,-7.906891
13100.0,-5.898077,-7.9028845
13116.667,-5.886859,-7.898878
13133.333,-5.8858976,-7.901282
13150.0,-5.8875,-7.9052887
13166.667,-5.883333,-7.901282
13183.333,-5.870513,-7.8852563
13200.0,-5.8576922,-7.8692307
13216.667,-5.848077,-7.8540063
13233.333,-5.8384614,-7.838782
13250.0,-5.8283653,-7.820673
13266.667,-5.817949,-7.800641
13283.333,-5.809455,-7.7826924
13300.0,-5.808654,-7.773077
13316.667,-5.8078527,-7.7634616
13333.333,-5.802564,-7.770513
13350.0,-5.796154,-7.7817307
13366.667,-5.794231,-7.792308
13383.333,-5.7990384,-7.8019233
13400.0,-5.8038464,-7.8115387
13416.667,-5.783013,-7.7746797
13433.333,-5.7621794,-7.7378206
13450.0,-5.7653847,-7.769231
13466.667,-5.7846155,-7.8461537
13483.333,-5.803205,-7.9179487
13500.0,-5.8192306,-7.9692307
13516.667,-5.8352566,-8.020513
13533.333,-5.844872,-8.133333
13550.0,-5.852885,-8.2615385
13566.667,-5.853846,-8.317948
13583.333,-5.8442307,-8.266666
13600.0,-5.834615,-8.2153845
13616.667,-5.861859,-8.327564
13633.333,-5.8891025,-8.439744
13650.0,-5.894231,-8.486539
13666.667,-5.8846154,-8.489743
13683.333,-5.8766026,-8.487821
13700.0,-5.875,-8.4653845
13716.667,-5.8733974,-8.442948
13733.333,-5.8615384,-8.441026
13750.0,-5.8471155,-8.444231
13766.667,-5.730769,-8.43782
13783.333,-5.4615383,-8.416987
13800.0,-5.1923075,-8.396153
13816.667,-5.1875,-8.408975
13833.333,-5.1826925,-8.421795
13850.0,-5.481731,-8.45625
13866.667,-5.983333,-8.505128
13883.333,-6.38141,-8.544391
13900.0,-6.3653846,-8.545193
13916.667,-6.349359,-8.545994
13933.333,-6.3371797,-8.547436
13950.0,-6.3259616,-8.549039
13966.667,-6.195513,-8.525
13983.333,-5.886218,-8.4625
14000.0,-5.576923,-8.4
14016.667,-5.5352564,-8.379167
14033.333,-5.49359,-8.358334
14050.0,-5.478846,-8.344231
14066.667,-5.4820514,-8.334616
14083.333,-5.4846153,-8.329807
14100.0,-5.4846153,-8.344231
14116.667,-5.4846153,-8.358654
14133.333,-5.476923,-8.346154
14150.0,-5.4673076,-8.326923
14166.667,-5.4589744,-8.323718
14183.333,-5.4525642,-8.344551
14200.0,-5.4461536,-8.365385
14216.667,-5.4477563,-8.36218
14233.333,-5.449359,-8.358974
14250.0,-5.451923,-8.353365
14266.667,-5.455128,-8.346154
14283.333,-5.4602566,-8.340224
14300.0,-5.473077,-8.339423
14316.667,-5.4858975,-8.338622
14333.333,-5.480769,-8.33077
14350.0,-5.4711537,-8.321154
14366.667,-5.4653845,-8.314744
14383.333,-5.4653845,-8.313141
14400.0,-5.4653845,-8.311539
14416.667,-5.463782,-8.321154
14433.333,-5.4621797,-8.33077
14450.0,-5.4663463,-8.329807
14466.667,-5.474359,-8.3217945
14483.333,-5.4791665,-8.308654
14500.0,-5.4711537,-8.275
14516.667,-5.463141,-8.241346
14533.333,-5.471795,-8.262179
14550.0,-5.4846153,-8.296635
14566.667,-5.4858975,-8.30641
14583.333,-5.469872,-8.279166
14600.0,-5.453846,-8.251923
14616.667,-5.473077,-8.27516
14633.333,-5.4923077,-8.298397
14650.0,-5.496154,-8.298077
14666.667,-5.4897437,-8.282051
14683.333,-5.4858975,-8.273718
14700.0,-5.4923077,-8.296154
14716.667,-5.498718,-8.31859
14733.333,-5.5,-8.302564
14750.0,-5.5,-8.276923
14766.667,-5.4971156,-8.266026
14783.333,-5.489904,-8.277244
14800.0,-5.4826922,-8.288462
14816.667,-5.495513,-8.271635
14833.333,-5.508333,-8.254807
14850.0,-5.5245194,-8.247596
14866.667,-5.5429487,-8.246795
14883.333,-5.5556087,-8.243429
14900.0,-5.5451922,-8.229808
14916.667,-5.5347757,-8.216186
14933.333,-5.5333333,-8.208333
14950.0,-5.5341344,-8.201923
14966.667,-5.532051,-8.188141
14983.333,-5.525641,-8.163301
15000.0,-5.519231,-8.138461
15016.667,-5.532051,-8.136058
15033.333,-5.544872,-8.133654
15050.0,-5.550481,-8.120673
15066.667,-5.551282,-8.100641
15083.333,-5.5527244,-8.083974
15100.0,-5.5567307,-8.08077
15116.667,-5.560737,-8.077564
15133.333,-5.570513,-8.060256
15150.0,-5.581731,-8.039423
15166.667,-5.591026,-8.039103
15183.333,-5.597436,-8.069551
15200.0,-5.603846,-8.1
15216.667,-5.6134615,-8.0903845
15233.333,-5.623077,-8.08077
15250.0,-5.6278844,-8.075
15266.667,-5.629487,-8.0717945
15283.333,-4.683173,-8.173397
15300.0,0.054807693,-8.694231
15316.667,4.7927885,-9.215064
15333.333,5.9910254,-9.520513
15350.0,6.304327,-9.772116
15366.667,6.4756413,-10.006411
15383.333,6.4339743,-10.214744
15400.0,6.3923078,-10.423077
15416.667,6.3858976,-10.519231
15433.333,6.379487,-10.615385
15450.0,6.3908653,-10.688942
15466.667,6.4141026,-10.747436
15483.333,6.4315705,-10.795353
15500.0,6.4259615,-10.8009615
15516.667,6.4203525,-10.80657
15533.333,3.8134615,-10.703846
15550.0,0.55625,-10.5740385
15566.667,-1.9169872,-10.604487
15583.333,-3.2142627,-10.87532
15600.0,-4.5115385,-11.146153
15616.667,-4.2679486,-11.114102
15633.333,-4.0243587,-11.082051
15650.0,-1.5298077,-10.698077
15666.667,2.4653847,-10.079487
15683.333,5.627724,-9.610416
15700.0,5.458654,-9.739423
15716.667,5.289583,-9.868429
15733.333,4.9410257,-9.630769
15750.0,4.547596,-9.301442
15766.667,4.872436,-9.355128
15783.333,6.2746797,-9.983334
15800.0,7.6769233,-10.611539
15816.667,7.268269,-10.275
15833.333,6.8596153,-9.938461
15850.0,6.628846,-9.7302885
15866.667,6.516667,-9.607693
15883.333,6.342628,-9.505288
15900.0,5.921154,-9.483654
15916.667,5.4996796,-9.462019
15933.333,5.4128203,-9.4282055
15950.0,5.4096155,-9.391346
15966.667,5.4057693,-9.3448715
15983.333,5.4009614,-9.283975
16000.0,5.396154,-9.223077
16016.667,5.4041667,-9.2198715
16033.333,5.4121795,-9.216666
16050.0,5.415385,-9.200961
16066.667,5.415385,-9.176923
16083.333,5.416346,-9.158975
16100.0,5.421154,-9.165384
16116.667,5.4259615,-9.171795
16133.333,5.425641,-9.160256
16150.0,5.4240384,-9.144231
16166.667,5.4224358,-9.141666
16183.333,5.420833,-9.159295
16200.0,5.419231,-9.176923
16216.667,5.4176283,-9.154488
16233.333,5.4160256,-9.132051
16250.0,5.4149036,-9.125961
16266.667,5.4141026,-9.130769
16283.333,5.414583,-9.136058
16300.0,5.4201922,-9.14327
16316.667,5.4258013,-9.150481
16333.333,5.429487,-9.153846
16350.0,5.4326925,-9.15625
16366.667,5.4391026,-9.146153
16383.333,5.4503207,-9.117308
16400.0,5.4615383,-9.088462
16416.666,5.4711537,-9.086859
16433.334,5.480769,-9.085257
16450.0,5.4913464,-9.078846
16466.666,5.502564,-9.069231
16483.334,5.5121794,-9.058974
16500.0,5.5153847,-9.046154
16516.666,5.51859,-9.033334
16533.334,5.5243587,-9.019231
16550.0,5.5307693,-9.004807
16566.666,5.5288463,-8.992949
16583.334,5.514423,-8.984936
16600.0,5.5,-8.976923
16616.666,5.5024037,-8.985737
16633.334,5.5048075,-8.994552
16650.0,5.5216346,-8.992788
16666.666,5.548077,-8.983974
16683.334,5.5692306,-8.976603
16700.0,5.5692306,-8.975
16716.666,5.5692306,-8.973397
16733.334,5.5634613,-8.958974
16750.0,5.55625,-8.941346
16766.666,5.5576925,-8.953846
16783.334,5.5721154,-9.0115385
16800.0,5.5865383,-9.069231
16816.666,5.585737,-9.06843
16833.334,5.5849357,-9.067628
16850.0,5.583654,-9.0591345
16866.666,5.5820513,-9.045513
16883.334,5.5823717,-9.023077
16900.0,5.5903845,-8.9653845
16916.666,5.5983973,-8.907692
16933.334,5.6051283,-8.833333
16950.0,5.6115384,-8.754807
16966.666,5.6153846,-8.696154
16983.334,5.6153846,-8.667308
17000.0,5.6153846,-8.638461
17016.666,5.619391,-8.610416
17033.334,5.6233974,-8.582372
17050.0,5.6322117,-8.541347
17066.666,5.644231,-8.491667
17083.334,5.655128,-8.448237
17100.0,5.6615386,-8.429808
17116.666,5.6679487,-8.411378
17133.334,5.6769233,-8.4
17150.0,5.6865387,-8.390385
17166.666,5.697436,-8.380769
17183.334,5.7102566,-8.371154
17200.0,5.723077,-8.361539
17216.666,5.7222757,-8.342308
17233.334,5.721474,-8.323077
17250.0,5.7245193,-8.314423
17266.666,5.7301283,-8.31282
17283.334,5.735096,-8.314423
17300.0,5.7375,-8.328846
17316.666,5.739904,-8.343269
17333.334,5.7448716,-8.337179
17350.0,5.7504807,-8.325961
17366.666,5.757372,-8.323077
17383.334,5.7661858,-8.332692
17400.0,5.775,-8.342308
17416.666,5.780609,-8.328686
17433.334,5.786218,-8.315064
17450.0,5.7846155,-8.298557
17466.666,5.778205,-8.2801285
17483.334,5.773077,-8.26282
17500.0,5.773077,-8.25
17516.666,5.773077,-8.23718
17533.334,5.7833333,-8.248077
17550.0,5.796154,-8.264904
17566.666,5.8076925,-8.273397
17583.334,5.8173075,-8.269391
17600.0,5.826923,-8.265385
17616.666,5.8477564,-8.261378
17633.334,5.86859,-8.257372
17650.0,5.8721156,-8.260097
17666.666,5.8641024,-8.267307
17683.334,5.8589745,-8.269231
17700.0,5.8653846,-8.25
17716.666,5.8717947,-8.230769
17733.334,5.883333,-8.223077
17750.0,5.896154,-8.218269
17766.666,5.903205,-8.216025
17783.334,5.9016027,-8.2176285
17800.0,5.9,-8.219231
17816.666,5.9288464,-8.279327
17833.334,5.957692,-8.339423
17850.0,6.0307693,-8.626442
17866.666,6.133333,-9.064744
17883.334,6.1483974,-9.018823
17900.0,6.1634617,-8.972902
17916.666,6.1785254,-8.926981
17933.334,6.1935897,-8.881061
17950.0,6.208654,-8.83514
17966.666,6.223718,-8.789219
17983.334,6.238782,-8.743299
18000.0,6.253846,-8.697377
18016.666,6.2689104,-8.651457
18033.334,6.283974,-8.605536
18050.0,6.2990384,-8.559615
18066.666,6.0666666,-8.915384
18083.334,5.8766026,-9.1261215
18100.0,5.855769,-8.756731
18116.666,5.8349357,-8.38734
18133.334,5.826923,-8.310256
18150.0,5.8221154,-8.30625
18166.666,5.8173075,-8.308333
18183.334,5.8125,-8.319551
18200.0,5.8076925,-8.33077
18216.666,5.8092947,-8.335577
18233.334,5.8108974,-8.3403845
18250.0,5.816346,-8.3403845
18266.666,5.824359,-8.337179
18283.334,5.8304486,-8.3375
18300.0,5.828846,-8.351923
18316.666,5.827244,-8.366346
18333.334,5.826282,-8.387179
18350.0,5.825481,-8.4096155
18366.666,5.8278847,-8.41923
18383.334,5.8350964,-8.4096155
18400.0,5.8423076,-8.4
18416.666,5.8391027,-8.401603
18433.334,5.8358974,-8.403205
18450.0,5.832692,-8.4125
18466.666,5.8294873,-8.426923
18483.334,5.824359,-8.433974
18500.0,5.8115387,-8.411538
18516.666,5.798718,-8.389103
18533.334,5.7935896,-8.370513
18550.0,5.790385,-8.352884
18566.666,5.7935896,-8.342308
18583.334,5.8064103,-8.342308
18600.0,5.8192306,-8.342308
18616.666,5.820833,-8.345512
18633.334,5.822436,-8.348718
18650.0,5.823558,-8.351442
18666.666,5.824359,-8.353847
18683.334,5.823558,-8.352083
18700.0,5.816346,-8.333653
18716.666,5.8091345,-8.315225
18733.334,5.8128204,-8.319872
18750.0,5.8192306,-8.330289
18766.666,5.8275642,-8.335257
18783.334,5.838782,-8.332051
18800.0,5.85,-8.328846
18816.666,5.8644233,-8.315225
18833.334,5.878846,-8.301602
18850.0,5.8875,-8.280289
18866.666,5.8923078,-8.253846
18883.334,5.8977566,-8.235416
18900.0,5.9057693,-8.249039
18916.666,5.913782,-8.26266
18933.334,5.9115386,-8.251282
18950.0,5.9067307,-8.233654
18966.666,5.9096155,-8.23718
18983.334,5.9240384,-8.272436
19000.0,5.9384613,-8.307693
19016.666,5.957692,-8.338141
19033.334,5.976923,-8.368589
19050.0,5.985577,-8.360577
19066.666,5.9871793,-8.326923
19083.334,5.9894233,-8.2987175
19100.0,5.9942307,-8.292308
19116.666,5.9990387,-8.285897
19133.334,5.997436,-8.276923
19150.0,5.9942307,-8.267307
19166.666,5.9967947,-8.263141
19183.334,6.008013,-8.267147
19200.0,6.019231,-8.271153
19216.666,6.025641,-8.276763
19233.334,6.032051,-8.2823715
19250.0,6.0322113,-8.283654
19266.666,6.028205,-8.282051
19283.334,6.0224357,-8.27532
19300.0,6.0096154,-8.248077
19316.666,5.9967947,-8.220834
19333.334,5.996154,-8.223718
19350.0,5.9985576,-8.234135
19366.666,6.001923,-8.244872
19383.334,6.0067306,-8.25609
19400.0,6.0115385,-8.267307
19416.666,6.0067306,-8.23766
19433.334,6.001923,-8.208013
19450.0,6.0,-8.194231
19466.666,6.0,-8.191026
19483.334,6.0016026,-8.189744
19500.0,6.0096154,-8.196154
19516.666,6.017628,-8.202564
19533.334,6.0134616,-8.183333
19550.0,6.00625,-8.157692
19566.666,6.0028844,-8.139744
19583.334,6.0052886,-8.133333
19600.0,6.0076923,-8.126923
19616.666,5.9932694,-8.1157055
19633.334,5.978846,-8.104487
19650.0,5.9653845,-8.089423
19666.666,5.9525642,-8.0717945
19683.334,5.9403844,-8.058974
19700.0,5.9307694,-8.065385
19716.666,5.921154,-8.0717945
19733.334,5.9269233,-8.097436
19750.0,5.9365387,-8.127885
19766.666,5.9435897,-8.165384
19783.334,5.946795,-8.213462
19800.0,5.95,-8.2615385
19816.666,5.935577,-8.2198715
19833.334,5.921154,-8.1782055
19850.0,5.916346,-8.174039
19866.666,5.9179487,-8.194872
19883.334,5.920994,-8.212179
19900.0,5.9298077,-8.2153845
19916.666,5.938622,-8.21859
19933.334,5.942949,-8.264103
19950.0,5.9461536,-8.320192
19966.666,5.9464746,-8.328846
19983.334,5.942468,-8.266346
20000.0,5.9384613,-8.203846
20016.666,5.944872,-8.22468
20033.334,5.951282,-8.245513
20050.0,5.9548078,-8.229327
20066.666,5.9564104,-8.188461
20083.334,5.9589744,-8.157211
20100.0,5.9653845,-8.164423
20116.666,5.971795,-8.171635
20133.334,5.979487,-8.179487
20150.0,5.9875,-8.1875
20166.666,5.9102564,-8.16923
20183.334,5.705128,-8.111539
20200.0,5.5,-8.053846
20216.666,5.4983974,-8.021795
20233.334,5.4967947,-7.9897437
20250.0,5.503846,-7.975
20266.666,5.516667,-7.971795
20283.334,5.5839744,-7.9897437
20300.0,5.8692307,-8.092308
20316.666,6.154487,-8.194872
20333.334,6.2153845,-8.237821
20350.0,6.2201924,-8.265865
20366.666,6.222436,-8.277244
20383.334,6.2208333,-8.263621
20400.0,6.2192307,-8.25
20416.666,5.992468,-8.236379
20433.334,5.765705,-8.222756
20450.0,5.6716347,-8.217789
20466.666,5.6660256,-8.21859
20483.334,5.6676283,-8.214423
20500.0,5.6980767,-8.190385
20516.666,5.7285256,-8.166347
20533.334,5.7628207,-8.173077
20550.0,5.798077,-8.1875
20566.666,5.826282,-8.194872
20583.334,5.84391,-8.191667
20600.0,5.8615384,-8.188461
20616.666,5.8791666,-8.174039
20633.334,5.896795,-8.1596155
20650.0,5.917308,-8.140865
20666.666,5.9397435,-8.119231
20683.334,5.9602566,-8.095994
20700.0,5.973077,-8.066346
20716.666,5.9858975,-8.036698
20733.334,5.996154,-8.019231
20750.0,6.0057693,-8.004807
20766.666,6.016346,-8.006411
20783.334,6.0283656,-8.032051
20800.0,6.040385,-8.057693
20816.666,6.0491986,-8.067307
20833.334,6.058013,-8.076923
20850.0,6.0634613,-8.067788
20866.666,6.0666666,-8.046154
20883.334,6.070513,-8.025
20900.0,6.076923,-8.005769
20916.666,6.0833335,-7.9865384
20933.334,6.097436,-7.9923077
20950.0,6.1134615,-8.004327
20966.666,6.1282053,-8.0115385
20983.334,6.1410255,-8.0115385
21000.0,6.1538463,-8.0115385
21016.666,6.357372,-8.057212
21033.334,6.5608974,-8.102884
21050.0,6.6466346,-8.10625
21066.666,6.6538463,-8.08141
21083.334,6.658974,-8.0625
21100.0,6.6557693,-8.067307
21116.666,6.652564,-8.072115
21133.334,6.4358974,-8.085897
21150.0,6.1658654,-8.101923
21166.666,5.99359,-8.108974
21183.334,5.967949,-8.102564
21200.0,5.9423075,-8.096154
21216.666,5.963141,-8.100962
21233.334,5.9839745,-8.105769
21250.0,5.9865384,-8.10673
21266.666,5.976923,-8.105128
21283.334,5.969872,-8.108173
21300.0,5.973077,-8.129807
21316.666,5.976282,-8.151443
21333.334,5.980769,-8.158975
21350.0,5.985577,-8.162981
21366.666,5.9903846,-8.154488
21383.334,5.9951925,-8.127244
21400.0,6.0,-8.1
21416.666,6.00641,-8.098397
21433.334,6.0128207,-8.096795
21450.0,6.018269,-8.092308
21466.666,6.023077,-8.085897
21483.334,6.027564,-8.081731
21500.0,6.0307693,-8.086538
21516.666,6.033974,-8.091346
21533.334,6.0358973,-8.092308
21550.0,6.0375,-8.092308
21566.666,6.0410256,-8.082692
21583.334,6.0474358,-8.058654
21600.0,6.0538464,-8.0346155
21616.666,6.0602565,-8.045834
21633.334,6.0666666,-8.057052
21650.0,3.1317308,-8.348077
21666.666,-1.7641026,-8.825641
21683.334,-6.4583335,-9.163462
21700.0,-10.346154,-8.942307
21716.666,-14.233974,-8.721154
21733.334,-14.877564,-8.592949
21750.0,-14.710096,-8.487981
21766.666,-14.593269,-8.404166
21783.334,-14.552403,-8.352083
21800.0,-14.5115385,-8.3
21816.666,-14.508333,-8.271153
21833.334,-14.505128,-8.242308
21850.0,-14.507692,-8.221154
21866.666,-14.514103,-8.205129
21883.334,-14.589103,-8.213141
21900.0,-14.938461,-8.317307
21916.666,-15.287821,-8.421474
21933.334,-15.35641,-8.43782
21950.0,-15.354808,-8.432212
21966.666,-15.352564,-8.419551
21983.334,-15.349359,-8.396314
22000.0,-15.346154,-8.373077
22016.666,-15.323718,-8.326603
22033.334,-15.301282,-8.2801285
22050.0,-15.291347,-8.249039
22066.666,-15.289743,-8.228205
22083.334,-15.288782,-8.208173
22100.0,-15.290384,-8.191346
22116.666,-15.291987,-8.17452
22133.334,-15.2846155,-8.14359
22150.0,-15.275,-8.109135
22166.666,-15.26282,-8.080129
22183.334,-15.246795,-8.059295
22200.0,-15.230769,-8.038462
22216.666,-15.217949,-8.004807
22233.334,-15.205129,-7.9711537
22250.0,-15.197115,-7.9201922
22266.666,-15.192307,-7.8576922
22283.334,-15.18782,-7.8064103
22300.0,-15.184615,-7.8
22316.666,-15.18141,-7.7935896
22333.334,-15.16923,-7.769231
22350.0,-15.154808,-7.7403846
22366.666,-15.15,-7.728846
22383.334,-15.1596155,-7.7432694
22400.0,-15.16923,-7.7576923
22416.666,-15.158012,-7.685577
22433.334,-15.146795,-7.6134615
22450.0,-15.131731,-7.5567307
22466.666,-15.114102,-7.5102563
22483.334,-15.098397,-7.4682693
22500.0,-15.0903845,-7.4442306
22516.666,-15.082372,-7.4201922
22533.334,-15.08077,-7.408974
22550.0,-15.08077,-7.4009614
22566.666,-15.076923,-7.3929486
22583.334,-15.067307,-7.384936
22600.0,-15.057693,-7.376923
22616.666,-15.048879,-7.346474
22633.334,-15.040064,-7.3160257
22650.0,-15.033173,-7.3096156
22666.666,-15.027564,-7.3192306
22683.334,-15.024359,-7.327244
22700.0,-15.030769,-7.328846
22716.666,-15.03718,-7.3304486
22733.334,-15.038462,-7.355769
22750.0,-15.038462,-7.387019
22766.666,-15.034936,-7.404487
22783.334,-15.026122,-7.401282
22800.0,-15.017307,-7.398077
22816.666,-15.005288,-7.4277244
22833.334,-14.993269,-7.4573717
22850.0,-14.9875,-7.5076923
22866.666,-14.985897,-7.571795
22883.334,-14.982693,-7.6336536
22900.0,-14.973077,-7.6865387
22916.666,-14.963462,-7.7394233
22933.334,-14.935898,-7.7653847
22950.0,-14.903846,-7.7846155
22966.666,-14.880769,-7.8067307
22983.334,-14.871154,-7.8331733
23000.0,-14.861539,-7.8596153
23016.666,-14.86234,-7.90609
23033.334,-14.863141,-7.9525642
23050.0,-14.864903,-7.964904
23066.666,-14.867308,-7.9544873
23083.334,-14.872596,-7.964263
23100.0,-14.889423,-8.054808
23116.666,-14.90625,-8.145352
23133.334,-14.913462,-8.153846
23150.0,-14.918269,-8.141827
23166.666,-14.91891,-8.13782
23183.334,-14.913301,-8.145833
23200.0,-14.907692,-8.153846
23216.666,-14.898878,-8.144231
23233.334,-14.890064,-8.134615
23250.0,-14.891827,-8.133173
23266.666,-14.900641,-8.137179
23283.334,-14.909936,-8.141186
23300.0,-14.921154,-8.145192
23316.666,-14.932372,-8.149199
23333.334,-14.93718,-8.166667
23350.0,-14.940385,-8.1875
23366.666,-14.940385,-8.198718
23383.334,-14.935577,-8.195513
23400.0,-14.930769,-8.192307
23416.666,-14.938782,-8.181089
23433.334,-14.9467945,-8.169871
23450.0,-14.945673,-8.154808
23466.666,-14.938461,-8.137179
23483.334,-14.932853,-8.115064
23500.0,-14.933654,-8.075
23516.666,-14.934455,-8.034936
23533.334,-14.933333,-8.014103
23550.0,-14.931731,-7.998077
23566.666,-14.928526,-7.981731
23583.334,-14.922916,-7.964904
23600.0,-14.917308,-7.9480767
23616.666,-14.921314,-7.93766
23633.334,-14.925321,-7.9272437
23650.0,-14.9259615,-7.9346156
23666.666,-14.924359,-7.953846
23683.334,-14.971154,-7.9246793
23700.0,-15.211538,-7.701923
23716.666,-15.451923,-7.4791665
23733.334,-15.527564,-7.3871794
23750.0,-15.562019,-7.3278847
23766.666,-15.571474,-7.286859
23783.334,-15.543429,-7.273237
23800.0,-15.515385,-7.2596154
23816.666,-15.012179,-7.4671474
23833.334,-14.508974,-7.6746793
23850.0,-14.302885,-7.741827
23866.666,-14.294871,-7.7153845
23883.334,-14.289743,-7.6790066
23900.0,-14.296154,-7.602885
23916.666,-14.302564,-7.526763
23933.334,-14.307052,-7.479487
23950.0,-14.311058,-7.439423
23966.666,-14.3125,-7.407051
23983.334,-14.310096,-7.386218
24000.0,-14.307693,-7.3653846
24016.666,-14.301282,-7.349359
24033.334,-14.294871,-7.3333335
24050.0,-13.161538,-7.2605767
24066.666,-11.276923,-7.15
24083.334,-9.630128,-7.046955
24100.0,-8.934615,-6.9740386
24116.666,-8.239102,-6.9011216
24133.334,-8.160256,-6.90641
24150.0,-8.235577,-6.93125
24166.666,-8.292308,-6.933654
24183.334,-8.321154,-6.902404
24200.0,-8.35,-6.871154
24216.666,-8.359615,-6.874359
24233.334,-8.369231,-6.877564
24250.0,-9.015385,-6.9168267
24266.666,-10.085897,-6.9801283
24283.334,-11.383654,-7.036218
24300.0,-13.5903845,-7.0634613
24316.666,-15.797115,-7.090705
24333.334,-16.165384,-6.99359
24350.0,-16.074038,-6.8653846
24366.666,-16.012821,-6.7653847
24383.334,-15.996795,-6.707692
24400.0,-15.980769,-6.65
24416.666,-15.993589,-6.6363783
24433.334,-16.00641,-6.6227565
24450.0,-16.010576,-6.6110578
24466.666,-16.008974,-6.6006413
24483.334,-15.978205,-6.5921474
24500.0,-15.83077,-6.5913463
24516.666,-15.683333,-6.5905447
24533.334,-15.665384,-6.571795
24550.0,-15.679808,-6.5485578
24566.666,-15.697436,-6.5391026
24583.334,-15.7198715,-6.5503206
24600.0,-15.742308,-6.5615387
24616.666,-15.739102,-6.591987
24633.334,-15.735897,-6.622436
24650.0,-15.695192,-6.6923075
24666.666,-15.629487,-6.7884617
24683.334,-15.545834,-6.901763
24700.0,-15.390385,-7.083654
24716.666,-15.234936,-7.265545
24733.334,-15.208974,-7.3371797
24750.0,-15.2153845,-7.38125
24766.666,-15.223077,-7.417308
24783.334,-15.232693,-7.441346
24800.0,-15.242308,-7.4653845
24816.666,-15.247115,-7.5142627
24833.334,-15.251923,-7.563141
24850.0,-15.250961,-7.61875
24866.666,-15.246154,-7.6788464
24883.334,-15.241987,-7.7338142
24900.0,-15.240385,-7.768269
24916.666,-15.238782,-7.8027244
24933.334,-15.230769,-7.847436
24950.0,-15.221154,-7.8947115
24966.666,-15.21859,-7.9371796
24983.334,-15.226603,-7.972436
25000.0,-15.234615,-8.007692
25016.666,-15.23141,-8.034936
25033.334,-15.228205,-8.06218
25050.0,-15.226923,-8.063461
25066.666,-15.226923,-8.047436
25083.334,-15.227243,-8.035417
25100.0,-15.228847,-8.039423
25116.666,-15.230449,-8.043429
25133.334,-15.233334,-8.014103
25150.0,-15.236539,-7.9764423
25166.666,-15.2384615,-7.9621797
25183.334,-15.2384615,-7.9830127
25200.0,-15.2384615,-8.003846
25216.666,-15.232051,-7.9958334
25233.334,-15.225641,-7.9878206
25250.0,-15.306731,-8.073077
25266.666,-15.446154,-8.220512
25283.334,-15.558654,-8.345512
25300.0,-15.563461,-8.380769
25316.666,-15.568269,-8.416026
25333.334,-15.567948,-8.415384
25350.0,-15.566346,-8.405769
25366.666,-15.569551,-8.396153
25383.334,-15.5799675,-8.3865385
25400.0,-15.5903845,-8.376923
25416.666,-15.578365,-8.383333
25433.334,-15.566346,-8.389744
25450.0,-15.5591345,-8.384134
25466.666,-15.555128,-8.370513
25483.334,-15.552403,-8.362981
25500.0,-15.554808,-8.379807
25516.666,-15.557212,-8.396635
25533.334,-15.551282,-8.394872
25550.0,-15.543269,-8.388461
25566.666,-15.533975,-8.394872
25583.334,-15.522757,-8.420513
25600.0,-15.5115385,-8.446154
25616.666,-11.547596,-7.6817307
25633.334,-7.583654,-6.917308
25650.0,-5.9091344,-6.4447117
25666.666,-5.7608976,-6.1666665
25683.334,-5.6586537,-5.945032
25700.0,-5.7403846,-5.9490385
25716.666,-5.8221154,-5.953045
25733.334,-5.834615,-5.9525642
25750.0,-5.8298078,-5.9509616
25766.666,-5.8192306,-5.9442306
25783.334,-5.8,-5.9298077
25800.0,-5.7807693,-5.915385
25816.666,-5.919391,-5.7246795
25833.334,-6.058013,-5.533974
25850.0,-6.116827,-5.4302883
25866.666,-6.122436,-5.3846154
25883.334,-6.1246796,-5.3466344
25900.0,-6.1134615,-5.339423
25916.666,-6.1022434,-5.3322115
25933.334,-6.0961537,-5.344872
25950.0,-6.0913463,-5.3625
25966.666,-7.6339746,-5.9766026
25983.334,-11.497756,-7.485417
26000.0,-15.361539,-8.994231
26016.666,-15.476122,-9.116026
26033.334,-15.590705,-9.237821
26050.0,-15.608173,-9.155289
26066.666,-15.560898,-8.936539
26083.334,-15.52532,-8.727243
26100.0,-15.536538,-8.555769
26116.666,-15.547756,-8.3842945
26133.334,-15.555128,-8.30641
26150.0,-15.561539,-8.251923
26166.666,-15.573718,-8.223397
26183.334,-15.594551,-8.233814
26200.0,-15.615385,-8.244231
26216.666,-15.623398,-8.23702
26233.334,-15.631411,-8.229808
26250.0,-15.623077,-8.225962
26266.666,-15.603847,-8.224359
26283.334,-15.588141,-8.225161
26300.0,-15.586538,-8.235577
26316.666,-15.584936,-8.245994
26333.334,-15.576923,-8.240385
26350.0,-15.567307,-8.230769
26366.666,-15.559615,-8.228526
26383.334,-15.554808,-8.23734
26400.0,-15.55,-8.246154
26416.666,-15.525962,-8.249359
26433.334,-15.501923,-8.252564
26450.0,-15.4875,-8.250961
26466.666,-15.479487,-8.246154
26483.334,-15.4698715,-8.243269
26500.0,-15.453846,-8.248077
26516.666,-15.43782,-8.252885
26533.334,-15.434615,-8.257692
26550.0,-15.434615,-8.2625
26566.666,-15.430128,-8.26859
26583.334,-15.41891,-8.276603
26600.0,-15.407692,-8.2846155
26616.666,-15.399679,-8.258974
26633.334,-15.391666,-8.233334
26650.0,-15.381731,-8.233654
26666.666,-15.370513,-8.251282
26683.334,-15.327885,-8.283975
26700.0,-15.1596155,-8.376923
26716.666,-14.991346,-8.4698715
26733.334,-14.9512825,-8.473077
26750.0,-14.943269,-8.453846
26766.666,-14.93718,-8.431731
26783.334,-14.933974,-8.405289
26800.0,-14.930769,-8.378846
26816.666,-14.924359,-8.360416
26833.334,-14.917949,-8.341988
26850.0,-14.908654,-8.350962
26866.666,-14.897436,-8.378205
26883.334,-14.883974,-8.449679
26900.0,-14.861539,-8.698077
26916.666,-14.839103,-8.946474
26933.334,-16.01923,-8.721795
26950.0,-17.5,-8.378846
26966.666,-17.64926,-7.415385
26983.334,-17.798521,-6.451923
27000.0,-17.94778,-5.4884615
27016.666,-18.097042,-4.525
27033.334,-18.246302,-3.5615385
27050.0,-18.395561,-2.5980768
27066.666,-18.544823,-1.6346154
27083.334,-18.694082,-0.67115384
27100.0,-18.843344,0.2923077
27116.666,-18.992603,1.2557693
27133.334,-19.141865,2.2192307
27150.0,-19.291124,3.1826923
27166.666,-19.440384,4.146154
27183.334,-18.53173,0.13653846
27200.0,-17.623077,-3.873077
27216.666,-17.123077,-5.7008014
27233.334,-16.623077,-7.528526
27250.0,-16.326443,-8.804808
27266.666,-16.165384,-9.713462
27283.334,-16.014423,-10.429487
27300.0,-15.903846,-10.375
27316.666,-15.793269,-10.320513
27333.334,-15.719231,-9.964103
27350.0,-15.654327,-9.532211
27366.666,-15.601923,-9.203205
27383.334,-15.568269,-9.028525
27400.0,-15.5346155,-8.853847
27416.666,-15.533012,-8.6655445
27433.334,-15.53141,-8.477243
27450.0,-15.317307,-8.357693
27466.666,-14.961538,-8.283975
27483.334,-14.664103,-8.216827
27500.0,-14.6,-8.1759615
27516.666,-14.535897,-8.135097
27533.334,-14.729487,-8.139744
27550.0,-14.9875,-8.155769
27566.666,-15.185256,-8.190385
27583.334,-15.292628,-8.252885
27600.0,-15.4,-8.315385
27616.666,-15.348718,-8.313782
27633.334,-15.297436,-8.31218
27650.0,-15.257212,-8.317307
27666.666,-15.224359,-8.326923
27683.334,-15.192788,-8.334776
27700.0,-15.166347,-8.335577
27716.666,-15.139904,-8.336378
27733.334,-15.124359,-8.338462
27750.0,-15.111539,-8.340865
27766.666,-15.099359,-8.34359
27783.334,-15.088141,-8.346795
27800.0,-15.076923,-8.35
27816.666,-11.724359,-8.16891
27833.334,-8.371795,-7.9878206
27850.0,-7.0173078,-7.8423076
27866.666,-6.9948716,-7.720513
27883.334,-6.994551,-7.6272435
27900.0,-7.082692,-7.648077
27916.666,-7.170833,-7.66891
27933.334,-7.2025642,-7.703846
27950.0,-7.2201924,-7.7423077
27966.666,-7.2339745,-7.7743587
27983.334,-7.241987,-7.796795
28000.0,-7.25,-7.8192306
28016.666,-7.2516026,-7.839263
28033.334,-7.2532053,-7.859295
28050.0,-7.24375,-7.886058
28066.666,-7.226923,-7.917308
28083.334,-7.363942,-7.9875
28100.0,-8.116346,-8.213462
28116.666,-8.86875,-8.439423
28133.334,-11.220512,-8.698718
28150.0,-13.9721155,-8.966346
28166.666,-15.598077,-9.089103
28183.334,-15.535577,-8.994552
28200.0,-15.473077,-8.9
28216.666,-15.455449,-8.9096155
28233.334,-15.43782,-8.91923
28250.0,-15.414904,-8.9177885
28266.666,-15.388461,-8.908975
28283.334,-15.370673,-8.917148
28300.0,-15.3875,-8.993269
28316.666,-15.404327,-9.069391
28333.334,-15.258974,-9.084616
28350.0,-15.073077,-9.084616
28366.666,-14.959616,-9.08141
28383.334,-14.954807,-9.073398
28400.0,-14.95,-9.065385
28416.666,-14.953205,-9.076603
28433.334,-14.95641,-9.08782
28450.0,-14.963462,-9.096154
28466.666,-14.973077,-9.102564
28483.334,-14.985577,-9.110096
28500.0,-15.009615,-9.122115
28516.666,-15.033654,-9.134134
28533.334,-15.0346155,-9.142949
28550.0,-15.029808,-9.150962
28566.666,-15.032692,-9.171474
28583.334,-15.047115,-9.210737
28600.0,-15.061539,-9.25
28616.666,-15.064744,-9.264423
28633.334,-15.067948,-9.278846
28650.0,-14.976442,-9.275
28666.666,-14.8217945,-9.258974
28683.334,-14.692628,-9.247115
28700.0,-14.665384,-9.251923
28716.666,-14.638141,-9.256731
28733.334,-14.612821,-9.267949
28750.0,-14.587981,-9.280769
28766.666,-14.558333,-9.279488
28783.334,-14.521474,-9.257051
28800.0,-14.484615,-9.234615
28816.666,-14.457372,-9.220192
28833.334,-14.430128,-9.20577
28850.0,-14.405769,-9.167308
28866.666,-14.383333,-9.112821
28883.334,-14.364263,-9.065385
28900.0,-14.358654,-9.046154
28916.666,-14.3530445,-9.026923
28933.334,-14.506411,-8.891666
28950.0,-14.699519,-8.727404
28966.666,-14.823077,-8.60673
28983.334,-14.842308,-8.551442
29000.0,-14.861539,-8.496154
29016.666,-14.85673,-8.500961
29033.334,-14.851923,-8.505769
29050.0,-14.848077,-8.510577
29066.666,-14.8448715,-8.515385
29083.334,-14.878846,-8.51827
29100.0,-15.061539,-8.513461
29116.666,-15.244231,-8.508654
29133.334,-15.310898,-8.4512825
29150.0,-15.348557,-8.380769
29166.666,-15.373398,-8.342308
29183.334,-15.379006,-8.351923
29200.0,-15.384615,-8.361539
29216.666,-15.375801,-8.34391
29233.334,-15.366987,-8.3262825
29250.0,-15.359135,-8.3240385
29266.666,-15.351923,-8.332051
29283.334,-15.345192,-8.341666
29300.0,-15.3403845,-8.357693
29316.666,-15.335577,-8.373718
29333.334,-15.324359,-8.380769
29350.0,-15.311539,-8.385577
29366.666,-15.29968,-8.396153
29383.334,-15.289263,-8.415384
29400.0,-15.278846,-8.434615
29416.666,-15.274839,-8.465064
29433.334,-15.270833,-8.495513
29450.0,-15.2615385,-8.493269
29466.666,-15.248718,-8.469231
29483.334,-15.237821,-8.45577
29500.0,-15.234615,-8.484615
29516.666,-15.23141,-8.513461
29533.334,-15.2198715,-8.507692
29550.0,-15.20625,-8.493269
29566.666,-15.198398,-8.494552
29583.334,-15.199199,-8.519391
29600.0,-15.2,-8.54423
29616.666,-15.248077,-8.859135
29633.334,-15.296154,-9.174039
29650.0,-15.315385,-9.269231
29666.666,-15.315385,-9.217949
29683.334,-15.312019,-9.173077
29700.0,-15.295193,-9.153846
29716.666,-15.278365,-9.134615
29733.334,-15.258974,-9.175641
29750.0,-15.238942,-9.23173
29766.666,-15.217308,-9.308654
29783.334,-15.193269,-9.416827
29800.0,-15.16923,-9.525
29816.666,-15.167628,-9.551442
29833.334,-15.166026,-9.577885
29850.0,-15.166347,-9.601923
29866.666,-15.167949,-9.624359
29883.334,-15.165705,-9.641987
29900.0,-15.148077,-9.640385
29916.666,-15.130448,-9.6387825
29933.334,-15.120513,-9.635898
29950.0,-15.1125,-9.632692
29966.666,-15.104487,-9.632692
29983.334,-15.096475,-9.6375
30000.0,-15.088462,-9.642307
30016.666,-15.082051,-9.635898
30033.334,-15.075641,-9.629487
30050.0,-15.066346,-9.625961
30066.666,-15.055128,-9.624359
30083.334,-15.046795,-9.623398
30100.0,-15.05,-9.625
30116.666,-15.0532055,-9.626602
30133.334,-15.055769,-9.630769
30150.0,-15.058173,-9.635577
30166.666,-15.053526,-9.617949
30183.334,-15.038301,-9.566667
30200.0,-15.023077,-9.515385
30216.666,-15.010257,-9.475321
30233.334,-14.997436,-9.435256
30250.0,-14.980769,-9.423077
30266.666,-14.961538,-9.429487
30283.334,-14.941506,-9.434615
30300.0,-14.918269,-9.434615
30316.666,-14.895032,-9.434615
30333.334,-14.884615,-9.434615
30350.0,-14.877404,-9.434615
30366.666,-14.875,-9.440385
30383.334,-14.879807,-9.454807
30400.0,-14.884615,-9.469231
30416.666,-14.855769,-9.4467945
30433.334,-14.826923,-9.424359
30450.0,-14.808654,-9.418269
30466.666,-14.797436,-9.423077
30483.334,-14.785577,-9.427243
30500.0,-14.771153,-9.428846
30516.666,-14.756731,-9.430449
30533.334,-14.748718,-9.4237175
30550.0,-14.742308,-9.414904
30566.666,-14.735897,-9.401282
30583.334,-14.729487,-9.380448
30600.0,-14.723077,-9.359615
30616.666,-14.707051,-9.317147
30633.334,-14.691026,-9.274679
30650.0,-14.689423,-9.227884
30666.666,-14.697436,-9.1782055
30683.334,-14.708013,-9.136218
30700.0,-14.728847,-9.125
30716.666,-14.74968,-9.113782
30733.334,-14.743589,-9.087179
30750.0,-14.730769,-9.056731
30766.666,-14.716025,-9.026923
30783.334,-14.698398,-8.998077
30800.0,-14.680769,-8.969231
30816.666,-14.861859,-8.8842945
30833.334,-15.042949,-8.799359
30850.0,-15.116346,-8.756731
30866.666,-15.117949,-8.742308
30883.334,-15.114743,-8.725
30900.0,-15.092308,-8.696154
30916.666,-15.069872,-8.667308
30933.334,-15.05641,-8.648718
30950.0,-15.045193,-8.632692
30966.666,-15.033975,-8.619231
30983.334,-15.022757,-8.609615
31000.0,-15.0115385,-8.6
31016.666,-15.003526,-8.5903845
31033.334,-14.995513,-8.58077
31050.0,-14.993269,-8.579807
31066.666,-14.994872,-8.584616
31083.334,-14.996154,-8.594231
31100.0,-14.996154,-8.623077
31116.666,-14.996154,-8.651923
31133.334,-14.997436,-8.666026
31150.0,-14.999039,-8.676442
31166.666,-14.99968,-8.691987
31183.334,-14.9988785,-8.715224
31200.0,-14.998077,-8.7384615
31216.666,-15.005288,-8.791347
31233.334,-15.0125,-8.844231
31250.0,-15.08077,-9.207692
31266.666,-15.189744,-9.778205
31283.334,-15.503686,-10.161698
31300.0,-16.6375,-9.797115
31316.666,-17.771315,-9.432532
31333.334,-17.892052,-8.89203
31350.0,-18.012789,-8.351528
31366.666,-18.133526,-7.8110256
31383.334,-18.254263,-7.2705235
31400.0,-18.375,-6.7300215
31416.666,-18.495737,-6.1895194
31433.334,-18.616474,-5.649017
31450.0,-18.737211,-5.108515
31466.666,-18.857948,-4.5680127
31483.334,-18.978685,-4.0275106
31500.0,-19.099422,-3.4870086
31516.666,-19.22016,-2.9465065
31533.334,-19.340897,-2.4060042
31550.0,-19.461634,-1.8655021
31566.666,-19.582373,-1.325
31583.334,-18.653687,-4.8826923
31600.0,-17.725,-8.440385
31616.666,-17.155289,-9.768109
31633.334,-16.585577,-11.095834
31650.0,-16.310577,-11.154808
31666.666,-16.232052,-10.367949
31683.334,-16.160898,-9.689102
31700.0,-16.11923,-9.442307
31716.666,-16.077564,-9.195513
31733.334,-15.93782,-9.091666
31750.0,-15.773558,-9.023558
31766.666,-15.5278845,-8.868589
31783.334,-15.160096,-8.583333
31800.0,-14.792308,-8.298077
31816.666,-14.741026,-8.204327
31833.334,-14.689744,-8.110577
31850.0,-14.6528845,-8.046154
31866.666,-14.625641,-8.001282
31883.334,-14.602243,-7.9647436
31900.0,-14.594231,-7.9615383
31916.666,-14.586218,-7.9583335
31933.334,-14.589744,-7.967949
31950.0,-14.596154,-7.980769
31966.666,-13.124359,-7.8147435
31983.334,-9.435256,-7.380449
32000.0,-5.746154,-6.9461536
32016.666,-5.7285256,-6.7875
32033.334,-5.7108974,-6.628846
32050.0,-5.740865,-6.554327
32066.666,-5.802564,-6.5358973
32083.334,-5.853686,-6.5222754
32100.0,-5.8625,-6.5278845
32116.666,-5.871314,-6.5334935
32133.334,-5.873077,-6.49359
32150.0,-5.873077,-6.4423075
32166.666,-5.8858976,-6.421154
32183.334,-5.9179487,-6.4451923
32200.0,-5.95,-6.4692307
32216.666,-6.639904,-6.592628
32233.334,-7.3298078,-6.716026
32250.0,-7.6283655,-6.773077
32266.666,-7.6660256,-6.7858973
32283.334,-7.6953526,-6.804968
32300.0,-7.691346,-6.8490386
32316.666,-7.68734,-6.893109
32333.334,-10.43782,-7.9602566
32350.0,-13.876923,-9.283173
32366.666,-15.980449,-10.052564
32383.334,-16.080608,-9.991667
32400.0,-16.180769,-9.930769
32416.666,-16.113462,-9.807372
32433.334,-16.046154,-9.683974
32450.0,-16.014423,-9.593269
32466.666,-16.00641,-9.524359
32483.334,-15.996474,-9.460257
32500.0,-15.978847,-9.415384
32516.666,-15.961218,-9.370513
32533.334,-15.767949,-9.270513
32550.0,-15.530769,-9.156731
32566.666,-15.384615,-9.05
32583.334,-15.375,-8.953846
32600.0,-15.365385,-8.857693
32616.666,-15.333333,-8.757532
32633.334,-15.301282,-8.6573715
32650.0,-15.271153,-8.573558
32666.666,-15.242308,-8.500641
32683.334,-15.216988,-8.439102
32700.0,-15.20577,-8.423077
32716.666,-15.194551,-8.407051
32733.334,-15.183333,-8.401282
32750.0,-15.172115,-8.398077
32766.666,-15.157692,-8.4096155
32783.332,-15.138461,-8.443269
32800.0,-15.119231,-8.476923
32816.668,-15.1112175,-8.520192
32833.332,-15.103205,-8.563461
32850.0,-15.085577,-8.615866
32866.668,-15.061539,-8.674359
32883.332,-15.041026,-8.728686
32900.0,-15.0346155,-8.766346
32916.668,-15.028205,-8.804007
32933.332,-15.153846,-8.859615
32950.0,-15.3125,-8.919711
32966.668,-15.4073715,-8.947757
32983.332,-15.40657,-8.927724
33000.0,-15.405769,-8.907692
33016.668,-15.395352,-8.916507
33033.332,-15.384936,-8.925321
33050.0,-15.365866,-8.920673
33066.668,-15.341025,-8.907051
33083.332,-15.319071,-8.895192
33100.0,-15.308654,-8.890385
33116.668,-15.298237,-8.885577
33133.332,-15.3,-8.85641
33150.0,-15.304808,-8.821154
33166.668,-15.317307,-8.808654
33183.332,-15.341346,-8.830289
33200.0,-15.365385,-8.851923
33216.668,-15.323718,-9.0658655
33233.332,-15.282051,-9.279808
33250.0,-15.265385,-9.377885
33266.668,-15.265385,-9.398718
33283.332,-15.263461,-9.406731
33300.0,-15.253846,-9.3634615
33316.668,-15.244231,-9.320192
33333.332,-15.220512,-9.285897
33350.0,-15.193269,-9.253846
33366.668,-15.173077,-9.235897
33383.332,-15.163462,-9.239102
33400.0,-15.153846,-9.242308
33416.668,-15.253205,-9.5115385
33433.332,-15.352564,-9.780769
33450.0,-15.39327,-9.890865
33466.668,-15.394872,-9.894872
33483.332,-15.392307,-9.88798
33500.0,-15.373077,-9.8375
33516.668,-15.353847,-9.787019
33533.332,-15.325641,-9.75
33550.0,-15.295193,-9.716346
33566.668,-15.26859,-9.728205
33583.332,-15.247756,-9.808333
33600.0,-15.226923,-9.888461
33616.668,-13.238141,-12.213782
33633.332,-11.249359,-14.539103
33650.0,-10.4721155,-15.2875
33666.668,-10.502564,-14.984615
33683.332,-10.533654,-14.714744
33700.0,-10.567307,-14.576923
33716.668,-10.600962,-14.439102
33733.332,-10.601282,-14.380769
33750.0,-10.593269,-14.342308
33766.668,-10.584295,-14.311859
33783.332,-10.573878,-14.293429
33800.0,-10.563461,-14.275
33816.668,-10.540224,-14.266186
33833.332,-10.516987,-14.257372
33850.0,-11.061539,-13.810577
33866.668,-11.984615,-13.0717945
33883.332,-12.991026,-11.877885
33900.0,-14.33077,-8.8634615
33916.668,-15.670513,-5.8490386
33933.332,-15.888461,-5.3551283
33950.0,-15.825961,-5.4913464
33966.668,-15.778205,-5.6391025
33983.332,-15.752564,-5.804167
34000.0,-15.726923,-5.9692307
34016.668,-15.60673,-6.9628205
34033.332,-15.486539,-7.9564104
34050.0,-15.431731,-8.41875
34066.668,-15.420513,-8.526923
34083.332,-15.414103,-8.608494
34100.0,-15.426923,-8.583653
34116.668,-15.439744,-8.558814
34133.332,-15.432052,-8.539743
34150.0,-15.41923,-8.522116
34166.668,-15.411538,-8.499359
34183.332,-15.411538,-8.46891
34200.0,-15.411538,-8.438461
34216.668,-15.409135,-8.438461
34233.332,-15.406731,-8.438461
34250.0,-15.399038,-8.447115
34266.668,-15.38782,-8.461538
34283.332,-15.377404,-8.474359
34300.0,-15.370193,-8.480769
34316.668,-15.362981,-8.48718
34333.332,-15.353847,-8.485897
34350.0,-15.344231,-8.482693
34366.668,-15.332051,-8.485897
34383.332,-15.316026,-8.498718
34400.0,-15.3,-8.5115385
34416.668,-15.301602,-8.516346
34433.332,-15.3032055,-8.521153
34450.0,-15.301442,-8.531731
34466.668,-15.297436,-8.546154
34483.332,-15.291667,-8.551602
34500.0,-15.278846,-8.521153
34516.668,-15.266026,-8.4907055
34533.332,-15.266026,-8.4907055
34550.0,-15.266026,-8.4907055
