0.0,-0.7519231,-9.742308
16.666666,-0.6966346,-9.758333
33.333332,-0.64134616,-9.774359
50.0,-0.61346155,-9.783654
66.666664,-0.60384613,-9.788462
83.333336,-0.60352564,-9.797596
100.0,-0.6403846,-9.8240385
116.666664,-0.6772436,-9.850481
133.33333,-0.6846154,-9.867949
150.0,-0.6846154,-9.883173
166.66667,-1.363782,-9.540705
183.33333,-3.0616987,-8.661698
200.0,-4.7596154,-7.7826924
216.66667,-4.8565707,-7.735417
233.33333,-4.9535255,-7.688141
250.0,-4.9971156,-7.666346
266.66666,-5.0051284,-7.6615386
283.33334,-5.0046473,-7.65609
300.0,-4.9701924,-7.648077
316.66666,-4.935737,-7.6400642
333.33334,-5.124359,-7.3423076
350.0,-5.36875,-6.9721155
366.66666,-5.536859,-6.7166667
383.33334,-5.5905447,-6.633333
400.0,-5.644231,-6.55
416.66666,-5.6466346,-6.521154
433.33334,-5.6490383,-6.4923077
450.0,-5.6850963,-6.490865
466.66666,-5.74359,-6.5076923
483.33334,-5.7902246,-6.520032
500.0,-5.789423,-6.514423
516.6667,-5.788622,-6.5088143
533.3333,-5.8102565,-6.5179486
550.0,-5.8375,-6.5307693
566.6667,-5.835577,-6.5464745
583.3333,-5.7899036,-6.5665064
600.0,-5.7442307,-6.5865383
616.6667,-5.759455,-6.5969553
633.3333,-5.7746797,-6.607372
650.0,-6.0240383,-6.6221156
666.6667,-6.429487,-6.639744
683.3333,-7.555128,-6.610096
700.0,-11.561539,-6.391346
716.6667,-15.567948,-6.172596
733.3333,-16.58141,-6.222436
750.0,-16.846634,-6.339423
766.6667,-16.958014,-6.415705
783.3333,-16.838621,-6.4309297
800.0,-16.71923,-6.4461536
816.6667,-16.672756,-6.475
833.3333,-16.626282,-6.503846
850.0,-16.59423,-6.5076923
866.6667,-16.571795,-6.4948716
883.3333,-16.554487,-6.4915066
900.0,-16.557692,-6.5259614
916.6667,-16.560898,-6.5604167
933.3333,-16.580128,-6.594872
950.0,-16.603365,-6.629327
966.6667,-16.604166,-6.645513
983.3333,-16.571314,-6.634295
1000.0,-16.538462,-6.623077
1016.6667,-16.51923,-6.634295
1033.3334,-16.5,-6.645513
1050.0,-16.483654,-6.643269
1066.6666,-16.46923,-6.6320515
1083.3334,-16.458975,-6.6233974
1100.0,-16.465385,-6.625
1116.6666,-16.471794,-6.6266026
1133.3334,-13.917949,-6.8064103
1150.0,-10.724038,-7.0307693
1166.6666,-8.372756,-7.1006413
1183.3334,-7.2854166,-6.938782
1200.0,-6.1980767,-6.776923
1216.6666,-6.2741985,-6.810577
1233.3334,-6.3503203,-6.8442307
1250.0,-6.4278846,-6.891346
1266.6666,-6.50641,-6.947436
1283.3334,-6.5589743,-6.9910254
1300.0,-6.5076923,-6.9846153
1316.6666,-6.4564104,-6.978205
1333.3334,-6.4871793,-6.9589744
1350.0,-6.5384617,-6.9365387
1366.6666,-6.5916667,-6.803205
1383.3334,-6.6477566,-6.5035257
1400.0,-6.703846,-6.203846
1416.6666,-6.6141024,-6.1926284
1433.3334,-6.5243587,-6.1814103
1450.0,-6.4783654,-6.174519
1466.6666,-6.4615383,-6.1705127
1483.3334,-6.4389424,-6.1604166
1500.0,-6.393269,-6.1259613
1516.6666,-6.347596,-6.0915065
1533.3334,-6.332692,-6.0730767
1550.0,-6.325481,-6.058654
1566.6666,-6.323718,-6.044231
1583.3334,-6.330128,-6.0298076
1600.0,-6.3365383,-6.0153847
1616.6666,-6.306891,-5.988141
1633.3334,-6.2772436,-5.9608974
1650.0,-6.269231,-5.953846
1666.6666,-6.275641,-5.9602566
1683.3334,-6.286859,-5.964423
1700.0,-6.3173075,-5.959615
1716.6666,-6.3477564,-5.9548078
1733.3334,-6.317949,-5.95
1750.0,-6.273077,-5.9451923
1766.6666,-6.266667,-5.9371796
1783.3334,-6.317949,-5.924359
1800.0,-6.3692307,-5.9115386
1816.6666,-6.3371797,-5.903526
1833.3334,-6.305128,-5.895513
1850.0,-6.293269,-5.9009614
1866.6666,-6.294872,-5.915385
1883.3334,-6.299359,-5.923077
1900.0,-6.3153844,-5.9038463
1916.6666,-6.3314104,-5.8846154
1933.3334,-6.360256,-5.8878207
1950.0,-6.3923078,-5.8966346
1966.6666,-6.4057693,-5.9176283
1983.3334,-6.391346,-5.956891
2000.0,-6.376923,-5.996154
2016.6666,-6.348077,-5.983333
2033.3334,-6.3192306,-5.970513
2050.0,-6.3384614,-5.9923077
2066.6667,-6.389744,-6.0371795
2083.3333,-6.4307694,-6.0746794
2100.0,-6.4307694,-6.082692
2116.6667,-6.4307694,-6.090705
2133.3333,-6.398718,-6.091026
2150.0,-6.358654,-6.089423
2166.6667,-6.347436,-6.103205
2183.3333,-6.379487,-6.1400642
2200.0,-6.4115386,-6.1769233
2216.6667,-6.45,-6.1961536
2233.3333,-6.4884615,-6.2153845
2250.0,-6.4932694,-6.2346153
2266.6667,-6.4756413,-6.253846
2283.3333,-6.451282,-6.2714744
2300.0,-6.4,-6.2826924
2316.6667,-6.348718,-6.29391
2333.3333,-6.348718,-6.2974358
2350.0,-6.3615384,-6.2990384
2366.6667,-6.3560896,-6.2884617
2383.3333,-6.323237,-6.2596154
2400.0,-6.290385,-6.230769
2416.6667,-6.2951922,-6.24359
2433.3333,-6.3,-6.25641
2450.0,-6.3052883,-6.2605767
2466.6667,-6.3108974,-6.2589746
2483.3333,-6.3092947,-6.2567306
2500.0,-6.2788463,-6.251923
2516.6667,-6.2483974,-6.2471156
2533.3333,-6.247436,-6.247436
2550.0,-6.253846,-6.2490387
2566.6667,-6.280449,-6.248718
2583.3333,-6.33734,-6.245513
2600.0,-6.394231,-6.2423077
2616.6667,-6.3525643,-6.2358975
2633.3333,-6.3108974,-6.229487
2650.0,-6.2841344,-6.2326922
2666.6667,-6.2673078,-6.2423077
2683.3333,-6.249359,-6.2467947
2700.0,-6.226923,-6.230769
2716.6667,-6.2044873,-6.2147436
2733.3333,-6.2,-6.2025642
2750.0,-6.2,-6.191346
2766.6667,-6.1903844,-6.1858974
2783.3333,-6.166346,-6.1891026
2800.0,-6.1423078,-6.1923075
2816.6667,-6.1839743,-6.195513
2833.3333,-6.2256413,-6.198718
2850.0,-6.2293267,-6.2014422
2866.6667,-6.207692,-6.203846
2883.3333,-6.1895833,-6.2052884
2900.0,-6.185577,-6.2028847
2916.6667,-6.1815705,-6.200481
2933.3333,-6.201282,-6.179487
2950.0,-6.226923,-6.1538463
2966.6667,-6.2141027,-6.0535254
2983.3333,-6.14359,-5.841186
3000.0,-6.0730767,-5.628846
3016.6667,-6.101923,-5.6136217
3033.3333,-6.1307693,-5.5983973
3050.0,-6.15,-5.5932693
3066.6667,-6.1628203,-5.594872
3083.3333,-6.1586537,-5.597436
3100.0,-6.0865383,-5.603846
3116.6667,-6.014423,-5.610256
3133.3333,-6.0410256,-5.6
3150.0,-6.0923076,-5.585577
3166.6667,-6.124359,-5.603205
3183.3333,-6.127564,-5.66891
3200.0,-6.1307693,-5.7346153
3216.6667,-6.119551,-5.73141
3233.3333,-6.108333,-5.728205
3250.0,-6.0923076,-5.709615
3266.6667,-6.0730767,-5.6807694
3283.3333,-6.0548077,-5.6628203
3300.0,-6.040385,-5.6884613
3316.6667,-6.0259614,-5.7141027
3333.3333,-6.0641026,-5.7089744
3350.0,-6.1153846,-5.6961536
3366.6667,-6.1352563,-5.6846156
3383.3333,-6.1080127,-5.675
3400.0,-6.080769,-5.665385
3416.6667,-6.0839744,-5.7102566
3433.3333,-6.0871797,-5.7551284
3450.0,-6.1,-5.7634616
3466.6667,-6.1192307,-5.747436
3483.3333,-6.133333,-5.74359
3500.0,-6.126923,-5.7884617
3516.6667,-6.120513,-5.8333335
3533.3333,-6.098718,-5.8397436
3550.0,-6.0730767,-5.8365383
3566.6667,-6.0621796,-5.8358974
3583.3333,-6.0733976,-5.8391027
3600.0,-6.084615,-5.8423076
3616.6667,-6.1246796,-5.8679485
3633.3333,-6.1647434,-5.89359
3650.0,-6.167308,-5.894231
3666.6667,-6.1448717,-5.8782053
3683.3333,-6.121154,-5.8647437
3700.0,-6.0923076,-5.8615384
3716.6667,-6.0634613,-5.858333
3733.3333,-6.0923076,-5.870513
3750.0,-6.1355767,-5.8865385
3766.6667,-6.165385,-5.9041667
3783.3333,-6.175,-5.9241986
3800.0,-6.1846156,-5.9442306
3816.6667,-3.7543268,-6.6076922
3833.3333,-1.3240385,-7.271154
3850.0,2.0072114,-7.8783655
3866.6667,5.9391026,-8.448077
3883.3333,9.078526,-8.919551
3900.0,9.048077,-8.998077
3916.6667,9.017629,-9.076603
3933.3333,8.996154,-9.091025
3950.0,8.976923,-9.089423
3966.6667,8.945513,-9.083974
3983.3333,8.895833,-9.072757
4000.0,8.846154,-9.061539
4016.6667,8.904648,-9.089583
4033.3333,8.963141,-9.117628
4050.0,9.876923,-9.202885
4066.6667,11.360897,-9.3262825
4083.3333,12.756891,-9.463622
4100.0,13.8009615,-9.656731
4116.6665,14.845032,-9.84984
4133.3335,14.998718,-9.861539
4150.0,14.929808,-9.827885
4166.6665,14.886218,-9.809615
4183.3335,14.880609,-9.814423
4200.0,14.875,-9.819231
4216.6665,14.891827,-9.846475
4233.3335,14.908654,-9.873718
4250.0,14.890385,-9.8865385
4266.6665,14.848718,-9.889744
4283.3335,14.829487,-9.923077
4300.0,14.9,-10.076923
4316.6665,14.970512,-10.230769
4333.3335,15.0115385,-10.30641
4350.0,15.045193,-10.3625
4366.6665,15.059615,-10.392307
4383.3335,15.045193,-10.382692
4400.0,15.030769,-10.373077
4416.6665,14.982693,-10.396314
4433.3335,14.934615,-10.419551
4450.0,14.917308,-10.443269
4466.6665,14.920513,-10.467308
4483.3335,14.926923,-10.490545
4500.0,14.946154,-10.510577
4516.6665,14.9653845,-10.530609
4533.3335,14.958333,-10.5346155
4550.0,14.944712,-10.5346155
4566.6665,14.939423,-10.55
4583.3335,14.946634,-10.588462
4600.0,14.953846,-10.626923
4616.6665,14.321634,-10.554808
4633.3335,13.689423,-10.482693
4650.0,12.316827,-10.5
4666.6665,10.450641,-10.576923
4683.3335,8.959936,-10.648718
4700.0,8.971154,-10.7
4716.6665,8.982371,-10.751282
4733.3335,8.989743,-10.767307
4750.0,8.996154,-10.774519
4766.6665,8.595512,-10.714423
4783.3335,7.584295,-10.553366
4800.0,6.5730767,-10.392307
4816.6665,6.3246794,-10.39391
4833.3335,6.076282,-10.395513
4850.0,5.996154,-10.404808
4866.6665,6.028205,-10.41923
4883.3335,6.0564103,-10.427885
4900.0,6.0692306,-10.413462
4916.6665,6.0820513,-10.399038
4933.3335,6.1423078,-10.334616
4950.0,6.214423,-10.257692
4966.6665,6.1983976,-10.12468
4983.3335,6.0501604,-9.907532
5000.0,5.901923,-9.690385
5016.6665,5.907532,-9.616667
5033.3335,5.9131413,-9.542949
5050.0,5.9125,-9.515865
5066.6665,5.9076924,-9.519872
5083.3335,5.90641,-9.512179
5100.0,5.919231,-9.457692
5116.6665,5.932051,-9.403205
5133.3335,5.948718,-9.41923
5150.0,5.9663463,-9.452885
5166.6665,7.3628206,-9.637179
5183.3335,10.827564,-10.047436
5200.0,14.292308,-10.457692
5216.6665,14.814744,-10.448878
5233.3335,15.337179,-10.440064
5250.0,15.530769,-10.453365
5266.6665,15.505128,-10.48141
5283.3335,15.476603,-10.501923
5300.0,15.436539,-10.492308
5316.6665,15.396474,-10.482693
5333.3335,15.385257,-10.4653845
5350.0,15.38125,-10.446154
5366.6665,15.353526,-10.417949
5383.3335,15.290224,-10.376282
5400.0,15.226923,-10.334616
5416.6665,15.207692,-10.353847
5433.3335,15.188461,-10.373077
5450.0,15.206731,-10.370193
5466.6665,15.25,-10.352564
5483.3335,15.281731,-10.336859
5500.0,15.267307,-10.328846
5516.6665,15.252885,-10.320833
5533.3335,15.233974,-10.327564
5550.0,15.213943,-10.337981
5566.6665,13.665705,-10.290705
5583.3335,9.82516,-10.156891
5600.0,5.9846153,-10.023077
5616.6665,0.14567308,-7.966987
5633.3335,-5.6932693,-5.9108973
5650.0,-7.991827,-5.079327
5666.6665,-7.930128,-5.0641026
5683.3335,-7.870513,-5.060737
5700.0,-7.8192306,-5.104808
5716.6665,-7.7679486,-5.148878
5733.3335,-7.6923075,-5.158974
5750.0,-7.610577,-5.160577
5766.6665,-7.541987,-5.171154
5783.3335,-7.4931087,-5.1951923
5800.0,-7.4442306,-5.2192307
5816.6665,-7.446635,-5.2496796
5833.3335,-7.4490385,-5.280128
5850.0,-7.4057693,-5.2908654
5866.6665,-7.3320513,-5.2884617
5883.3335,-7.2783656,-5.2863784
5900.0,-7.3048077,-5.285577
5916.6665,-7.33125,-5.2847757
5933.3335,-7.3076925,-5.2679486
5950.0,-7.2716346,-5.2471156
5966.6665,-7.1666665,-5.373077
5983.3335,-6.9583335,-5.7192307
6000.0,-6.75,-6.0653844
6016.6665,-6.7716346,-6.0693913
6033.3335,-6.793269,-6.0733976
6050.0,-6.834615,-6.0841346
6066.6665,-6.8891025,-6.099359
6083.3335,-6.9232373,-6.1115384
6100.0,-6.8759613,-6.1115384
6116.6665,-6.8286858,-6.1115384
6133.3335,-6.8275642,-6.1320515
6150.0,-6.8379807,-6.1576924
6166.6665,-6.8275642,-6.1705127
6183.3335,-6.7858973,-6.1641026
6200.0,-6.7442307,-6.1576924
6216.6665,-6.745032,-6.159295
6233.3335,-6.7458334,-6.1608973
6250.0,-6.7432694,-6.1634617
6266.6665,-6.7384615,-6.1666665
6283.3335,-6.7326922,-6.169231
6300.0,-6.723077,-6.169231
6316.6665,-6.7134614,-6.169231
6333.3335,-6.7102566,-6.1474357
6350.0,-6.708654,-6.1201925
6366.6665,-6.7025642,-6.1153846
6383.3335,-6.6897435,-6.144231
6400.0,-6.6769233,-6.173077
6416.6665,-6.6352563,-6.1842947
6433.3335,-6.59359,-6.195513
6450.0,-6.6254807,-6.1932693
6466.6665,-6.7064104,-6.182051
6483.3335,-6.7639422,-6.174359
6500.0,-6.727885,-6.1807694
6516.6665,-6.691827,-6.1871796
6533.3335,-6.679487,-6.171795
6550.0,-6.673077,-6.1509614
6566.6665,-6.6641026,-6.15641
6583.3335,-6.651282,-6.201282
6600.0,-6.6384616,-6.246154
6616.6665,-6.643269,-6.238141
6633.3335,-6.648077,-6.2301283
6650.0,-6.6586537,-6.2346153
6666.6665,-6.673077,-6.247436
6683.3335,-6.6915064,-6.2623396
6700.0,-6.7259617,-6.285577
6716.6665,-6.7604165,-6.308814
6733.3335,-6.7602563,-6.317949
6750.0,-6.7514424,-6.323558
6766.6665,-6.7608976,-6.3397436
6783.3335,-6.797756,-6.3717947
6800.0,-6.834615,-6.4038463
6816.6665,-6.833013,-6.4078526
6833.3335,-6.8314104,-6.411859
6850.0,-6.8091345,-6.4067307
6866.6665,-6.773077,-6.395513
6883.3335,-6.7464743,-6.3834934
6900.0,-6.7576923,-6.3682694
6916.6665,-6.7689104,-6.353045
6933.3335,-6.7897434,-6.370513
6950.0,-6.8129807,-6.396154
6966.6665,-6.8064103,-6.4224358
6983.3335,-6.7551284,-6.4496794
7000.0,-6.703846,-6.476923
7016.6665,-6.766346,-6.483333
7033.3335,-6.828846,-6.4897437
7050.0,-6.7586536,-6.4802885
7066.6665,-6.6,-6.4602566
7083.3335,-6.476923,-6.414583
7100.0,-6.496154,-6.266346
7116.6665,-6.5153847,-6.1181087
7133.3335,-6.5307693,-6.1025643
7150.0,-6.5451922,-6.1201925
7166.6665,-6.5391026,-6.127564
7183.3335,-6.5022435,-6.119551
7200.0,-6.4653845,-6.1115384
7216.6665,-6.480609,-6.1035256
7233.3335,-6.4958334,-6.095513
7250.0,-6.4764423,-6.082692
7266.6665,-6.4339743,-6.0666666
7283.3335,-6.251282,-5.9570513
7300.0,-5.5076923,-5.473077
7316.6665,-4.7641025,-4.9891024
7333.3335,-3.9846153,-3.3615384
7350.0,-3.1961539,-1.448077
7366.6665,-2.7185898,-0.31987178
7383.3335,-2.7073717,-0.36955127
7400.0,-2.6961539,-0.41923076
7416.6665,-2.733013,-0.4080128
7433.3335,-2.7698717,-0.3967949
7450.0,-2.7389424,-0.39375
7466.6665,-2.6628206,-0.39615384
7483.3335,-2.6126602,-0.39727563
7500.0,-2.666346,-0.39326924
7516.6665,-2.720032,-0.38926283
7533.3335,-2.6910257,-0.39871794
7550.0,-2.6413462,-0.41153845
7566.6665,-2.609295,-0.41634616
7583.3335,-2.6036859,-0.40913463
7600.0,-2.5980768,-0.4019231
7616.6665,-2.5748398,-0.40352565
7633.3335,-2.5516026,-0.4051282
7650.0,-2.51875,-0.41298077
7666.6665,-2.4794872,-0.425
7683.3335,-2.4488783,-0.43974358
7700.0,-2.4528847,-0.4653846
7716.6665,-2.456891,-0.49102563
7733.3335,-2.4839745,-0.52884614
7750.0,-2.5168269,-0.56971157
7766.6665,-2.5387821,-0.5923077
7783.3335,-2.544391,-0.5875
7800.0,-2.55,-0.5826923
7816.6665,-2.5932693,-0.6003205
7833.3335,-2.6365385,-0.6179487
7850.0,-2.6653845,-0.6004808
7866.6665,-2.6846154,-0.5596154
7883.3335,-2.6932693,-0.5262821
7900.0,-2.6596153,-0.52307695
7916.6665,-2.6259615,-0.5198718
7933.3335,-2.625641,-0.5192308
7950.0,-2.6336539,-0.5192308
7966.6665,-2.625641,-0.51794875
7983.3335,-2.5935898,-0.51474357
8000.0,-2.5615385,-0.51153845
8016.6665,-3.1657052,-2.1878204
8033.3335,-3.7698717,-3.8641026
8050.0,-4.3365383,-4.878846
8066.6665,-4.8782053,-5.4525642
8083.3335,-5.303205,-5.9027243
8100.0,-5.2615385,-5.858654
8116.6665,-5.219872,-5.8145833
8133.3335,-5.2147436,-5.7743587
8150.0,-5.21875,-5.735096
8166.6665,-5.2227564,-5.7108974
8183.3335,-5.226763,-5.709295
8200.0,-5.230769,-5.707692
8216.667,-5.2339745,-5.7028847
8233.333,-5.2371793,-5.6980767
8250.0,-5.2240386,-5.671154
8266.667,-5.2,-5.629487
8283.333,-5.1785254,-5.5916667
8300.0,-5.167308,-5.5692306
8316.667,-5.15609,-5.546795
8333.333,-5.1826925,-5.523718
8350.0,-5.21875,-5.5004807
8366.667,-5.2432694,-5.486218
8383.333,-5.2504807,-5.485417
8400.0,-5.2576923,-5.4846153
8416.667,-5.2528844,-5.479808
8433.333,-5.248077,-5.475
8450.0,-4.141346,-5.848077
8466.667,-2.3,-6.473077
8483.333,-0.82852566,-6.969872
8500.0,-0.83653843,-6.953846
8516.667,-0.84455127,-6.9378204
8533.333,-0.90384614,-6.9461536
8550.0,-0.97596157,-6.960577
8566.667,-0.99038464,-6.979487
8583.333,-0.9182692,-7.0051284
8600.0,-0.84615386,-7.0307693
8616.667,-0.8974359,-7.009936
8633.333,-0.94871795,-6.9891024
8650.0,-0.9778846,-6.9846153
8666.667,-0.99230766,-6.9910254
8683.333,-1.3347757,-6.951923
8700.0,-2.989423,-6.730769
8716.667,-4.6440706,-6.5096154
8733.333,-5.2788463,-6.4525642
8750.0,-5.6586537,-6.4365387
8766.667,-5.8471155,-6.430128
8783.333,-5.7485576,-6.438141
8800.0,-5.65,-6.4461536
8816.667,-5.652404,-6.475
8833.333,-5.6548076,-6.503846
8850.0,-5.6533656,-6.5057693
8866.667,-5.6493587,-6.4897437
8883.333,-5.6503205,-6.477885
8900.0,-5.671154,-6.4826922
8916.667,-5.691987,-6.4875
8933.333,-5.65641,-6.5096154
8950.0,-5.606731,-6.5360575
8966.667,-5.582692,-6.5496793
8983.333,-5.5971155,-6.5440707
9000.0,-5.6115384,-6.5384617
9016.667,-5.627564,-6.5352564
9033.333,-5.64359,-6.532051
9050.0,-5.6490383,-6.5596156
9066.667,-5.6474357,-6.6076922
9083.333,-5.6411858,-6.6520834
9100.0,-5.6163464,-6.6817307
9116.667,-5.5915065,-6.711378
9133.333,-5.5852566,-6.7089744
9150.0,-5.583654,-6.698558
9166.667,-5.5625,-6.6961536
9183.333,-5.512019,-6.705769
9200.0,-5.4615383,-6.7153845
9216.667,-5.4527245,-6.729808
9233.333,-5.44391,-6.7442307
9250.0,-5.429327,-6.7615385
9266.667,-5.4108973,-6.7807693
9283.333,-5.29375,-6.8285255
9300.0,-4.7817307,-6.9903846
9316.667,-4.2697115,-7.1522436
9333.333,-3.4801283,-7.3570514
9350.0,-2.6211538,-7.572596
9366.667,-2.1397436,-7.7003207
9383.333,-2.2246795,-7.6963143
9400.0,-2.3096154,-7.6923075
9416.667,-2.356891,-7.7171474
9433.333,-2.4041667,-7.741987
9450.0,-2.3942308,-7.733173
9466.667,-2.3461537,-7.701923
9483.333,-2.3072116,-7.6665063
9500.0,-2.3048077,-7.6144233
9516.667,-2.302404,-7.56234
9533.333,-2.303205,-7.552564
9550.0,-2.3048077,-7.553365
9566.667,-2.3141026,-7.5272436
9583.333,-2.334936,-7.460737
9600.0,-2.3557692,-7.394231
9616.667,-2.3341346,-7.4046474
9633.333,-2.3125,-7.4150643
9650.0,-2.2951922,-7.418269
9666.667,-2.2807693,-7.4166665
9683.333,-2.275,-7.4131413
9700.0,-2.3038461,-7.401923
9716.667,-2.3326924,-7.390705
9733.333,-2.35,-7.407051
9750.0,-2.364423,-7.4302883
9766.667,-2.0942307,-7.490064
9783.333,-1.3971153,-7.6046476
9800.0,-0.7,-7.7192307
9816.667,4.2054486,-8.304968
9833.333,9.110897,-8.890705
9850.0,11.957692,-9.219711
9866.667,13.432052,-9.377564
9883.333,14.603205,-9.504968
9900.0,14.561539,-9.510577
9916.667,14.519872,-9.516186
9933.333,14.455129,-9.528205
9950.0,14.384615,-9.541827
9966.667,14.344231,-9.551282
9983.333,14.349038,-9.554487
10000.0,14.353847,-9.557693
10016.667,14.382692,-9.5625
10033.333,14.411538,-9.567307
10050.0,14.55,-9.5125
10066.667,14.7615385,-9.417949
10083.333,14.931731,-9.340064
10100.0,14.936539,-9.328846
10116.667,14.941346,-9.317628
10133.333,14.926923,-9.301282
10150.0,14.907692,-9.283654
10166.667,14.910577,-9.282692
10183.333,14.946634,-9.306731
10200.0,14.982693,-9.33077
10216.667,14.9594555,-9.341186
10233.333,14.936218,-9.351603
10250.0,14.929808,-9.361057
10266.667,14.934615,-9.369872
10283.333,14.93125,-9.383173
10300.0,14.895192,-9.414423
10316.667,14.859135,-9.445673
10333.333,14.855128,-9.478205
10350.0,14.859135,-9.511058
10366.667,14.857051,-9.541026
10383.333,14.845834,-9.566667
10400.0,14.834616,-9.592308
10416.667,14.02532,-9.625961
10433.333,13.216025,-9.6596155
10450.0,11.0125,-9.617308
10466.667,7.879487,-9.524359
10483.333,5.3615384,-9.449199
10500.0,5.3038464,-9.445192
10516.667,5.246154,-9.441186
10533.333,5.2807693,-9.4512825
10550.0,5.3384614,-9.464904
10566.667,5.3945513,-9.455449
10583.333,5.448237,-9.411378
10600.0,5.501923,-9.367308
10616.667,5.4722757,-9.345673
10633.333,5.4426284,-9.3240385
10650.0,5.460577,-9.310577
10666.667,5.5102563,-9.302564
10683.333,5.5416665,-9.296795
10700.0,5.5,-9.3
10716.667,5.4583335,-9.3032055
10733.333,5.519231,-9.3262825
10750.0,5.605769,-9.354327
10766.667,5.6583333,-9.363782
10783.333,5.659936,-9.345352
10800.0,5.6615386,-9.326923
10816.667,5.634295,-9.309295
10833.333,5.6070514,-9.291667
10850.0,4.058654,-7.543269
10866.667,1.4961538,-4.6410255
10883.333,-0.60192305,-2.2266026
10900.0,-0.8423077,-1.7634616
10916.667,-1.0826923,-1.3003205
10933.333,-1.1051282,-1.2641026
10950.0,-1.073077,-1.3346153
10966.667,-1.0391026,-1.3647436
10983.333,-1.0022436,-1.3342949
11000.0,-0.9653846,-1.3038461
11016.667,-0.986218,-1.3294872
11033.333,-1.0070512,-1.3551282
11050.0,-0.9793269,-1.3831731
11066.667,-0.91923076,-1.4128205
11083.333,-0.8716346,-1.4415064
11100.0,-0.87403846,-1.4663461
11116.667,-0.8764423,-1.4911859
11133.333,-0.89358974,-1.4576923
11150.0,-0.91442305,-1.4096154
11166.667,-0.9426282,-1.3836539
11183.333,-0.98189104,-1.3908653
11200.0,-1.0211538,-1.3980769
11216.667,-1.0099359,-1.4036859
11233.333,-0.99871796,-1.4092948
11250.0,-0.98701924,-1.4350961
11266.667,-0.975,-1.4743589
11283.333,-0.96057695,-1.5089743
11300.0,-0.93653846,-1.525
11316.667,-0.9125,-1.5410256
11333.333,-0.9320513,-1.5564103
11350.0,-0.9625,-1.5716347
11366.667,-0.95929486,-1.5871795
11383.333,-0.90560895,-1.6032051
11400.0,-0.85192305,-1.6192307
11416.667,-0.24375,-1.9277244
11433.333,0.36442307,-2.236218
11450.0,0.60192305,-2.3822114
11466.667,0.5923077,-2.4198718
11483.333,0.58397436,-2.451282
11500.0,0.58076924,-2.4576924
11516.667,0.5775641,-2.4641025
11533.333,0.574359,-2.4666667
11550.0,0.5711538,-2.4682693
11566.667,0.5775641,-2.474359
11583.333,0.59839743,-2.4871795
11600.0,0.61923075,-2.5
11616.667,0.62964743,-2.440705
11633.333,0.6400641,-2.3814104
11650.0,0.66346157,-2.3990386
11666.667,0.69551283,-2.4679487
11683.333,0.713141,-2.5163462
11700.0,0.6730769,-2.4826922
11716.667,0.63301283,-2.4490385
11733.333,0.6179487,-2.4346154
11750.0,0.6091346,-2.425
11766.667,0.59807694,-2.4320512
11783.333,0.58365387,-2.4641025
11800.0,0.5692308,-2.4961538
11816.667,0.5540064,-2.4785256
11833.333,0.53878206,-2.4608974
11850.0,-0.18798077,-2.8596153
11866.667,-1.3891026,-3.5358975
11883.333,-2.5298078,-4.15641
11900.0,-3.4288461,-4.5538464
11916.667,-4.3278847,-4.951282
11933.333,-4.446795,-5.021795
11950.0,-4.370673,-5.0105767
11966.667,-4.3233976,-5.0102563
11983.333,-4.3193913,-5.026282
12000.0,-4.3153844,-5.042308
12016.667,-4.334615,-5.0567307
12033.333,-4.353846,-5.0711536
12050.0,-4.3673077,-5.08125
12066.667,-4.376923,-5.0884614
12083.333,-4.3854165,-5.083814
12100.0,-4.389423,-5.0317307
12116.667,-4.3934293,-4.9796476
12133.333,-4.658974,-5.139744
12150.0,-4.989904,-5.352885
12166.667,-5.296795,-5.5224357
12183.333,-5.5676284,-5.6266026
12200.0,-5.8384614,-5.730769
12216.667,-5.797596,-5.738782
12233.333,-5.7567306,-5.7467947
12250.0,-5.7197113,-5.7548075
12266.667,-5.6852565,-5.7628207
12283.333,-5.6522436,-5.769231
12300.0,-5.625,-5.769231
12316.667,-5.5977564,-5.769231
12333.333,-5.5858974,-5.773077
12350.0,-5.5778847,-5.7778845
12366.667,-5.5692306,-5.7852564
12383.333,-5.5596156,-5.7964745
12400.0,-5.55,-5.8076925
12416.667,-5.5235577,-5.7708335
12433.333,-5.4971156,-5.7339745
12450.0,-3.7961538,-4.8149037
12466.667,-0.97884613,-3.3076923
12483.333,1.2713141,-2.0796475
12500.0,1.2528846,-1.9682692
12516.667,1.2344551,-1.856891
12533.333,1.1948718,-1.8564103
12550.0,1.15,-1.8836539
12566.667,1.1115384,-1.9092948
12583.333,1.0826923,-1.9325321
12600.0,1.0538461,-1.9557692
12616.667,1.0274038,-1.9605769
12633.333,1.0009615,-1.9653846
12650.0,0.9846154,-1.9725962
12666.667,0.975,-1.9814103
12683.333,0.9655449,-1.9932692
12700.0,0.9567308,-2.0173078
12716.667,0.9479167,-2.041346
12733.333,0.96153843,-2.055128
12750.0,0.9807692,-2.0663462
12766.667,0.9794872,-2.0685897
12783.333,0.9474359,-2.0573719
12800.0,0.9153846,-2.0461538
12816.667,0.9201923,-2.071795
12833.333,0.925,-2.097436
12850.0,0.94711536,-2.1182692
12866.667,0.9807692,-2.1358974
12883.333,0.9971154,-2.1580129
12900.0,0.9442308,-2.198077
12916.667,0.89134616,-2.238141
12933.333,-1.1948718,-3.378205
12950.0,-3.789423,-4.793269
12966.667,-5.373077,-5.701282
12983.333,-5.4403844,-5.848718
13000.0,-5.5076923,-5.996154
13016.667,-5.453205,-5.981731
13033.333,-5.398718,-5.9673076
13050.0,-5.3778844,-5.973077
13066.667,-5.379487,-5.9923077
13083.333,-5.373718,-5.999359
13100.0,-5.3384614,-5.957692
13116.667,-5.303205,-5.9160256
13133.333,-5.3153844,-5.9076924
13150.0,-5.339423,-5.9076924
13166.667,-5.349359,-5.9108973
13183.333,-5.338141,-5.91891
13200.0,-5.326923,-5.9269233
13216.667,-5.326923,-5.9397435
13233.333,-5.326923,-5.9525642
13250.0,-5.3461537,-5.9442306
13266.667,-5.3782053,-5.921795
13283.333,-5.4028845,-5.905128
13300.0,-5.398077,-5.9115386
13316.667,-5.393269,-5.9179487
13333.333,-5.4205127,-5.9166665
13350.0,-5.455769,-5.9134617
13366.667,-5.4621797,-5.901923
13383.333,-5.4253206,-5.8778844
13400.0,-5.3884616,-5.853846
13416.667,-5.3900642,-5.8506413
13433.333,-5.391667,-5.847436
13450.0,-5.373077,-5.8403845
13466.667,-5.341026,-5.830769
13483.333,-5.3057694,-5.8246794
13500.0,-5.2576923,-5.832692
13516.667,-5.209615,-5.840705
13533.333,-5.229487,-5.841026
13550.0,-5.266346,-5.839423
13566.667,-5.3038464,-5.8378205
13583.333,-5.3423076,-5.836218
13600.0,-5.3807693,-5.834615
13616.667,-5.369551,-5.8698716
13633.333,-5.358333,-5.905128
13650.0,-5.355769,-5.9235578
13666.667,-5.3589745,-5.9307694
13683.333,-5.363942,-5.9334936
13700.0,-5.3759613,-5.918269
13716.667,-5.387981,-5.9030447
13733.333,-5.39359,-5.8923078
13750.0,-5.3975964,-5.8826923
13766.667,-5.3993587,-5.8858976
13783.333,-5.3977566,-5.9083333
13800.0,-5.396154,-5.9307694
13816.667,-5.3753204,-5.9307694
13833.333,-5.354487,-5.9307694
13850.0,-5.3375,-5.955769
13866.667,-5.3230767,-5.997436
13883.333,-5.3089743,-6.0326924
13900.0,-5.296154,-6.042308
13916.667,-5.2833333,-6.0519233
13933.333,-5.321795,-6.0641026
13950.0,-5.373077,-6.076923
13966.667,-5.3772435,-6.0903845
13983.333,-5.310737,-6.104808
14000.0,-5.2442307,-6.1192307
14016.667,-5.222596,-6.141667
14033.333,-5.2009616,-6.1641026
14050.0,-5.185577,-6.1879807
14066.667,-5.174359,-6.2128205
14083.333,-5.1732373,-6.2358975
14100.0,-5.2125,-6.251923
14116.667,-5.251763,-6.2679486
14133.333,-5.2423077,-6.2807693
14150.0,-5.220673,-6.2927885
14166.667,-5.2115383,-6.3057694
14183.333,-5.2211537,-6.3201923
14200.0,-5.230769,-6.334615
14216.667,-5.2291665,-6.336218
14233.333,-5.2275643,-6.3378205
14250.0,-5.2048078,-6.334615
14266.667,-5.1679487,-6.328205
14283.333,-5.132372,-6.3267627
14300.0,-5.101923,-6.3451924
14316.667,-5.0714746,-6.3636217
14333.333,-4.9942307,-6.35
14350.0,-4.9052887,-6.3283653
14366.667,-4.3157053,-6.5032053
14383.333,-2.9751604,-6.9727564
14400.0,-1.6346154,-7.4423075
14416.667,-1.6810898,-7.4727564
14433.333,-1.7275641,-7.5032053
14450.0,-1.7548077,-7.520192
14466.667,-1.7692307,-7.528205
14483.333,-1.7748398,-7.533013
14500.0,-1.7451923,-7.525
14516.667,-1.7155448,-7.5169873
14533.333,-1.698718,-7.50641
14550.0,-1.6850961,-7.4951925
14566.667,-2.2423077,-7.325641
14583.333,-3.6557693,-6.9185896
14600.0,-5.0692306,-6.5115385
14616.667,-5.1445513,-6.5003204
14633.333,-5.219872,-6.4891024
14650.0,-5.207692,-6.4711537
14666.667,-5.1371794,-6.448718
14683.333,-5.0841346,-6.4314103
14700.0,-5.1009617,-6.4346156
14716.667,-5.1177883,-6.4378204
14733.333,-5.124359,-6.453846
14750.0,-5.1283655,-6.473077
14766.667,-5.1391025,-6.485256
14783.333,-5.159936,-6.486859
14800.0,-5.1807694,-6.4884615
14816.667,-5.1959934,-6.4884615
14833.333,-5.211218,-6.4884615
14850.0,-5.2322116,-6.4822116
14866.667,-5.2570515,-6.471795
14883.333,-5.275,-6.4626603
14900.0,-5.2653847,-6.458654
14916.667,-5.2557693,-6.4546475
14933.333,-5.2615385,-6.4269233
14950.0,-5.271154,-6.393269
14966.667,-5.2698717,-6.3660254
14983.333,-5.2522435,-6.3483973
15000.0,-5.2346153,-6.330769
15016.667,-5.228205,-6.3692307
15033.333,-5.221795,-6.4076924
15050.0,-5.2221155,-6.4370193
15066.667,-5.226923,-6.4602566
15083.333,-5.2293267,-6.4841347
15100.0,-5.2221155,-6.5105767
15116.667,-5.214904,-6.5370193
15133.333,-5.252564,-6.5666666
15150.0,-5.301442,-6.5971155
15166.667,-5.3461537,-6.6128206
15183.333,-5.3846154,-6.60641
15200.0,-5.423077,-6.6
15216.667,-5.4246793,-6.574359
15233.333,-5.426282,-6.548718
15250.0,-5.3875,-6.5649037
15266.667,-5.321795,-6.6089745
15283.333,-5.2754807,-6.648077
15300.0,-5.3067307,-6.667308
15316.667,-5.3379807,-6.6865387
15333.333,-5.351923,-6.709615
15350.0,-5.3615384,-6.733654
15366.667,-5.3958335,-6.7477565
15383.333,-5.4671474,-6.746955
15400.0,-5.5384617,-6.746154
15416.667,-5.5608974,-6.7453527
15433.333,-5.5833335,-6.744551
15450.0,-5.5519233,-6.7524037
15466.667,-5.4846153,-6.7660255
15483.333,-5.44375,-6.778526
15500.0,-5.5086536,-6.7865386
15516.667,-5.573558,-6.7945514
15533.333,-5.551282,-6.8076925
15550.0,-5.5072117,-6.8221154
15566.667,-5.471795,-6.825641
15583.333,-5.449359,-6.8128204
15600.0,-5.4269233,-6.8
15616.667,-5.415705,-6.797596
15633.333,-5.404487,-6.7951922
15650.0,-5.4375,-6.7783656
15666.667,-5.5,-6.751923
15683.333,-5.54391,-6.729968
15700.0,-5.5134616,-6.7259617
15716.667,-5.4830127,-6.7219553
15733.333,-5.49359,-6.730769
15750.0,-5.514423,-6.7427883
15766.667,-5.5089746,-6.751282
15783.333,-5.4641027,-6.754487
15800.0,-5.419231,-6.7576923
15816.667,-5.433654,-6.7464743
15833.333,-5.4480767,-6.735256
15850.0,-5.5096154,-6.729808
15866.667,-5.6025643,-6.728205
15883.333,-5.6733975,-6.73141
15900.0,-5.6557693,-6.753846
15916.667,-5.638141,-6.776282
15933.333,-5.6326923,-6.8166666
15950.0,-5.6302886,-6.8615384
15966.667,-5.615705,-6.8910255
15983.333,-5.5828524,-6.8974357
16000.0,-5.55,-6.9038463
16016.667,-5.558013,-6.8974357
16033.333,-5.5660257,-6.8910255
16050.0,-5.601923,-6.876923
16066.667,-5.65641,-6.8576922
16083.333,-5.6988783,-6.838782
16100.0,-5.6932693,-6.8211536
16116.667,-5.68766,-6.8035254
16133.333,-5.625641,-6.8
16150.0,-5.549519,-6.8
16166.667,-5.526282,-6.799359
16183.333,-5.5823717,-6.797756
16200.0,-5.6384616,-6.796154
16216.667,-5.651282,-6.8009615
16233.333,-5.6641026,-6.8057694
16250.0,-5.625,-6.8057694
16266.667,-5.551282,-6.802564
16283.333,-5.5060897,-6.794872
16300.0,-5.575,-6.769231
16316.667,-5.6439104,-6.74359
16333.333,-5.6147437,-6.7608976
16350.0,-5.5610576,-6.7889423
16366.667,-5.541987,-6.808013
16383.333,-5.5748396,-6.813622
16400.0,-5.6076922,-6.8192306
16416.666,-5.6076922,-6.8176284
16433.334,-5.6076922,-6.8160257
16450.0,-5.625,-6.8125
16466.666,-5.6538463,-6.8076925
16483.334,-5.667308,-6.797756
16500.0,-5.6192307,-6.7673078
16516.666,-5.5711536,-6.736859
16533.334,-5.5692306,-6.7410254
16550.0,-5.578846,-6.753846
16566.666,-4.421154,-6.9929485
16583.334,-1.5125,-7.5714746
16600.0,1.3961538,-8.15
16616.666,1.7350961,-8.193269
16633.334,2.0740385,-8.236539
16650.0,2.1879807,-8.267307
16666.666,2.1519232,-8.289743
16683.334,2.3240385,-8.349038
16700.0,3.3288462,-8.555769
16716.666,4.333654,-8.7625
16733.334,4.8660254,-8.857693
16750.0,5.2802887,-8.925
16766.666,5.513782,-8.982051
16783.334,5.476122,-9.023718
16800.0,5.4384613,-9.065385
16816.666,5.4304485,-9.060577
16833.334,5.4224358,-9.055769
16850.0,5.43125,-9.039423
16866.666,5.451282,-9.015385
16883.334,5.471314,-8.998398
16900.0,5.4913464,-9.009615
16916.666,5.5113783,-9.020833
16933.334,5.5589743,-9.0115385
16950.0,5.6134615,-8.997115
16966.666,5.6339746,-8.9875
16983.334,5.6035256,-8.985096
17000.0,5.5730767,-8.982693
17016.666,5.598718,-8.983494
17033.334,5.624359,-8.984295
17050.0,5.6163464,-8.985577
17066.666,5.5858974,-8.98718
17083.334,5.5647435,-8.986539
17100.0,5.580769,-8.976923
17116.666,5.596795,-8.967308
17133.334,5.5897436,-8.969231
17150.0,5.576923,-8.974038
17166.666,5.588141,-8.982371
17183.334,5.6354165,-8.995994
17200.0,5.6826925,-9.009615
17216.666,5.675481,-9.016026
17233.334,5.668269,-9.022436
17250.0,5.6384616,-9.029327
17266.666,5.59359,-9.036538
17283.334,5.5592947,-9.041026
17300.0,5.5673075,-9.0346155
17316.666,5.5753207,-9.028205
17333.334,5.597436,-9.042308
17350.0,5.623077,-9.061539
17366.666,5.625,-9.0762825
17383.334,5.5913463,-9.084295
17400.0,5.5576925,-9.092308
17416.666,5.5833335,-9.099519
17433.334,5.6089745,-9.10673
17450.0,5.745673,-9.148558
17466.666,5.9564104,-9.213462
17483.334,6.123237,-9.26859
17500.0,6.1144233,-9.2846155
17516.666,6.105609,-9.300641
17533.334,6.110256,-9.305128
17550.0,6.1182694,-9.306731
17566.666,6.125,-9.304487
17583.334,6.1298075,-9.296474
17600.0,6.1346154,-9.288462
17616.666,6.1201925,-9.262019
17633.334,6.105769,-9.235577
17650.0,6.0971155,-9.216827
17666.666,6.0923076,-9.203205
17683.334,6.094872,-9.189423
17700.0,6.126923,-9.175
17716.666,6.158974,-9.160577
17733.334,6.1474357,-9.151923
17750.0,6.125,-9.1447115
17766.666,6.1089745,-9.148397
17783.334,6.1025643,-9.168429
17800.0,6.0961537,-9.188461
17816.666,6.1089745,-9.190064
17833.334,6.1217947,-9.191667
17850.0,6.1043267,-9.190385
17866.666,6.0666666,-9.18718
17883.334,6.0415063,-9.178846
17900.0,6.066346,-9.15
17916.666,6.091186,-9.121154
17933.334,6.0820513,-9.141026
17950.0,6.064423,-9.173077
17966.666,6.0634613,-9.189102
17983.334,6.0875,-9.181089
18000.0,6.1115384,-9.173077
18016.666,6.1403847,-9.189102
18033.334,6.169231,-9.205129
18050.0,6.1649036,-9.211058
18066.666,6.1384616,-9.210257
18083.334,6.122276,-9.213302
18100.0,6.147115,-9.23173
18116.666,6.171955,-9.25016
18133.334,6.1628203,-9.260257
18150.0,6.145192,-9.26827
18166.666,6.151282,-9.272436
18183.334,6.192949,-9.270833
18200.0,6.2346153,-9.269231
18216.666,6.1961536,-9.251602
18233.334,6.1576924,-9.233974
18250.0,6.1721153,-9.229327
18266.666,6.221795,-9.233334
18283.334,6.2532053,-9.235096
18300.0,6.2115383,-9.227884
18316.666,6.169872,-9.220673
18333.334,6.139744,-9.226923
18350.0,6.1125,-9.236539
18366.666,6.0961537,-9.235897
18383.334,6.0961537,-9.2198715
18400.0,6.0961537,-9.203846
18416.666,6.1153846,-9.19984
18433.334,6.1346154,-9.195833
18450.0,6.1634617,-9.201443
18466.666,6.198718,-9.213462
18483.334,6.2182693,-9.226923
18500.0,6.175,-9.246154
18516.666,6.1317306,-9.265385
18533.334,6.14359,-9.255128
18550.0,6.169231,-9.2375
18566.666,6.183013,-9.230128
18583.334,6.1790066,-9.238141
18600.0,6.175,-9.246154
18616.666,6.1421475,-9.258173
18633.334,6.109295,-9.270192
18650.0,6.113942,-9.276443
18666.666,6.14359,-9.278846
18683.334,6.157532,-9.278205
18700.0,6.108654,-9.265385
18716.666,6.059776,-9.252564
18733.334,6.048718,-9.233334
18750.0,6.0471153,-9.2125
18766.666,6.0384617,-9.203846
18783.334,6.019231,-9.213462
18800.0,6.0,-9.223077
18816.666,6.025641,-9.234295
18833.334,6.051282,-9.245513
18850.0,6.0639424,-9.2615385
18866.666,6.067949,-9.280769
18883.334,6.0722756,-9.29423
18900.0,6.0778847,-9.2846155
18916.666,6.0834937,-9.275
18933.334,6.0474358,-9.2615385
18950.0,6.0009613,-9.247115
18966.666,5.9942307,-9.238782
18983.334,6.0471153,-9.239583
19000.0,6.1,-9.240385
19016.666,6.123237,-9.249199
19033.334,6.1464744,-9.258013
19050.0,6.154327,-9.252885
19066.666,6.151923,-9.2384615
19083.334,6.1608973,-9.232051
19100.0,6.2153845,-9.257692
19116.666,6.2698717,-9.283334
19133.334,6.271795,-9.274359
19150.0,6.2605767,-9.256731
19166.666,6.2532053,-9.245513
19183.334,6.2516026,-9.24391
19200.0,6.25,-9.242308
19216.666,6.255609,-9.258333
19233.334,6.261218,-9.274359
19250.0,6.2346153,-9.29423
19266.666,6.1865387,-9.316667
19283.334,6.1511216,-9.330129
19300.0,6.166346,-9.307693
19316.666,6.1815705,-9.285256
19333.334,6.1833334,-9.326923
19350.0,6.1817307,-9.384615
19366.666,6.1878204,-9.421154
19383.334,6.2054486,-9.4259615
19400.0,6.223077,-9.430769
19416.666,6.2358975,-9.4051285
19433.334,6.248718,-9.379487
19450.0,6.2447114,-9.368269
19466.666,6.229487,-9.366667
19483.334,6.207692,-9.367628
19500.0,6.1596155,-9.378846
19516.666,6.1115384,-9.390064
19533.334,6.1128206,-9.407692
19550.0,6.1264424,-9.426923
19566.666,6.150641,-9.428846
19583.334,6.1907053,-9.404808
19600.0,6.230769,-9.380769
19616.666,6.2724357,-9.371154
19633.334,6.3141026,-9.361539
19650.0,6.3182693,-9.341346
19666.666,6.2974358,-9.314102
19683.334,6.273077,-9.298077
19700.0,6.2346153,-9.326923
19716.666,6.1961536,-9.355769
19733.334,6.199359,-9.353205
19750.0,6.2129807,-9.342789
19766.666,6.2349358,-9.35609
19783.334,6.269391,-9.404968
19800.0,6.3038464,-9.453846
19816.666,6.283013,-9.4073715
19833.334,6.2621794,-9.360897
19850.0,6.2759614,-9.344231
19866.666,6.3128204,-9.347436
19883.334,6.314423,-9.331891
19900.0,6.175,-9.241346
19916.666,6.035577,-9.150802
19933.334,5.6107693,-5.2464104
19950.0,5.1859617,-1.3420192
19966.666,4.7611537,2.5623717
19983.334,4.336346,6.466763
20000.0,3.9115384,10.371154
20016.666,4.841827,3.6115384
20033.334,5.772115,-3.148077
20050.0,6.1548076,-7.0240383
20066.666,6.1724358,-8.977564
20083.334,6.1915064,-10.454647
20100.0,6.2163463,-10.025962
20116.666,6.2411857,-9.597276
20133.334,6.228205,-9.51282
20150.0,6.205769,-9.514423
20166.666,6.1897435,-9.501282
20183.334,6.1833334,-9.466025
20200.0,6.1769233,-9.430769
20216.666,6.225,-9.442788
20233.334,6.273077,-9.454807
20250.0,6.3048077,-9.448558
20266.666,6.325641,-9.430128
20283.334,6.3384614,-9.417949
20300.0,6.3192306,-9.430769
20316.666,6.3,-9.44359
20333.334,6.305128,-9.307052
20350.0,6.316346,-9.133173
20366.666,6.328205,-9.016346
20383.334,6.341026,-8.985096
20400.0,6.353846,-8.953846
20416.666,6.3570514,-8.951443
20433.334,6.360256,-8.9490385
20450.0,6.3625,-8.933173
20466.666,6.3641024,-8.908334
20483.334,6.3698716,-8.890705
20500.0,6.3923078,-8.901923
20516.666,6.4147434,-8.913141
20533.334,6.398718,-8.897436
20550.0,6.373077,-8.875
20566.666,6.3689103,-8.870513
20583.334,6.396955,-8.892949
20600.0,6.425,-8.915384
20616.666,6.4306087,-8.94343
20633.334,6.436218,-8.971475
20650.0,6.4423075,-8.983173
20666.666,6.448718,-8.983974
20683.334,6.4589744,-8.986539
20700.0,6.4846153,-8.996154
20716.666,6.5102563,-9.005769
20733.334,6.50641,-8.994872
20750.0,6.4951925,-8.978847
20766.666,6.485256,-8.966666
20783.334,6.4772434,-8.960257
20800.0,6.4692307,-8.953846
20816.666,6.4572115,-8.9386215
20833.334,6.4451923,-8.923397
20850.0,6.439423,-8.906731
20866.666,6.4378204,-8.889103
20883.334,5.833814,-8.779968
20900.0,2.8201923,-8.304808
20916.666,-0.19342948,-7.8296475
20933.334,-2.726923,-7.250641
20950.0,-5.1403847,-6.6456733
20966.666,-6.570513,-6.291346
20983.334,-6.525641,-6.3129807
21000.0,-6.480769,-6.334615
21016.666,-6.423077,-6.310577
21033.334,-6.3653846,-6.2865386
21050.0,-6.652404,-6.115865
21066.666,-7.169231,-5.847436
21083.334,-7.6201925,-5.6272435
21100.0,-7.8076925,-5.6
21116.666,-7.9951925,-5.5727563
21133.334,-8.015385,-5.5858974
21150.0,-7.99375,-5.6091347
21166.666,-7.9791665,-5.619551
21183.334,-7.97516,-5.6107373
21200.0,-7.9711537,-5.601923
21216.666,-7.9415064,-5.5722756
21233.334,-7.911859,-5.5426283
21250.0,-6.8966346,-5.7990384
21266.666,-5.224359,-6.246154
21283.334,-3.0200322,-6.741987
21300.0,1.3125,-7.4326925
21316.666,5.645032,-8.123398
21333.334,6.4615383,-8.383333
21350.0,6.3990383,-8.535577
21366.666,6.3230767,-8.641026
21383.334,6.226923,-8.676282
21400.0,6.1307693,-8.711538
21416.666,6.090705,-8.780449
21433.334,6.050641,-8.849359
21450.0,6.0096154,-8.904808
21466.666,5.967949,-8.9512825
21483.334,5.9317307,-8.992308
21500.0,5.917308,-9.0115385
21516.666,5.9028845,-9.030769
21533.334,5.896154,-9.027564
21550.0,5.891346,-9.01875
21566.666,5.8993587,-8.996474
21583.334,5.9266024,-8.954006
21600.0,5.953846,-8.911538
21616.666,5.977885,-8.83782
21633.334,6.001923,-8.764103
21650.0,6.0288463,-8.703846
21666.666,6.0576925,-8.652564
21683.334,6.089423,-8.603526
21700.0,6.1326923,-8.563461
21716.666,6.1759615,-8.523397
21733.334,6.199359,-8.483974
21750.0,6.2177887,-8.444712
21766.666,6.234295,-8.416987
21783.334,6.2479167,-8.40657
21800.0,6.2615385,-8.396153
21816.666,6.259936,-8.400962
21833.334,6.258333,-8.405769
21850.0,6.2442307,-8.433654
21866.666,6.221795,-8.476923
21883.334,6.198718,-8.517949
21900.0,6.173077,-8.55
21916.666,6.1474357,-8.582051
21933.334,6.129487,-8.616667
21950.0,6.1134615,-8.651923
21966.666,6.095513,-8.677564
21983.334,6.0746794,-8.688782
22000.0,6.0538464,-8.7
22016.666,6.033013,-8.764904
22033.334,6.0121794,-8.829807
22050.0,6.0,-8.879327
22066.666,5.99359,-8.91859
22083.334,5.9828525,-8.956731
22100.0,5.9548078,-8.990385
22116.666,5.926763,-9.024038
22133.334,5.925641,-9.038462
22150.0,5.93125,-9.048077
22166.666,5.9358974,-9.045513
22183.334,5.9391026,-9.024679
22200.0,5.9423075,-9.003846
22216.666,5.955128,-8.998238
22233.334,5.967949,-8.992628
22250.0,5.960577,-8.982211
22266.666,5.9397435,-8.96859
22283.334,5.9261217,-8.9572115
22300.0,5.941346,-8.954807
22316.666,5.9565706,-8.952404
22333.334,5.973077,-8.926923
22350.0,5.989904,-8.895673
22366.666,6.0067306,-8.871154
22383.334,6.0235577,-8.85673
22400.0,6.040385,-8.842308
22416.666,6.0572114,-8.827885
22433.334,6.0740385,-8.813461
22450.0,6.0903845,-8.788462
22466.666,6.10641,-8.756411
22483.334,6.1182694,-8.730449
22500.0,6.1134615,-8.728847
22516.666,6.108654,-8.727243
22533.334,6.133333,-8.716666
22550.0,6.165385,-8.703846
22566.666,6.178205,-8.697436
22583.334,6.1621795,-8.700641
22600.0,6.146154,-8.703846
22616.666,6.152564,-8.671795
22633.334,6.158974,-8.639744
22650.0,6.1798077,-8.625961
22666.666,6.2102566,-8.624359
22683.334,6.23141,-8.615064
22700.0,6.2153845,-8.575
22716.666,6.199359,-8.534936
22733.334,6.169231,-8.54423
22750.0,6.1355767,-8.5658655
22766.666,6.1125,-8.591988
22783.334,6.1052885,-8.62484
22800.0,6.098077,-8.657692
22816.666,6.0796475,-8.664103
22833.334,6.061218,-8.670513
22850.0,6.0451922,-8.702885
22866.666,6.0307693,-8.752564
22883.334,6.0224357,-8.79391
22900.0,6.0384617,-8.801923
22916.666,6.054487,-8.809936
22933.334,6.026923,-8.842308
22950.0,5.9884615,-8.880769
22966.666,5.969551,-8.913141
22983.334,5.979968,-8.9363785
23000.0,5.9903846,-8.959616
23016.666,6.0328526,-8.993269
23033.334,6.0753207,-9.026923
23050.0,6.0865383,-9.040865
23066.666,6.076923,-9.041667
23083.334,6.073558,-9.036859
23100.0,6.0951924,-9.009615
23116.666,6.116827,-8.982371
23133.334,6.1391025,-8.976282
23150.0,6.1615386,-8.975481
23166.666,6.1823716,-8.991026
23183.334,6.2008014,-9.03109
23200.0,6.2192307,-9.071154
23216.666,6.2360578,-9.0903845
23233.334,6.2528844,-9.109615
23250.0,6.25625,-9.112981
23266.666,6.250641,-9.105769
23283.334,5.941346,-9.0948715
23300.0,4.417308,-9.069231
23316.666,2.8932693,-9.04359
23333.334,2.1448717,-9.076923
23350.0,1.5903846,-9.125
23366.666,1.2544872,-9.1551285
23383.334,1.2464744,-9.158334
23400.0,1.2384615,-9.161538
23416.666,1.211218,-9.126282
23433.334,1.1839744,-9.091025
23450.0,1.1682693,-9.057693
23466.666,1.1602564,-9.025641
23483.334,1.1469551,-9.000481
23500.0,1.1125,-9.002885
23516.666,1.0780449,-9.005288
23533.334,2.4923077,-9.003846
23550.0,4.26875,-9.001442
23566.666,5.396154,-9.000641
23583.334,5.55,-9.002244
23600.0,5.703846,-9.003846
23616.666,5.6429486,-9.011859
23633.334,5.5820513,-9.019872
23650.0,5.5567307,-9.068269
23666.666,5.555128,-9.14359
23683.334,5.5538464,-9.205449
23700.0,5.5538464,-9.213462
23716.666,5.5538464,-9.221475
23733.334,5.557051,-9.253846
23750.0,5.5610576,-9.292308
23766.666,5.5451922,-9.33141
23783.334,5.4995193,-9.371474
23800.0,5.453846,-9.411538
23816.666,5.596474,-9.45
23833.334,5.7391024,-9.4884615
23850.0,5.9317307,-9.563461
23866.666,6.1576924,-9.662821
23883.334,6.3352566,-9.742949
23900.0,6.3192306,-9.746154
23916.666,6.303205,-9.749359
23933.334,6.2929487,-9.749359
23950.0,6.2841344,-9.748558
23966.666,6.2759614,-9.744872
23983.334,6.26875,-9.736859
24000.0,6.2615385,-9.728847
24016.666,6.2326922,-9.763301
24033.334,6.203846,-9.797756
24050.0,6.1596155,-9.829327
24066.666,6.1051283,-9.858974
24083.334,4.848718,-9.624519
24100.0,-1.2153846,-8.333653
24116.666,-7.279487,-7.0427885
24133.334,-11.520513,-5.7576923
24150.0,-15.305769,-4.4740386
24166.666,-17.5125,-3.7134616
24183.334,-17.351442,-3.7375
24200.0,-17.190384,-3.7615385
24216.666,-17.165545,-3.7727563
24233.334,-17.140705,-3.7839744
24250.0,-17.09904,-3.8028846
24266.666,-17.046154,-3.8269231
24283.334,-16.996796,-3.8552885
24300.0,-16.961538,-3.9009616
24316.666,-16.926283,-3.9466345
24333.334,-16.86923,-3.9403846
24350.0,-16.80673,-3.9211538
24366.666,-16.96218,-3.790064
24383.334,-17.444551,-3.491186
24400.0,-17.926924,-3.1923077
24416.666,-17.939743,-3.1947114
24433.334,-17.952564,-3.1971154
24450.0,-17.940384,-3.21875
24466.666,-17.91154,-3.253205
24483.334,-17.894552,-3.2782052
24500.0,-17.925,-3.2653847
24516.666,-17.955448,-3.2525642
24533.334,-17.998718,-3.297436
24550.0,-18.045193,-3.3567307
24566.666,-18.070513,-3.4201922
24583.334,-18.064102,-3.489904
24600.0,-18.057692,-3.5596154
24616.666,-18.008814,-3.6309295
24633.334,-17.959936,-3.7022436
24650.0,-17.95625,-3.7855768
24666.666,-17.982693,-3.876923
24683.334,-18.002563,-3.9657052
24700.0,-17.996155,-4.044231
24716.666,-17.989744,-4.1227565
24733.334,-17.98077,-4.182051
24750.0,-17.971153,-4.2365384
24766.666,-17.971794,-4.2910256
24783.334,-17.98782,-4.345513
24800.0,-18.003845,-4.4
24816.666,-18.01186,-4.4096155
24833.334,-18.019873,-4.419231
24850.0,-17.991346,-4.608654
24866.666,-17.938461,-4.9179487
24883.334,-17.897436,-5.1733975
24900.0,-17.903847,-5.2134614
24916.666,-17.910257,-5.2535257
24933.334,-17.932692,-5.2858973
24950.0,-17.959135,-5.316346
24966.666,-17.985577,-5.3096156
24983.334,-18.01202,-5.2471156
25000.0,-18.038462,-5.1846156
25016.666,-18.067308,-5.219872
25033.334,-18.096153,-5.2551284
25050.0,-18.125,-5.269231
25066.666,-18.153847,-5.269231
25083.334,-18.172115,-5.270513
25100.0,-18.148077,-5.276923
25116.666,-18.124039,-5.2833333
25133.334,-18.132051,-5.264744
25150.0,-18.148077,-5.239904
25166.666,-18.145834,-5.220513
25183.334,-18.116186,-5.209295
25200.0,-18.086538,-5.1980767
25216.666,-18.05689,-5.2052884
25233.334,-18.027243,-5.2125
25250.0,-18.0,-5.2163463
25266.666,-17.97436,-5.217949
25283.334,-17.951923,-5.2165065
25300.0,-17.942308,-5.2028847
25316.666,-17.932692,-5.189263
25333.334,-17.928205,-5.171795
25350.0,-17.925,-5.1533656
25366.666,-17.930769,-5.153205
25383.334,-17.95,-5.1804485
25400.0,-17.96923,-5.207692
25416.666,-17.94359,-5.2141027
25433.334,-17.917948,-5.220513
25450.0,-17.926924,-5.2442307
25466.666,-17.958975,-5.279487
25483.334,-17.990705,-5.311218
25500.0,-18.021154,-5.328846
25516.666,-18.051603,-5.346474
25533.334,-18.06282,-5.346795
25550.0,-18.069231,-5.3427887
25566.666,-18.080128,-5.335577
25583.334,-18.097757,-5.323558
25600.0,-18.115385,-5.3115387
25616.666,-17.889423,-5.3892627
25633.334,-17.663462,-5.466987
25650.0,-17.57452,-3.927404
25666.666,-17.576923,-1.3096154
25683.334,-18.479113,1.7830129
25700.0,-19.381304,4.875641
25716.666,-20.283493,7.9682693
25733.334,-21.185684,11.060898
25750.0,-22.087873,14.153525
25766.666,-22.990065,17.246155
25783.334,-20.61907,7.8807693
25800.0,-18.248077,-1.4846153
25816.666,-18.341827,-3.4645834
25833.334,-18.435577,-5.4445515
25850.0,-18.45673,-6.0591345
25866.666,-18.429487,-5.7634616
25883.334,-18.395834,-5.5214744
25900.0,-18.336538,-5.4942307
25916.666,-18.277243,-5.466987
25933.334,-18.265385,-5.502564
25950.0,-18.265385,-5.5538464
25966.666,-18.262821,-5.5878205
25983.334,-18.25641,-5.5958333
26000.0,-18.25,-5.603846
26016.666,-18.248398,-5.6375
26033.334,-18.246796,-5.671154
26050.0,-18.233654,-5.702404
26066.666,-18.21282,-5.7320514
26083.334,-18.19311,-5.758333
26100.0,-18.177885,-5.771154
26116.666,-18.16266,-5.783974
26133.334,-18.148718,-5.7858973
26150.0,-18.135096,-5.785096
26166.666,-18.11923,-5.782051
26183.334,-18.1,-5.775641
26200.0,-18.080769,-5.769231
26216.666,-18.033493,-5.7275643
26233.334,-17.986217,-5.6858974
26250.0,-17.961058,-5.6884613
26266.666,-17.950642,-5.720513
26283.334,-17.942629,-5.7423077
26300.0,-17.944231,-5.723077
26316.666,-17.945833,-5.703846
26333.334,-17.935257,-5.7358975
26350.0,-17.921635,-5.7807693
26366.666,-17.832373,-5.7192307
26383.334,-17.629648,-5.498077
26400.0,-17.426924,-5.276923
26416.666,-17.385256,-5.236859
26433.334,-17.34359,-5.196795
26450.0,-17.328846,-5.189423
26466.666,-17.332052,-5.203846
26483.334,-17.336538,-5.219551
26500.0,-17.346153,-5.2403846
26516.666,-17.35577,-5.261218
26533.334,-17.315384,-5.2871795
26550.0,-17.2625,-5.314423
26566.666,-17.23077,-5.3391027
26583.334,-17.23077,-5.3599358
26600.0,-17.23077,-5.3807693
26616.666,-17.217949,-5.4216347
26633.334,-17.205128,-5.4625
26650.0,-12.328846,-5.9399037
26666.666,-4.2102566,-6.7083335
26683.334,3.551923,-7.161859
26700.0,9.888461,-6.355769
26716.666,16.225,-5.5496793
26733.334,18.606411,-5.0141025
26750.0,19.999039,-4.546154
26766.666,20.802565,-4.3048077
26783.334,20.722435,-4.4033656
26800.0,20.642307,-4.501923
26816.666,20.510897,-4.5379806
26833.334,20.379488,-4.5740385
26850.0,20.311539,-4.5870194
26866.666,20.285898,-4.584615
26883.334,20.262821,-4.5753207
26900.0,20.25,-4.5384617
26916.666,20.237179,-4.5016026
26933.334,19.705769,-4.4134617
26950.0,19.044712,-4.3125
26966.666,18.425,-4.160577
26983.334,17.867308,-3.9322116
27000.0,17.309616,-3.7038462
27016.666,17.348879,-3.7070513
27033.334,17.388142,-3.7102563
27050.0,17.419712,-3.7365384
27066.666,17.446154,-3.7782052
27083.334,17.46266,-3.8086538
27100.0,17.439423,-3.7942307
27116.666,17.416185,-3.7798078
27133.334,16.58846,-3.628205
27150.0,15.559615,-3.4423077
27166.666,12.149359,-3.1490386
27183.334,5.166987,-2.6947114
27200.0,-1.8153846,-2.2403846
27216.666,-2.0317307,-2.181891
27233.334,-2.248077,-2.1233974
27250.0,-2.2653847,-2.1153846
27266.666,-2.15,-2.1410255
27283.334,-2.0477564,-2.1628206
27300.0,-1.9980769,-2.1692307
27316.666,-1.9483974,-2.175641
27333.334,-1.926923,-2.1833334
27350.0,-1.9125,-2.1913462
27366.666,-1.9038461,-2.1955128
27383.334,-1.9038461,-2.1939104
27400.0,-1.9038461,-2.1923077
27416.666,-1.8733975,-2.2291667
27433.334,-1.8429487,-2.2660255
27450.0,-1.8153846,-2.3125
27466.666,-1.7897435,-2.3653846
27483.334,-1.7666667,-2.411859
27500.0,-1.7538462,-2.4326923
27516.666,-1.7410257,-2.4535255
27533.334,-1.7269231,-2.4692307
27550.0,-1.7125,-2.4836538
27566.666,-1.6826923,-2.5070512
27583.334,-1.6298077,-2.5439103
27600.0,-1.5769231,-2.5807693
27616.666,-1.5977564,-2.625641
27633.334,-1.6185898,-2.670513
27650.0,-1.6278846,-2.6990385
27666.666,-1.6294872,-2.7166667
27683.334,-1.6288462,-2.7355769
27700.0,-1.6192307,-2.7596154
27716.666,-1.6096153,-2.7836537
27733.334,-1.6179488,-2.7525642
27750.0,-1.6307693,-2.7076924
27766.666,-1.6349359,-2.6891026
27783.334,-1.6261218,-2.709936
27800.0,-1.6173077,-2.7307692
27816.666,-1.6157051,-2.7524037
27833.334,-1.6141026,-2.7740386
27850.0,-1.6014423,-2.8004808
27866.666,-1.5814103,-2.8301282
27883.334,-1.5610577,-2.859455
27900.0,-1.5394231,-2.8875
27916.666,-1.5177884,-2.915545
27933.334,-1.5269231,-2.9179487
27950.0,-1.54375,-2.9139423
27966.666,-1.5391026,-2.9160256
27983.334,-1.5022436,-2.9272435
28000.0,-1.4653846,-2.9384615
28016.666,-1.454968,-2.9657052
28033.334,-1.4445512,-2.9929488
28050.0,-1.4495193,-2.9932692
28066.666,-1.4647436,-2.975641
28083.334,-1.4717948,-2.9583333
28100.0,-1.4461539,-2.9423077
28116.666,-1.4205128,-2.9262822
28133.334,-1.4205128,-2.8679488
28150.0,-1.426923,-2.7990384
28166.666,-1.4349359,-2.7278845
28183.334,-1.4453526,-2.6533654
28200.0,-1.4557692,-2.5788462
28216.666,-1.44375,-2.533173
28233.334,-1.4317307,-2.4875
28250.0,-1.4408654,-2.4649038
28266.666,-1.4641025,-2.4576924
28283.334,-1.4847757,-2.447596
28300.0,-1.4951923,-2.4259615
28316.666,-1.5056089,-2.404327
28333.334,-1.5089743,-2.4
28350.0,-1.510577,-2.4
28366.666,-1.5153847,-2.399359
28383.334,-1.525,-2.3977563
28400.0,-1.5346154,-2.396154
28416.666,-1.5570513,-2.3576922
28433.334,-1.5794872,-2.3192308
28450.0,-1.5913461,-2.3115385
28466.666,-1.5961539,-2.324359
28483.334,-1.6060897,-2.3365386
28500.0,-1.6365385,-2.3461537
28516.666,-1.6669872,-2.3557692
28533.334,-1.6807692,-2.3621795
28550.0,-1.6903846,-2.3677886
28566.666,-1.6871794,-2.376282
28583.334,-1.6647435,-2.3891025
28600.0,-1.6423076,-2.4019232
28616.666,-1.6455128,-2.4652243
28633.334,-1.648718,-2.5285256
28650.0,-1.9057692,-2.8682692
28666.666,-2.3320513,-3.3923078
28683.334,-3.0112178,-4.0160255
28700.0,-4.701923,-5.0384617
28716.666,-6.392628,-6.0608974
28733.334,-6.7852564,-6.328205
28750.0,-6.8533654,-6.4067307
28766.666,-6.838782,-6.448718
28783.334,-6.70016,-6.4358974
28800.0,-6.5615387,-6.423077
28816.666,-6.5358973,-6.411859
28833.334,-6.5102563,-6.400641
28850.0,-6.510096,-6.396154
28866.666,-6.526923,-6.396154
28883.334,-6.543109,-6.3964744
28900.0,-6.5567307,-6.398077
28916.666,-6.5703526,-6.3996797
28933.334,-6.5108976,-6.366667
28950.0,-6.433173,-6.325
28966.666,-6.3785257,-6.275641
28983.334,-6.358494,-6.2147436
29000.0,-6.3384614,-6.1538463
29016.666,-7.3689103,-6.304487
29033.334,-8.399359,-6.455128
29050.0,-8.8375,-6.5759616
29066.666,-8.880769,-6.6769233
29083.334,-8.901923,-6.753846
29100.0,-8.834616,-6.7346153
29116.666,-8.767307,-6.7153845
29133.334,-8.775641,-6.705128
29150.0,-8.802885,-6.6971154
29166.666,-8.8217945,-6.6961536
29183.334,-8.828205,-6.705769
29200.0,-8.834616,-6.7153845
29216.666,-9.414743,-6.580769
29233.334,-9.994872,-6.4461536
29250.0,-11.905289,-6.110577
29266.666,-14.702564,-5.6410255
29283.334,-16.95625,-5.263141
29300.0,-17.035578,-5.251923
29316.666,-17.114904,-5.240705
29333.334,-17.020514,-5.2301283
29350.0,-16.882692,-5.2197113
29366.666,-16.798717,-5.2003207
29383.334,-16.795513,-5.167468
29400.0,-16.792307,-5.1346154
29416.666,-16.765064,-5.1586537
29433.334,-16.73782,-5.1826925
29450.0,-16.73798,-5.209615
29466.666,-16.75641,-5.2384615
29483.334,-16.778046,-5.2532053
29500.0,-16.8125,-5.2115383
29516.666,-16.846954,-5.169872
29533.334,-16.863462,-5.1339746
29550.0,-16.87548,-5.0995193
29566.666,-16.89391,-5.088141
29583.334,-16.921955,-5.111378
29600.0,-16.95,-5.1346154
29616.666,-16.939583,-5.137019
29633.334,-16.929167,-5.139423
29650.0,-16.909134,-5.1850963
29666.666,-16.882692,-5.2596154
29683.334,-16.863462,-5.3211536
29700.0,-16.873077,-5.330769
29716.666,-16.882692,-5.3403845
29733.334,-16.903206,-5.3320513
29750.0,-16.926443,-5.3192306
29766.666,-16.927244,-5.294872
29783.334,-16.89439,-5.2532053
29800.0,-16.861538,-5.2115383
29816.666,-16.86875,-5.2115383
29833.334,-16.875961,-5.2115383
29850.0,-16.86875,-5.2346153
29866.666,-16.851923,-5.273077
29883.334,-16.845512,-5.3083334
29900.0,-16.88077,-5.330769
29916.666,-16.916025,-5.353205
29933.334,-16.907692,-5.3871794
29950.0,-16.888462,-5.4240384
29966.666,-16.869871,-5.471795
29983.334,-16.852243,-5.5358973
30000.0,-16.834616,-5.6
30016.666,-16.852243,-5.625641
30033.334,-16.869871,-5.651282
30050.0,-16.848558,-5.671154
30066.666,-16.801283,-5.6871796
30083.334,-16.768108,-5.704006
30100.0,-16.791346,-5.7240386
30116.666,-16.814583,-5.7440705
30133.334,-16.841026,-5.728205
30150.0,-16.868269,-5.7033653
30166.666,-16.876282,-5.6858974
30183.334,-16.855448,-5.679487
30200.0,-16.834616,-5.673077
30216.666,-16.853846,-5.676282
30233.334,-16.873077,-5.679487
30250.0,-16.89423,-5.6980767
30266.666,-16.916666,-5.726923
30283.334,-16.923397,-5.7490387
30300.0,-16.867308,-5.7442307
30316.666,-16.811218,-5.7394233
30333.334,-16.79359,-5.748718
30350.0,-16.785578,-5.7615385
30366.666,-16.783012,-5.7698717
30383.334,-16.788622,-5.7714744
30400.0,-16.794231,-5.773077
30416.666,-16.836699,-5.768269
30433.334,-16.879168,-5.7634616
30450.0,-16.890385,-5.764423
30466.666,-16.88077,-5.769231
30483.334,-16.865385,-5.7740383
30500.0,-16.826923,-5.7788463
30516.666,-16.788462,-5.7836537
30533.334,-16.770514,-5.8076925
30550.0,-16.757692,-5.8365383
30566.666,-16.759615,-5.854487
30583.334,-16.783653,-5.8560896
30600.0,-16.807692,-5.8576922
30616.666,-16.758013,-5.9314103
30633.334,-16.708334,-6.0051284
30650.0,-16.65673,-6.0283656
30666.666,-16.603846,-6.0179486
30683.334,-16.559296,-6.016506
30700.0,-16.548077,-6.0509615
30716.666,-16.53686,-6.085417
30733.334,-16.504488,-6.094872
30750.0,-16.466827,-6.098077
30766.666,-16.4375,-6.1009617
30783.334,-16.420673,-6.1033654
30800.0,-16.403847,-6.105769
30816.666,-16.386217,-6.1025643
30833.334,-16.36859,-6.099359
30850.0,-16.357693,-6.0673075
30866.666,-16.351282,-6.0160255
30883.334,-16.353365,-5.9729166
30900.0,-16.389423,-5.9625
30916.666,-16.42548,-5.952083
30933.334,-16.444231,-5.932051
30950.0,-16.458654,-5.9096155
30966.666,-16.483013,-5.8884616
30983.334,-16.522276,-5.8692307
31000.0,-16.561539,-5.85
31016.666,-16.58718,-5.8275642
31033.334,-16.61282,-5.805128
31050.0,-16.647116,-5.7884617
31066.666,-16.68718,-5.775641
31083.334,-16.716667,-5.7578526
31100.0,-16.703846,-5.7201924
31116.666,-16.691025,-5.682532
31133.334,-16.741026,-5.665385
31150.0,-16.80673,-5.6533656
31166.666,-16.84423,-5.6503205
31183.334,-16.839422,-5.660737
31200.0,-16.834616,-5.671154
31216.666,-16.833014,-5.671955
31233.334,-16.83141,-5.672756
31250.0,-16.828846,-5.6769233
31266.666,-16.825642,-5.6833334
31283.334,-16.817469,-5.6959934
31300.0,-16.789423,-5.733654
31316.666,-16.761377,-5.771314
31333.334,-16.747437,-5.8128204
31350.0,-16.737019,-5.8552885
31366.666,-16.733974,-5.8791666
31383.334,-16.741987,-5.87516
31400.0,-16.75,-5.871154
31416.666,-16.75641,-5.887981
31433.334,-16.762821,-5.9048076
31450.0,-16.759615,-5.9288464
31466.666,-16.75,-5.957692
31483.334,-16.739424,-5.98141
31500.0,-16.725,-5.9846153
31516.666,-16.710577,-5.9878206
31533.334,-16.674358,-5.9948716
31550.0,-16.632692,-6.0028844
31566.666,-16.596794,-6.0009613
31583.334,-16.569551,-5.9841347
31600.0,-16.542307,-5.9673076
31616.666,-16.553526,-5.98734
31633.334,-16.564743,-6.007372
31650.0,-16.54327,-6.004327
31666.666,-16.5,-5.9858975
31683.334,-16.467308,-5.977083
31700.0,-16.476923,-6.0067306
31716.666,-16.486538,-6.0363784
31733.334,-16.523077,-6.05
31750.0,-16.566345,-6.0596156
31766.666,-16.58846,-6.0714746
31783.334,-16.578846,-6.0866985
31800.0,-16.569231,-6.101923
31816.666,-16.529167,-6.137981
31833.334,-16.489103,-6.1740384
31850.0,-16.478846,-6.209615
31866.666,-16.488462,-6.2448716
31883.334,-16.503525,-6.2743587
31900.0,-16.540384,-6.2807693
31916.666,-16.577244,-6.2871795
31933.334,-16.569231,-6.2641025
31950.0,-16.55,-6.233654
31966.666,-16.526602,-6.217949
31983.334,-16.496956,-6.224359
32000.0,-16.467308,-6.230769
32016.666,-16.508173,-6.232372
32033.334,-16.549038,-6.2339745
32050.0,-16.551924,-6.226923
32066.666,-16.529488,-6.2141027
32083.334,-16.522116,-6.2035255
32100.0,-16.575,-6.201923
32116.666,-16.627884,-6.2003207
32133.334,-16.601282,-6.169231
32150.0,-16.554808,-6.1307693
32166.666,-16.52468,-6.126282
32183.334,-16.51907,-6.172756
32200.0,-16.513462,-6.2192307
32216.666,-16.554327,-6.203205
32233.334,-16.595192,-6.1871796
32250.0,-16.584616,-6.1586537
32266.666,-16.539743,-6.1217947
32283.334,-16.512821,-6.101923
32300.0,-16.557692,-6.15
32316.666,-16.602564,-6.1980767
32333.334,-16.607693,-6.200641
32350.0,-16.602884,-6.191827
32366.666,-16.584936,-6.175
32383.334,-16.547276,-6.146154
32400.0,-16.509615,-6.1173077
32416.666,-16.492788,-6.135737
32433.334,-16.475962,-6.1541667
32450.0,-15.67452,-6.3067307
32466.666,-14.35,-6.548718
32483.334,-13.041186,-6.7467947
32500.0,-11.795193,-6.769231
32516.666,-10.549199,-6.7916665
32533.334,-10.319231,-6.8230767
32550.0,-10.343269,-6.856731
32566.666,-10.357051,-6.875641
32583.334,-10.355449,-6.872436
32600.0,-10.353847,-6.8692307
32616.666,-10.358654,-6.8828526
32633.334,-10.3634615,-6.8964744
32650.0,-10.348557,-6.9048076
32666.666,-10.320513,-6.9096155
32683.334,-10.288301,-6.91266
32700.0,-10.239423,-6.9086537
32716.666,-10.190545,-6.9046474
32733.334,-10.1782055,-6.896154
32750.0,-10.175,-6.8865385
32766.666,-10.178846,-6.878846
32783.332,-10.193269,-6.8740387
32800.0,-10.207692,-6.8692307
32816.668,-10.198077,-6.8692307
32833.332,-10.188461,-6.8692307
32850.0,-10.186539,-6.8740387
32866.668,-10.189744,-6.8820515
32883.332,-10.207372,-6.879487
32900.0,-10.282692,-6.834615
32916.668,-10.358013,-6.7897434
32933.332,-10.384615,-6.7628207
32950.0,-10.399038,-6.7403846
32966.668,-11.447436,-6.4416666
32983.332,-14.046795,-5.7285256
33000.0,-16.646154,-5.0153847
33016.668,-16.78077,-5.002564
33033.332,-16.915384,-4.9897437
33050.0,-16.925962,-4.9875
33066.668,-16.853846,-4.9923077
33083.332,-16.797756,-4.9858975
33100.0,-16.805769,-4.9346156
33116.668,-16.813782,-4.883333
33133.332,-16.821154,-4.85641
33150.0,-16.828365,-4.835577
33166.668,-16.829166,-4.8339744
33183.332,-16.820353,-4.861218
33200.0,-16.811539,-4.8884616
33216.668,-16.803526,-4.8852563
33233.332,-16.795513,-4.8820515
33250.0,-16.788462,-4.8745193
33266.668,-16.782051,-4.8641024
33283.332,-16.782051,-4.8552885
33300.0,-16.807692,-4.852885
33316.668,-16.833334,-4.8504806
33333.332,-16.844872,-4.8371797
33350.0,-16.852884,-4.8211536
33366.668,-16.866026,-4.8160257
33383.332,-16.88686,-4.827244
33400.0,-16.907692,-4.8384614
33416.668,-16.94295,-4.8496795
33433.332,-16.978205,-4.8608975
33450.0,-16.966827,-4.8807693
33466.668,-16.924358,-4.90641
33483.332,-16.887661,-4.927564
33500.0,-16.874039,-4.9307694
33516.668,-16.860416,-4.9339743
33533.332,-16.884615,-4.9269233
33550.0,-16.91827,-4.917308
33566.668,-16.925,-4.915385
33583.332,-16.891346,-4.925
33600.0,-16.857693,-4.9346156
33616.668,-16.84327,-4.9442306
33633.332,-16.828846,-4.953846
33650.0,-16.840385,-4.9528847
33666.668,-16.86923,-4.944872
33683.332,-16.88141,-4.9435897
33700.0,-16.826923,-4.9692307
33716.668,-16.772436,-4.9948716
33733.332,-16.765385,-4.99359
33750.0,-16.770193,-4.985577
33766.668,-16.767307,-4.9846153
33783.332,-16.752884,-4.9942307
33800.0,-16.738462,-5.003846
33816.668,-16.791346,-4.98141
33833.332,-16.84423,-4.9589744
33850.0,-16.875,-4.958654
33866.668,-16.891026,-4.973077
33883.332,-16.898077,-4.988141
33900.0,-16.86923,-5.0057693
33916.668,-16.840385,-5.0233974
33933.332,-16.842308,-5.042308
33950.0,-16.851923,-5.0615387
33966.668,-16.848078,-5.078846
33983.332,-16.824038,-5.0932693
34000.0,-16.8,-5.1076922
34016.668,-16.801603,-5.094872
34033.332,-16.803205,-5.0820513
34050.0,-16.824038,-5.0730767
34066.668,-16.857693,-5.0666666
34083.332,-16.883654,-5.058013
34100.0,-16.878845,-5.040385
34116.668,-16.874039,-5.0227566
34133.332,-16.876923,-5.025
34150.0,-16.881731,-5.0322113
34166.668,-16.882692,-5.036859
34183.332,-16.877884,-5.03766
34200.0,-16.873077,-5.0384617
34216.668,-16.855448,-5.036859
34233.332,-16.83782,-5.0352564
34250.0,-16.83173,-5.0375
34266.668,-16.833334,-5.042308
34283.332,-16.835897,-5.0397434
34300.0,-16.842308,-5.0076923
34316.668,-16.848719,-4.9756413
34333.332,-16.88077,-4.9884615
34350.0,-16.919231,-5.0125
34366.668,-16.941025,-5.0451922
34383.332,-16.93782,-5.0908656
34400.0,-16.934616,-5.1365385
34416.668,-16.93702,-5.138141
34433.332,-16.939423,-5.139744
34450.0,-16.926443,-5.135096
34466.668,-16.903206,-5.126282
34483.332,-16.889263,-5.1198716
34500.0,-16.9125,-5.123077
34516.668,-16.935738,-5.126282
34533.332,-16.935738,-5.126282
34550.0,-16.935738,-5.126282
