0.0,-1.2711538,-10.065385
16.666666,-1.2663461,-10.049359
33.333332,-1.2615385,-10.033334
50.0,-1.2504808,-10.042308
66.666664,-1.2352564,-10.067948
83.333336,-1.2190706,-10.082372
100.0,-1.1990385,-10.051923
116.666664,-1.1790065,-10.021474
133.33333,-1.173718,-10.020513
150.0,-1.1721153,-10.026923
166.66667,-1.8849359,-9.671795
183.33333,-3.669391,-8.774359
200.0,-5.453846,-7.876923
216.66667,-5.727885,-7.811218
233.33333,-6.001923,-7.745513
250.0,-6.0995193,-7.7014422
266.66666,-6.0794873,-7.671795
283.33334,-6.059455,-7.64375
300.0,-6.039423,-7.6221156
316.66666,-6.019391,-7.6004806
333.33334,-5.998718,-7.548077
350.0,-5.977885,-7.487981
366.66666,-5.9647436,-7.4483976
383.33334,-5.963141,-7.4395833
400.0,-5.9615383,-7.4307694
416.66666,-5.905449,-7.321795
433.33334,-5.849359,-7.2128205
450.0,-5.8341346,-7.135096
466.66666,-5.8461537,-7.078205
483.33334,-5.849199,-7.023237
500.0,-5.816346,-6.9759617
516.6667,-5.7834935,-6.9286857
533.3333,-6.5891027,-7.0596156
550.0,-7.6043267,-7.235096
566.6667,-9.326923,-7.6189103
583.3333,-12.110577,-8.315225
600.0,-14.894231,-9.0115385
616.6667,-14.928686,-9.016346
633.3333,-14.963141,-9.021153
650.0,-14.9653845,-9.020192
666.6667,-14.946154,-9.015385
683.3333,-14.932052,-9.006411
700.0,-14.938461,-8.980769
716.6667,-14.944872,-8.955129
733.3333,-14.930769,-8.944872
750.0,-14.911538,-8.938461
766.6667,-14.897436,-8.939102
783.3333,-14.891026,-8.95032
800.0,-14.884615,-8.961538
816.6667,-14.883013,-8.971154
833.3333,-14.881411,-8.980769
850.0,-12.8240385,-8.515385
866.6667,-9.396153,-7.733333
883.3333,-6.6125,-7.0959935
900.0,-6.4057693,-7.0375
916.6667,-6.1990385,-6.9790063
933.3333,-6.1602564,-6.9653845
950.0,-6.1634617,-6.9629807
966.6667,-6.1660256,-6.9602566
983.3333,-6.1676283,-6.9570513
1000.0,-6.169231,-6.953846
1016.6667,-6.2125,-6.9891024
1033.3334,-6.2557693,-7.0243587
1050.0,-6.270192,-7.0447116
1066.6666,-6.2653847,-7.055128
1083.3334,-6.207692,-7.023718
1100.0,-5.9384613,-6.825
1116.6666,-5.669231,-6.626282
1133.3334,-5.6141024,-6.5903845
1150.0,-5.6125,-6.5951924
1166.6666,-5.6153846,-6.604808
1183.3334,-5.625,-6.6216345
1200.0,-5.6346154,-6.6384616
1216.6666,-5.6201925,-6.617628
1233.3334,-5.605769,-6.596795
1250.0,-5.6096153,-6.575481
1266.6666,-5.625641,-6.5538464
1283.3334,-5.6403847,-6.541346
1300.0,-5.65,-6.5653844
1316.6666,-5.6596155,-6.589423
1333.3334,-5.675641,-6.598718
1350.0,-5.6932693,-6.6043267
1366.6666,-5.7,-6.5884614
1383.3334,-5.6903844,-6.540385
1400.0,-5.6807694,-6.4923077
1416.6666,-5.6903844,-6.5003204
1433.3334,-5.7,-6.508333
1450.0,-5.7221155,-6.5418267
1466.6666,-5.752564,-6.5923076
1483.3334,-5.778686,-6.6310897
1500.0,-5.7875,-6.623077
1516.6666,-5.7963142,-6.615064
1533.3334,-5.796154,-6.594872
1550.0,-5.79375,-6.571635
1566.6666,-5.792308,-6.552564
1583.3334,-5.792308,-6.5397434
1600.0,-5.792308,-6.526923
1616.6666,-5.79391,-6.522115
1633.3334,-5.7955127,-6.5173078
1650.0,-5.810577,-6.5326924
1666.6666,-5.834615,-6.5615387
1683.3334,-5.852885,-6.586218
1700.0,-5.848077,-6.5942307
1716.6666,-5.8432693,-6.6022434
1733.3334,-5.8352566,-6.578205
1750.0,-5.8264422,-6.546154
1766.6666,-5.8157053,-6.526282
1783.3334,-5.8020835,-6.5246797
1800.0,-5.7884617,-6.523077
1816.6666,-5.794872,-6.5519233
1833.3334,-5.801282,-6.580769
1850.0,-5.8115387,-6.610577
1866.6666,-5.824359,-6.6410255
1883.3334,-5.8339744,-6.664423
1900.0,-5.830769,-6.6596155
1916.6666,-5.8275642,-6.6548076
1933.3334,-5.8115387,-6.665385
1950.0,-5.792308,-6.6798077
1966.6666,-5.780128,-6.699359
1983.3334,-5.778526,-6.7266026
2000.0,-5.776923,-6.753846
2016.6666,-5.7608976,-6.7546473
2033.3334,-5.7448716,-6.755449
2050.0,-5.729808,-6.7533655
2066.6667,-5.7153845,-6.749359
2083.3333,-5.703846,-6.7602563
2100.0,-5.703846,-6.830769
2116.6667,-5.703846,-6.901282
2133.3333,-5.6897435,-6.902564
2150.0,-5.6721153,-6.8865385
2166.6667,-5.657051,-6.875
2183.3333,-5.6458335,-6.8701925
2200.0,-5.6346154,-6.8653846
2216.6667,-5.6153846,-6.8541665
2233.3333,-5.5961537,-6.842949
2250.0,-5.5990386,-6.8576922
2266.6667,-5.616667,-6.889744
2283.3333,-5.6259613,-6.914423
2300.0,-5.601923,-6.9096155
2316.6667,-5.5778847,-6.9048076
2333.3333,-5.574359,-6.8871794
2350.0,-5.5759616,-6.8663464
2366.6667,-5.578846,-6.851282
2383.3333,-5.583654,-6.844872
2400.0,-5.5884614,-6.8384614
2416.6667,-5.6108975,-6.865705
2433.3333,-5.633333,-6.8929486
2450.0,-5.6548076,-6.923077
2466.6667,-5.675641,-6.955128
2483.3333,-5.689423,-6.9692307
2500.0,-5.675,-6.9115386
2516.6667,-5.660577,-6.853846
2533.3333,-5.6628203,-6.826282
2550.0,-5.669231,-6.80625
2566.6667,-5.680128,-6.8022437
2583.3333,-5.6977563,-6.8222756
2600.0,-5.7153845,-6.8423076
2616.6667,-5.725,-6.8535256
2633.3333,-5.7346153,-6.8647437
2650.0,-5.751923,-6.886058
2666.6667,-5.7743587,-6.9141026
2683.3333,-5.791987,-6.9306087
2700.0,-5.790385,-6.9009614
2716.6667,-5.788782,-6.871314
2733.3333,-5.7884617,-6.873077
2750.0,-5.7884617,-6.8826923
2766.6667,-5.798718,-6.889744
2783.3333,-5.824359,-6.8929486
2800.0,-5.85,-6.896154
2816.6667,-5.8331733,-6.8240385
2833.3333,-5.816346,-6.751923
2850.0,-5.8129807,-6.6615386
2866.6667,-5.8185897,-6.5589743
2883.3333,-5.8211536,-6.4733973
2900.0,-5.8115387,-6.455769
2916.6667,-5.8019233,-6.438141
2933.3333,-5.801282,-6.45
2950.0,-5.8028846,-6.4692307
2966.6667,-5.798718,-6.479808
2983.3333,-5.7858973,-6.4774036
3000.0,-5.773077,-6.475
3016.6667,-5.7947116,-6.4846153
3033.3333,-5.816346,-6.4942307
3050.0,-5.816827,-6.4947114
3066.6667,-5.803205,-6.4891024
3083.3333,-5.8477564,-6.486859
3100.0,-6.125,-6.498077
3116.6667,-6.4022436,-6.509295
3133.3333,-6.447436,-6.5141025
3150.0,-6.4346156,-6.5173078
3166.6667,-6.426282,-6.5173078
3183.3333,-6.4246793,-6.5125
3200.0,-6.423077,-6.5076923
3216.6667,-6.4407053,-6.566186
3233.3333,-6.4583335,-6.6246796
3250.0,-6.273077,-6.6254807
3266.6667,-5.9525642,-6.5878205
3283.3333,-5.685577,-6.5509615
3300.0,-5.6326923,-6.5173078
3316.6667,-5.5798078,-6.483654
3333.3333,-5.578846,-6.530128
3350.0,-5.5908656,-6.5966344
3366.6667,-5.6003203,-6.6201925
3383.3333,-5.6059294,-6.579327
3400.0,-5.6115384,-6.5384617
3416.6667,-5.6179485,-6.548077
3433.3333,-5.624359,-6.5576925
3450.0,-5.6317306,-6.5798078
3466.6667,-5.639744,-6.610256
3483.3333,-5.642628,-6.6301284
3500.0,-5.625,-6.6076922
3516.6667,-5.607372,-6.5852566
3533.3333,-5.866667,-6.598718
3550.0,-6.1951923,-6.621154
3566.6667,-6.3993587,-6.644231
3583.3333,-6.416987,-6.668269
3600.0,-6.4346156,-6.6923075
3616.6667,-6.421795,-6.701923
3633.3333,-6.408974,-6.7115383
3650.0,-6.4028845,-6.7326922
3666.6667,-6.401282,-6.7615385
3683.3333,-6.4028845,-6.7865386
3700.0,-6.417308,-6.796154
3716.6667,-6.4317307,-6.8057694
3733.3333,-6.4358974,-6.7858973
3750.0,-6.4375,-6.7586536
3766.6667,-6.4461536,-6.7532053
3783.3333,-6.4653845,-6.780449
3800.0,-6.4846153,-6.8076925
3816.6667,-7.85,-6.9391026
3833.3333,-9.2153845,-7.070513
3850.0,-10.4875,-7.2451925
3866.6667,-11.697436,-7.448718
3883.3333,-12.666667,-7.617468
3900.0,-12.673077,-7.647115
3916.6667,-12.679487,-7.676763
3933.3333,-12.66923,-7.6724358
3950.0,-12.654808,-7.6596155
3966.6667,-12.65641,-7.647115
3983.3333,-12.682052,-7.635096
4000.0,-12.707692,-7.623077
4016.6667,-14.1075325,-8.14391
4033.3333,-15.507372,-8.664743
4050.0,-16.08798,-8.8634615
4066.6667,-16.122437,-8.847436
4083.3333,-16.148077,-8.835577
4100.0,-16.138462,-8.8403845
4116.6665,-16.128845,-8.845192
4133.3335,-16.132051,-8.83782
4150.0,-16.138462,-8.827404
4166.6665,-16.014103,-8.822757
4183.3335,-15.69359,-8.826763
4200.0,-15.373077,-8.83077
4216.6665,-15.368269,-8.844391
4233.3335,-15.3634615,-8.858013
4250.0,-15.359615,-8.863942
4266.6665,-15.35641,-8.864743
4283.3335,-15.354167,-8.866987
4300.0,-15.355769,-8.875
4316.6665,-15.357371,-8.883013
4333.3335,-15.362821,-8.892949
4350.0,-15.369231,-8.903365
4366.6665,-15.375,-8.913782
4383.3335,-15.379807,-8.924199
4400.0,-15.384615,-8.934615
4416.6665,-15.386218,-8.939423
4433.3335,-15.38782,-8.944231
4450.0,-15.3875,-8.945192
4466.6665,-15.385898,-8.94359
4483.3335,-15.3842945,-8.944872
4500.0,-15.382692,-8.957692
4516.6665,-15.38109,-8.970512
4533.3335,-15.385898,-8.976923
4550.0,-15.392307,-8.98173
4566.6665,-15.398718,-8.982051
4583.3335,-15.4051285,-8.975641
4600.0,-15.411538,-8.969231
4616.6665,-15.411538,-8.986859
4633.3335,-15.411538,-9.004487
4650.0,-15.3716345,-9.066827
4666.6665,-15.305128,-9.158975
4683.3335,-15.253045,-9.236699
4700.0,-15.258654,-9.256731
4716.6665,-15.264263,-9.276763
4733.3335,-15.264103,-9.278205
4750.0,-15.2625,-9.275
4766.6665,-15.2615385,-9.280769
4783.3335,-15.2615385,-9.3
4800.0,-15.2615385,-9.319231
4816.6665,-15.266346,-9.322436
4833.3335,-15.271153,-9.325641
4850.0,-14.951923,-9.329327
4866.6665,-14.416667,-9.333333
4883.3335,-12.554647,-9.289263
4900.0,-5.3855767,-9.052885
4916.6665,1.7834936,-8.816506
4933.3335,4.1608973,-8.695513
4950.0,5.3403845,-8.603365
4966.6665,6.036859,-8.538141
4983.3335,6.0088143,-8.513301
5000.0,5.980769,-8.4884615
5016.6665,5.982372,-8.501282
5033.3335,5.9839745,-8.514103
5050.0,5.9759617,-8.516346
5066.6665,5.9615383,-8.5115385
5083.3335,5.945032,-8.506411
5100.0,5.9201922,-8.5
5116.6665,5.8953524,-8.493589
5133.3335,5.915385,-8.46859
5150.0,5.946635,-8.438942
5166.6665,5.9692307,-8.409295
5183.3335,5.978846,-8.379647
5200.0,5.9884615,-8.35
5216.6665,5.9628205,-8.325961
5233.3335,5.9371796,-8.301923
5250.0,5.9326925,-8.271153
5266.6665,5.9423075,-8.235897
5283.3335,5.9516025,-8.209295
5300.0,5.959615,-8.217308
5316.6665,5.967628,-8.225321
5333.3335,5.9846153,-8.208974
5350.0,6.003846,-8.186539
5366.6665,5.9185896,-8.171154
5383.3335,5.6766024,-8.166347
5400.0,5.4346156,-8.161538
5416.6665,2.2134616,-7.8939104
5433.3335,-1.0076923,-7.626282
5450.0,-2.3673077,-7.496154
5466.6665,-2.4858975,-7.457692
5483.3335,-2.5807693,-7.423718
5500.0,-2.5807693,-7.4076924
5516.6665,-2.5807693,-7.391667
5533.3335,-2.8166666,-7.3717947
5550.0,-3.1115384,-7.3509617
5566.6665,-3.7923076,-7.344872
5583.3335,-5.0519233,-7.3608975
5600.0,-6.3115387,-7.376923
5616.6665,-6.313141,-7.3608975
5633.3335,-6.3147435,-7.344872
5650.0,-6.3182693,-7.3423076
5666.6665,-6.3230767,-7.348718
5683.3335,-6.3714743,-7.360577
5700.0,-6.5942307,-7.394231
5716.6665,-6.816987,-7.4278846
5733.3335,-9.755128,-8.048077
5750.0,-13.372115,-8.814904
5766.6665,-15.549359,-9.276282
5783.3335,-15.566987,-9.279488
5800.0,-15.584616,-9.282692
5816.6665,-15.563782,-9.273878
5833.3335,-15.542949,-9.265064
5850.0,-15.528365,-9.274519
5866.6665,-15.517949,-9.296154
5883.3335,-15.508814,-9.310577
5900.0,-15.504807,-9.296154
5916.6665,-15.500801,-9.281731
5933.3335,-15.496154,-9.282051
5950.0,-15.491346,-9.286057
5966.6665,-15.492308,-9.288782
5983.3335,-15.501923,-9.289583
6000.0,-15.5115385,-9.290384
6016.6665,-15.521153,-9.310416
6033.3335,-15.530769,-9.330449
6050.0,-15.530769,-9.341346
6066.6665,-15.524359,-9.346154
6083.3335,-15.005448,-9.242147
6100.0,-12.436539,-8.702885
6116.6665,-9.867628,-8.163622
6133.3335,-7.9288464,-7.6307693
6150.0,-6.1475964,-7.0995193
6166.6665,-5.085577,-6.7833333
6183.3335,-5.1024036,-6.7897434
6200.0,-5.1192307,-6.796154
6216.6665,-5.120032,-6.771314
6233.3335,-5.1208334,-6.7464743
6250.0,-5.3692307,-6.7740383
6266.6665,-5.7826924,-6.8365383
6283.3335,-6.1208334,-6.8883014
6300.0,-6.1576924,-6.897115
6316.6665,-6.1945515,-6.9059296
6333.3335,-6.197436,-6.9134617
6350.0,-6.191827,-6.920673
6366.6665,-6.1858974,-6.920833
6383.3335,-6.179487,-6.9104166
6400.0,-6.173077,-6.9
6416.6665,-6.193109,-6.908013
6433.3335,-6.213141,-6.9160256
6450.0,-6.0048075,-6.921154
6466.6665,-5.644231,-6.924359
6483.3335,-5.0730767,-6.950481
6500.0,-3.6596153,-7.0682693
6516.6665,-2.2461538,-7.1860576
6533.3335,-2.7153847,-7.097436
6550.0,-3.6552885,-6.9572115
6566.6665,-4.207692,-6.8692307
6583.3335,-4.1788464,-6.8596153
6600.0,-4.15,-6.85
6616.6665,-4.726923,-6.8708334
6633.3335,-5.3038464,-6.891667
6650.0,-5.835577,-6.8826923
6666.6665,-6.3371797,-6.853846
6683.3335,-6.7349358,-6.8253207
6700.0,-6.7173076,-6.798077
6716.6665,-6.6996794,-6.7708335
6733.3335,-6.6846156,-6.7576923
6750.0,-6.6701922,-6.748077
6766.6665,-6.6493587,-6.7391024
6783.3335,-6.6189103,-6.7310896
6800.0,-6.5884614,-6.723077
6816.6665,-1.6092949,-7.294391
6833.3335,3.3698719,-7.865705
6850.0,7.7865386,-8.425481
6866.6665,11.828205,-8.977564
6883.3335,15.06282,-9.415384
6900.0,15.069231,-9.396153
6916.6665,15.075641,-9.376923
6933.3335,15.078205,-9.35641
6950.0,15.079807,-9.335577
6966.6665,15.082692,-9.341025
6983.3335,15.0875,-9.385898
7000.0,15.092308,-9.430769
7016.6665,15.113141,-9.429167
7033.3335,15.133974,-9.427564
7050.0,15.144231,-9.4341345
7066.6665,15.147436,-9.446154
7083.3335,15.184615,-9.441667
7100.0,15.357693,-9.371154
7116.6665,15.530769,-9.300641
7133.3335,15.585897,-9.3
7150.0,15.611539,-9.316827
7166.6665,15.626282,-9.31282
7183.3335,15.62468,-9.277564
7200.0,15.623077,-9.242308
7216.6665,15.610256,-9.239102
7233.3335,15.597436,-9.235897
7250.0,15.594231,-9.250481
7266.6665,15.597436,-9.276923
7283.3335,15.602884,-9.300481
7300.0,15.617308,-9.3125
7316.6665,15.631731,-9.324519
7333.3335,15.639744,-9.314102
7350.0,15.646153,-9.298077
7366.6665,15.649359,-9.296795
7383.3335,15.647757,-9.317628
7400.0,15.646153,-9.338462
7416.6665,15.501923,-9.3
7433.3335,15.357693,-9.2615385
7450.0,11.149038,-8.708653
7466.6665,4.230769,-7.8128204
7483.3335,-1.6774038,-7.01875
7500.0,-3.5451922,-6.6317306
7516.6665,-5.4129806,-6.2447114
7533.3335,-5.771795,-6.151923
7550.0,-5.7533655,-6.1326923
7566.6665,-5.7397437,-6.1208334
7583.3335,-5.733333,-6.120032
7600.0,-5.726923,-6.1192307
7616.6665,-5.71891,-6.128846
7633.3335,-5.7108974,-6.1384616
7650.0,-5.689423,-6.141346
7666.6665,-5.658974,-6.139744
7683.3335,-5.627564,-6.138141
7700.0,-5.5923076,-6.1365385
7716.6665,-5.557051,-6.134936
7733.3335,-5.5602565,-6.146154
7750.0,-5.5730767,-6.160577
7766.6665,-5.589423,-6.169872
7783.3335,-5.6110578,-6.1714745
7800.0,-5.6326923,-6.173077
7816.6665,-5.6182694,-6.179487
7833.3335,-5.603846,-6.1858974
7850.0,-5.597596,-6.1903844
7866.6665,-5.596795,-6.1935897
7883.3335,-5.5996795,-6.2016025
7900.0,-5.6173077,-6.228846
7916.6665,-5.634936,-6.2560897
7933.3335,-5.6179485,-6.2807693
7950.0,-5.5923076,-6.3048077
7966.6665,-3.1983974,-6.4426284
7983.3335,2.7479167,-6.751122
8000.0,8.694231,-7.0596156
8016.6665,11.228686,-7.154968
8033.3335,13.763141,-7.2503204
8050.0,14.767307,-7.289423
8066.6665,14.751282,-7.2910256
8083.3335,14.732051,-7.2955127
8100.0,14.7,-7.3115387
8116.6665,14.667949,-7.3275642
8133.3335,14.665384,-7.34359
8150.0,14.670193,-7.3596153
8166.6665,14.753846,-7.570513
8183.3335,14.95577,-8.073718
8200.0,15.157692,-8.576923
8216.667,15.160897,-8.568109
8233.333,15.164103,-8.559295
8250.0,15.165384,-8.532211
8266.667,15.165384,-8.492949
8283.333,15.170673,-8.457051
8300.0,15.197115,-8.434615
8316.667,15.223557,-8.41218
8333.333,15.263461,-8.401923
8350.0,15.306731,-8.3947115
8366.667,15.334295,-8.39327
8383.333,15.338302,-8.400481
8400.0,15.342308,-8.407692
8416.667,15.484135,-8.471795
8433.333,15.625961,-8.535897
8450.0,15.678366,-8.556731
8466.667,15.671154,-8.5487175
8483.333,15.666026,-8.544551
8500.0,15.66923,-8.555769
8516.667,15.672436,-8.566987
8533.333,15.65,-8.5487175
8550.0,15.621154,-8.523077
8566.667,15.60641,-8.502885
8583.333,15.612821,-8.490866
8600.0,15.619231,-8.478847
8616.667,15.632051,-8.522917
8633.333,15.644872,-8.566987
8650.0,15.649038,-8.581731
8666.667,15.647436,-8.576923
8683.333,15.645032,-8.568109
8700.0,15.639423,-8.543269
8716.667,15.633814,-8.51843
8733.333,15.647436,-8.548077
8750.0,15.665865,-8.591346
8766.667,15.670193,-8.615385
8783.333,15.653365,-8.610577
8800.0,15.6365385,-8.605769
8816.667,15.639744,-8.596154
8833.333,15.642949,-8.586538
8850.0,15.220673,-8.578365
8866.667,14.514744,-8.571154
8883.333,12.511378,-8.409135
8900.0,5.3182693,-7.6278844
8916.667,-1.8748398,-6.8466344
8933.333,-3.776282,-6.4891024
8950.0,-4.354808,-6.2375
8966.667,-4.694872,-6.0971155
8983.333,-4.6772437,-6.1235576
9000.0,-4.6596155,-6.15
9016.667,-4.684455,-6.1179485
9033.333,-4.709295,-6.0858974
9050.0,-5.039423,-6.229808
9066.667,-5.5730767,-6.4910254
9083.333,-6.0035257,-6.7054486
9100.0,-6.021154,-6.7326922
9116.667,-6.038782,-6.759936
9133.333,-6.021154,-6.7429485
9150.0,-5.9947114,-6.714904
9166.667,-5.9727564,-6.6907053
9183.333,-5.957532,-6.6722755
9200.0,-5.9423075,-6.6538463
9216.667,-5.9407053,-6.66266
9233.333,-5.9391026,-6.6714745
9250.0,-5.9384613,-6.66875
9266.667,-5.9384613,-6.6583333
9283.333,-5.9365387,-6.651923
9300.0,-5.9269233,-6.6615386
9316.667,-5.917308,-6.671154
9333.333,-5.5923076,-6.6660256
9350.0,-5.1884613,-6.6572113
9366.667,-2.2282052,-6.7766027
9383.333,4.5666666,-7.088301
9400.0,11.361539,-7.4
9416.667,13.319071,-7.501763
9433.333,15.276603,-7.6035256
9450.0,16.034134,-7.658173
9466.667,15.991667,-7.6814103
9483.333,15.95577,-7.690064
9500.0,15.946154,-7.6403847
9516.667,15.936539,-7.590705
9533.333,15.884615,-7.6410255
9550.0,15.822115,-7.7163463
9566.667,15.763461,-7.800641
9583.333,15.710577,-7.8983974
9600.0,15.657692,-7.996154
9616.667,15.6625,-7.9913464
9633.333,15.667308,-7.9865384
9650.0,15.666347,-7.9841347
9666.667,15.661538,-7.983333
9683.333,15.660577,-7.98125
9700.0,15.675,-7.9740386
9716.667,15.689423,-7.966827
9733.333,15.710257,-7.9339743
9750.0,15.732693,-7.8947115
9766.667,15.752564,-7.869551
9783.333,15.76859,-7.865545
9800.0,15.7846155,-7.8615384
9816.667,15.783012,-7.832692
9833.333,15.78141,-7.8038464
9850.0,15.7875,-7.796154
9866.667,15.7987175,-7.802564
9883.333,15.262019,-7.879487
9900.0,12.533654,-8.2384615
9916.667,9.805288,-8.597436
9933.333,7.828205,-8.673077
9950.0,6.0389423,-8.677885
9966.667,4.978846,-8.683974
9983.333,5.0125,-8.691987
10000.0,5.046154,-8.7
10016.667,5.0509615,-8.740866
10033.333,5.0557694,-8.781731
10050.0,5.0634613,-8.776443
10066.667,5.0730767,-8.740385
10083.333,5.2,-8.695833
10100.0,5.796154,-8.617308
10116.667,6.3923078,-8.538782
10133.333,6.521795,-8.550641
10150.0,6.5346155,-8.585096
10166.667,6.541987,-8.5971155
10183.333,6.541186,-8.57548
10200.0,6.540385,-8.553846
10216.667,9.121314,-8.502564
10233.333,11.702244,-8.4512825
10250.0,13.525,-8.352884
10266.667,14.842308,-8.223077
10283.333,15.89391,-8.121474
10300.0,15.882692,-8.132692
10316.667,15.871474,-8.14391
10333.333,15.851282,-8.21282
10350.0,15.828846,-8.296154
10366.667,15.808974,-8.357051
10383.333,15.792949,-8.3842945
10400.0,15.776923,-8.411538
10416.667,15.770513,-8.432372
10433.333,15.764103,-8.453205
10450.0,15.75,-8.490385
10466.667,15.730769,-8.538462
10483.333,15.711218,-8.582532
10500.0,15.690385,-8.610577
10516.667,15.669551,-8.638621
10533.333,15.646153,-8.648718
10550.0,15.622115,-8.654327
10566.667,15.604487,-8.669871
10583.333,15.596475,-8.70032
10600.0,15.588462,-8.730769
10616.667,15.575641,-8.740385
10633.333,15.56282,-8.75
10650.0,15.540384,-8.759615
10666.667,15.5115385,-8.769231
10683.333,15.04423,-8.817307
10700.0,12.823077,-9.019231
10716.667,10.601923,-9.221154
10733.333,8.878205,-9.2384615
10750.0,7.2788463,-9.209616
10766.667,6.326282,-9.192307
10783.333,6.34391,-9.192307
10800.0,6.3615384,-9.192307
10816.667,6.356731,-9.221154
10833.333,6.351923,-9.25
10850.0,6.331731,-9.259615
10866.667,6.301282,-9.256411
10883.333,6.2753205,-9.25609
10900.0,6.2673078,-9.267307
10916.667,6.259295,-9.278525
10933.333,5.9442306,-9.226282
10950.0,5.552404,-9.158173
10966.667,3.3394232,-8.824359
10983.333,-1.6052885,-8.091988
11000.0,-6.55,-7.3596153
11016.667,-6.5676284,-7.3331733
11033.333,-6.5852566,-7.3067307
11050.0,-6.5677886,-7.272115
11066.667,-6.526923,-7.2320514
11083.333,-6.4985576,-7.1990385
11100.0,-6.520192,-7.1942306
11116.667,-6.5418267,-7.189423
11133.333,-6.5519233,-7.198718
11150.0,-6.5591345,-7.2115383
11166.667,-6.429167,-7.2320514
11183.333,-6.0934296,-7.2641025
11200.0,-5.7576923,-7.296154
11216.667,-5.7552886,-7.2889423
11233.333,-5.7528844,-7.2817307
11250.0,-5.7447114,-7.2552886
11266.667,-5.7326922,-7.216026
11283.333,-5.7259617,-7.188141
11300.0,-5.7403846,-7.205769
11316.667,-5.7548075,-7.2233973
11333.333,-5.7589746,-7.2371793
11350.0,-5.7605767,-7.25
11366.667,-5.7464743,-7.250641
11383.333,-5.708814,-7.2330127
11400.0,-5.671154,-7.2153845
11416.667,-5.6839743,-7.228205
11433.333,-5.696795,-7.2410254
11450.0,-5.7826924,-7.2576923
11466.667,-5.917308,-7.276923
11483.333,-6.0251603,-7.299359
11500.0,-6.0259614,-7.334615
11516.667,-6.026763,-7.3698716
11533.333,-6.029487,-7.379487
11550.0,-6.0326924,-7.3826923
11566.667,-6.0336537,-7.374359
11583.333,-6.03125,-7.348718
11600.0,-6.0288463,-7.3230767
11616.667,-6.03125,-7.3302884
11633.333,-6.0336537,-7.3375
11650.0,-6.0490384,-7.348077
11666.667,-6.0730767,-7.3608975
11683.333,-6.0897436,-7.36875
11700.0,-6.076923,-7.356731
11716.667,-6.0641026,-7.3447113
11733.333,-6.075641,-7.34359
11750.0,-6.0932693,-7.3451924
11766.667,-6.1089745,-7.347436
11783.333,-6.1217947,-7.3506413
11800.0,-6.1346154,-7.353846
11816.667,-6.1538463,-7.341026
11833.333,-6.173077,-7.328205
11850.0,-6.1668267,-7.3115387
11866.667,-6.14359,-7.292308
11883.333,-6.1209936,-7.2733974
11900.0,-6.1009617,-7.2557693
11916.667,-6.0809293,-7.238141
11933.333,-6.0333333,-7.175641
11950.0,-5.978846,-7.101923
11966.667,-5.942949,-7.049359
11983.333,-5.934936,-7.028526
12000.0,-5.9269233,-7.0076923
12016.667,-5.934936,-7.009295
12033.333,-5.942949,-7.0108976
12050.0,-5.9461536,-7.008173
12066.667,-5.9461536,-7.002564
12083.333,-5.9461536,-6.9967947
12100.0,-5.9461536,-6.9903846
12116.667,-5.9461536,-6.9839745
12133.333,-5.9564104,-6.9846153
12150.0,-5.9692307,-6.987019
12166.667,-5.971795,-6.9878206
12183.333,-5.9589744,-6.986218
12200.0,-5.9461536,-6.9846153
12216.667,-5.923718,-6.9830127
12233.333,-5.901282,-6.98141
12250.0,-5.8975964,-6.978846
12266.667,-5.90641,-6.9756413
12283.333,-5.9354167,-6.963141
12300.0,-6.0451922,-6.9134617
12316.667,-6.154968,-6.863782
12333.333,-6.2025642,-6.870513
12350.0,-6.2346153,-6.891346
12366.667,-6.2557693,-6.9038463
12383.333,-6.2605767,-6.9038463
12400.0,-6.2653847,-6.9038463
12416.667,-6.2477565,-6.8533654
12433.333,-6.2301283,-6.8028846
12450.0,-6.230769,-6.779327
12466.667,-6.24359,-6.773718
12483.333,-6.2567306,-6.771154
12500.0,-6.271154,-6.7807693
12516.667,-6.285577,-6.790385
12533.333,-6.2653847,-6.7916665
12550.0,-6.2365384,-6.7908654
12566.667,-6.221795,-6.7951922
12583.333,-6.228205,-6.8072114
12600.0,-6.2346153,-6.8192306
12616.667,-6.2274036,-6.811218
12633.333,-6.2201924,-6.803205
12650.0,-6.220673,-6.8009615
12666.667,-6.226282,-6.802564
12683.333,-6.229808,-6.803205
12700.0,-6.225,-6.8
12716.667,-6.2201924,-6.796795
12733.333,-6.220513,-6.7974358
12750.0,-6.2221155,-6.7990384
12766.667,-6.226282,-6.8038464
12783.333,-6.234295,-6.8134613
12800.0,-6.2423077,-6.8230767
12816.667,-6.235096,-6.8358974
12833.333,-6.227885,-6.848718
12850.0,-6.2240386,-6.8615384
12866.667,-6.222436,-6.874359
12883.333,-6.206891,-6.8599358
12900.0,-6.1355767,-6.7365384
12916.667,-6.064263,-6.613141
12933.333,-6.052564,-6.5923076
12950.0,-6.0557694,-6.5971155
12966.667,-6.0583334,-6.601923
12983.333,-6.059936,-6.606731
13000.0,-6.0615387,-6.6115384
13016.667,-6.0647435,-6.61875
13033.333,-6.067949,-6.6259613
13050.0,-6.0701923,-6.6466346
13066.667,-6.071795,-6.676282
13083.333,-6.0721154,-6.6961536
13100.0,-6.0673075,-6.6769233
13116.667,-6.0625,-6.6576924
13133.333,-6.0435896,-6.675641
13150.0,-6.021154,-6.7028847
13166.667,-5.999359,-6.720513
13183.333,-5.9785256,-6.723718
13200.0,-5.957692,-6.726923
13216.667,-5.944872,-6.71891
13233.333,-5.932051,-6.7108974
13250.0,-5.933654,-6.71875
13266.667,-5.944872,-6.7371793
13283.333,-5.9509616,-6.754327
13300.0,-5.9365387,-6.766346
13316.667,-5.9221153,-6.7783656
13333.333,-5.90641,-6.769231
13350.0,-5.8903847,-6.7548075
13366.667,-5.875641,-6.748077
13383.333,-5.8628206,-6.7528844
13400.0,-5.85,-6.7576923
13416.667,-5.8483973,-6.7641025
13433.333,-5.846795,-6.770513
13450.0,-5.830769,-6.7596154
13466.667,-5.805128,-6.7371793
13483.333,-5.782051,-6.716987
13500.0,-5.769231,-6.705769
13516.667,-5.75641,-6.6945515
13533.333,-5.7641025,-6.701282
13550.0,-5.776923,-6.7125
13566.667,-5.7653847,-6.7153845
13583.333,-5.7173076,-6.705769
13600.0,-5.669231,-6.6961536
13616.667,-5.5153847,-6.7025642
13633.333,-5.3615384,-6.7089744
13650.0,-5.210577,-6.6923075
13666.667,-5.0615387,-6.6602564
13683.333,-4.939423,-6.634936
13700.0,-4.925,-6.6365385
13716.667,-4.910577,-6.638141
13733.333,-4.915385,-6.651282
13750.0,-4.925,-6.667308
13766.667,-4.928205,-6.671154
13783.333,-4.921795,-6.6567307
13800.0,-4.915385,-6.6423078
13816.667,-4.9554486,-6.6310897
13833.333,-4.995513,-6.6198716
13850.0,-6.3846154,-7.1009617
13866.667,-8.673077,-7.9102564
13883.333,-10.538782,-8.578205
13900.0,-10.713462,-8.680769
13916.667,-10.888141,-8.783334
13933.333,-10.914103,-8.789103
13950.0,-10.9028845,-8.770673
13966.667,-10.8865385,-8.766346
13983.333,-10.8625,-8.783173
14000.0,-10.838462,-8.8
14016.667,-10.838462,-8.783975
14033.333,-10.838462,-8.767949
14050.0,-10.844231,-8.774038
14066.667,-10.853847,-8.794871
14083.333,-10.857853,-8.809295
14100.0,-10.839423,-8.798077
14116.667,-10.820993,-8.786859
14133.333,-10.808333,-8.782051
14150.0,-10.797115,-8.778846
14166.667,-10.089423,-8.621154
14183.333,-8.337019,-8.23173
14200.0,-6.584615,-7.8423076
14216.667,-6.5317307,-7.8294873
14233.333,-6.478846,-7.8166666
14250.0,-6.455769,-7.8125
14266.667,-6.4525642,-7.8141026
14283.333,-6.452244,-7.817949
14300.0,-6.4634614,-7.830769
14316.667,-6.4746795,-7.84359
14333.333,-6.019231,-7.6358976
14350.0,-5.4471154,-7.373077
14366.667,-5.089423,-7.183654
14383.333,-5.053365,-7.1043267
14400.0,-5.0173078,-7.025
14416.667,-5.0084934,-7.0418267
14433.333,-4.9996796,-7.058654
14450.0,-5.0057693,-7.082692
14466.667,-5.021795,-7.1115384
14483.333,-5.0352564,-7.128045
14500.0,-5.0384617,-7.0951924
14516.667,-5.0416665,-7.06234
14533.333,-5.25,-6.9442306
14550.0,-5.5096154,-6.8048077
14566.667,-5.660577,-6.7147436
14583.333,-5.6485577,-6.698718
14600.0,-5.6365385,-6.6826925
14616.667,-5.6421475,-6.6850963
14633.333,-5.6477566,-6.6875
14650.0,-5.6548076,-6.685577
14666.667,-5.6628203,-6.6807694
14683.333,-5.669231,-6.6814103
14700.0,-5.669231,-6.703846
14716.667,-5.669231,-6.726282
14733.333,-5.6666665,-6.735256
14750.0,-5.6634617,-6.740865
14766.667,-4.4589744,-6.9131413
14783.333,-1.4525641,-7.335417
14800.0,1.5538461,-7.7576923
14816.667,3.635577,-7.804167
14833.333,5.7173076,-7.8506413
14850.0,6.539423,-7.871154
14866.667,6.521795,-7.874359
14883.333,6.5089746,-7.8709936
14900.0,6.5153847,-7.8413463
14916.667,6.521795,-7.811699
14933.333,6.519231,-7.8333335
14950.0,6.514423,-7.8677883
14966.667,6.4134617,-7.973077
14983.333,6.168269,-8.184615
15000.0,5.923077,-8.396153
15016.667,5.9038463,-8.392949
15033.333,5.8846154,-8.389744
15050.0,5.8721156,-8.380769
15066.667,5.8641024,-8.367949
15083.333,5.8552885,-8.357211
15100.0,5.8432693,-8.354808
15116.667,5.83125,-8.352404
15133.333,5.8384614,-8.338462
15150.0,5.8504806,-8.321634
15166.667,5.8621793,-8.2987175
15183.333,5.8733974,-8.266666
15200.0,5.8846154,-8.234615
15216.667,5.883013,-8.223397
15233.333,5.88141,-8.212179
15250.0,5.8846154,-8.176923
15266.667,5.8910255,-8.125641
15283.333,5.8945513,-8.08766
15300.0,5.8865385,-8.102884
15316.667,5.8785257,-8.118109
15333.333,3.0679488,-7.7884617
15350.0,-0.44326922,-7.3725963
15366.667,-2.9919872,-7.0746794
15383.333,-4.0969553,-6.9536858
15400.0,-5.201923,-6.832692
15416.667,-5.1963143,-6.8190703
15433.333,-5.1907053,-6.8054485
15450.0,-5.2,-6.7990384
15466.667,-5.2192307,-6.7974358
15483.333,-5.235577,-6.793109
15500.0,-5.2403846,-6.7778845
15516.667,-5.2451925,-6.76266
15533.333,-5.251923,-6.7551284
15550.0,-5.259135,-6.7495193
15566.667,-5.3810897,-6.6852565
15583.333,-5.6751604,-6.533013
15600.0,-5.9692307,-6.3807693
15616.667,-5.9804487,-6.358333
15633.333,-5.991667,-6.3358974
15650.0,-5.9894233,-6.321635
15666.667,-5.978205,-6.3128204
15683.333,-5.9708333,-6.309455
15700.0,-5.978846,-6.3278847
15716.667,-5.986859,-6.346314
15733.333,-5.9884615,-6.3692307
15750.0,-5.9884615,-6.393269
15766.667,-5.981731,-6.405128
15783.333,-5.964904,-6.398718
15800.0,-5.9480767,-6.3923078
15816.667,-2.5963142,-5.4772434
15833.333,0.7554487,-4.5621796
15850.0,2.2903845,-4.0125
15866.667,2.6141026,-3.7064102
15883.333,2.875,-3.4647436
15900.0,2.8846154,-3.4807692
15916.667,2.8942308,-3.496795
15933.333,2.9192307,-3.4884615
15950.0,2.948077,-3.4740384
15966.667,2.9602563,-3.4730768
15983.333,2.9474359,-3.4923077
16000.0,2.9346154,-3.5115385
16016.667,2.925,-3.5115385
16033.333,2.9153845,-3.5115385
16050.0,2.9134614,-3.5
16066.667,2.9166667,-3.4807692
16083.333,2.953205,-3.4471154
16100.0,3.123077,-3.3557692
16116.667,3.2929487,-3.2644231
16133.333,3.7769232,-2.8935897
16150.0,4.339423,-2.4528847
16166.667,4.682051,-2.1897435
16183.333,4.694872,-2.1929488
16200.0,4.707692,-2.1961539
16216.667,4.6964746,-2.213782
16233.333,4.6852565,-2.2314103
16250.0,4.685577,-2.2548077
16266.667,4.6935897,-2.2820513
16283.333,4.21891,-2.4717948
16300.0,1.8134615,-3.3115385
16316.667,-0.5919872,-4.151282
16333.333,-2.7410257,-5.1602564
16350.0,-4.8259616,-6.2115383
16366.667,-6.076923,-6.832692
16383.333,-6.076923,-6.808654
16400.0,-6.076923,-6.7846155
16416.666,-6.0673075,-6.744551
16433.334,-6.0576925,-6.7044873
16450.0,-6.0682693,-6.6884613
16466.666,-6.0923076,-6.6884613
16483.334,-6.108654,-6.6916666
16500.0,-6.0942307,-6.707692
16516.666,-6.0798078,-6.723718
16533.334,-2.323077,-7.2608976
16550.0,2.3692307,-7.928365
16566.666,5.298077,-8.336859
16583.334,5.581731,-8.356891
16600.0,5.8653846,-8.376923
16616.666,5.8709936,-8.340064
16633.334,5.8766026,-8.3032055
16650.0,5.879327,-8.2846155
16666.666,5.8801284,-8.278205
16683.334,5.882372,-8.26859
16700.0,5.8903847,-8.246154
16716.666,5.8983974,-8.223718
16733.334,5.905128,-8.224359
16750.0,5.9115386,-8.230769
16766.666,5.9224358,-8.233974
16783.334,5.940064,-8.232371
16800.0,5.957692,-8.230769
16816.666,5.959295,-8.261218
16833.334,5.9608974,-8.291667
16850.0,5.9634614,-8.30625
16866.666,5.9666667,-8.310256
16883.334,5.9692307,-8.312981
16900.0,5.9692307,-8.310577
16916.666,5.9692307,-8.308173
16933.334,5.9583335,-8.2801285
16950.0,5.9447117,-8.245673
16966.666,5.939423,-8.227243
16983.334,5.946635,-8.232853
17000.0,5.953846,-8.2384615
17016.666,5.958654,-8.204006
17033.334,5.9634614,-8.169551
17050.0,5.9625,-8.148558
17066.666,5.957692,-8.1365385
17083.334,5.950641,-8.125
17100.0,5.9346156,-8.115385
17116.666,5.9185896,-8.105769
17133.334,5.8974357,-8.117949
17150.0,5.875,-8.135577
17166.666,5.8615384,-8.151923
17183.334,5.8615384,-8.166347
17200.0,5.8615384,-8.180769
17216.666,5.869551,-8.195192
17233.334,5.877564,-8.209616
17250.0,5.8846154,-8.219231
17266.666,5.8910255,-8.225641
17283.334,5.895192,-8.229487
17300.0,5.8903847,-8.223077
17316.666,5.8855767,-8.216666
17333.334,5.89359,-8.228847
17350.0,5.9048076,-8.245673
17366.666,5.9121795,-8.266346
17383.334,5.913782,-8.2927885
17400.0,5.915385,-8.319231
17416.666,5.913782,-8.326443
17433.334,5.9121795,-8.333653
17450.0,5.9201922,-8.329327
17466.666,5.9346156,-8.317307
17483.334,5.949359,-8.306731
17500.0,5.9653845,-8.301923
17516.666,5.98141,-8.297115
17533.334,5.980769,-8.310256
17550.0,5.9759617,-8.327885
17566.666,5.971795,-8.337179
17583.334,5.96859,-8.333974
17600.0,5.9653845,-8.33077
17616.666,5.96859,-8.316346
17633.334,5.971795,-8.301923
17650.0,5.975,-8.3125
17666.666,5.978205,-8.339744
17683.334,5.979808,-8.357693
17700.0,5.975,-8.338462
17716.666,5.9701924,-8.319231
17733.334,5.9570513,-8.316667
17750.0,5.941827,-8.318269
17766.666,5.93109,-8.322757
17783.334,5.9270835,-8.331571
17800.0,5.923077,-8.3403845
17816.666,5.911859,-8.365224
17833.334,5.900641,-8.390064
17850.0,5.895192,-8.391346
17866.666,5.89359,-8.376923
17883.334,5.8929486,-8.360577
17900.0,5.896154,-8.336538
17916.666,5.8993587,-8.3125
17933.334,5.8923078,-8.353205
17950.0,5.8826923,-8.410096
17966.666,5.8782053,-8.441346
17983.334,5.88141,-8.4341345
18000.0,5.8846154,-8.426923
18016.666,5.8653846,-8.432532
18033.334,5.8461537,-8.438141
18050.0,5.8427887,-8.442788
18066.666,5.85,-8.4467945
18083.334,5.854487,-8.452885
18100.0,5.848077,-8.467308
18116.666,5.8416667,-8.48173
18133.334,5.8371797,-8.504487
18150.0,5.8331733,-8.529327
18166.666,5.8365383,-8.552885
18183.334,5.8509617,-8.574519
18200.0,5.8653846,-8.596154
18216.666,5.8733974,-8.596154
18233.334,5.88141,-8.596154
18250.0,5.8846154,-8.599519
18266.666,5.8846154,-8.605128
18283.334,5.8865385,-8.610737
18300.0,5.896154,-8.616346
18316.666,5.9057693,-8.621955
18333.334,5.908974,-8.65
18350.0,5.910577,-8.683654
18366.666,5.908974,-8.707051
18383.334,5.902564,-8.715064
18400.0,5.896154,-8.723077
18416.666,5.888141,-8.731891
18433.334,5.8801284,-8.7407055
18450.0,5.1346154,-8.601442
18466.666,3.897436,-8.3634615
18483.334,2.2427886,-8.01859
18500.0,-1.0817307,-7.246154
18516.666,-4.40625,-6.473718
18533.334,-5.1596155,-6.300641
18550.0,-5.270192,-6.277404
18566.666,-5.3413463,-6.241987
18583.334,-5.3533654,-6.188301
18600.0,-5.3653846,-6.1346154
18616.666,-5.3733974,-6.136218
18633.334,-5.38141,-6.1378207
18650.0,-5.3826923,-6.1326923
18666.666,-5.379487,-6.123077
18683.334,-5.378846,-6.1163464
18700.0,-5.3884616,-6.121154
18716.666,-5.398077,-6.1259613
18733.334,-5.3884616,-6.126923
18750.0,-5.3740387,-6.126923
18766.666,-5.360256,-6.128846
18783.334,-5.347436,-6.1336536
18800.0,-5.334615,-6.1384616
18816.666,-5.3466344,-6.1496797
18833.334,-5.358654,-6.1608973
18850.0,-5.35625,-6.1548076
18866.666,-5.3442307,-6.1371794
18883.334,-5.3349357,-6.1125
18900.0,-5.3365383,-6.0596156
18916.666,-5.338141,-6.0067306
18933.334,-5.347436,-5.9923077
18950.0,-5.358654,-5.9875
18966.666,-5.3673077,-5.99359
18983.334,-5.3721156,-6.0160255
19000.0,-5.376923,-6.0384617
19016.666,-5.389744,-6.0032053
19033.334,-5.402564,-5.967949
19050.0,-5.425481,-5.9471154
19066.666,-5.455128,-5.9358974
19083.334,-5.4802885,-5.930128
19100.0,-5.4875,-5.9461536
19116.666,-5.4947114,-5.9621797
19133.334,-5.496154,-5.98141
19150.0,-5.496154,-6.0014424
19166.666,-5.501282,-6.0150642
19183.334,-5.5141025,-6.0190706
19200.0,-5.526923,-6.023077
19216.666,-5.534936,-6.040705
19233.334,-5.5429487,-6.0583334
19250.0,-5.546154,-6.0615387
19266.666,-5.546154,-6.055128
19283.334,-5.542308,-6.0522437
19300.0,-5.523077,-6.0634613
19316.666,-5.503846,-6.0746794
19333.334,-5.498718,-6.0884614
19350.0,-5.4971156,-6.102885
19366.666,-5.501923,-6.1326923
19383.334,-5.516346,-6.185577
19400.0,-5.5307693,-6.2384615
19416.666,-5.5243587,-6.2576923
19433.334,-5.5179486,-6.276923
19450.0,-5.5014424,-6.275
19466.666,-5.478205,-6.2589746
19483.334,-5.458013,-6.250641
19500.0,-5.45,-6.273077
19516.666,-5.441987,-6.2955127
19533.334,-5.4403844,-6.3057694
19550.0,-5.4403844,-6.3129807
19566.666,-5.441346,-6.315064
19583.334,-5.44375,-6.309455
19600.0,-5.4461536,-6.3038464
19616.666,-5.434936,-6.2910256
19633.334,-5.423718,-6.278205
19650.0,-5.4307694,-6.272115
19666.666,-5.45,-6.270513
19683.334,-5.460577,-6.26859
19700.0,-5.4365387,-6.2653847
19716.666,-5.4125,-6.2621794
19733.334,-5.40641,-6.2615385
19750.0,-5.4048076,-6.2615385
19766.666,-5.4,-6.2628207
19783.334,-5.3903847,-6.2660255
19800.0,-5.3807693,-6.269231
19816.666,-5.388782,-6.269231
19833.334,-5.396795,-6.269231
19850.0,-5.4057693,-6.2596154
19866.666,-5.415385,-6.24359
19883.334,-5.423077,-6.228846
19900.0,-5.423077,-6.2192307
19916.666,-5.423077,-6.209615
19933.334,-5.4307694,-6.2211537
19950.0,-5.4403844,-6.237981
19966.666,-5.447436,-6.2458334
19983.334,-5.450641,-6.2402244
20000.0,-5.453846,-6.2346153
20016.666,-5.479487,-6.2121797
20033.334,-5.5051284,-6.1897435
20050.0,-5.518269,-6.185577
20066.666,-5.523077,-6.1935897
20083.334,-5.527564,-6.20609
20100.0,-5.5307693,-6.2365384
20116.666,-5.533974,-6.2669873
20133.334,-5.5352564,-6.276282
20150.0,-5.5360575,-6.2802887
20166.666,-5.529487,-6.2836537
20183.334,-5.511859,-6.2860575
20200.0,-5.4942307,-6.2884617
20216.666,-5.5190706,-6.293269
20233.334,-5.54391,-6.298077
20250.0,-5.5451922,-6.3028846
20266.666,-5.5307693,-6.3076925
20283.334,-5.5189104,-6.3190703
20300.0,-5.5173078,-6.356731
20316.666,-5.515705,-6.394391
20333.334,-5.526923,-6.398718
20350.0,-5.541346,-6.3947115
20366.666,-5.5583334,-6.3858976
20383.334,-5.579167,-6.3698716
20400.0,-5.6,-6.353846
20416.666,-5.6136217,-6.336218
20433.334,-5.6272435,-6.3185897
20450.0,-5.633173,-6.3158655
20466.666,-5.6339746,-6.3230767
20483.334,-5.6403847,-6.3241987
20500.0,-5.669231,-6.3009615
20516.666,-5.6980767,-6.2777243
20533.334,-5.697436,-6.2858973
20550.0,-5.689423,-6.3019233
20566.666,-5.6839743,-6.3173075
20583.334,-5.6823716,-6.331731
20600.0,-5.6807694,-6.3461537
20616.666,-5.6527243,-6.360577
20633.334,-5.6246796,-6.375
20650.0,-5.5985575,-6.391827
20666.666,-5.573718,-6.4102564
20683.334,-5.5535254,-6.430128
20700.0,-5.5519233,-6.455769
20716.666,-5.5503206,-6.48141
20733.334,-5.529487,-6.4692307
20750.0,-5.503846,-6.447596
20766.666,-5.4903846,-6.4371796
20783.334,-5.4951925,-6.4435897
20800.0,-5.5,-6.45
20816.666,-5.480769,-6.4516025
20833.334,-5.4615383,-6.453205
20850.0,-5.4375,-6.452404
20866.666,-5.4102564,-6.45
20883.334,-5.3871794,-6.4479165
20900.0,-5.3807693,-6.4471154
20916.666,-5.374359,-6.4463143
20933.334,-5.353846,-6.4641027
20950.0,-5.3298078,-6.4865384
20966.666,-5.3134613,-6.5076923
20983.334,-5.308654,-6.526923
21000.0,-5.3038464,-6.546154
21016.666,-5.28141,-6.5429487
21033.334,-5.2589746,-6.5397434
21050.0,-5.2586536,-6.5576925
21066.666,-5.273077,-6.5897436
21083.334,-5.283974,-6.6128206
21100.0,-5.2807693,-6.6
21116.666,-5.277564,-6.5871797
21133.334,-5.282051,-6.591026
21150.0,-5.2884617,-6.5990386
21166.666,-5.675,-6.6121793
21183.334,-6.6317306,-6.633013
21200.0,-7.5884614,-6.6538463
21216.666,-7.7759614,-6.6650643
21233.334,-7.9634614,-6.676282
21250.0,-8.057693,-6.6769233
21266.666,-8.089744,-6.6705127
21283.334,-8.117308,-6.6679487
21300.0,-8.126923,-6.6807694
21316.666,-8.1365385,-6.6935897
21333.334,-8.410256,-6.7
21350.0,-8.75,-6.7048078
21366.666,-9.990385,-6.9346156
21383.334,-12.581731,-7.501923
21400.0,-15.173077,-8.069231
21416.666,-15.142629,-8.05
21433.334,-15.11218,-8.030769
21450.0,-15.102404,-8.024038
21466.666,-15.10641,-8.025641
21483.334,-15.114583,-8.032692
21500.0,-15.139423,-8.061539
21516.666,-15.164263,-8.0903845
21533.334,-15.16859,-8.13782
21550.0,-15.1677885,-8.189904
21566.666,-15.193269,-8.270833
21583.334,-15.258173,-8.395032
21600.0,-15.323077,-8.519231
21616.666,-15.3471155,-8.564102
21633.334,-15.371154,-8.608974
21650.0,-15.389423,-8.632692
21666.666,-15.403846,-8.642307
21683.334,-15.422436,-8.653525
21700.0,-15.457692,-8.671154
21716.666,-15.492949,-8.688782
21733.334,-15.503846,-8.702564
21750.0,-15.508654,-8.7153845
21766.666,-15.523718,-8.709616
21783.334,-15.554167,-8.6759615
21800.0,-15.584616,-8.642307
21816.666,-15.563782,-8.629487
21833.334,-15.542949,-8.616667
21850.0,-15.522116,-8.591346
21866.666,-15.501282,-8.557693
21883.334,-15.483654,-8.529488
21900.0,-15.478847,-8.523077
21916.666,-15.474038,-8.516666
21933.334,-15.470512,-8.500641
21950.0,-15.467308,-8.482211
21966.666,-15.466666,-8.456731
21983.334,-15.4698715,-8.420673
22000.0,-15.473077,-8.384615
22016.666,-15.47468,-8.370193
22033.334,-15.476282,-8.355769
22050.0,-15.467308,-8.35673
22066.666,-15.4512825,-8.367949
22083.334,-15.439102,-8.37532
22100.0,-15.442307,-8.367308
22116.666,-15.445513,-8.359295
22133.334,-15.497436,-8.273077
22150.0,-15.561539,-8.167308
22166.666,-15.753205,-7.1285257
22183.334,-16.136217,-4.690224
22200.0,-16.51923,-2.251923
22216.666,-16.55609,-2.220673
22233.334,-16.592949,-2.189423
22250.0,-16.615385,-2.1576922
22266.666,-16.628204,-2.125641
22283.334,-16.6375,-2.0983975
22300.0,-16.632692,-2.0903847
22316.666,-16.627884,-2.0823717
22333.334,-16.610256,-2.074359
22350.0,-16.589422,-2.0663462
22366.666,-16.571795,-2.0576923
22383.334,-16.558975,-2.0480769
22400.0,-16.546154,-2.0384614
22416.666,-16.191988,-1.9519231
22433.334,-15.83782,-1.8653846
22450.0,-15.703846,-1.8307692
22466.666,-15.716666,-1.8307692
22483.334,-15.732051,-1.8336538
22500.0,-15.757692,-1.8480769
22516.666,-15.783334,-1.8625
22533.334,-15.825641,-1.8858974
22550.0,-15.872115,-1.9115385
22566.666,-15.9028845,-1.9346154
22583.334,-15.910096,-1.9538461
22600.0,-15.917308,-1.9730769
22616.666,-15.882853,-1.965064
22633.334,-15.848397,-1.9570513
22650.0,-15.83077,-1.9490385
22666.666,-15.824359,-1.9410256
22683.334,-15.8240385,-1.9334936
22700.0,-15.848077,-1.9278846
22716.666,-15.872115,-1.9222757
22733.334,-15.877564,-2.2397435
22750.0,-15.8783655,-2.6379807
22766.666,-15.792308,-3.4429488
22783.334,-15.575961,-4.8580127
22800.0,-15.359615,-6.273077
22816.666,-15.363622,-6.2883015
22833.334,-15.367628,-6.3035254
22850.0,-15.360577,-6.308173
22866.666,-15.346154,-6.3057694
22883.334,-15.338462,-6.3083334
22900.0,-15.357693,-6.330769
22916.666,-15.376923,-6.353205
22933.334,-15.394872,-6.3826923
22950.0,-15.4125,-6.4139423
22966.666,-15.3,-6.486859
22983.334,-14.992308,-6.622276
23000.0,-14.684615,-6.7576923
23016.666,-14.424199,-6.946795
23033.334,-14.163782,-7.1358976
23050.0,-14.067788,-7.225
23066.666,-14.08141,-7.247436
23083.334,-14.095512,-7.26859
23100.0,-14.111539,-7.2846155
23116.666,-14.127564,-7.300641
23133.334,-14.128205,-7.3128204
23150.0,-14.125,-7.3240385
23166.666,-14.132372,-7.329167
23183.334,-14.155609,-7.32516
23200.0,-14.178846,-7.3211536
23216.666,-14.831891,-7.293109
23233.334,-15.484936,-7.2650642
23250.0,-15.7625,-7.2576923
23266.666,-15.789743,-7.2641025
23283.334,-15.817628,-7.2679486
23300.0,-15.848077,-7.2615385
23316.666,-15.878526,-7.2551284
23333.334,-15.871154,-7.254487
23350.0,-15.854327,-7.2552886
23366.666,-15.846795,-7.263141
23383.334,-15.853205,-7.2815704
23400.0,-15.859615,-7.3
23416.666,-15.870032,-7.308013
23433.334,-15.880448,-7.3160257
23450.0,-15.876923,-7.3182693
23466.666,-15.864102,-7.3166666
23483.334,-15.855128,-7.314263
23500.0,-15.861539,-7.308654
23516.666,-15.867949,-7.303045
23533.334,-15.869231,-7.2878203
23550.0,-15.869231,-7.270192
23566.666,-15.872436,-7.258013
23583.334,-15.880448,-7.2540064
23600.0,-15.888461,-7.25
23616.666,-14.709776,-7.111378
23633.334,-13.53109,-6.9727564
23650.0,-9.154327,-6.487019
23666.666,-2.6455128,-5.7698717
23683.334,3.175641,-5.077244
23700.0,6.246154,-4.4826922
23716.666,9.316667,-3.888141
23733.334,9.951923,-3.7897437
23750.0,9.978365,-3.8153846
23766.666,9.988141,-3.8365386
23783.334,9.972917,-3.8509614
23800.0,9.957692,-3.8653846
23816.666,9.935256,-3.8573718
23833.334,9.912821,-3.849359
23850.0,9.918269,-3.8423078
23866.666,9.942307,-3.8358974
23883.334,9.961538,-3.8394232
23900.0,9.961538,-3.8826923
23916.666,9.961538,-3.9259615
23933.334,10.161538,-3.9551282
23950.0,10.411538,-3.9807692
23966.666,11.301282,-3.976923
23983.334,13.150641,-3.9288461
24000.0,15.0,-3.8807693
24016.666,7.7628207,-1.8703525
24033.334,0.525641,0.1400641
24050.0,-1.1707692,0.39932692
24066.666,-2.8671794,0.6585897
24083.334,-4.5635896,0.9178526
24100.0,-6.26,1.1771154
24116.666,-7.9564104,1.4363782
24133.334,-9.652821,1.695641
24150.0,-11.349231,1.9549038
24166.666,-13.045641,2.2141666
24183.334,-14.742051,2.4734294
24200.0,-16.438461,2.7326922
24216.666,-16.009775,-2.205609
24233.334,-15.58109,-7.1439104
24250.0,-15.192788,-8.2875
24266.666,-14.83141,-6.901282
24283.334,-14.5487175,-5.7846155
24300.0,-14.58077,-5.746154
24316.666,-14.612821,-5.707692
24333.334,-14.610256,-5.6628203
24350.0,-14.599038,-5.6163464
24366.666,-14.795513,-5.682051
24383.334,-15.303526,-5.9160256
24400.0,-15.811539,-6.15
24416.666,-15.814744,-6.15
24433.334,-15.817948,-6.15
24450.0,-15.807693,-6.1355767
24466.666,-15.788462,-6.1115384
24483.334,-15.771314,-6.103846
24500.0,-15.7625,-6.1615386
24516.666,-15.753686,-6.2192307
24533.334,-15.771795,-6.220513
24550.0,-15.796635,-6.207692
24566.666,-15.81218,-6.258333
24583.334,-15.813782,-6.4041667
24600.0,-15.815385,-6.55
24616.666,-15.786538,-6.641346
24633.334,-15.757692,-6.7326922
24650.0,-15.743269,-6.789423
24666.666,-15.7384615,-6.8230767
24683.334,-15.735897,-6.8490386
24700.0,-15.742308,-6.8442307
24716.666,-15.748718,-6.839423
24733.334,-15.748718,-6.870513
24750.0,-15.747115,-6.910577
24766.666,-15.742308,-7.0057693
24783.334,-15.732693,-7.183654
24800.0,-15.723077,-7.3615384
24816.666,-15.588462,-7.7357373
24833.334,-15.453846,-8.109936
24850.0,-15.4,-8.267789
24866.666,-15.4,-8.28141
24883.334,-15.401923,-8.291667
24900.0,-15.411538,-8.288462
24916.666,-15.421154,-8.285256
24933.334,-15.421795,-8.294871
24950.0,-15.420193,-8.307693
24966.666,-15.426923,-8.322436
24983.334,-15.446154,-8.340064
25000.0,-15.4653845,-8.357693
25016.666,-15.464583,-8.372115
25033.334,-15.463782,-8.3865385
25050.0,-15.461058,-8.404808
25066.666,-15.457051,-8.425641
25083.334,-15.454166,-8.444872
25100.0,-15.45577,-8.457692
25116.666,-15.457372,-8.470512
25133.334,-15.458974,-8.475641
25150.0,-15.460577,-8.478847
25166.666,-15.491667,-8.417949
25183.334,-15.566987,-8.260898
25200.0,-15.642307,-8.103847
25216.666,-15.651923,-8.09343
25233.334,-15.661538,-8.083013
25250.0,-15.670193,-8.078365
25266.666,-15.6782055,-8.077564
25283.334,-15.685416,-8.074359
25300.0,-15.689423,-8.061539
25316.666,-15.69343,-8.0487175
25333.334,-15.705129,-8.038462
25350.0,-15.71875,-8.028846
25366.666,-15.7384615,-8.032051
25383.334,-15.767307,-8.054487
25400.0,-15.796154,-8.076923
25416.666,-15.781731,-8.083333
25433.334,-15.767307,-8.089744
25450.0,-15.770192,-8.114423
25466.666,-15.7846155,-8.151282
25483.334,-15.795513,-8.180609
25500.0,-15.792308,-8.179808
25516.666,-15.789103,-8.179007
25533.334,-15.788462,-8.188461
25550.0,-15.788462,-8.20048
25566.666,-15.788782,-8.210257
25583.334,-15.789583,-8.216666
25600.0,-15.790384,-8.223077
25616.666,-15.773558,-8.221475
25633.334,-15.756731,-8.2198715
25650.0,-13.74375,-7.6870193
25666.666,-10.4,-6.8
25683.334,-7.5690703,-6.010096
25700.0,-6.789423,-5.608654
25716.666,-6.0097756,-5.2072115
25733.334,-5.8525643,-5.110256
25750.0,-5.8509617,-5.089423
25766.666,-5.8608975,-5.0766025
25783.334,-5.888141,-5.0758014
25800.0,-5.915385,-5.075
25816.666,-5.938622,-5.097436
25833.334,-5.9618587,-5.1198716
25850.0,-6.3615384,-5.1951923
25866.666,-7.0121794,-5.3057694
25883.334,-8.253686,-5.6152244
25900.0,-11.858654,-6.7201924
25916.666,-15.463622,-7.82516
25933.334,-16.203846,-8.0301285
25950.0,-16.227884,-8.010097
25966.666,-16.242628,-7.9897437
25983.334,-16.24343,-7.96891
26000.0,-16.24423,-7.9480767
26016.666,-16.222595,-7.9472756
26033.334,-16.200962,-7.9464746
26050.0,-16.194231,-7.9692307
26066.666,-16.197435,-8.007692
26083.334,-16.200321,-8.039743
26100.0,-16.201923,-8.046154
26116.666,-16.203526,-8.052564
26133.334,-16.171795,-8.041667
26150.0,-16.131731,-8.026443
26166.666,-16.01218,-7.9977565
26183.334,-15.773397,-7.9488783
26200.0,-15.5346155,-7.9
26216.666,-15.536218,-7.908814
26233.334,-15.537821,-7.9176283
26250.0,-15.545193,-7.9259615
26266.666,-15.55641,-7.9339743
26283.334,-15.570513,-7.941186
26300.0,-15.596154,-7.9451923
26316.666,-15.621795,-7.9491987
26333.334,-15.632051,-7.9461536
26350.0,-15.638461,-7.941346
26366.666,-15.639744,-7.9397435
26383.334,-15.633333,-7.942949
26400.0,-15.626923,-7.9461536
26416.666,-15.626923,-7.954167
26433.334,-15.626923,-7.9621797
26450.0,-15.626923,-7.9615383
26466.666,-15.626923,-7.955128
26483.334,-15.626923,-7.9434295
26500.0,-15.626923,-7.910577
26516.666,-15.626923,-7.877724
26533.334,-15.629487,-7.874359
26550.0,-15.632692,-7.8783655
26566.666,-15.631411,-7.871154
26583.334,-15.623398,-7.8471155
26600.0,-15.615385,-7.8230767
26616.666,-15.607371,-7.83109
26633.334,-15.599359,-7.8391027
26650.0,-15.5903845,-7.8432693
26666.666,-15.58077,-7.844872
26683.334,-15.568911,-7.848077
26700.0,-15.548077,-7.8576922
26716.666,-15.527244,-7.8673077
26733.334,-15.415384,-7.7371793
26750.0,-15.280769,-7.5721154
26766.666,-15.188461,-7.4673076
26783.334,-15.1596155,-7.4528847
26800.0,-15.130769,-7.4384613
26816.666,-15.129167,-7.4240384
26833.334,-15.127564,-7.4096155
26850.0,-15.1365385,-7.419231
26866.666,-15.152564,-7.444872
26883.334,-15.166667,-7.4663463
26900.0,-15.173077,-7.4711537
26916.666,-15.179487,-7.4759617
26933.334,-15.191026,-7.480769
26950.0,-15.203846,-7.485577
26966.666,-13.858334,-7.197436
26983.334,-10.475321,-6.469872
27000.0,-7.0923076,-5.7423077
27016.666,-6.795833,-5.538782
27033.334,-6.499359,-5.3352566
27050.0,-6.3875,-5.2653847
27066.666,-6.398718,-5.2846155
27083.334,-6.408013,-5.3067307
27100.0,-6.4096155,-5.3403845
27116.666,-6.411218,-5.3740387
27133.334,-6.4358974,-5.3910255
27150.0,-6.4663463,-5.4038463
27166.666,-6.4891024,-5.417308
27183.334,-6.5003204,-5.4317307
27200.0,-6.5115385,-5.4461536
27216.666,-6.4875,-5.454167
27233.334,-6.4634614,-5.4621797
27250.0,-6.460577,-5.473077
27266.666,-6.471795,-5.4858975
27283.334,-6.4804487,-5.4983974
27300.0,-6.478846,-5.5096154
27316.666,-6.4772434,-5.5208335
27333.334,-6.475,-5.5326924
27350.0,-6.472596,-5.5447116
27366.666,-6.780449,-4.9464746
27383.334,-7.5536857,-3.4328525
27400.0,-8.326923,-1.9192308
27416.666,-8.379807,-1.9176282
27433.334,-8.432693,-1.9160256
27450.0,-8.474038,-1.9254807
27466.666,-8.507692,-1.9423077
27483.334,-8.534295,-1.9629807
27500.0,-8.532692,-1.9990385
27516.666,-8.53109,-2.0350962
27533.334,-10.001282,-2.7064102
27550.0,-11.839423,-3.5365384
27566.666,-13.463462,-4.636218
27583.334,-14.766346,-6.1402245
27600.0,-16.069231,-7.644231
27616.666,-16.032372,-7.6354165
27633.334,-15.995513,-7.6266026
27650.0,-15.978365,-7.6298075
27666.666,-15.974359,-7.6410255
27683.334,-15.965064,-7.6559296
27700.0,-15.934615,-7.685577
27716.666,-15.904166,-7.7152243
27733.334,-15.89359,-7.730769
27750.0,-15.88798,-7.7427883
27766.666,-15.750641,-7.7551284
27783.334,-15.415705,-7.7679486
27800.0,-15.08077,-7.7807693
27816.666,-15.061539,-7.8048077
27833.334,-15.042308,-7.828846
27850.0,-15.033654,-7.8451924
27866.666,-15.032051,-7.85641
27883.334,-15.030449,-7.8684297
27900.0,-15.028846,-7.8836536
27916.666,-15.027244,-7.898878
27933.334,-15.020513,-7.8974357
27950.0,-15.0125,-7.891827
27966.666,-14.908334,-7.8772435
27983.334,-14.659936,-7.849199
28000.0,-14.411538,-7.8211536
28016.666,-11.599038,-7.4581733
28033.334,-8.786538,-7.0951924
28050.0,-7.6634617,-6.9399037
28066.666,-7.6666665,-6.923077
28083.334,-7.6716347,-6.9078526
28100.0,-7.683654,-6.8990383
28116.666,-7.695673,-6.8902245
28133.334,-7.7102566,-6.898718
28150.0,-7.7254806,-6.9115386
28166.666,-7.7423077,-6.9195514
28183.334,-7.7615385,-6.9203525
28200.0,-7.7807693,-6.921154
28216.666,-7.7727566,-6.9123397
28233.334,-7.764744,-6.903526
28250.0,-7.764423,-6.9
28266.666,-7.769231,-6.9
28283.334,-7.7714744,-6.898077
28300.0,-7.7634616,-6.8884616
28316.666,-7.755449,-6.878846
28333.334,-7.726923,-6.8807693
28350.0,-7.6932693,-6.8855767
28366.666,-7.6807694,-6.901282
28383.334,-7.7,-6.9333334
28400.0,-7.7192307,-6.9653845
28416.666,-8.616667,-6.9878206
28433.334,-9.514103,-7.0102563
28450.0,-11.284135,-7.2115383
28466.666,-13.635898,-7.532051
28483.334,-15.516186,-7.790385
28500.0,-15.510577,-7.8
28516.666,-15.504968,-7.8096156
28533.334,-15.494872,-7.828205
28550.0,-15.483654,-7.8490386
28566.666,-15.477564,-7.8673077
28583.334,-15.479167,-7.8817306
28600.0,-15.480769,-7.896154
28616.666,-15.48718,-7.9009614
28633.334,-15.493589,-7.9057693
28650.0,-15.495193,-7.9076924
28666.666,-15.493589,-7.9076924
28683.334,-15.489423,-7.9128203
28700.0,-15.475,-7.9384613
28716.666,-15.460577,-7.9641027
28733.334,-15.453846,-7.9692307
28750.0,-15.4490385,-7.9692307
28766.666,-15.444231,-7.959615
28783.334,-15.439423,-7.935577
28800.0,-15.434615,-7.9115386
28816.666,-15.416987,-7.890705
28833.334,-15.399359,-7.8698716
28850.0,-15.381731,-7.8644233
28866.666,-15.364102,-7.8692307
28883.334,-15.350962,-7.871154
28900.0,-15.355769,-7.8615384
28916.666,-15.360577,-7.851923
28933.334,-15.355128,-7.8551283
28950.0,-15.3471155,-7.8615384
28966.666,-15.344231,-7.8679485
28983.334,-15.349038,-7.874359
29000.0,-15.353847,-7.8807693
29016.666,-15.360256,-7.8871794
29033.334,-15.366667,-7.89359
29050.0,-15.3716345,-7.894231
29066.666,-15.375641,-7.8910255
29083.334,-15.380448,-7.8878207
29100.0,-15.388461,-7.8846154
29116.666,-15.396474,-7.88141
29133.334,-15.412821,-7.8846154
29150.0,-15.43125,-7.889423
29166.666,-15.430769,-7.8923078
29183.334,-15.401923,-7.8923078
29200.0,-15.373077,-7.8923078
29216.666,-15.3842945,-7.890705
29233.334,-15.395513,-7.8891025
29250.0,-15.399038,-7.896154
29266.666,-15.397436,-7.908974
29283.334,-15.399359,-7.921154
29300.0,-15.415384,-7.9307694
29316.666,-15.43141,-7.9403844
29333.334,-15.429487,-7.970513
29350.0,-15.423077,-8.005769
29366.666,-15.422756,-8.030769
29383.334,-15.43157,-8.040384
29400.0,-15.440385,-8.05
29416.666,-15.445993,-8.051602
29433.334,-15.451603,-8.0532055
29450.0,-15.4721155,-8.059615
29466.666,-15.502564,-8.069231
29483.334,-15.523718,-8.0740385
29500.0,-15.507692,-8.059615
29516.666,-15.491667,-8.045193
29533.334,-15.4884615,-8.041026
29550.0,-15.4884615,-8.039423
29566.666,-15.495193,-8.041026
29583.334,-15.512019,-8.047436
29600.0,-15.528846,-8.053846
29616.666,-15.523237,-8.058654
29633.334,-15.517629,-8.063461
29650.0,-15.533654,-8.075961
29666.666,-15.564102,-8.09359
29683.334,-15.579487,-8.109295
29700.0,-15.5346155,-8.117308
29716.666,-15.489743,-8.12532
29733.334,-15.493589,-8.124359
29750.0,-15.509615,-8.121154
29766.666,-15.516666,-8.118269
29783.334,-15.510257,-8.115866
29800.0,-15.503846,-8.1134615
29816.666,-15.494231,-8.127084
29833.334,-15.484615,-8.140705
29850.0,-15.476923,-8.125961
29866.666,-15.470512,-8.092308
29883.334,-15.408814,-8.050801
29900.0,-15.125961,-7.977885
29916.666,-14.843109,-7.904968
29933.334,-14.785256,-7.8923078
29950.0,-14.783654,-7.8947115
29966.666,-14.779808,-7.8929486
29983.334,-14.772596,-7.884936
30000.0,-14.765385,-7.876923
30016.666,-14.766987,-7.889744
30033.334,-14.76859,-7.902564
30050.0,-14.781731,-7.9115386
30066.666,-14.802564,-7.9179487
30083.334,-14.860897,-7.910577
30100.0,-15.069231,-7.848077
30116.666,-15.277564,-7.785577
30133.334,-15.316667,-7.7557693
30150.0,-15.313461,-7.7341347
30166.666,-15.316667,-7.7259617
30183.334,-15.329487,-7.737981
30200.0,-15.342308,-7.75
30216.666,-15.324679,-7.7764425
30233.334,-15.307052,-7.8028846
30250.0,-15.311539,-7.799519
30266.666,-15.33077,-7.776282
30283.334,-15.344551,-7.7576923
30300.0,-15.336538,-7.7576923
30316.666,-15.328526,-7.7576923
30333.334,-15.097436,-7.7346153
30350.0,-14.810577,-7.705769
30366.666,-14.645192,-7.6871796
30383.334,-14.662019,-7.6839743
30400.0,-14.678846,-7.6807694
30416.666,-14.70609,-7.6983976
30433.334,-14.733334,-7.716026
30450.0,-14.729327,-7.730769
30466.666,-14.704487,-7.74359
30483.334,-14.689102,-7.7490387
30500.0,-14.711538,-7.725
30516.666,-14.733974,-7.7009616
30533.334,-14.746154,-7.6897435
30550.0,-14.755769,-7.6817307
30566.666,-14.757692,-7.673718
30583.334,-14.748077,-7.665705
30600.0,-14.7384615,-7.6576924
30616.666,-14.914743,-7.6817307
30633.334,-15.091025,-7.705769
30650.0,-15.165384,-7.714904
30666.666,-15.171795,-7.7141027
30683.334,-15.178846,-7.7097754
30700.0,-15.188461,-7.691346
30716.666,-15.198077,-7.672917
30733.334,-15.2012825,-7.6557693
30750.0,-15.202885,-7.6389422
30766.666,-15.199359,-7.622436
30783.334,-15.188141,-7.60641
30800.0,-15.176923,-7.5903845
30816.666,-15.191346,-7.5895834
30833.334,-15.20577,-7.588782
30850.0,-15.221154,-7.5942307
30866.666,-15.23718,-7.603846
30883.334,-15.244552,-7.605769
30900.0,-15.217308,-7.576923
30916.666,-15.190064,-7.548077
30933.334,-15.180769,-7.55
30950.0,-15.1759615,-7.5596156
30966.666,-15.179487,-7.5608974
30983.334,-15.195513,-7.5496793
31000.0,-15.211538,-7.5384617
31016.666,-15.227564,-7.5657053
31033.334,-15.243589,-7.592949
31050.0,-15.25,-7.608654
31066.666,-15.25,-7.616667
31083.334,-15.248077,-7.6217947
31100.0,-15.2384615,-7.6153846
31116.666,-15.228847,-7.6089745
31133.334,-14.901282,-7.675641
31150.0,-14.494231,-7.7605767
31166.666,-14.243589,-7.8134613
31183.334,-14.227564,-7.8182693
31200.0,-14.211538,-7.8230767
31216.666,-14.206731,-7.826282
31233.334,-14.201923,-7.8294873
31250.0,-14.486539,-7.832692
31266.666,-14.964103,-7.8358974
31283.334,-15.349359,-7.8323717
31300.0,-15.365385,-7.8019233
31316.666,-15.381411,-7.7714744
31333.334,-15.381411,-7.773077
31350.0,-15.377404,-7.7826924
31366.666,-15.370193,-7.7846155
31383.334,-15.358173,-7.775
31400.0,-15.346154,-7.7653847
31416.666,-15.331731,-7.7741985
31433.334,-15.317307,-7.783013
31450.0,-15.3009615,-7.7860575
31466.666,-15.283334,-7.7852564
31483.334,-15.267789,-7.7860575
31500.0,-15.260577,-7.793269
31516.666,-15.2533655,-7.800481
31533.334,-15.2615385,-7.8141026
31550.0,-15.273558,-7.829327
31566.666,-15.205129,-7.817949
31583.334,-15.016026,-7.766667
31600.0,-14.826923,-7.7153845
31616.666,-11.366186,-7.1576924
31633.334,-7.905449,-6.6
31650.0,-6.512019,-6.3759613
31666.666,-6.4967947,-6.374359
31683.334,-6.483333,-6.376923
31700.0,-6.476923,-6.396154
31716.666,-6.470513,-6.415385
31733.334,-6.479487,-6.444872
31750.0,-6.4923077,-6.476923
31766.666,-6.500641,-6.501282
31783.334,-6.5022435,-6.5141025
31800.0,-6.503846,-6.526923
31816.666,-6.49984,-6.528526
31833.334,-6.4958334,-6.530128
31850.0,-6.4745193,-6.514423
31866.666,-6.4416666,-6.4871793
31883.334,-6.419872,-6.46891
31900.0,-6.4423075,-6.4865384
31916.666,-6.4647436,-6.5041666
31933.334,-6.5307693,-6.50641
31950.0,-6.6076922,-6.5048075
31966.666,-8.164743,-6.7064104
31983.334,-11.941987,-7.2128205
32000.0,-15.719231,-7.7192307
32016.666,-15.722436,-7.717628
32033.334,-15.725641,-7.716026
32050.0,-15.728847,-7.714423
32066.666,-15.732051,-7.7128205
32083.334,-15.729808,-7.711218
32100.0,-15.70577,-7.709615
32116.666,-15.681731,-7.708013
32133.334,-15.671795,-7.7256413
32150.0,-15.665384,-7.748077
32166.666,-15.6551285,-7.7570515
32183.334,-15.639103,-7.7458334
32200.0,-15.623077,-7.7346153
32216.666,-15.645513,-7.748237
32233.334,-15.667949,-7.761859
32250.0,-15.675481,-7.7653847
32266.666,-15.673077,-7.7621794
32283.334,-15.673237,-7.761058
32300.0,-15.683654,-7.768269
32316.666,-15.694071,-7.7754807
32333.334,-15.702564,-7.7653847
32350.0,-15.710577,-7.7509613
32366.666,-15.602564,-7.7358975
32383.334,-15.320513,-7.719872
32400.0,-15.038462,-7.703846
32416.666,-14.998398,-7.702244
32433.334,-14.958333,-7.700641
32450.0,-14.943269,-7.709615
32466.666,-14.944872,-7.7256413
32483.334,-14.946154,-7.7413464
32500.0,-14.946154,-7.7557693
32516.666,-14.946154,-7.770192
32533.334,-14.960897,-7.7641025
32550.0,-14.979327,-7.7528844
32566.666,-15.083653,-7.733333
32583.334,-15.316827,-7.701282
32600.0,-15.55,-7.669231
32616.666,-15.533975,-7.686859
32633.334,-15.517949,-7.7044873
32650.0,-15.495193,-7.7163463
32666.666,-15.467949,-7.724359
32683.334,-15.443269,-7.73141
32700.0,-15.428846,-7.7346153
32716.666,-15.414423,-7.7378206
32733.334,-15.403205,-7.7089744
32750.0,-15.392789,-7.6721153
32766.666,-15.383013,-7.654487
32783.332,-15.374199,-7.665705
32800.0,-15.365385,-7.6769233
32816.668,-15.360577,-7.6809297
32833.332,-15.355769,-7.684936
32850.0,-15.35,-7.6927886
32866.668,-15.34359,-7.703205
32883.332,-15.342949,-7.714423
32900.0,-15.365385,-7.728846
32916.668,-15.38782,-7.7432694
32933.332,-15.40641,-7.826282
32950.0,-15.424039,-7.926442
32966.668,-15.436539,-7.991987
32983.332,-15.441346,-8.005609
33000.0,-15.446154,-8.019231
33016.668,-15.475,-8.034455
33033.332,-15.503846,-8.04968
33050.0,-15.510577,-8.054327
33066.668,-15.502564,-8.051923
33083.332,-15.49984,-8.0509615
33100.0,-15.51827,-8.055769
33116.668,-15.536698,-8.060577
33133.332,-15.517949,-8.05641
33150.0,-15.489903,-8.05
33166.668,-15.4698715,-8.0532055
33183.332,-15.461859,-8.070833
33200.0,-15.453846,-8.088462
33216.668,-15.445833,-8.088462
33233.332,-15.43782,-8.088462
33250.0,-15.452885,-8.092308
33266.668,-15.483334,-8.098718
33283.332,-15.506731,-8.104487
33300.0,-15.501923,-8.107693
33316.668,-15.497115,-8.110897
33333.332,-15.491026,-8.105769
33350.0,-15.484615,-8.098557
33366.668,-15.4862175,-8.093269
33383.332,-15.49984,-8.090865
33400.0,-15.513461,-8.088462
33416.668,-15.471795,-8.114903
33433.332,-15.430128,-8.141346
33450.0,-15.408173,-8.148558
33466.668,-15.399359,-8.142949
33483.332,-15.389423,-8.135577
33500.0,-15.375,-8.121154
33516.668,-15.360577,-8.10673
33533.332,-15.337179,-8.119231
33550.0,-15.311539,-8.138461
33566.668,-15.292949,-8.153205
33583.332,-15.284936,-8.161218
33600.0,-15.276923,-8.16923
33616.668,-15.310577,-8.191667
33633.332,-15.344231,-8.214103
33650.0,-15.349038,-8.220192
33666.668,-15.334616,-8.2153845
33683.332,-15.317307,-8.208653
33700.0,-15.288462,-8.194231
33716.668,-15.259615,-8.179808
33733.332,-15.133333,-8.055128
33750.0,-14.982693,-7.9028845
33766.668,-14.907051,-7.8214746
33783.332,-14.943911,-7.846314
33800.0,-14.980769,-7.871154
33816.668,-14.982371,-7.8671474
33833.332,-14.983974,-7.863141
33850.0,-14.979808,-7.8413463
33866.668,-14.971795,-7.8076925
33883.332,-14.966346,-7.782051
33900.0,-14.971154,-7.7884617
33916.668,-14.975962,-7.794872
33933.332,-14.974359,-7.8141026
33950.0,-14.971154,-7.8365383
33966.668,-14.971795,-7.846795
33983.332,-14.978205,-7.838782
34000.0,-14.984615,-7.830769
34016.668,-14.978205,-7.816346
34033.332,-14.971795,-7.8019233
34050.0,-14.975,-7.7884617
34066.668,-14.984615,-7.775641
34083.332,-15.04391,-7.771154
34100.0,-15.301923,-7.8
34116.668,-15.559936,-7.828846
34133.332,-15.623077,-7.8653846
34150.0,-15.6375,-7.9038463
34166.668,-15.650641,-7.926282
34183.332,-15.661859,-7.9246793
34200.0,-15.673077,-7.923077
34216.668,-15.663462,-7.9270835
34233.332,-15.653846,-7.93109
34250.0,-15.625961,-7.9149036
34266.668,-15.585897,-7.8852563
34283.332,-15.551442,-7.863141
34300.0,-15.539423,-7.871154
34316.668,-15.527404,-7.8791666
34333.332,-15.55,-7.891667
34350.0,-15.58125,-7.9052887
34366.668,-15.5926285,-7.909295
34383.332,-15.574199,-7.898878
34400.0,-15.555769,-7.8884616
34416.668,-15.532532,-7.8740387
34433.332,-15.5092945,-7.8596153
34450.0,-15.502885,-7.852885
34466.668,-15.507692,-7.851282
34483.332,-15.489423,-7.835577
34500.0,-15.378846,-7.7634616
34516.668,-15.26827,-7.691346
34533.332,-15.26827,-7.691346
34550.0,-15.26827,-7.691346
