0.0,-0.5538462,-9.565385
16.666666,-0.55865383,-9.585417
33.333332,-0.56346154,-9.605449
50.0,-0.5677885,-9.612981
66.666664,-0.57179487,-9.61218
83.333336,-0.5764423,-9.613622
100.0,-0.58365387,-9.624039
116.666664,-0.5908654,-9.634455
133.33333,-0.58589745,-9.625641
150.0,-0.5778846,-9.61202
166.66667,-0.574359,-9.598718
183.33333,-0.5775641,-9.585897
200.0,-0.58076924,-9.573077
216.66667,-0.5887821,-9.558654
233.33333,-0.59679484,-9.54423
250.0,-1.8288461,-9.038462
266.66666,-3.876923,-8.205129
283.33334,-5.5141025,-7.52484
300.0,-5.5076923,-7.456731
316.66666,-5.501282,-7.388622
333.33334,-5.483333,-7.3801284
350.0,-5.4625,-7.3865385
366.66666,-5.4403844,-7.3919873
383.33334,-5.416346,-7.3959937
400.0,-5.3923078,-7.4
416.66666,-5.3554487,-7.4288464
433.33334,-5.3185897,-7.457692
450.0,-5.291346,-7.475
466.66666,-5.270513,-7.4846153
483.33334,-5.250641,-7.4964743
500.0,-5.2346153,-7.5173078
516.6667,-5.21859,-7.5381413
533.3333,-1.0089743,-7.7256413
550.0,4.2490387,-7.9548078
566.6667,7.514423,-8.102243
583.3333,7.7908654,-8.127084
600.0,8.067307,-8.151923
616.6667,7.986378,-8.090224
633.3333,7.905449,-8.028525
650.0,7.8509617,-8.022116
666.6667,7.8141026,-8.052564
683.3333,7.7778845,-8.084135
700.0,7.7442307,-8.120193
716.6667,7.710577,-8.15625
733.3333,7.6846156,-8.148718
750.0,7.660577,-8.130288
766.6667,7.4528847,-8.105769
783.3333,6.9697113,-8.072115
800.0,6.4865384,-8.038462
816.6667,6.4729166,-7.988782
833.3333,6.459295,-7.9391026
850.0,6.4528847,-7.910577
866.6667,6.451282,-7.896154
883.3333,6.4509616,-7.8839746
900.0,6.455769,-7.8807693
916.6667,6.460577,-7.877564
933.3333,6.4615383,-7.8384614
950.0,6.4615383,-7.790385
966.6667,6.4589744,-7.7576923
983.3333,6.4525642,-7.748077
1000.0,6.4461536,-7.7384615
1016.6667,6.432532,-7.723237
1033.3334,6.41891,-7.708013
1050.0,6.3884616,-7.6807694
1066.6666,6.346795,-7.645513
1083.3334,6.3059297,-7.617468
1100.0,6.268269,-7.6182694
1116.6666,6.230609,-7.6190705
1133.3334,6.1910257,-7.599359
1150.0,6.1509614,-7.574519
1166.6666,6.1179485,-7.5483975
1183.3334,6.095513,-7.5203524
1200.0,6.0730767,-7.4923077
1216.6666,5.888782,-7.594872
1233.3334,5.7044873,-7.697436
1250.0,5.6182694,-7.7375
1266.6666,5.597436,-7.7358975
1283.3334,5.5778847,-7.740064
1300.0,5.5634613,-7.7673078
1316.6666,5.5490384,-7.7945514
1333.3334,5.5346155,-7.8089743
1350.0,5.520192,-7.8201923
1366.6666,5.5076923,-7.8294873
1383.3334,5.498077,-7.8358974
1400.0,5.4884615,-7.8423076
1416.6666,0.8041667,-7.545833
1433.3334,-3.8801281,-7.249359
1450.0,-5.7875,-7.0384617
1466.6666,-5.84359,-6.8846154
1483.3334,-5.878846,-6.7451925
1500.0,-5.830769,-6.6634617
1516.6666,-5.7826924,-6.581731
1533.3334,-5.7589746,-6.5391026
1550.0,-5.7413464,-6.50625
1566.6666,-5.73141,-6.4791665
1583.3334,-5.7330127,-6.460737
1600.0,-5.7346153,-6.4423075
1616.6666,-5.7442307,-6.448718
1633.3334,-5.753846,-6.455128
1650.0,-5.7442307,-6.4432693
1666.6666,-5.721795,-6.419231
1683.3334,-5.6980767,-6.4067307
1700.0,-5.669231,-6.4403844
1716.6666,-5.6403847,-6.4740386
1733.3334,-5.6115384,-6.497436
1750.0,-5.582692,-6.518269
1766.6666,-5.5583334,-6.5278845
1783.3334,-5.540705,-6.5206733
1800.0,-5.523077,-6.5134616
1816.6666,-5.5134616,-6.511058
1833.3334,-5.503846,-6.5086536
1850.0,-5.4971156,-6.5033655
1866.6666,-5.4923077,-6.496154
1883.3334,-5.513782,-6.4748397
1900.0,-5.6403847,-6.397115
1916.6666,-5.7669873,-6.3193913
1933.3334,-5.8089743,-6.273077
1950.0,-5.8298078,-6.2346153
1966.6666,-5.8375,-6.208013
1983.3334,-5.825481,-6.1991987
2000.0,-5.8134613,-6.1903844
2016.6666,-5.80625,-6.197596
2033.3334,-5.7990384,-6.2048078
2050.0,-5.8038464,-6.231731
2066.6667,-5.8166666,-6.271795
2083.3333,-5.8259616,-6.305128
2100.0,-5.8211536,-6.3115387
2116.6667,-5.816346,-6.317949
2133.3333,-5.7910256,-6.3275642
2150.0,-5.7605767,-6.3379807
2166.6667,-5.7403846,-6.3503203
2183.3333,-5.735577,-6.365545
2200.0,-5.730769,-6.3807693
2216.6667,-5.730769,-6.382372
2233.3333,-5.730769,-6.3839746
2250.0,-5.728846,-6.3855767
2266.6667,-5.7256413,-6.3871794
2283.3333,-5.721474,-6.389744
2300.0,-5.7134614,-6.396154
2316.6667,-5.7054486,-6.402564
2333.3333,-5.694872,-6.40641
2350.0,-5.683654,-6.4096155
2366.6667,-5.677564,-6.4096155
2383.3333,-5.679167,-6.4048076
2400.0,-5.6807694,-6.4
2416.6667,-5.691987,-6.4
2433.3333,-5.703205,-6.4
2450.0,-5.7153845,-6.4057693
2466.6667,-5.728205,-6.415385
2483.3333,-5.737981,-6.4216347
2500.0,-5.735577,-6.414423
2516.6667,-5.733173,-6.4072113
2533.3333,-5.733333,-6.408974
2550.0,-5.7341347,-6.4129806
2566.6667,-5.7365384,-6.4128203
2583.3333,-5.7413464,-6.40641
2600.0,-5.746154,-6.4
2616.6667,-5.7509613,-6.414423
2633.3333,-5.7557693,-6.4288464
2650.0,-5.753846,-6.425
2666.6667,-5.747436,-6.408974
2683.3333,-5.7413464,-6.393269
2700.0,-5.7365384,-6.378846
2716.6667,-5.731731,-6.3644233
2733.3333,-5.7326922,-6.3589745
2750.0,-5.735096,-6.355769
2766.6667,-5.7410254,-6.349359
2783.3333,-5.7522435,-6.338141
2800.0,-5.7634616,-6.326923
2816.6667,-5.781891,-6.360577
2833.3333,-5.8003206,-6.394231
2850.0,-5.816346,-6.397115
2866.6667,-5.830769,-6.379487
2883.3333,-5.845513,-6.3653846
2900.0,-5.8615384,-6.3653846
2916.6667,-5.877564,-6.3653846
2933.3333,-5.8871794,-6.3615384
2950.0,-5.895192,-6.356731
2966.6667,-5.874359,-6.328205
2983.3333,-5.8102565,-6.2641025
3000.0,-5.746154,-6.2
3016.6667,-5.7477565,-6.2
3033.3333,-5.749359,-6.2
3050.0,-5.7548075,-6.2173076
3066.6667,-5.7628207,-6.246154
3083.3333,-5.766346,-6.259295
3100.0,-5.751923,-6.209615
3116.6667,-5.7375,-6.159936
3133.3333,-5.7346153,-6.155128
3150.0,-5.7346153,-6.1615386
3166.6667,-5.73141,-6.1641026
3183.3333,-5.7233973,-6.1608973
3200.0,-5.7153845,-6.1576924
3216.6667,-5.721795,-6.1705127
3233.3333,-5.728205,-6.1833334
3250.0,-5.7221155,-6.169231
3266.6667,-5.707692,-6.1371794
3283.3333,-5.694872,-6.1054487
3300.0,-5.6884613,-6.075
3316.6667,-5.682051,-6.0445514
3333.3333,-5.6846156,-6.0243587
3350.0,-5.689423,-6.0067306
3366.6667,-5.6903844,-6.0048075
3383.3333,-5.685577,-6.0264425
3400.0,-5.6807694,-6.048077
3416.6667,-5.6623397,-6.0328526
3433.3333,-5.6439104,-6.017628
3450.0,-5.6259613,-6.012981
3466.6667,-5.608333,-6.0153847
3483.3333,-5.595032,-6.0225964
3500.0,-5.5990386,-6.0490384
3516.6667,-5.603045,-6.075481
3533.3333,-5.6,-6.0730767
3550.0,-5.5951924,-6.0634613
3566.6667,-5.59359,-6.0673075
3583.3333,-5.596795,-6.0913463
3600.0,-5.6,-6.1153846
3616.6667,-5.5983973,-6.125
3633.3333,-5.596795,-6.1346154
3650.0,-5.597596,-6.1485577
3666.6667,-5.6,-6.165385
3683.3333,-5.570032,-5.833814
3700.0,-5.410577,-4.108654
3716.6667,-5.251122,-2.3834937
3733.3333,-5.2346153,-1.9769231
3750.0,-5.253846,-1.9
3766.6667,-5.2698717,-1.875641
3783.3333,-5.28109,-1.9301282
3800.0,-5.292308,-1.9846153
3816.6667,-5.3019233,-1.9926282
3833.3333,-5.3115387,-2.000641
3850.0,-5.326923,-2.0153847
3866.6667,-5.3461537,-2.0346153
3883.3333,-5.363782,-2.0490384
3900.0,-5.375,-2.0442307
3916.6667,-5.386218,-2.039423
3933.3333,-5.3948717,-2.0294871
3950.0,-5.4028845,-2.0182693
3966.6667,-5.413782,-2.0192308
3983.3333,-5.4290066,-2.0384614
4000.0,-5.4442306,-2.0576923
4016.6667,-5.4610577,-2.0633013
4033.3333,-5.477885,-2.0689104
4050.0,-5.4894233,-2.0697114
4066.6667,-5.497436,-2.0673077
4083.3333,-5.5009613,-2.063141
4100.0,-5.4865384,-2.051923
4116.6665,-5.4721155,-2.0407052
4133.3335,-5.471795,-2.0307693
4150.0,-5.475,-2.021154
4166.6665,-5.473718,-2.0076923
4183.3335,-5.465705,-1.9884615
4200.0,-5.457692,-1.9692308
4216.6665,-5.436859,-1.9708333
4233.3335,-5.4160256,-1.972436
4250.0,-5.4,-1.9543269
4266.6665,-5.3871794,-1.9230769
4283.3335,-5.3185897,-1.9059294
4300.0,-5.026923,-1.9451923
4316.6665,-4.735256,-1.9844551
4333.3335,-1.6141026,-3.3935897
4350.0,2.2144232,-5.145192
4366.6665,4.548077,-6.2201924
4383.3335,4.639423,-6.2802887
4400.0,4.730769,-6.3403845
4416.6665,4.6923075,-6.2858973
4433.3335,4.6538463,-6.23141
4450.0,4.646154,-6.216827
4466.6665,4.658974,-6.228846
4483.3335,4.6679487,-6.2483974
4500.0,4.6615386,-6.298077
4516.6665,4.655128,-6.3477564
4533.3335,4.651282,-6.351282
4550.0,4.648077,-6.3432693
4566.6665,2.9948719,-6.3442307
4583.3335,-1.1333333,-6.358654
4600.0,-5.2615385,-6.373077
4616.6665,-5.2431087,-6.3193913
4633.3335,-5.2246795,-6.265705
4650.0,-5.1822114,-6.2139425
4666.6665,-5.123718,-6.1634617
4683.3335,-5.0721154,-6.1182694
4700.0,-5.048077,-6.0942307
4716.6665,-5.0240383,-6.0701923
4733.3335,-5.0141025,-6.046154
4750.0,-5.0076923,-6.022115
4766.6665,-5.002564,-6.002564
4783.3335,-4.999359,-5.9897437
4800.0,-4.996154,-5.976923
4816.6665,-5.007372,-5.976923
4833.3335,-5.01859,-5.976923
4850.0,-5.175481,-5.9903846
4866.6665,-5.429487,-6.0128207
4883.3335,-5.6434293,-6.034295
4900.0,-5.6971154,-6.0519233
4916.6665,-5.750801,-6.0695515
4933.3335,-5.7602563,-6.0839744
4950.0,-5.7586536,-6.097596
4966.6665,-5.7679486,-6.1227565
4983.3335,-5.7935896,-6.1652246
5000.0,-5.8192306,-6.207692
5016.6665,-5.8368587,-6.194872
5033.3335,-5.854487,-6.182051
5050.0,-5.875,-6.167308
5066.6665,-5.8974357,-6.151282
5083.3335,-5.9147434,-6.1301284
5100.0,-5.9115386,-6.0884614
5116.6665,-5.9083333,-6.046795
5133.3335,-5.921795,-6.032051
5150.0,-5.939423,-6.0240383
5166.6665,-5.953205,-6.0128207
5183.3335,-5.961218,-5.9967947
5200.0,-5.9692307,-5.980769
5216.6665,-5.985256,-5.963141
5233.3335,-6.001282,-5.945513
5250.0,-6.0134616,-5.9403844
5266.6665,-6.023077,-5.9435897
5283.3335,-6.03109,-5.941987
5300.0,-6.0326924,-5.921154
5316.6665,-6.034295,-5.9003205
5333.3335,-6.044872,-5.9
5350.0,-6.0576925,-5.9048076
5366.6665,-6.092949,-6.0153847
5383.3335,-6.161859,-6.2846155
5400.0,-6.230769,-6.5538464
5416.6665,-6.2451925,-6.5522437
5433.3335,-6.2596154,-6.550641
5450.0,-6.266346,-6.541346
5466.6665,-6.2679486,-6.526923
5483.3335,-6.2714744,-6.5206733
5500.0,-6.2826924,-6.5471153
5516.6665,-6.29391,-6.573558
5533.3335,-6.2858973,-6.580128
5550.0,-6.273077,-6.581731
5566.6665,-6.2628207,-6.588782
5583.3335,-6.25641,-6.6040063
5600.0,-6.25,-6.6192307
5616.6665,-6.241987,-6.616827
5633.3335,-6.2339745,-6.6144233
5650.0,-6.227885,-6.6110578
5666.6665,-6.223077,-6.6070514
5683.3335,-6.2192307,-6.6052885
5700.0,-6.2192307,-6.6125
5716.6665,-6.2192307,-6.6197114
5733.3335,-6.224359,-6.633333
5750.0,-6.230769,-6.6485577
5766.6665,-6.2346153,-6.6634617
5783.3335,-6.2346153,-6.6778846
5800.0,-6.2346153,-6.6923075
5816.6665,-6.229808,-6.7155447
5833.3335,-6.225,-6.738782
5850.0,-6.223077,-6.74375
5866.6665,-6.223077,-6.7365384
5883.3335,-6.222436,-6.728045
5900.0,-6.2192307,-6.714423
5916.6665,-6.216026,-6.7008014
5933.3335,-6.2141027,-6.6769233
5950.0,-6.2125,-6.6504807
5966.6665,-6.2089744,-6.628846
5983.3335,-6.2025642,-6.6144233
6000.0,-6.1961536,-6.6
6016.6665,-6.199359,-6.5871797
6033.3335,-6.2025642,-6.574359
6050.0,-6.2052884,-6.566346
6066.6665,-6.207692,-6.5615387
6083.3335,-6.206891,-6.5538464
6100.0,-6.1932693,-6.5346155
6116.6665,-6.1796474,-6.5153847
6133.3335,-6.174359,-6.5115385
6150.0,-6.171154,-6.5115385
6166.6665,-6.1621795,-6.4929485
6183.3335,-6.1445513,-6.4464746
6200.0,-6.126923,-6.4
6216.6665,-6.1173077,-6.4160256
6233.3335,-6.1076922,-6.432051
6250.0,-6.0913463,-6.4307694
6266.6665,-6.070513,-6.4179487
6283.3335,-6.053205,-6.404487
6300.0,-6.05,-6.3884616
6316.6665,-6.046795,-6.372436
6333.3335,-6.048718,-6.3596153
6350.0,-6.0519233,-6.347596
6366.6665,-6.052564,-6.339423
6383.3335,-6.049359,-6.3370194
6400.0,-6.046154,-6.334615
6416.6665,-6.0397434,-6.333013
6433.3335,-6.0333333,-6.3314104
6450.0,-6.023077,-6.325
6466.6665,-6.0102563,-6.3153844
6483.3335,-6.0016026,-6.3092947
6500.0,-6.0096154,-6.3173075
6516.6665,-6.017628,-6.3253207
6533.3335,-6.067949,-6.320513
6550.0,-6.128846,-6.3125
6566.6665,-6.199359,-6.307051
6583.3335,-6.284295,-6.3054485
6600.0,-6.3692307,-6.3038464
6616.6665,-6.3740387,-6.356731
6633.3335,-6.378846,-6.4096155
6650.0,-6.3778844,-6.441346
6666.6665,-6.373077,-6.4589744
6683.3335,-6.3708334,-6.4766026
6700.0,-6.378846,-6.4942307
6716.6665,-6.386859,-6.511859
6733.3335,-6.3615384,-6.5076923
6750.0,-6.3278847,-6.498077
6766.6665,-6.302564,-6.501282
6783.3335,-6.2897434,-6.523718
6800.0,-6.276923,-6.546154
6816.6665,-6.265705,-6.559776
6833.3335,-6.254487,-6.5733976
6850.0,-6.2423077,-6.5677886
6866.6665,-6.229487,-6.549359
6883.3335,-6.2208333,-6.5346155
6900.0,-6.228846,-6.5346155
6916.6665,-6.236859,-6.5346155
6933.3335,-6.228205,-6.5346155
6950.0,-6.2153845,-6.5346155
6966.6665,-6.209615,-6.534936
6983.3335,-6.214423,-6.535737
7000.0,-6.2192307,-6.5365386
7016.6665,-6.211218,-6.5309296
7033.3335,-6.203205,-6.5253205
7050.0,-6.189423,-6.5105767
7066.6665,-6.171795,-6.4897437
7083.3335,-6.1365385,-6.4528847
7100.0,-6.0307693,-6.351923
7116.6665,-5.925,-6.2509613
7133.3335,-5.901282,-6.225
7150.0,-5.898077,-6.2177887
7166.6665,-5.894231,-6.2134614
7183.3335,-5.889423,-6.2134614
7200.0,-5.8846154,-6.2134614
7216.6665,-5.866987,-6.191827
7233.3335,-5.849359,-6.1701922
7250.0,-5.839423,-6.165385
7266.6665,-5.834615,-6.171795
7283.3335,-5.8328524,-6.183173
7300.0,-5.8432693,-6.214423
7316.6665,-5.853686,-6.245673
7333.3335,-5.85,-6.2589746
7350.0,-5.8427887,-6.2677884
7366.6665,-5.8339744,-6.270513
7383.3335,-5.8227563,-6.2641025
7400.0,-5.8115387,-6.2576923
7416.6665,-5.7971153,-6.2240386
7433.3335,-5.7826924,-6.1903844
7450.0,-5.7740383,-6.1798077
7466.6665,-5.769231,-6.1846156
7483.3335,-5.765705,-6.1891026
7500.0,-5.7673078,-6.1923075
7516.6665,-5.7689104,-6.195513
7533.3335,-5.7743587,-6.2326922
7550.0,-5.7807693,-6.2783656
7566.6665,-5.790385,-6.3278847
7583.3335,-5.8048077,-6.383173
7600.0,-5.8192306,-6.4384613
7616.6665,-5.8064103,-6.440064
7633.3335,-5.7935896,-6.4416666
7650.0,-5.7807693,-6.4346156
7666.6665,-5.7679486,-6.421795
7683.3335,-5.754327,-6.4102564
7700.0,-5.7375,-6.4038463
7716.6665,-5.720673,-6.3974357
7733.3335,-5.723077,-6.396795
7750.0,-5.7302885,-6.3975964
7766.6665,-5.7371793,-6.390705
7783.3335,-5.74359,-6.372276
7800.0,-5.75,-6.353846
7816.6665,-5.7548075,-6.347436
7833.3335,-5.7596154,-6.341026
7850.0,-5.7576923,-6.330769
7866.6665,-5.751282,-6.317949
7883.3335,-5.748718,-6.306891
7900.0,-5.7615385,-6.3028846
7916.6665,-5.7743587,-6.298878
7933.3335,-5.7807693,-6.301282
7950.0,-5.785577,-6.3052883
7966.6665,-5.7881413,-6.304487
7983.3335,-5.7873397,-6.2964745
8000.0,-5.7865386,-6.2884617
8016.6665,-5.7873397,-6.2916665
8033.3335,-5.7881413,-6.294872
8050.0,-5.7826924,-6.2951922
8066.6665,-5.773077,-6.2935896
8083.3335,-5.7589746,-6.290705
8100.0,-5.726923,-6.2826924
8116.6665,-5.694872,-6.2746797
8133.3335,-5.671795,-6.302564
8150.0,-5.6509614,-6.339423
8166.6665,-5.6371794,-6.360256
8183.3335,-5.6339746,-6.3570514
8200.0,-5.6307693,-6.353846
8216.667,-5.6259613,-6.3522434
8233.333,-5.621154,-6.3506413
8250.0,-5.6153846,-6.3625
8266.667,-5.6089745,-6.383333
8283.333,-5.6070514,-6.3996797
8300.0,-5.623077,-6.398077
8316.667,-5.6391025,-6.3964744
8333.333,-5.6602564,-6.4442306
8350.0,-5.6826925,-6.504327
8366.667,-5.7070513,-6.547756
8383.333,-5.734295,-6.566186
8400.0,-5.7615385,-6.584615
8416.667,-5.7615385,-6.5621796
8433.333,-5.7615385,-6.5397434
8450.0,-5.777404,-6.5235577
8466.667,-5.8038464,-6.5115385
8483.333,-5.830769,-6.495032
8500.0,-5.8596153,-6.460577
8516.667,-5.8884616,-6.4261217
8533.333,-5.9115386,-6.401923
8550.0,-5.933173,-6.3802886
8566.667,-5.95,-6.3560896
8583.333,-5.959615,-6.328045
8600.0,-5.9692307,-6.3
8616.667,-5.997276,-6.291987
8633.333,-6.0253205,-6.283974
8650.0,-6.045673,-6.2788463
8666.667,-6.0608974,-6.275641
8683.333,-6.074359,-6.264744
8700.0,-6.080769,-6.223077
8716.667,-6.0871797,-6.1814103
8733.333,-6.1141024,-6.173718
8750.0,-6.146154,-6.174519
8766.667,-6.173718,-6.1714745
8783.333,-6.1945515,-6.16266
8800.0,-6.2153845,-6.1538463
8816.667,-6.6576924,-6.206731
8833.333,-7.1,-6.2596154
8850.0,-7.2798076,-6.276923
8866.667,-7.2846155,-6.270513
8883.333,-7.291346,-6.2641025
8900.0,-7.3057694,-6.2576923
8916.667,-7.3201923,-6.251282
8933.333,-7.1006413,-6.299359
8950.0,-6.822596,-6.3610578
8966.667,-6.6583333,-6.3939104
8983.333,-6.6647434,-6.3834934
9000.0,-6.671154,-6.373077
9016.667,-6.684776,-6.347436
9033.333,-6.6983976,-6.321795
9050.0,-6.710577,-6.3096156
9066.667,-6.721795,-6.3064103
9083.333,-6.731891,-6.3100963
9100.0,-6.7375,-6.3413463
9116.667,-6.7431087,-6.3725963
9133.333,-6.74359,-6.3871794
9150.0,-6.7427883,-6.3975964
9166.667,-6.7429485,-6.407372
9183.333,-6.744551,-6.416186
9200.0,-6.746154,-6.425
9216.667,-6.7229166,-6.452244
9233.333,-6.6996794,-6.479487
9250.0,-6.6879807,-6.491827
9266.667,-6.6839743,-6.4942307
9283.333,-6.6817307,-6.501923
9300.0,-6.6865387,-6.5307693
9316.667,-6.691346,-6.5596156
9333.333,-6.6897435,-6.5730767
9350.0,-6.6865387,-6.582692
9366.667,-6.6878204,-6.598077
9383.333,-6.695833,-6.6221156
9400.0,-6.703846,-6.646154
9416.667,-6.697436,-6.634936
9433.333,-6.6910257,-6.623718
9450.0,-6.7009616,-6.626923
9466.667,-6.721795,-6.639744
9483.333,-6.741987,-6.645513
9500.0,-6.7596154,-6.623077
9516.667,-6.7772436,-6.6006413
9533.333,-6.7974358,-6.6121793
9550.0,-6.8182693,-6.6322117
9566.667,-6.8339744,-6.6375
9583.333,-6.841987,-6.620673
9600.0,-6.85,-6.603846
9616.667,-6.85,-6.603846
9633.333,-6.85,-6.603846
9650.0,-6.852885,-6.6076922
9666.667,-6.8576922,-6.6141024
9683.333,-6.8607373,-6.6184297
9700.0,-6.856731,-6.6144233
9716.667,-6.8527246,-6.610417
9733.333,-6.84359,-6.610256
9750.0,-6.8331733,-6.6110578
9766.667,-6.826923,-6.608333
9783.333,-6.826923,-6.6003203
9800.0,-6.826923,-6.5923076
9816.667,-6.8277245,-6.5858974
9833.333,-6.8285255,-6.5794873
9850.0,-6.83125,-6.580769
9866.667,-6.8352566,-6.5871797
9883.333,-6.8384614,-6.5913463
9900.0,-6.8384614,-6.5865383
9916.667,-6.8384614,-6.581731
9933.333,-6.84359,-6.5891027
9950.0,-6.85,-6.5995193
9966.667,-6.841987,-6.6051283
9983.333,-6.81234,-6.6035256
10000.0,-6.7826924,-6.601923
10016.667,-6.767468,-6.615545
10033.333,-6.7522435,-6.6291666
10050.0,-6.7403846,-6.65
10066.667,-6.730769,-6.675641
10083.333,-6.7221155,-6.6942306
10100.0,-6.7173076,-6.6846156
10116.667,-6.7125,-6.675
10133.333,-6.7102566,-6.6615386
10150.0,-6.708654,-6.647115
10166.667,-6.7083335,-6.6291666
10183.333,-6.7099357,-6.6059294
10200.0,-6.7115383,-6.582692
10216.667,-6.7163463,-6.570673
10233.333,-6.7211537,-6.558654
10250.0,-6.725,-6.5557694
10266.667,-6.728205,-6.5589743
10283.333,-6.7310896,-6.5602565
10300.0,-6.7326922,-6.5538464
10316.667,-6.734295,-6.5474358
10333.333,-6.7397437,-6.552564
10350.0,-6.746154,-6.560577
10366.667,-6.7467947,-6.5583334
10383.333,-6.738782,-6.540705
10400.0,-6.730769,-6.523077
10416.667,-6.698718,-6.5134616
10433.333,-6.6666665,-6.503846
10450.0,-6.6182694,-6.6259613
10466.667,-6.5589743,-6.8358974
10483.333,-6.507372,-7.001923
10500.0,-6.4865384,-6.9923077
10516.667,-6.465705,-6.9826922
10533.333,-6.4602566,-7.001282
10550.0,-6.458654,-7.026923
10566.667,-6.4564104,-7.0474358
10583.333,-6.453205,-7.0602565
10600.0,-6.45,-7.0730767
10616.667,-6.4459934,-7.082692
10633.333,-6.441987,-7.0923076
10650.0,-6.4350963,-7.0985575
10666.667,-6.426282,-7.1025643
10683.333,-6.421154,-7.1078525
10700.0,-6.4307694,-7.1182694
10716.667,-6.4403844,-7.128686
10733.333,-6.455128,-7.1474357
10750.0,-6.4711537,-7.168269
10766.667,-6.4948716,-7.1814103
10783.333,-6.530128,-7.183013
10800.0,-6.5653844,-7.1846156
10816.667,-6.584615,-7.1822114
10833.333,-6.603846,-7.1798077
10850.0,-6.6278844,-7.1875
10866.667,-6.655128,-7.201923
10883.333,-6.683654,-7.2102566
10900.0,-6.7173076,-7.1942306
10916.667,-6.7509613,-7.178205
10933.333,-6.7910256,-7.1641026
10950.0,-6.832692,-7.1504807
10966.667,-6.8673077,-7.141667
10983.333,-6.891346,-7.1400642
11000.0,-6.915385,-7.1384616
11016.667,-6.9514422,-7.1472754
11033.333,-6.9875,-7.15609
11050.0,-7.008173,-7.1620193
11066.667,-7.01859,-7.1660256
11083.333,-7.028205,-7.16891
11100.0,-7.0346155,-7.167308
11116.667,-7.0410256,-7.165705
11133.333,-7.044872,-7.179487
11150.0,-7.048077,-7.1971154
11166.667,-7.049359,-7.217949
11183.333,-7.047756,-7.24359
11200.0,-7.046154,-7.269231
11216.667,-7.047756,-7.269231
11233.333,-7.049359,-7.269231
11250.0,-7.0596156,-7.264904
11266.667,-7.075641,-7.2576923
11283.333,-7.0868587,-7.24984
11300.0,-7.078846,-7.2394233
11316.667,-7.070833,-7.2290063
11333.333,-7.0384617,-7.2384615
11350.0,-7.0,-7.2528844
11366.667,-6.976282,-7.2615385
11383.333,-6.9746795,-7.2615385
11400.0,-6.973077,-7.2615385
11416.667,-6.952244,-7.2735577
11433.333,-6.9314103,-7.285577
11450.0,-6.9052887,-7.295673
11466.667,-6.875641,-7.304487
11483.333,-6.848237,-7.3192306
11500.0,-6.8298078,-7.3576922
11516.667,-6.811378,-7.396154
11533.333,-6.802564,-7.4076924
11550.0,-6.796154,-7.4125
11566.667,-6.7891026,-7.4147434
11583.333,-6.78109,-7.4131413
11600.0,-6.773077,-7.4115386
11616.667,-6.768269,-7.401923
11633.333,-6.7634616,-7.3923078
11650.0,-6.770192,-7.3846154
11666.667,-6.7846155,-7.3782053
11683.333,-6.797756,-7.377564
11700.0,-6.8057694,-7.4
11716.667,-6.813782,-7.4224358
11733.333,-6.8166666,-7.421795
11750.0,-6.8182693,-7.415385
11766.667,-6.8160257,-7.407051
11783.333,-6.808013,-7.3958335
11800.0,-6.8,-7.3846154
11816.667,-6.7983975,-7.3782053
11833.333,-6.796795,-7.3717947
11850.0,-6.8028846,-7.373077
11866.667,-6.8141026,-7.379487
11883.333,-6.82516,-7.385737
11900.0,-6.835577,-7.391346
11916.667,-6.8459935,-7.396955
11933.333,-6.8576922,-7.4134617
11950.0,-6.8697114,-7.4326925
11966.667,-6.879487,-7.4451923
11983.333,-6.8858976,-7.447596
12000.0,-6.8923078,-7.45
12016.667,-6.836218,-7.3995194
12033.333,-6.780128,-7.3490386
12050.0,-6.7557693,-7.3158655
12066.667,-6.752564,-7.294231
12083.333,-6.7467947,-7.2733974
12100.0,-6.730769,-7.2557693
12116.667,-6.7147436,-7.238141
12133.333,-6.6935897,-7.2192307
12150.0,-6.671154,-7.2
12166.667,-6.6538463,-7.1788464
12183.333,-6.644231,-7.1548076
12200.0,-6.6346154,-7.1307693
12216.667,-6.6201925,-7.121154
12233.333,-6.605769,-7.1115384
12250.0,-6.580769,-7.0951924
12266.667,-6.548718,-7.074359
12283.333,-6.5153847,-7.0548077
12300.0,-6.476923,-7.040385
12316.667,-6.4384613,-7.0259614
12333.333,-6.4948716,-7.0410256
12350.0,-6.575,-7.0634613
12366.667,-6.6217947,-7.082692
12383.333,-6.61859,-7.0971155
12400.0,-6.6153846,-7.1115384
12416.667,-6.6033654,-7.1027246
12433.333,-6.5913463,-7.09391
12450.0,-6.573558,-7.072596
12466.667,-6.5519233,-7.0429487
12483.333,-6.530449,-7.0160255
12500.0,-6.5096154,-7.0
12516.667,-6.488782,-6.9839745
12533.333,-6.4653845,-6.9692307
12550.0,-6.441346,-6.9548078
12566.667,-6.4076924,-6.9403844
12583.333,-6.3596153,-6.9259615
12600.0,-6.3115387,-6.9115386
12616.667,-6.2145834,-6.9307694
12633.333,-6.117628,-6.95
12650.0,-6.0639424,-6.9375
12666.667,-6.0391026,-6.9038463
12683.333,-6.0173078,-6.8735576
12700.0,-6.0076923,-6.856731
12716.667,-5.998077,-6.839904
12733.333,-5.974359,-6.798718
12750.0,-5.9471154,-6.7514424
12766.667,-5.924359,-6.7201924
12783.333,-5.9083333,-6.7129807
12800.0,-5.8923078,-6.705769
12816.667,-5.895513,-6.66891
12833.333,-5.898718,-6.6320515
12850.0,-5.884135,-6.6
12866.667,-5.8576922,-6.5711536
12883.333,-5.832692,-6.549519
12900.0,-5.8134613,-6.5567307
12916.667,-5.794231,-6.5639424
12933.333,-5.773077,-6.551282
12950.0,-5.7514424,-6.5336537
12966.667,-5.73141,-6.5089746
12983.333,-5.713782,-6.473718
13000.0,-5.6961536,-6.4384613
13016.667,-5.716987,-6.396795
13033.333,-5.7378206,-6.3551283
13050.0,-5.769231,-6.2283654
13066.667,-5.8076925,-6.044872
13083.333,-5.8403845,-5.896955
13100.0,-5.85,-5.891346
13116.667,-5.8596153,-5.885737
13133.333,-5.8576922,-5.8884616
13150.0,-5.852885,-5.893269
13166.667,-5.853205,-5.896795
13183.333,-5.861218,-5.8983974
13200.0,-5.8692307,-5.9
13216.667,-5.878846,-5.959295
13233.333,-5.8884616,-6.01859
13250.0,-5.7798076,-6.1980767
13266.667,-5.5923076,-6.457692
13283.333,-5.440064,-6.6604166
13300.0,-5.4288464,-6.6355767
13316.667,-5.4176283,-6.6107373
13333.333,-5.4076924,-6.6128206
13350.0,-5.398077,-6.6216345
13366.667,-5.3865385,-6.6375
13383.333,-5.3721156,-6.6639423
13400.0,-5.3576922,-6.6903844
13416.667,-5.3496795,-6.6751604
13433.333,-5.3416667,-6.659936
13450.0,-5.325,-6.6615386
13466.667,-5.302564,-6.674359
13483.333,-5.2770834,-6.6822114
13500.0,-5.2394233,-6.6701922
13516.667,-5.2017627,-6.658173
13533.333,-5.2025642,-6.6448717
13550.0,-5.2129807,-6.63125
13566.667,-5.2108974,-6.610256
13583.333,-5.190064,-6.578205
13600.0,-5.169231,-6.546154
13616.667,-5.14359,-6.5173078
13633.333,-5.1179485,-6.4884615
13650.0,-5.0990386,-6.45625
13666.667,-5.084615,-6.421795
13683.333,-5.077404,-6.396795
13700.0,-5.0990386,-6.4096155
13716.667,-5.120673,-6.4224358
13733.333,-5.0653844,-6.4115386
13750.0,-4.990865,-6.3947115
13766.667,-4.944872,-6.373718
13783.333,-4.9416666,-6.346474
13800.0,-4.9384613,-6.3192306
13816.667,-4.9528847,-6.340064
13833.333,-4.9673076,-6.3608975
13850.0,-4.9846153,-6.354808
13866.667,-5.003846,-6.330769
13883.333,-5.016346,-6.3048077
13900.0,-5.001923,-6.271154
13916.667,-4.9875,-6.2375
13933.333,-4.9820514,-6.246154
13950.0,-4.978846,-6.2653847
13966.667,-4.970513,-6.26859
13983.333,-4.9544873,-6.2477565
14000.0,-4.9384613,-6.226923
14016.667,-4.932051,-6.2221155
14033.333,-4.925641,-6.2173076
14050.0,-4.914423,-6.189423
14066.667,-4.9,-6.146154
14083.333,-4.8817306,-6.102885
14100.0,-4.848077,-6.0596156
14116.667,-4.814423,-6.016346
14133.333,-4.792308,-6.027564
14150.0,-4.773077,-6.052404
14166.667,-4.7532053,-6.0714746
14183.333,-4.732372,-6.081891
14200.0,-4.7115383,-6.0923076
14216.667,-4.701923,-6.106731
14233.333,-4.6923075,-6.121154
14250.0,-4.683654,-6.1423078
14266.667,-4.675641,-6.1679487
14283.333,-4.665385,-6.189423
14300.0,-4.646154,-6.1942306
14316.667,-4.626923,-6.1990385
14333.333,-4.620513,-6.221795
14350.0,-4.6173077,-6.2490387
14366.667,-4.6060896,-6.2596154
14383.333,-4.5828524,-6.2451925
14400.0,-4.5596156,-6.230769
14416.667,-4.5427885,-6.25
14433.333,-4.5259614,-6.269231
14450.0,-4.5125,-6.3115387
14466.667,-4.501282,-6.3692307
14483.333,-4.491667,-6.416346
14500.0,-4.4884615,-6.421154
14516.667,-4.485256,-6.4259615
14533.333,-4.478205,-6.4269233
14550.0,-4.4701924,-6.4269233
14566.667,-4.4615383,-6.4307694
14583.333,-4.451923,-6.4403844
14600.0,-4.4423075,-6.45
14616.667,-4.4407053,-6.441186
14633.333,-4.4391026,-6.4323716
14650.0,-4.583654,-6.4581733
14666.667,-4.825641,-6.5070515
14683.333,-5.0150642,-6.5391026
14700.0,-4.9942307,-6.503846
14716.667,-4.9733973,-6.46859
14733.333,-4.648718,-6.580128
14750.0,-4.248077,-6.7283654
14766.667,-4.0,-6.8201923
14783.333,-3.9807692,-6.827404
14800.0,-3.9615386,-6.834615
14816.667,-3.9679487,-6.825
14833.333,-3.974359,-6.8153844
14850.0,-3.9798076,-6.7927885
14866.667,-3.9846153,-6.7615385
14883.333,-4.025641,-6.730609
14900.0,-4.2115383,-6.7009616
14916.667,-4.3974357,-6.6713142
14933.333,-4.4410257,-6.6961536
14950.0,-4.4490385,-6.7346153
14966.667,-4.45,-6.753846
14983.333,-4.4403844,-6.7442307
15000.0,-4.4307694,-6.7346153
15016.667,-4.4067307,-6.691346
15033.333,-4.3826923,-6.648077
15050.0,-4.3826923,-6.6240387
15066.667,-4.398718,-6.6128206
15083.333,-4.415385,-6.608173
15100.0,-4.4346156,-6.6298075
15116.667,-4.453846,-6.6514425
15133.333,-4.4583335,-6.624359
15150.0,-4.4591346,-6.5850964
15166.667,-4.469872,-6.5701923
15183.333,-4.495513,-6.591827
15200.0,-4.521154,-6.6134615
15216.667,-4.5251603,-6.609455
15233.333,-4.5291667,-6.6054487
15250.0,-4.5057693,-6.6163464
15266.667,-4.4641027,-6.6371794
15283.333,-3.611859,-6.8403845
15300.0,0.4826923,-7.773077
15316.667,4.577244,-8.70577
15333.333,5.4564104,-8.955129
15350.0,5.5317307,-9.033654
15366.667,5.557051,-9.0532055
15383.333,5.507372,-8.984295
15400.0,5.457692,-8.915384
15416.667,5.43766,-8.902564
15433.333,5.4176283,-8.889744
15450.0,5.4014425,-8.880288
15466.667,5.3878207,-8.873077
15483.333,5.375641,-8.865545
15500.0,5.3692307,-8.85673
15516.667,5.3628206,-8.847917
15533.333,5.8019233,-8.78718
15550.0,6.3524036,-8.713462
15566.667,6.6945515,-8.66859
15583.333,6.724199,-8.666987
15600.0,6.753846,-8.665384
15616.667,6.776282,-8.629327
15633.333,6.798718,-8.593269
15650.0,6.8134613,-8.560096
15666.667,6.8230767,-8.528846
15683.333,6.830769,-8.50032
15700.0,6.830769,-8.482693
15716.667,6.830769,-8.465064
15733.333,6.8358974,-8.449359
15750.0,6.8423076,-8.4341345
15766.667,6.85,-8.425321
15783.333,6.8596153,-8.426122
15800.0,6.8692307,-8.426923
15816.667,6.8772435,-8.399679
15833.333,6.8852563,-8.372436
15850.0,6.878846,-8.350962
15866.667,6.8628206,-8.333333
15883.333,6.848718,-8.319231
15900.0,6.8423076,-8.319231
15916.667,6.8358974,-8.319231
15933.333,6.830769,-8.297436
15950.0,6.8259616,-8.270192
15966.667,6.820513,-8.245513
15983.333,6.8141026,-8.22468
16000.0,6.8076925,-8.203846
16016.667,6.6875,-8.213462
16033.333,6.5673075,-8.223077
16050.0,6.5096154,-8.227884
16066.667,6.49359,-8.229487
16083.333,6.479808,-8.23109
16100.0,6.475,-8.232693
16116.667,6.4701924,-8.234295
16133.333,6.480769,-8.217949
16150.0,6.4951925,-8.197115
16166.667,6.5051284,-8.18141
16183.333,6.508333,-8.173397
16200.0,6.5115385,-8.165384
16216.667,6.5035257,-8.175
16233.333,6.495513,-8.184615
16250.0,6.4759617,-8.1990385
16266.667,6.448718,-8.216666
16283.333,6.423077,-8.229487
16300.0,6.4038463,-8.223077
16316.667,6.3846154,-8.216666
16333.333,6.370513,-8.200641
16350.0,6.3576922,-8.182212
16366.667,6.346795,-8.176602
16383.333,6.338782,-8.190225
16400.0,6.330769,-8.203846
16416.666,6.3339744,-8.220673
16433.334,6.3371797,-8.2375
16450.0,6.3350964,-8.216827
16466.666,6.3294873,-8.171154
16483.334,6.32516,-8.132051
16500.0,6.3259616,-8.119231
16516.666,6.3267627,-8.10641
16533.334,6.3294873,-8.126282
16550.0,6.332692,-8.154327
16566.666,6.3352566,-8.179167
16583.334,6.3368587,-8.199199
16600.0,6.3384614,-8.219231
16616.666,6.516346,-8.243269
16633.334,6.6942306,-8.267307
16650.0,6.768269,-8.26298
16666.666,6.773077,-8.239743
16683.334,6.7753205,-8.221955
16700.0,6.7673078,-8.225962
16716.666,6.759295,-8.229968
16733.334,6.7576923,-8.207692
16750.0,6.7576923,-8.178846
16766.666,6.7570515,-8.154488
16783.334,6.755449,-8.136859
16800.0,6.753846,-8.119231
16816.666,6.7634616,-8.1625
16833.334,6.773077,-8.20577
16850.0,6.7740383,-8.226923
16866.666,6.769231,-8.233334
16883.334,6.765705,-8.229808
16900.0,6.7673078,-8.186539
16916.666,6.7689104,-8.14327
16933.334,6.7878203,-8.158975
16950.0,6.8110576,-8.189423
16966.666,6.8201923,-8.208333
16983.334,6.808173,-8.209936
17000.0,6.796154,-8.211538
17016.666,6.7897434,-8.179487
17033.334,6.7833333,-8.147436
17050.0,6.7807693,-8.123077
17066.666,6.7807693,-8.103847
17083.334,6.7802887,-8.093269
17100.0,6.7778845,-8.117308
17116.666,6.7754807,-8.141346
17133.334,6.782051,-8.146153
17150.0,6.7908654,-8.146153
17166.666,6.7955127,-8.141666
17183.334,6.79391,-8.130448
17200.0,6.792308,-8.119231
17216.666,6.855609,-8.2674675
17233.334,6.91891,-8.415705
17250.0,6.9528847,-8.470192
17266.666,6.9673076,-8.462179
17283.334,6.9793267,-8.460417
17300.0,6.981731,-8.483654
17316.666,6.9841347,-8.506891
17333.334,6.9820514,-8.515385
17350.0,6.978846,-8.520192
17366.666,6.9766026,-8.51859
17383.334,6.9758015,-8.507372
17400.0,6.975,-8.496154
17416.666,6.987019,-8.496154
17433.334,6.9990387,-8.496154
17450.0,7.019231,-8.483654
17466.666,7.044872,-8.46282
17483.334,7.0660257,-8.444872
17500.0,7.0692306,-8.438461
17516.666,7.072436,-8.432052
17533.334,6.9423075,-8.3448715
17550.0,6.7788463,-8.2375
17566.666,6.6724358,-8.169871
17583.334,6.6516027,-8.161859
17600.0,6.6307693,-8.153846
17616.666,6.6259613,-8.150641
17633.334,6.621154,-8.147436
17650.0,6.6192307,-8.159135
17666.666,6.6192307,-8.180769
17683.334,6.6208334,-8.194231
17700.0,6.628846,-8.175
17716.666,6.636859,-8.155769
17733.334,6.6307693,-8.119231
17750.0,6.621154,-8.078365
17766.666,6.6192307,-8.041667
17783.334,6.628846,-8.011218
17800.0,6.6384616,-7.980769
17816.666,6.8267627,-7.9775643
17833.334,7.0150642,-7.974359
17850.0,7.0947113,-7.9634614
17866.666,7.101923,-7.947436
17883.334,7.1051283,-7.9371796
17900.0,7.0923076,-7.95
17916.666,7.0794873,-7.9628205
17933.334,7.070513,-7.951282
17950.0,7.0625,-7.933654
17966.666,7.0596156,-7.9147434
17983.334,7.064423,-7.8939104
18000.0,7.0692306,-7.873077
18016.666,7.075641,-7.865064
18033.334,7.0820513,-7.8570514
18050.0,7.0850964,-7.854808
18066.666,7.0858974,-7.85641
18083.334,7.0834937,-7.8554487
18100.0,7.0682693,-7.8442307
18116.666,7.053045,-7.833013
18133.334,7.0,-7.876923
18150.0,6.9375,-7.9346156
18166.666,6.8974357,-7.9602566
18183.334,6.8910255,-7.9378204
18200.0,6.8846154,-7.915385
18216.666,6.8878207,-7.928205
18233.334,6.8910255,-7.9410257
18250.0,6.8923078,-7.9471154
18266.666,6.8923078,-7.948718
18283.334,6.890705,-7.958654
18300.0,6.8826923,-8.001923
18316.666,6.8746796,-8.045193
18333.334,6.8679485,-8.083333
18350.0,6.8615384,-8.120193
18366.666,6.853846,-8.133333
18383.334,6.8442307,-8.110897
18400.0,6.834615,-8.088462
18416.666,6.825,-8.077244
18433.334,6.8153844,-8.066026
18450.0,6.8009615,-8.125961
18466.666,6.7833333,-8.233334
18483.334,6.7660255,-8.320192
18500.0,6.75,-8.325
18516.666,6.7339745,-8.329807
18533.334,6.726923,-8.327564
18550.0,6.7221155,-8.323558
18566.666,6.7128205,-8.305449
18583.334,6.696795,-8.266186
18600.0,6.6807694,-8.226923
18616.666,6.688782,-8.276603
18633.334,6.696795,-8.3262825
18650.0,6.6932693,-8.331731
18666.666,6.682051,-8.307693
18683.334,6.673718,-8.292308
18700.0,6.6769233,-8.311539
18716.666,6.680128,-8.33077
18733.334,6.678205,-8.319231
18750.0,6.675,-8.3
18766.666,6.671154,-8.296154
18783.334,6.666346,-8.315385
18800.0,6.6615386,-8.334616
18816.666,6.6583333,-8.297756
18833.334,6.655128,-8.260898
18850.0,6.648077,-8.228847
18866.666,6.6384616,-8.2
18883.334,6.6326923,-8.177083
18900.0,6.6423078,-8.177885
18916.666,6.651923,-8.178686
18933.334,6.7,-8.189744
18950.0,6.7576923,-8.203365
18966.666,6.794231,-8.217308
18983.334,6.7990384,-8.23173
19000.0,6.8038464,-8.246154
19016.666,6.808654,-8.236539
19033.334,6.8134613,-8.226923
19050.0,6.8201923,-8.223077
19066.666,6.828205,-8.223077
19083.334,6.8349357,-8.224359
19100.0,6.8365383,-8.230769
19116.666,6.838141,-8.23718
19133.334,6.8294873,-8.232051
19150.0,6.8182693,-8.224038
19166.666,6.8108974,-8.221154
19183.334,6.8092947,-8.225962
19200.0,6.8076925,-8.230769
19216.666,6.8141026,-8.208333
19233.334,6.820513,-8.185898
19250.0,6.826923,-8.173077
19266.666,6.8333335,-8.166667
19283.334,6.841026,-8.16218
19300.0,6.853846,-8.165384
19316.666,6.866667,-8.16859
19333.334,6.9179487,-8.124359
19350.0,6.978846,-8.068269
19366.666,7.0153847,-8.021153
19383.334,7.0153847,-7.9875
19400.0,7.0153847,-7.953846
19416.666,7.0153847,-7.941827
19433.334,7.0153847,-7.9298077
19450.0,7.0153847,-7.9139423
19466.666,7.0153847,-7.895513
19483.334,7.0160255,-7.884295
19500.0,7.019231,-7.901923
19516.666,7.0224357,-7.9195514
19533.334,7.026923,-7.9179487
19550.0,7.0317307,-7.9115386
19566.666,7.002564,-7.966026
19583.334,6.9224358,-8.111859
19600.0,6.8423076,-8.257692
19616.666,6.83109,-8.219231
19633.334,6.819872,-8.180769
19650.0,6.808654,-8.149038
19666.666,6.7974358,-8.121795
19683.334,6.7875,-8.10641
19700.0,6.7826924,-8.138461
19716.666,6.7778845,-8.170513
19733.334,6.782051,-8.148718
19750.0,6.7884617,-8.1134615
19766.666,6.7974358,-8.100641
19783.334,6.8102565,-8.121474
19800.0,6.8230767,-8.142307
19816.666,6.826282,-8.172756
19833.334,6.8294873,-8.203205
19850.0,6.8278847,-8.1990385
19866.666,6.8230767,-8.171795
19883.334,6.813622,-8.145833
19900.0,6.785577,-8.125
19916.666,6.757532,-8.104167
19933.334,6.748718,-8.126923
19950.0,6.7447114,-8.160577
19966.666,6.7423077,-8.181089
19983.334,6.7423077,-8.181891
20000.0,6.7423077,-8.182693
20016.666,6.733494,-8.176282
20033.334,6.7246795,-8.169871
20050.0,6.7072115,-8.16875
20066.666,6.6839743,-8.171154
20083.334,6.6586537,-8.167628
20100.0,6.625,-8.140385
20116.666,6.5913463,-8.113141
20133.334,6.5794873,-8.123077
20150.0,6.5730767,-8.142307
20166.666,6.5660257,-8.158334
20183.334,6.558013,-8.169551
20200.0,6.55,-8.180769
20216.666,6.538782,-8.176763
20233.334,6.527564,-8.172756
20250.0,6.5240383,-8.166827
20266.666,6.525641,-8.1596155
20283.334,6.5727563,-8.166026
20300.0,6.8019233,-8.226923
20316.666,7.03109,-8.287821
20333.334,7.0666666,-8.292308
20350.0,7.0538464,-8.282692
20366.666,7.050641,-8.288462
20383.334,7.061859,-8.317307
20400.0,7.0730767,-8.346154
20416.666,7.0378203,-8.324519
20433.334,7.002564,-8.302885
20450.0,6.7884617,-8.283173
20466.666,6.455128,-8.264744
20483.334,6.1907053,-8.246795
20500.0,6.201923,-8.230769
20516.666,6.213141,-8.214744
20533.334,6.2371793,-8.221795
20550.0,6.264423,-8.234615
20566.666,6.3993587,-8.253205
20583.334,6.695833,-8.280449
20600.0,6.9923077,-8.307693
20616.666,6.979487,-8.333333
20633.334,6.9666667,-8.358974
20650.0,6.9663463,-8.360577
20666.666,6.974359,-8.346154
20683.334,6.988141,-8.335897
20700.0,7.025,-8.342308
20716.666,7.061859,-8.348718
20733.334,7.0608974,-8.367949
20750.0,7.050481,-8.390385
20766.666,7.043269,-8.395513
20783.334,7.0408654,-8.37468
20800.0,7.0384617,-8.353847
20816.666,6.929487,-8.328205
20833.334,6.820513,-8.302564
20850.0,6.7634616,-8.275962
20866.666,6.7410254,-8.248718
20883.334,6.721474,-8.217949
20900.0,6.7134614,-8.173077
20916.666,6.7054486,-8.128205
20933.334,6.7,-8.08077
20950.0,6.6951923,-8.032692
20966.666,6.6961536,-8.001282
20983.334,6.705769,-7.9948716
21000.0,6.7153845,-7.9884615
21016.666,6.721795,-7.9740386
21033.334,6.728205,-7.959615
21050.0,6.7375,-7.958654
21066.666,6.748718,-7.9666667
21083.334,6.796154,-7.9929485
21100.0,6.9884615,-8.092308
21116.666,7.1807694,-8.191667
21133.334,7.221795,-8.205129
21150.0,7.225,-8.197115
21166.666,7.220513,-8.196474
21183.334,7.2044873,-8.206891
21200.0,7.1884613,-8.217308
21216.666,7.1852565,-8.23173
21233.334,7.182051,-8.246154
21250.0,7.1778846,-8.222596
21266.666,7.173077,-8.1737175
21283.334,7.168109,-8.123558
21300.0,7.1625,-8.068269
21316.666,7.156891,-8.01298
21333.334,7.155128,-7.983333
21350.0,7.154327,-7.9600964
21366.666,7.1576924,-7.9641027
21383.334,7.167308,-8.008974
21400.0,7.1769233,-8.053846
21416.666,5.9581733,-8.269391
21433.334,4.7394233,-8.484936
21450.0,3.66875,-8.625481
21466.666,2.696795,-8.716025
21483.334,2.180609,-8.785096
21500.0,3.4875,-8.76827
21516.666,4.794391,-8.751442
21533.334,5.7871795,-8.703846
21550.0,6.7014422,-8.648558
21566.666,7.2384615,-8.6134615
21583.334,7.209615,-8.608654
21600.0,7.1807694,-8.603847
21616.666,7.151923,-8.635097
21633.334,7.123077,-8.666347
21650.0,7.106731,-8.697597
21666.666,7.098718,-8.728847
21683.334,7.089423,-8.742628
21700.0,7.075,-8.686539
21716.666,7.060577,-8.630448
21733.334,7.0641026,-8.637179
21750.0,7.0721154,-8.6596155
21766.666,7.080769,-8.679808
21783.334,7.0903845,-8.696634
21800.0,7.1,-8.713462
21816.666,7.117628,-8.735096
21833.334,7.1352563,-8.756731
21850.0,7.148077,-8.750481
21866.666,7.1576924,-8.725641
21883.334,7.1631413,-8.699519
21900.0,7.151923,-8.668269
21916.666,7.140705,-8.637019
21933.334,0.2653846,-8.96282
21950.0,-8.325961,-9.377885
21966.666,-14.211538,-9.574359
21983.334,-16.038462,-9.442948
22000.0,-17.865385,-9.311539
22016.666,-17.648237,-9.158494
22033.334,-17.43109,-9.005448
22050.0,-17.321634,-8.932212
22066.666,-17.283974,-8.91218
22083.334,-17.200321,-8.904808
22100.0,-16.932692,-8.948077
22116.666,-16.665064,-8.991346
22133.334,-16.210897,-8.939102
22150.0,-15.710096,-8.862981
22166.666,-15.39391,-8.774038
22183.334,-15.354648,-8.665865
22200.0,-15.315385,-8.557693
22216.666,-15.2801285,-8.501602
22233.334,-15.244872,-8.445513
22250.0,-15.225,-8.404808
22266.666,-15.2153845,-8.374359
22283.334,-15.2012825,-8.333333
22300.0,-15.16923,-8.25
22316.666,-15.137179,-8.166667
22333.334,-15.110256,-8.117949
22350.0,-15.084616,-8.077885
22366.666,-15.060256,-8.042949
22383.334,-15.037821,-8.015705
22400.0,-15.015385,-7.9884615
22416.666,-15.012179,-7.959615
22433.334,-15.008974,-7.9307694
22450.0,-14.999039,-7.9028845
22466.666,-14.984615,-7.875641
22483.334,-14.253205,-7.686218
22500.0,-10.653846,-6.848077
22516.666,-7.054487,-6.009936
22533.334,-6.2615385,-5.7743587
22550.0,-6.1701922,-5.689423
22566.666,-6.1115384,-5.604487
22583.334,-6.101923,-5.5195513
22600.0,-6.0923076,-5.4346156
22616.666,-6.08109,-5.415385
22633.334,-6.069872,-5.396154
22650.0,-6.0677886,-5.3846154
22666.666,-6.071795,-5.3782053
22683.334,-6.176763,-5.4083333
22700.0,-6.685577,-5.584615
22716.666,-7.1943913,-5.7608976
22733.334,-7.3,-5.7974358
22750.0,-7.3048077,-5.7990384
22766.666,-7.3192306,-5.7858973
22783.334,-7.348077,-5.750641
22800.0,-7.376923,-5.7153845
22816.666,-7.373718,-5.705769
22833.334,-7.370513,-5.6961536
22850.0,-7.3778844,-5.706731
22866.666,-7.3923078,-5.730769
22883.334,-8.099519,-5.9621797
22900.0,-11.577885,-7.023077
22916.666,-15.05625,-8.083974
22933.334,-15.741026,-8.275641
22950.0,-15.727404,-8.25
22966.666,-15.725,-8.23141
22983.334,-15.739423,-8.223397
23000.0,-15.753846,-8.2153845
23016.666,-15.75625,-8.182532
23033.334,-15.758654,-8.149679
23050.0,-15.773558,-8.167308
23066.666,-15.796795,-8.21859
23083.334,-15.816186,-8.265224
23100.0,-15.820192,-8.293269
23116.666,-15.824199,-8.321314
23133.334,-15.820513,-8.337179
23150.0,-15.814904,-8.35
23166.666,-15.801923,-8.3375
23183.334,-15.7778845,-8.287019
23200.0,-15.753846,-8.236539
23216.666,-15.734615,-8.203686
23233.334,-15.7153845,-8.170834
23250.0,-15.604808,-8.120193
23266.666,-15.433333,-8.057693
23283.334,-15.295353,-8.003846
23300.0,-15.291347,-7.9846153
23316.666,-15.28734,-7.9653845
23333.334,-15.288462,-7.9371796
23350.0,-15.290865,-7.9067307
23366.666,-15.29423,-7.8801284
23383.334,-15.299039,-7.859295
23400.0,-15.303846,-7.8384614
23416.666,-15.299039,-7.8240385
23433.334,-15.29423,-7.8096156
23450.0,-15.286538,-7.808173
23466.666,-15.276923,-7.8153844
23483.334,-15.266346,-7.8229165
23500.0,-15.251923,-7.831731
23516.666,-15.2375,-7.8405447
23533.334,-15.228205,-7.8358974
23550.0,-15.220192,-7.8278847
23566.666,-15.210897,-7.8057694
23583.334,-15.199679,-7.7625
23600.0,-15.188461,-7.7192307
23616.666,-15.177243,-7.6951923
23633.334,-15.166026,-7.671154
23650.0,-15.153846,-7.6557693
23666.666,-15.141026,-7.646154
23683.334,-14.806731,-7.596474
23700.0,-13.186539,-7.3865385
23716.666,-11.566346,-7.1766024
23733.334,-9.708974,-6.591026
23750.0,-7.792308,-5.9115386
23766.666,-6.6358976,-5.485256
23783.334,-6.6198716,-5.438782
23800.0,-6.603846,-5.3923078
23816.666,-6.554167,-5.3690705
23833.334,-6.504487,-5.3458333
23850.0,-6.464423,-5.3408656
23866.666,-6.4307694,-5.348077
23883.334,-6.5243587,-5.3608975
23900.0,-7.126923,-5.396154
23916.666,-7.729487,-5.4314103
23933.334,-7.879487,-5.4442306
23950.0,-7.916346,-5.4514422
23966.666,-7.9371796,-5.458654
23983.334,-7.9339743,-5.4658656
24000.0,-7.9307694,-5.473077
24016.666,-7.973237,-5.478686
24033.334,-8.015705,-5.484295
24050.0,-9.903365,-6.004327
24066.666,-13.021153,-6.8673077
24083.334,-15.50609,-7.559455
24100.0,-15.459616,-7.5682693
24116.666,-15.413141,-7.577083
24133.334,-15.4051285,-7.5692306
24150.0,-15.406731,-7.5572114
24166.666,-15.409936,-7.5554485
24183.334,-15.4155445,-7.5690703
24200.0,-15.421154,-7.582692
24216.666,-15.41234,-7.561859
24233.334,-15.403525,-7.5410256
24250.0,-15.403846,-7.53125
24266.666,-15.410256,-7.5288463
24283.334,-15.415064,-7.5259614
24300.0,-15.413462,-7.521154
24316.666,-15.411859,-7.516346
24333.334,-15.410256,-7.501282
24350.0,-15.408654,-7.483654
24366.666,-15.407051,-7.4653845
24383.334,-15.405449,-7.4461536
24400.0,-15.403846,-7.4269233
24416.666,-15.408654,-7.4141026
24433.334,-15.413462,-7.401282
24450.0,-15.422115,-7.3875
24466.666,-15.433333,-7.373077
24483.334,-15.445192,-7.3589745
24500.0,-15.459616,-7.3461537
24516.666,-15.474038,-7.3333335
24533.334,-15.484615,-7.2974358
24550.0,-15.494231,-7.2557693
24566.666,-15.506411,-7.233333
24583.334,-15.522436,-7.2397437
24600.0,-15.538462,-7.246154
24616.666,-15.543269,-7.238141
24633.334,-15.548077,-7.2301283
24650.0,-15.557693,-7.2471156
24666.666,-15.570513,-7.2807693
24683.334,-15.579166,-7.3102565
24700.0,-15.571154,-7.3230767
24716.666,-15.563141,-7.3358974
24733.334,-15.569231,-7.3576922
24750.0,-15.578846,-7.3817306
24766.666,-15.584616,-7.404487
24783.334,-15.584616,-7.4253206
24800.0,-15.584616,-7.4461536
24816.666,-15.58782,-7.448558
24833.334,-15.591025,-7.4509616
24850.0,-15.592308,-7.4552884
24866.666,-15.592308,-7.4608974
24883.334,-15.590705,-7.4682693
24900.0,-15.582692,-7.4826922
24916.666,-15.574679,-7.4971156
24933.334,-15.565385,-7.50641
24950.0,-15.555769,-7.514423
24966.666,-15.541987,-7.523718
24983.334,-15.5219555,-7.534936
25000.0,-15.501923,-7.546154
25016.666,-15.496314,-7.5814104
25033.334,-15.4907055,-7.616667
25050.0,-15.491346,-7.648077
25066.666,-15.496154,-7.6769233
25083.334,-15.495353,-7.702244
25100.0,-15.4721155,-7.7134614
25116.666,-15.448878,-7.7246795
25133.334,-15.433333,-7.751282
25150.0,-15.419711,-7.7817307
25166.666,-15.453526,-7.8660254
25183.334,-15.558494,-8.03109
25200.0,-15.663462,-8.196154
25216.666,-15.662661,-8.194551
25233.334,-15.661859,-8.192948
25250.0,-15.649038,-8.192307
25266.666,-15.628205,-8.192307
25283.334,-15.607371,-8.192307
25300.0,-15.586538,-8.192307
25316.666,-15.565705,-8.192307
25333.334,-15.544871,-8.191026
25350.0,-15.524038,-8.189423
25366.666,-15.5115385,-8.183333
25383.334,-15.5115385,-8.170513
25400.0,-15.5115385,-8.157692
25416.666,-15.51875,-8.1528845
25433.334,-15.525962,-8.148077
25450.0,-15.516827,-8.149038
25466.666,-15.496795,-8.153846
25483.334,-15.478847,-8.157692
25500.0,-15.469231,-8.157692
25516.666,-15.459616,-8.157692
25533.334,-15.439744,-8.146153
25550.0,-15.417308,-8.131731
25566.666,-15.398718,-8.114102
25583.334,-15.385898,-8.091666
25600.0,-15.373077,-8.069231
25616.666,-15.369872,-8.082051
25633.334,-15.366667,-8.0948715
25650.0,-15.358654,-8.102884
25666.666,-15.347436,-8.107693
25683.334,-15.338141,-8.105609
25700.0,-15.336538,-8.075961
25716.666,-15.334936,-8.046314
25733.334,-15.334616,-8.028205
25750.0,-15.334616,-8.01298
25766.666,-15.333974,-8.001923
25783.334,-15.332372,-7.9971156
25800.0,-15.33077,-7.9923077
25816.666,-15.354808,-8.006731
25833.334,-15.378846,-8.021153
25850.0,-15.467308,-8.188461
25866.666,-15.598718,-8.457692
25883.334,-15.705449,-8.673077
25900.0,-15.713462,-8.673077
25916.666,-15.721475,-8.673077
25933.334,-15.720512,-8.635898
25950.0,-15.717308,-8.589423
25966.666,-15.711538,-8.559936
25983.334,-15.701923,-8.555929
26000.0,-15.692307,-8.551923
26016.666,-15.690705,-8.555929
26033.334,-15.689102,-8.559936
26050.0,-15.677885,-8.543269
26066.666,-15.660256,-8.51282
26083.334,-15.644551,-8.484615
26100.0,-15.6365385,-8.4653845
26116.666,-15.628526,-8.446154
26133.334,-15.632051,-8.43718
26150.0,-15.638461,-8.430769
26166.666,-15.64391,-8.429808
26183.334,-15.647917,-8.437019
26200.0,-15.651923,-8.444231
26216.666,-15.649519,-8.4177885
26233.334,-15.647116,-8.391346
26250.0,-15.657692,-8.390385
26266.666,-15.676923,-8.40641
26283.334,-15.694551,-8.424359
26300.0,-15.70577,-8.45
26316.666,-15.716988,-8.475641
26333.334,-15.714744,-8.479487
26350.0,-15.709135,-8.477884
26366.666,-15.705449,-8.480128
26383.334,-15.704647,-8.488141
26400.0,-15.703846,-8.496154
26416.666,-15.700641,-8.499359
26433.334,-15.697436,-8.502564
26450.0,-15.688461,-8.494712
26466.666,-15.675641,-8.479487
26483.334,-15.624039,-8.45016
26500.0,-15.417308,-8.364423
26516.666,-15.210577,-8.278686
26533.334,-15.170513,-8.255128
26550.0,-15.172115,-8.247115
26566.666,-15.172436,-8.242308
26583.334,-15.170834,-8.242308
26600.0,-15.16923,-8.242308
26616.666,-15.174039,-8.248718
26633.334,-15.178846,-8.255128
26650.0,-15.1759615,-8.239903
26666.666,-15.167949,-8.210257
26683.334,-15.159295,-8.189904
26700.0,-15.148077,-8.206731
26716.666,-15.136859,-8.223557
26733.334,-15.119231,-8.230769
26750.0,-15.1,-8.235577
26766.666,-15.087179,-8.233974
26783.334,-15.083974,-8.222756
26800.0,-15.08077,-8.211538
26816.666,-15.076763,-8.21875
26833.334,-15.072757,-8.225962
26850.0,-15.130288,-8.557212
26866.666,-15.228847,-9.104487
26883.334,-15.310577,-9.540705
26900.0,-15.325,-9.532692
26916.666,-15.339423,-9.524679
26933.334,-15.338462,-9.492949
26950.0,-15.333653,-9.455289
26966.666,-15.332372,-9.429808
26983.334,-15.336378,-9.422596
27000.0,-15.3403845,-9.415384
27016.666,-15.339583,-9.402564
27033.334,-15.338782,-9.389744
27050.0,-15.318269,-9.373558
27066.666,-15.2846155,-9.355128
27083.334,-15.256411,-9.338302
27100.0,-15.25,-9.327885
27116.666,-15.243589,-9.317468
27133.334,-13.076923,-8.630769
27150.0,-10.370193,-7.775
27166.666,-8.23718,-7.039423
27183.334,-6.9647436,-6.4841347
27200.0,-5.6923075,-5.9288464
27216.666,-5.642628,-5.900801
27233.334,-5.592949,-5.8727565
27250.0,-5.5615387,-5.853846
27266.666,-5.542308,-5.841026
27283.334,-5.523718,-5.830609
27300.0,-5.5076923,-5.8298078
27316.666,-5.491667,-5.829006
27333.334,-5.4884615,-5.8358974
27350.0,-5.4884615,-5.8447113
27366.666,-5.4929485,-5.8679485
27383.334,-5.5041666,-5.9128203
27400.0,-5.5153847,-5.957692
27416.666,-5.507372,-5.9753203
27433.334,-5.499359,-5.9929485
27450.0,-5.4913464,-5.983654
27466.666,-5.483333,-5.9564104
27483.334,-5.4766026,-5.9333334
27500.0,-5.475,-5.9269233
27516.666,-5.4733973,-5.9205127
27533.334,-5.474359,-5.9435897
27550.0,-5.4759617,-5.9740386
27566.666,-5.483654,-6.0060897
27583.334,-5.5004807,-6.040545
27600.0,-5.5173078,-6.075
27616.666,-5.683173,-6.1639423
27633.334,-5.8490386,-6.2528844
27650.0,-5.9346156,-6.3009615
27666.666,-5.9666667,-6.321795
27683.334,-5.9975963,-6.34359
27700.0,-6.0240383,-6.3692307
27716.666,-6.050481,-6.3948717
27733.334,-6.076923,-6.419231
27750.0,-6.1033654,-6.4432693
27766.666,-6.119551,-6.469872
27783.334,-6.1203527,-6.5003204
27800.0,-6.121154,-6.5307693
27816.666,-6.249359,-6.5604167
27833.334,-6.377564,-6.590064
27850.0,-6.5341344,-6.677404
27866.666,-6.709615,-6.803205
27883.334,-6.85,-6.9048076
27900.0,-6.85,-6.9096155
27916.666,-6.85,-6.914423
27933.334,-6.8461537,-6.9128203
27950.0,-6.8413463,-6.9096155
27966.666,-6.8384614,-6.9057693
27983.334,-6.8384614,-6.9009614
28000.0,-6.8384614,-6.896154
28016.666,-6.828846,-6.889744
28033.334,-6.8192306,-6.883333
28050.0,-6.8076925,-6.8740387
28066.666,-6.794872,-6.8628206
28083.334,-6.7852564,-6.858333
28100.0,-6.7884617,-6.8807693
28116.666,-6.7916665,-6.903205
28133.334,-6.801282,-6.9358974
28150.0,-6.8125,-6.9711537
28166.666,-6.8160257,-6.974359
28183.334,-6.808013,-6.929487
28200.0,-6.8,-6.8846154
28216.666,-6.7695513,-6.88141
28233.334,-6.7391024,-6.8782053
28250.0,-6.7259617,-6.871154
28266.666,-6.724359,-6.8615384
28283.334,-6.717949,-6.8490386
28300.0,-6.6923075,-6.825
28316.666,-6.6666665,-6.8009615
28333.334,-6.651282,-6.7602563
28350.0,-6.6384616,-6.7153845
28366.666,-6.465064,-6.664423
28383.334,-6.0508013,-6.6043267
28400.0,-5.6365385,-6.544231
28416.666,-5.608494,-6.519391
28433.334,-5.5804486,-6.494551
28450.0,-5.558654,-6.473077
28466.666,-5.5410256,-6.453846
28483.334,-5.526923,-6.4326925
28500.0,-5.526923,-6.4038463
28516.666,-5.526923,-6.375
28533.334,-5.5410256,-6.347436
28550.0,-5.558654,-6.3201923
28566.666,-6.2371793,-6.417308
28583.334,-7.907051,-6.7009616
28600.0,-9.576923,-6.9846153
28616.666,-10.01282,-7.0503206
28633.334,-10.448718,-7.1160254
28650.0,-11.433173,-7.386058
28666.666,-12.783334,-7.792308
28683.334,-13.954327,-8.132532
28700.0,-14.408654,-8.208653
28716.666,-14.862981,-8.284776
28733.334,-14.915384,-8.241026
28750.0,-14.867308,-8.167308
28766.666,-14.835257,-8.1125
28783.334,-14.827244,-8.086058
28800.0,-14.819231,-8.059615
28816.666,-14.808013,-8.010737
28833.334,-14.796795,-7.9618587
28850.0,-14.7778845,-7.9201922
28866.666,-14.753846,-7.883333
28883.334,-14.73173,-7.845513
28900.0,-14.717308,-7.8038464
28916.666,-14.702885,-7.7621794
28933.334,-14.694872,-7.735256
28950.0,-14.688461,-7.7120194
28966.666,-14.685256,-7.702244
28983.334,-14.686859,-7.7126603
29000.0,-14.688461,-7.723077
29016.666,-14.690064,-7.7471156
29033.334,-14.691667,-7.771154
29050.0,-14.680769,-7.7788463
29066.666,-14.661538,-7.775641
29083.334,-14.646795,-7.76859
29100.0,-14.65,-7.746154
29116.666,-14.653205,-7.723718
29133.334,-14.665384,-7.7211537
29150.0,-14.679808,-7.7235575
29166.666,-14.734615,-7.732372
29183.334,-14.85,-7.750801
29200.0,-14.9653845,-7.769231
29216.666,-15.007853,-7.8028846
29233.334,-15.050321,-7.8365383
29250.0,-15.072115,-7.860577
29266.666,-15.080129,-7.8782053
29283.334,-15.088622,-7.8929486
29300.0,-15.099038,-7.896154
29316.666,-15.109455,-7.8993587
29333.334,-15.112821,-7.9102564
29350.0,-15.114423,-7.923077
29366.666,-15.116667,-7.9365387
29383.334,-15.119872,-7.9509616
29400.0,-15.123077,-7.9653845
29416.666,-15.11907,-7.972596
29433.334,-15.115064,-7.979808
29450.0,-15.119712,-8.014904
29466.666,-15.130128,-8.06859
29483.334,-15.1375,-8.11218
29500.0,-15.132692,-8.115385
29516.666,-15.127885,-8.118589
29533.334,-15.119231,-8.0948715
29550.0,-15.109615,-8.064423
29566.666,-15.092949,-8.041667
29583.334,-15.065705,-8.030449
29600.0,-15.038462,-8.019231
29616.666,-15.022436,-7.99359
29633.334,-15.006411,-7.967949
29650.0,-14.985577,-7.9427886
29666.666,-14.961538,-7.9179487
29683.334,-14.939744,-7.8972754
29700.0,-14.926923,-7.893269
29716.666,-14.914103,-7.8892627
29733.334,-14.891026,-7.873077
29750.0,-14.865385,-7.853846
29766.666,-14.839744,-7.8352566
29783.334,-14.814102,-7.8176284
29800.0,-14.788462,-7.8
29816.666,-14.786859,-7.8128204
29833.334,-14.785256,-7.825641
29850.0,-14.792308,-7.8514423
29866.666,-14.805128,-7.8858976
29883.334,-14.816827,-7.9104166
29900.0,-14.8240385,-7.895192
29916.666,-14.83125,-7.879968
29933.334,-14.760257,-7.9128203
29950.0,-14.669711,-7.957692
29966.666,-14.625641,-8.01282
29983.334,-14.651282,-8.083333
30000.0,-14.676923,-8.153846
30016.666,-14.694551,-8.169871
30033.334,-14.712179,-8.185898
30050.0,-14.725,-8.196154
30066.666,-14.734615,-8.202564
30083.334,-14.769872,-8.205449
30100.0,-14.907692,-8.194231
30116.666,-15.045513,-8.183013
30133.334,-15.08077,-8.15641
30150.0,-15.0903845,-8.125961
30166.666,-15.09359,-8.1
30183.334,-15.087179,-8.08077
30200.0,-15.08077,-8.061539
30216.666,-15.064744,-8.019872
30233.334,-15.0487175,-7.978205
30250.0,-15.030769,-7.951923
30266.666,-15.0115385,-7.9358974
30283.334,-14.992468,-7.917468
30300.0,-14.974038,-7.889423
30316.666,-14.955609,-7.861378
30333.334,-14.973077,-7.8615384
30350.0,-14.999519,-7.86875
30366.666,-15.010898,-7.873077
30383.334,-14.99968,-7.873077
30400.0,-14.9884615,-7.873077
30416.666,-14.974038,-7.876282
30433.334,-14.959616,-7.879487
30450.0,-14.942307,-7.8836536
30466.666,-14.923077,-7.8884616
30483.334,-14.907692,-7.894231
30500.0,-14.907692,-7.9038463
30516.666,-14.907692,-7.9134617
30533.334,-14.897436,-7.9038463
30550.0,-14.884615,-7.889423
30566.666,-14.876282,-7.8733974
30583.334,-14.87468,-7.854968
30600.0,-14.873077,-7.8365383
30616.666,-14.901923,-7.832532
30633.334,-14.930769,-7.8285255
30650.0,-14.9490385,-7.8365383
30666.666,-14.960257,-7.8525643
30683.334,-14.96891,-7.865705
30700.0,-14.967308,-7.8673077
30716.666,-14.965705,-7.8689103
30733.334,-14.848718,-7.8647437
30750.0,-14.702885,-7.8591347
30766.666,-14.609615,-7.85641
30783.334,-14.595192,-7.8580127
30800.0,-14.58077,-7.8596153
30816.666,-14.585577,-7.8764424
30833.334,-14.5903845,-7.893269
30850.0,-14.586058,-7.8836536
30866.666,-14.575641,-7.85641
30883.334,-14.567147,-7.829167
30900.0,-14.566346,-7.8019233
30916.666,-14.565545,-7.7746797
30933.334,-14.575641,-7.7743587
30950.0,-14.588462,-7.7807693
30966.666,-14.597436,-7.7858973
30983.334,-14.600641,-7.7891026
31000.0,-14.603847,-7.792308
31016.666,-14.607051,-7.817949
31033.334,-14.610256,-7.84359
31050.0,-14.607693,-7.8461537
31066.666,-14.601282,-7.8333335
31083.334,-14.596635,-7.820032
31100.0,-14.599038,-7.8048077
31116.666,-14.601442,-7.789583
31133.334,-14.688461,-7.8628206
31150.0,-14.796635,-7.9581733
31166.666,-14.860897,-8.000641
31183.334,-14.859295,-7.963782
31200.0,-14.857693,-7.9269233
31216.666,-14.8625,-7.8948717
31233.334,-14.867308,-7.8628206
31250.0,-14.880769,-7.873077
31266.666,-14.9,-7.9115386
31283.334,-14.915384,-7.9435897
31300.0,-14.915384,-7.95
31316.666,-14.915384,-7.9564104
31333.334,-14.854487,-7.9442306
31350.0,-14.778365,-7.927404
31366.666,-14.730449,-7.933013
31383.334,-14.72484,-7.9722757
31400.0,-14.719231,-8.0115385
31416.666,-14.712019,-8.041186
31433.334,-14.704807,-8.070833
31450.0,-14.79952,-8.102884
31466.666,-14.962179,-8.1365385
31483.334,-15.08782,-8.160417
31500.0,-15.065385,-8.145192
31516.666,-15.042949,-8.129968
31533.334,-15.035897,-8.129487
31550.0,-15.032692,-8.132692
31566.666,-15.023397,-8.122756
31583.334,-15.004968,-8.093109
31600.0,-14.986539,-8.063461
31616.666,-12.297436,-7.7341347
31633.334,-9.608334,-7.4048076
31650.0,-7.6879807,-7.0548077
31666.666,-6.280128,-6.6910257
31683.334,-5.146314,-6.3892627
31700.0,-5.108654,-6.335577
31716.666,-5.0709934,-6.281891
31733.334,-5.055128,-6.2551284
31750.0,-5.0447116,-6.235096
31766.666,-5.0426283,-6.217628
31783.334,-5.053045,-6.204006
31800.0,-5.0634613,-6.1903844
31816.666,-5.1035256,-6.208814
31833.334,-5.14359,-6.2272434
31850.0,-5.1615386,-6.2346153
31866.666,-5.1647434,-6.2346153
31883.334,-5.1315703,-6.2253203
31900.0,-4.9528847,-6.1788464
31916.666,-4.7741985,-6.132372
31933.334,-4.7275643,-6.103846
31950.0,-4.7139425,-6.0798078
31966.666,-4.709615,-6.057051
31983.334,-4.7192307,-6.036218
32000.0,-4.728846,-6.0153847
32016.666,-5.026923,-6.249359
32033.334,-5.325,-6.483333
32050.0,-5.9033656,-7.376923
32066.666,-6.6685896,-8.710257
32083.334,-7.851384,-8.814962
32100.0,-9.034179,-8.919668
32116.666,-10.216972,-9.024374
32133.334,-11.399767,-9.129079
32150.0,-12.5825615,-9.233785
32166.666,-13.765355,-9.3384905
32183.334,-14.94815,-9.443196
32200.0,-16.130943,-9.547902
32216.666,-17.313738,-9.652608
32233.334,-18.496532,-9.757314
32250.0,-19.679327,-9.86202
32266.666,-17.894873,-9.285897
32283.334,-16.40016,-8.785417
32300.0,-16.064423,-8.5875
32316.666,-15.728686,-8.389584
32333.334,-15.55641,-8.079487
32350.0,-15.425,-7.7413464
32366.666,-15.324359,-7.466026
32383.334,-15.269872,-7.284936
32400.0,-15.2153845,-7.103846
32416.666,-15.196154,-7.0733976
32433.334,-15.176923,-7.0429487
32450.0,-15.162019,-7.010096
32466.666,-15.15,-6.9756413
32483.334,-15.140385,-6.9440703
32500.0,-15.140385,-6.9240384
32516.666,-15.140385,-6.9040065
32533.334,-15.001282,-7.0660257
32550.0,-14.827404,-7.2735577
32566.666,-14.715064,-7.3836536
32583.334,-14.695032,-7.347596
32600.0,-14.675,-7.3115387
32616.666,-14.675801,-7.3019233
32633.334,-14.676602,-7.292308
32650.0,-14.677885,-7.3009615
32666.666,-14.679487,-7.321795
32683.334,-14.68141,-7.3442307
32700.0,-14.684615,-7.373077
32716.666,-14.68782,-7.401923
32733.334,-14.670513,-7.3871794
32750.0,-14.648077,-7.3615384
32766.666,-14.631411,-7.3471155
32783.332,-14.623398,-7.3495193
32800.0,-14.615385,-7.351923
32816.668,-14.602564,-7.3559294
32833.332,-14.589744,-7.3599358
32850.0,-14.579807,-7.3817306
32866.668,-14.5717945,-7.415385
32883.332,-14.567307,-7.4461536
32900.0,-14.576923,-7.4653845
32916.668,-14.586538,-7.4846153
32933.332,-14.601282,-7.4897437
32950.0,-14.617308,-7.4913464
32966.668,-14.639103,-7.500641
32983.332,-14.669551,-7.5214744
33000.0,-14.7,-7.542308
33016.668,-14.701603,-7.50625
33033.332,-14.703205,-7.4701924
33050.0,-14.7125,-7.4471154
33066.668,-14.726923,-7.4326925
33083.332,-14.7384615,-7.4171476
33100.0,-14.7384615,-7.397115
33116.668,-14.7384615,-7.3770833
33133.332,-14.721795,-7.347436
33150.0,-14.700961,-7.3153844
33166.668,-14.688141,-7.305128
33183.332,-14.68734,-7.3275642
33200.0,-14.686539,-7.35
33216.668,-14.681731,-7.3660254
33233.332,-14.676923,-7.3820515
33250.0,-14.705289,-7.397115
33266.668,-14.755769,-7.4115386
33283.332,-14.830449,-7.4647436
33300.0,-15.001923,-7.673077
33316.668,-15.173397,-7.88141
33333.332,-15.217949,-7.9288464
33350.0,-15.230769,-7.9360576
33366.668,-15.239743,-7.942949
33383.332,-15.242949,-7.949359
33400.0,-15.246154,-7.955769
33416.668,-15.244552,-7.932532
33433.332,-15.242949,-7.909295
33450.0,-15.249039,-7.9057693
33466.668,-15.260257,-7.915385
33483.332,-15.271635,-7.923077
33500.0,-15.283654,-7.923077
33516.668,-15.295673,-7.923077
33533.332,-15.302564,-7.928205
33550.0,-15.308173,-7.9346156
33566.668,-15.249359,-7.9128203
33583.332,-15.09391,-7.848718
33600.0,-14.938461,-7.7846155
33616.668,-14.935256,-7.7669873
33633.332,-14.932052,-7.749359
33650.0,-14.931731,-7.754327
33666.668,-14.933333,-7.7743587
33683.332,-14.936859,-7.792468
33700.0,-14.948077,-7.8028846
33716.668,-14.959295,-7.813301
33733.332,-14.958974,-7.8
33750.0,-14.95577,-7.7807693
33766.668,-14.958974,-7.773718
33783.332,-14.971795,-7.784936
33800.0,-14.984615,-7.796154
33816.668,-14.973397,-7.773718
33833.332,-14.962179,-7.751282
33850.0,-14.95048,-7.7514424
33866.668,-14.938461,-7.766667
33883.332,-14.928686,-7.7777243
33900.0,-14.927885,-7.772115
33916.668,-14.927083,-7.766506
33933.332,-14.921795,-7.771795
33950.0,-14.915384,-7.7798076
33966.668,-14.91923,-7.7891026
33983.332,-14.938461,-7.8003206
34000.0,-14.957692,-7.8115387
34016.668,-14.948878,-7.8227563
34033.332,-14.940064,-7.8339744
34050.0,-14.936539,-7.8283653
34066.668,-14.936539,-7.8115387
34083.332,-14.935738,-7.8001604
34100.0,-14.931731,-7.810577
34116.668,-14.927724,-7.8209934
34133.332,-14.935898,-7.841026
34150.0,-14.947115,-7.8634615
34166.668,-14.9512825,-7.870513
34183.332,-14.944872,-7.854487
34200.0,-14.938461,-7.8384614
34216.668,-14.938461,-7.8240385
34233.332,-14.938461,-7.8096156
34250.0,-14.942307,-7.8028846
34266.668,-14.948718,-7.801282
34283.332,-14.953205,-7.7974358
34300.0,-14.95,-7.7846155
34316.668,-14.9467945,-7.771795
34333.332,-14.939744,-7.7679486
34350.0,-14.931731,-7.766346
34366.668,-14.924359,-7.7653847
34383.332,-14.917949,-7.7653847
34400.0,-14.911538,-7.7653847
34416.668,-15.052564,-7.8647437
34433.332,-15.19359,-7.9641027
34450.0,-15.246154,-7.9913464
34466.668,-15.239743,-7.970513
34483.332,-15.235577,-7.950641
34500.0,-15.240385,-7.9346156
34516.668,-15.245193,-7.9185896
34533.332,-15.245193,-7.9185896
34550.0,-15.245193,-7.9185896
