0.0,0.41923076,-9.269231
16.666666,0.41602564,-9.270833
33.333332,0.41282052,-9.272436
50.0,0.41153845,-9.269231
66.666664,0.41153845,-9.26282
83.333336,0.41185898,-9.254487
100.0,0.41346154,-9.2384615
116.666664,0.4150641,-9.222436
133.33333,-0.75576925,-9.18782
150.0,-2.2197115,-9.148558
166.66667,-3.2753205,-9.024679
183.33333,-3.7184296,-8.773878
200.0,-4.1615386,-8.523077
216.66667,-4.1647434,-8.500641
233.33333,-4.1679487,-8.478205
250.0,-4.1615386,-8.448077
266.66666,-4.148718,-8.412821
283.33334,-4.219551,-8.291667
300.0,-4.625,-7.826923
316.66666,-5.030449,-7.3621793
333.33334,-5.124359,-7.1448717
350.0,-5.1403847,-6.9894233
366.66666,-5.15,-6.891667
383.33334,-5.15,-6.880449
400.0,-5.15,-6.8692307
416.66666,-5.14359,-6.8708334
433.33334,-5.1371794,-6.872436
450.0,-5.1355767,-6.876923
466.66666,-5.1371794,-6.883333
483.33334,-5.1391025,-6.889744
500.0,-5.1423078,-6.896154
516.6667,-5.145513,-6.902564
533.3333,-5.146154,-6.8871794
550.0,-5.146154,-6.8663464
566.6667,-5.169231,-6.8083334
583.3333,-5.226923,-6.6945515
600.0,-5.2846155,-6.580769
616.6667,-5.2974358,-6.5823717
633.3333,-5.3102565,-6.5839744
650.0,-5.326923,-6.5903845
666.6667,-5.3461537,-6.6
683.3333,-5.3671474,-6.607372
700.0,-5.395192,-6.605769
716.6667,-5.4232373,-6.6041665
733.3333,-5.447436,-6.6134615
750.0,-5.470673,-6.6254807
766.6667,-5.4910254,-6.634295
783.3333,-5.5070515,-6.6383014
800.0,-5.523077,-6.6423078
816.6667,-5.53109,-6.6423078
833.3333,-5.5391026,-6.6423078
850.0,-5.544231,-6.6346154
866.6667,-5.5474358,-6.6217947
883.3333,-5.55609,-6.6070514
900.0,-5.5865383,-6.584615
916.6667,-5.616987,-6.5621796
933.3333,-5.624359,-6.549359
950.0,-5.6259613,-6.5389423
966.6667,-5.628846,-6.5233974
983.3333,-5.6336536,-6.50016
1000.0,-5.6384616,-6.476923
1016.6667,-5.636859,-6.4625
1033.3334,-5.6352563,-6.4480767
1050.0,-5.6365385,-6.4427886
1066.6666,-5.639744,-6.4435897
1083.3334,-5.6408653,-6.44375
1100.0,-5.6336536,-6.441346
1116.6666,-5.6264424,-6.4389424
1133.3334,-3.1884615,-6.6538463
1150.0,-0.14278845,-6.923077
1166.6666,2.8173077,-7.3115387
1183.3334,5.6490383,-7.878846
1200.0,8.480769,-8.446154
1216.6666,8.498398,-8.458974
1233.3334,8.516026,-8.471795
1250.0,8.5278845,-8.483654
1266.6666,8.535897,-8.494872
1283.3334,8.541186,-8.50609
1300.0,8.535577,-8.517307
1316.6666,8.529968,-8.528525
1333.3334,8.525641,-8.536538
1350.0,8.521635,-8.54375
1366.6666,8.520833,-8.564423
1383.3334,8.524839,-8.6052885
1400.0,8.528846,-8.646153
1416.6666,11.408654,-9.660577
1433.3334,14.288462,-10.675
1450.0,15.599519,-11.138943
1466.6666,15.864743,-11.235897
1483.3334,16.078205,-11.31218
1500.0,16.084616,-11.305769
1516.6666,16.091026,-11.299359
1533.3334,16.107693,-11.308974
1550.0,16.126923,-11.322597
1566.6666,16.141026,-11.341025
1583.3334,16.147436,-11.366667
1600.0,16.153847,-11.392307
1616.6666,16.173077,-11.413141
1633.3334,16.192308,-11.433974
1650.0,14.850481,-11.065385
1666.6666,12.601282,-10.43718
1683.3334,9.545353,-9.709936
1700.0,3.2625,-8.586538
1716.6666,-3.0203526,-7.463141
1733.3334,-4.3096156,-7.1897435
1750.0,-4.3504806,-7.128846
1766.6666,-4.3782053,-7.095513
1783.3334,-4.386218,-7.1035256
1800.0,-4.394231,-7.1115384
1816.6666,-4.4046474,-7.1147437
1833.3334,-4.4150643,-7.1179485
1850.0,-4.4365387,-7.1173077
1866.6666,-4.4653845,-7.1141024
1883.3334,-4.4923077,-7.110577
1900.0,-4.5115385,-7.105769
1916.6666,-4.5307693,-7.1009617
1933.3334,-4.8,-7.0410256
1950.0,-5.1317306,-6.9673076
1966.6666,-5.3358974,-6.926282
1983.3334,-5.348718,-6.9342947
2000.0,-5.3615384,-6.9423075
2016.6666,-5.358333,-6.948718
2033.3334,-5.3551283,-6.955128
2050.0,-5.3533654,-6.955769
2066.6667,-5.3525643,-6.9525642
2083.3333,-5.3508015,-6.9480767
2100.0,-5.3451924,-6.9384613
2116.6667,-5.3395834,-6.9288464
2133.3333,-5.3333335,-6.9346156
2150.0,-5.326923,-6.9442306
2166.6667,-5.324359,-6.95
2183.3333,-5.3275642,-6.95
2200.0,-5.330769,-6.95
2216.6667,-5.3315706,-6.9516025
2233.3333,-5.3323717,-6.953205
2250.0,-5.3322115,-6.9442306
2266.6667,-5.3314104,-6.928205
2283.3333,-5.328846,-6.915385
2300.0,-5.3192306,-6.915385
2316.6667,-5.3096156,-6.915385
2333.3333,-5.294872,-6.902564
2350.0,-5.2788463,-6.8865385
2366.6667,-5.2548075,-6.873077
2383.3333,-5.21875,-6.8634615
2400.0,-5.1826925,-6.853846
2416.6667,-5.1746793,-6.841026
2433.3333,-5.1666665,-6.828205
2450.0,-5.1552887,-6.8182693
2466.6667,-5.141667,-6.8102565
2483.3333,-5.1301284,-6.803205
2500.0,-5.126923,-6.8
2516.6667,-5.123718,-6.796795
2533.3333,-5.122436,-6.7807693
2550.0,-5.1216345,-6.7615385
2566.6667,-5.1214743,-6.7503204
2583.3333,-5.122276,-6.751122
2600.0,-5.123077,-6.751923
2616.6667,-5.1246796,-6.760737
2633.3333,-5.126282,-6.7695513
2650.0,-5.1375,-6.78125
2666.6667,-5.155128,-6.794872
2683.3333,-5.1724358,-6.8056087
2700.0,-5.1884613,-6.8048077
2716.6667,-5.2044873,-6.8040066
2733.3333,-5.203846,-6.796154
2750.0,-5.1990385,-6.7865386
2766.6667,-5.1926284,-6.7733974
2783.3333,-5.183814,-6.754968
2800.0,-5.175,-6.7365384
2816.6667,-5.1758013,-6.731731
2833.3333,-5.1766024,-6.726923
2850.0,-5.1769233,-6.7177887
2866.6667,-5.1769233,-6.705769
2883.3333,-5.1798077,-6.6983976
2900.0,-5.1942306,-6.709615
2916.6667,-5.208654,-6.7208333
2933.3333,-5.2128205,-6.7192307
2950.0,-5.214423,-6.714423
2966.6667,-5.2141027,-6.709615
2983.3333,-5.2108974,-6.7048078
3000.0,-5.207692,-6.7
3016.6667,-5.200481,-6.6951923
3033.3333,-5.1932693,-6.6903844
3050.0,-5.1889424,-6.691346
3066.6667,-5.1865387,-6.6961536
3083.3333,-5.1785254,-6.6615386
3100.0,-5.148077,-6.4692307
3116.6667,-5.117628,-6.276923
3133.3333,-5.0961537,-6.224359
3150.0,-5.076923,-6.206731
3166.6667,-5.057051,-6.197436
3183.3333,-5.036218,-6.200641
3200.0,-5.0153847,-6.203846
3216.6667,-5.0089746,-6.200641
3233.3333,-5.002564,-6.197436
3250.0,-4.9932694,-6.2028847
3266.6667,-4.9820514,-6.2141027
3283.3333,-4.973718,-6.2275643
3300.0,-4.976923,-6.25
3316.6667,-4.9801283,-6.2724357
3333.3333,-4.9820514,-6.2743587
3350.0,-4.983654,-6.271154
3366.6667,-4.9942307,-6.275
3383.3333,-5.018269,-6.289423
3400.0,-5.042308,-6.3038464
3416.6667,-5.048718,-6.3134613
3433.3333,-5.055128,-6.3230767
3450.0,-5.0841346,-6.33125
3466.6667,-5.1282053,-6.3384614
3483.3333,-5.2120194,-6.37484
3500.0,-5.4548078,-6.5278845
3516.6667,-5.697596,-6.6809297
3533.3333,-5.74359,-6.7134614
3550.0,-5.7403846,-6.7158656
3566.6667,-5.741987,-6.7173076
3583.3333,-5.750801,-6.7173076
3600.0,-5.7596154,-6.7173076
3616.6667,-5.7467947,-6.7141027
3633.3333,-5.7339745,-6.7108974
3650.0,-5.7302885,-6.7052884
3666.6667,-5.7326922,-6.6980767
3683.3333,-5.734295,-6.6916666
3700.0,-5.7326922,-6.6884613
3716.6667,-5.7310896,-6.6852565
3733.3333,-5.730769,-6.6884613
3750.0,-5.730769,-6.6932693
3766.6667,-5.730769,-6.69391
3783.3333,-5.730769,-6.688301
3800.0,-5.730769,-6.6826925
3816.6667,-5.7259617,-6.6826925
3833.3333,-5.7211537,-6.6826925
3850.0,-5.7192307,-6.6658654
3866.6667,-5.7192307,-6.6378207
3883.3333,-5.691346,-6.6173077
3900.0,-5.5519233,-6.626923
3916.6667,-5.4125,-6.6365385
3933.3333,-5.3679485,-6.6089745
3950.0,-5.3471155,-6.5721154
3966.6667,-5.332692,-6.54391
3983.3333,-5.3278847,-6.528686
4000.0,-5.3230767,-6.5134616
4016.6667,-5.3166666,-6.4966345
4033.3333,-5.3102565,-6.479808
4050.0,-5.308654,-6.4692307
4066.6667,-5.3102565,-6.4628205
4083.3333,-5.308654,-6.4536858
4100.0,-5.294231,-6.433654
4116.6665,-5.2798076,-6.413622
4133.3335,-5.271795,-6.4102564
4150.0,-5.2653847,-6.4110575
4166.6665,-5.259295,-6.4371796
4183.3335,-5.253686,-6.501282
4200.0,-5.248077,-6.5653844
4216.6665,-5.2528844,-6.572596
4233.3335,-5.2576923,-6.5798078
4250.0,-5.261058,-6.576923
4266.6665,-5.2634616,-6.5673075
4283.3335,-5.2673078,-6.5600963
4300.0,-5.276923,-6.5625
4316.6665,-5.2865386,-6.5649037
4333.3335,-5.2935896,-6.570513
4350.0,-5.3,-6.576923
4366.6665,-5.302564,-6.582692
4383.3335,-5.299359,-6.5875
4400.0,-5.296154,-6.5923076
4416.6665,-1.9363782,-7.512981
4433.3335,1.4233974,-8.433654
4450.0,3.4322116,-8.8783655
4466.6665,4.540385,-9.005769
4483.3335,5.425641,-9.110256
4500.0,5.419231,-9.123077
4516.6665,5.4128203,-9.135898
4533.3335,5.4115386,-9.153846
4550.0,5.4115386,-9.173077
4566.6665,5.6076922,-9.195513
4583.3335,6.098077,-9.222756
4600.0,6.5884614,-9.25
4616.6665,6.5916667,-9.259615
4633.3335,6.594872,-9.269231
4650.0,6.5951924,-9.275
4666.6665,6.59359,-9.278205
4683.3335,6.5942307,-9.279166
4700.0,6.603846,-9.271153
4716.6665,6.6134615,-9.263141
4733.3335,6.6320515,-9.260257
4750.0,6.6528845,-9.258654
4766.6665,6.671795,-9.251282
4783.3335,6.6878204,-9.235256
4800.0,6.703846,-9.219231
4816.6665,1.7951924,-8.711218
4833.3335,-3.1134615,-8.203205
4850.0,-5.2596154,-7.955769
4866.6665,-5.5641026,-7.8820515
4883.3335,-5.8038464,-7.81891
4900.0,-5.7846155,-7.798077
4916.6665,-5.7653847,-7.7772436
4933.3335,-5.753846,-7.7679486
4950.0,-5.7442307,-7.7615385
4966.6665,-5.7458334,-7.763141
4983.3335,-5.7642627,-7.776763
5000.0,-5.7826924,-7.790385
5016.6665,-5.625641,-7.541987
5033.3335,-5.46859,-7.2935896
5050.0,-5.3956733,-7.1466346
5066.6665,-5.378846,-7.0673075
5083.3335,-5.3661857,-7.0057693
5100.0,-5.3701925,-7.0153847
5116.6665,-5.374199,-7.025
5133.3335,-5.3653846,-7.0243587
5150.0,-5.3533654,-7.021154
5166.6665,-5.348077,-7.0224357
5183.3335,-5.352885,-7.030449
5200.0,-5.3576922,-7.0384617
5216.6665,-5.360096,-7.044872
5233.3335,-5.3625,-7.051282
5250.0,-5.363942,-7.0509615
5266.6665,-5.3647437,-7.046154
5283.3335,-5.395192,-7.0464745
5300.0,-5.544231,-7.0673075
5316.6665,-5.6932693,-7.088141
5333.3335,-5.7089744,-7.0833335
5350.0,-5.691346,-7.0721154
5366.6665,-5.6769233,-7.0673075
5383.3335,-5.667308,-7.0721154
5400.0,-5.6576924,-7.076923
5416.6665,-6.2691345,-7.1825
5433.3335,-6.880577,-7.288077
5450.0,-7.492019,-7.393654
5466.6665,-8.103461,-7.499231
5483.3335,-8.714904,-7.604808
5500.0,-9.326346,-7.710385
5516.6665,-9.937788,-7.8159614
5533.3335,-10.549231,-7.9215384
5550.0,-11.160673,-8.027116
5566.6665,-11.772116,-8.132692
5583.3335,-11.745673,-9.358654
5600.0,-11.719231,-10.584616
5616.6665,-12.9155445,-10.0717945
5633.3335,-14.111859,-9.558974
5650.0,-14.575961,-9.316346
5666.6665,-14.551923,-9.253846
5683.3335,-14.533334,-9.20625
5700.0,-14.536538,-9.218269
5716.6665,-14.539743,-9.2302885
5733.3335,-14.544871,-9.23718
5750.0,-14.550481,-9.242788
5766.6665,-14.733334,-9.262179
5783.3335,-15.182052,-9.302243
5800.0,-15.630769,-9.342308
5816.6665,-15.631571,-9.3471155
5833.3335,-15.632372,-9.351923
5850.0,-15.632692,-9.353365
5866.6665,-15.632692,-9.352564
5883.3335,-15.627404,-9.347436
5900.0,-15.600962,-9.325
5916.6665,-15.574519,-9.302564
5933.3335,-12.186539,-8.848077
5950.0,-7.9581733,-8.285577
5966.6665,-5.3791666,-7.9304485
5983.3335,-5.2741985,-7.8863783
6000.0,-5.169231,-7.8423076
6016.6665,-5.170833,-7.8230767
6033.3335,-5.1724358,-7.8038464
6050.0,-5.183654,-7.8
6066.6665,-5.201282,-7.8064103
6083.3335,-5.21891,-7.81891
6100.0,-5.2365384,-7.855769
6116.6665,-5.2541666,-7.892628
6133.3335,-5.273077,-7.928205
6150.0,-5.292308,-7.9634614
6166.6665,-5.3089743,-7.9891024
6183.3335,-5.321795,-8.00032
6200.0,-5.334615,-8.0115385
6216.6665,-5.341026,-8.006731
6233.3335,-5.347436,-8.001923
6250.0,-5.353846,-7.998077
6266.6665,-5.360256,-7.9948716
6283.3335,-5.3682694,-7.9902244
6300.0,-5.3826923,-7.979808
6316.6665,-5.397115,-7.969391
6333.3335,-5.373077,-7.9166665
6350.0,-5.339423,-7.8533654
6366.6665,-5.319872,-7.8089743
6383.3335,-5.3214746,-7.7929487
6400.0,-5.3230767,-7.776923
6416.6665,-5.3166666,-7.7304487
6433.3335,-5.3102565,-7.6839743
6450.0,-5.2985578,-7.6346154
6466.6665,-5.2833333,-7.5833335
6483.3335,-5.268269,-7.538782
6500.0,-5.253846,-7.521154
6516.6665,-5.2394233,-7.5035257
6533.3335,-5.2397437,-7.4948716
6550.0,-5.24375,-7.4884615
6566.6665,-5.245513,-7.485256
6583.3335,-5.2439103,-7.486859
6600.0,-5.2423077,-7.4884615
6616.6665,-5.245513,-7.491667
6633.3335,-5.248718,-7.4948716
6650.0,-5.2557693,-7.498077
6666.6665,-5.2653847,-7.501282
6683.3335,-5.2727566,-7.508333
6700.0,-5.271154,-7.5307693
6716.6665,-5.2695513,-7.553205
6733.3335,-5.276923,-7.584615
6750.0,-5.2865386,-7.6182694
6766.6665,-5.2935896,-7.646154
6783.3335,-5.296795,-7.665385
6800.0,-5.3,-7.6846156
6816.6665,-5.308013,-7.715064
6833.3335,-5.3160257,-7.745513
6850.0,-5.3211536,-7.775
6866.6665,-5.324359,-7.8038464
6883.3335,-5.3240385,-7.824359
6900.0,-5.3096156,-7.8115387
6916.6665,-5.2951922,-7.798718
6933.3335,-5.223077,-7.5
6950.0,-5.1365385,-7.1298075
6966.6665,-5.0798078,-6.9028845
6983.3335,-5.0677886,-6.8908653
7000.0,-5.0557694,-6.878846
7016.6665,-5.053365,-6.8796473
7033.3335,-5.0509615,-6.880449
7050.0,-5.0538464,-6.875
7066.6665,-5.0602565,-6.8653846
7083.3335,-5.0676284,-6.8541665
7100.0,-5.078846,-6.8365383
7116.6665,-5.090064,-6.81891
7133.3335,-5.048718,-6.8192306
7150.0,-4.9942307,-6.8240385
7166.6665,-4.956731,-6.064443
7183.3335,-4.919231,-5.3048477
7200.0,-4.8817306,-4.5452523
7216.6665,-4.8442307,-3.7856572
7233.3335,-4.8067307,-3.0260618
7250.0,-4.769231,-2.2664664
7266.6665,-4.731731,-1.506871
7283.3335,-4.6942306,-0.74727565
7300.0,-4.973077,-3.7528846
7316.6665,-5.251923,-6.7584934
7333.3335,-5.1666665,-7.098718
7350.0,-4.9903846,-6.7725964
7366.6665,-4.926282,-6.571795
7383.3335,-5.030449,-6.5589743
7400.0,-5.1346154,-6.546154
7416.6665,-5.2347755,-6.546154
7433.3335,-5.3349357,-6.546154
7450.0,-5.3370194,-6.5384617
7466.6665,-5.273718,-6.525641
7483.3335,-5.2108974,-6.516346
7500.0,-5.15,-6.521154
7516.6665,-5.0891027,-6.5259614
7533.3335,-5.0435896,-6.5179486
7550.0,-5.001923,-6.5067306
7566.6665,-4.9932694,-6.5032053
7583.3335,-5.0341344,-6.511218
7600.0,-5.075,-6.519231
7616.6665,-5.122276,-6.5128207
7633.3335,-5.1695514,-6.50641
7650.0,-5.2221155,-6.496154
7666.6665,-5.278205,-6.483333
7683.3335,-5.3304486,-6.473718
7700.0,-5.3673077,-6.476923
7716.6665,-5.4041667,-6.4801283
7733.3335,-5.408974,-6.470513
7750.0,-5.4057693,-6.457692
7766.6665,-5.3878207,-6.45
7783.3335,-5.3477564,-6.45
7800.0,-5.3076925,-6.45
7816.6665,-5.261218,-6.4516025
7833.3335,-5.2147436,-6.453205
7850.0,-5.1721153,-6.4528847
7866.6665,-5.1320515,-6.451282
7883.3335,-5.1089745,-6.4753203
7900.0,-5.1538463,-6.601923
7916.6665,-5.198718,-6.7285256
7933.3335,-5.205128,-6.7679486
7950.0,-5.201923,-6.785577
7966.6665,-5.203846,-6.7935896
7983.3335,-5.2134614,-6.7871795
8000.0,-5.223077,-6.7807693
8016.6665,-5.248718,-6.758333
8033.3335,-5.2743587,-6.7358975
8050.0,-5.2971153,-6.727885
8066.6665,-5.317949,-6.729487
8083.3335,-5.340705,-6.7296476
8100.0,-5.371154,-6.7240386
8116.6665,-5.4016027,-6.7184296
8133.3335,-5.4269233,-6.717949
8150.0,-5.4509616,-6.71875
8166.6665,-5.00641,-6.780449
8183.3335,-3.8589745,-6.9334936
8200.0,-2.7115386,-7.0865383
8216.667,-2.7628205,-7.1690707
8233.333,-2.8141026,-7.2516026
8250.0,-3.1451924,-7.3192306
8266.667,-3.6628206,-7.376923
8283.333,-4.08109,-7.4334936
8300.0,-4.101923,-7.485577
8316.667,-4.1227565,-7.53766
8333.333,-4.1307693,-7.5410256
8350.0,-4.1355767,-7.5322113
8366.667,-4.326282,-7.5173078
8383.333,-4.795833,-7.4932694
8400.0,-5.2653847,-7.4692307
8416.667,-5.257372,-7.429167
8433.333,-5.249359,-7.3891025
8450.0,-5.228846,-7.3634615
8466.667,-5.2,-7.347436
8483.333,-5.173077,-7.3315706
8500.0,-5.1538463,-7.316346
8516.667,-5.1346154,-7.3011217
8533.333,-5.116667,-7.2807693
8550.0,-5.0990386,-7.259135
8566.667,-5.080769,-7.2339745
8583.333,-5.0615387,-7.2035255
8600.0,-5.042308,-7.173077
8616.667,-5.0375,-7.1602564
8633.333,-5.0326924,-7.1474357
8650.0,-5.0153847,-7.103846
8666.667,-4.9897437,-7.0397434
8683.333,-4.972596,-6.9875
8700.0,-4.9894233,-6.9826922
8716.667,-5.00625,-6.977885
8733.333,-5.016667,-6.967949
8750.0,-5.0254807,-6.956731
8766.667,-5.0365386,-6.9461536
8783.333,-5.0509615,-6.9365387
8800.0,-5.0653844,-6.9269233
8816.667,-5.083013,-6.9269233
8833.333,-5.1006413,-6.9269233
8850.0,-5.1115384,-6.919231
8866.667,-5.1179485,-6.90641
8883.333,-5.1259613,-6.8983974
8900.0,-5.1403847,-6.9096155
8916.667,-5.1548076,-6.920833
8933.333,-5.167308,-6.9333334
8950.0,-5.179327,-6.9461536
8966.667,-5.195833,-6.9602566
8983.333,-5.2190704,-6.976282
9000.0,-5.2423077,-6.9923077
9016.667,-5.259135,-6.9923077
9033.333,-5.2759614,-6.9923077
9050.0,-5.2899036,-7.0076923
9066.667,-5.3019233,-7.0333333
9083.333,-5.3134613,-7.0576925
9100.0,-5.3230767,-7.076923
9116.667,-5.332692,-7.0961537
9133.333,-5.3615384,-7.124359
9150.0,-5.395192,-7.1548076
9166.667,-7.0794873,-7.415705
9183.333,-11.239743,-8.022276
9200.0,-15.4,-8.628846
9216.667,-15.435256,-8.623238
9233.333,-15.470512,-8.617628
9250.0,-15.475962,-8.607693
9266.667,-15.461538,-8.5948715
9283.333,-15.446955,-8.585577
9300.0,-15.431731,-8.5903845
9316.667,-15.416507,-8.595192
9333.333,-15.738205,-7.4853845
9350.0,-16.059904,-6.375577
9366.667,-16.381603,-5.265769
9383.333,-16.7033,-4.1559615
9400.0,-17.025,-3.0461538
9416.667,-16.679647,-5.728045
9433.333,-16.334295,-8.409936
9450.0,-16.170193,-9.751442
9466.667,-16.126923,-10.199359
9483.333,-16.095833,-10.475481
9500.0,-16.113462,-10.064423
9516.667,-16.13109,-9.653365
9533.333,-14.66923,-9.546795
9550.0,-12.8375,-9.516346
9566.667,-10.556731,-9.173397
9583.333,-7.6024036,-8.361699
9600.0,-4.648077,-7.55
9616.667,-4.672917,-7.541987
9633.333,-4.6977563,-7.533974
9650.0,-4.7,-7.539423
9666.667,-4.6871796,-7.5538464
9683.333,-4.6758013,-7.5693913
9700.0,-4.6701922,-7.589423
9716.667,-4.664583,-7.609455
9733.333,-4.7884617,-7.597436
9750.0,-4.9447117,-7.577404
9766.667,-5.0833335,-7.532051
9783.333,-5.195513,-7.448718
9800.0,-5.3076925,-7.3653846
9816.667,-5.3165064,-7.375
9833.333,-5.3253207,-7.3846154
9850.0,-5.327404,-7.3884616
9866.667,-5.325,-7.3884616
9883.333,-5.324359,-7.3923078
9900.0,-5.330769,-7.4115386
9916.667,-5.3371797,-7.4307694
9933.333,-5.3391027,-7.428205
9950.0,-5.339904,-7.4201922
9966.667,-5.3391027,-7.417308
9983.333,-5.3358974,-7.4221153
10000.0,-5.332692,-7.4269233
10016.667,-5.338301,-7.415705
10033.333,-5.34391,-7.404487
10050.0,-5.351923,-7.395192
10066.667,-5.3615384,-7.3871794
10083.333,-5.3708334,-7.3834934
10100.0,-5.378846,-7.397115
10116.667,-5.386859,-7.410737
10133.333,-5.394231,-7.4128203
10150.0,-5.4014425,-7.4120193
10166.667,-5.407372,-7.4128203
10183.333,-5.4113784,-7.4160256
10200.0,-5.415385,-7.419231
10216.667,-5.413782,-7.4288464
10233.333,-5.4121795,-7.4384613
10250.0,-5.4048076,-7.4451923
10266.667,-5.39359,-7.45
10283.333,-5.3852563,-7.4554486
10300.0,-5.3884616,-7.4634614
10316.667,-5.391667,-7.471474
10333.333,-5.3948717,-7.498718
10350.0,-5.398077,-7.5307693
10366.667,-5.389744,-7.5589743
10383.333,-5.3641024,-7.5814104
10400.0,-5.3384614,-7.603846
10416.667,-5.1557693,-7.776923
10433.333,-4.973077,-7.95
10450.0,-4.893269,-8.0125
10466.667,-4.8820515,-8.001282
10483.333,-4.932532,-7.9921474
10500.0,-5.229808,-7.9913464
10516.667,-5.5270834,-7.990545
10533.333,-5.591026,-7.99359
10550.0,-5.5966344,-7.9975963
10566.667,-5.601923,-7.999359
10583.333,-5.606731,-7.9977565
10600.0,-5.6115384,-7.996154
10616.667,-5.6147437,-7.9913464
10633.333,-5.6179485,-7.9865384
10650.0,-5.6259613,-7.9826922
10666.667,-5.6371794,-7.979487
10683.333,-5.6445513,-7.9740386
10700.0,-5.6365385,-7.959615
10716.667,-5.6285257,-7.9451923
10733.333,-5.616667,-7.921795
10750.0,-5.603846,-7.896154
10766.667,-5.5961537,-7.8766026
10783.333,-5.5961537,-7.8661857
10800.0,-5.5961537,-7.855769
10816.667,-5.594551,-7.832532
10833.333,-5.592949,-7.8092947
10850.0,-5.5884614,-7.7951922
10866.667,-5.5820513,-7.7871795
10883.333,-5.577244,-7.776923
10900.0,-5.578846,-7.7576923
10916.667,-5.5804486,-7.7384615
10933.333,-5.59359,-7.574359
10950.0,-5.6096153,-7.3740387
10966.667,-5.6173077,-7.2528844
10983.333,-5.6125,-7.2504807
11000.0,-5.6076922,-7.248077
11016.667,-5.6076922,-7.2633014
11033.333,-5.6076922,-7.278526
11050.0,-5.6043267,-7.2865386
11066.667,-5.598718,-7.2897434
11083.333,-4.869391,-7.4894233
11100.0,-1.2451923,-8.475
11116.667,2.3790064,-9.460577
11133.333,4.723077,-10.033334
11150.0,6.7471156,-10.502885
11166.667,7.950641,-10.779488
11183.333,7.9233975,-10.766666
11200.0,7.896154,-10.753846
11216.667,7.888141,-10.744231
11233.333,7.8801284,-10.734615
11250.0,7.8754807,-10.745193
11266.667,7.873077,-10.769231
11283.333,7.8661857,-10.780769
11300.0,7.8413463,-10.742308
11316.667,7.8165064,-10.703846
11333.333,7.496154,-10.517949
11350.0,7.101923,-10.295193
11366.667,6.8653846,-10.160897
11383.333,6.8653846,-10.159295
11400.0,6.8653846,-10.157692
11416.667,6.8733974,-10.156891
11433.333,6.88141,-10.15609
11450.0,7.5375,-10.36875
11466.667,8.625641,-10.723718
11483.333,10.0613785,-11.110416
11500.0,12.8875,-11.624039
11516.667,15.713622,-12.13766
11533.333,16.3,-12.255128
11550.0,16.326443,-12.273558
11566.667,16.355127,-12.291347
11583.333,16.38718,-12.308173
11600.0,16.419231,-12.325
11616.667,16.448877,-12.34343
11633.333,16.478525,-12.361859
11650.0,16.497597,-12.391346
11666.667,16.509615,-12.4282055
11683.333,16.520514,-12.455449
11700.0,16.526922,-12.444231
11716.667,16.533333,-12.433013
11733.333,14.4186535,-11.232244
11750.0,12.303974,-10.031474
11766.667,10.189295,-8.830705
11783.333,8.0746155,-7.6299357
11800.0,5.9599357,-6.429167
11816.667,3.8452563,-5.2283974
11833.333,1.7305769,-4.0276284
11850.0,-0.38410255,-2.826859
11866.667,-2.4987822,-1.6260897
11883.333,-4.6134615,-0.4253205
11900.0,-4.1423078,-3.7442307
11916.667,-3.6711538,-7.063141
11933.333,-3.4653847,-7.4076924
11950.0,-3.3259616,-7.0086536
11966.667,-3.569872,-6.949359
11983.333,-4.388782,-7.3996797
12000.0,-5.207692,-7.85
12016.667,-5.2285256,-7.78109
12033.333,-5.249359,-7.7121797
12050.0,-5.270192,-7.6110578
12066.667,-5.2910256,-7.4884615
12083.333,-5.3121796,-7.3934293
12100.0,-5.334615,-7.4086537
12116.667,-5.3570514,-7.423878
12133.333,-5.3589745,-7.502564
12150.0,-5.355769,-7.5971155
12166.667,-5.347436,-7.677564
12183.333,-5.3314104,-7.736859
12200.0,-5.3153844,-7.796154
12216.667,-5.3089743,-7.791346
12233.333,-5.302564,-7.7865386
12250.0,-5.3903847,-7.675481
12266.667,-5.5410256,-7.49359
12283.333,-5.661859,-7.3283653
12300.0,-5.6634617,-7.229808
12316.667,-5.6650643,-7.13125
12333.333,-5.6679487,-7.05
12350.0,-5.671154,-6.973077
12366.667,-5.6839743,-6.925641
12383.333,-5.711218,-6.9224358
12400.0,-5.7384615,-6.919231
12416.667,-5.741667,-6.9472756
12433.333,-5.7448716,-6.9753203
12450.0,-5.7524037,-7.033173
12466.667,-5.7628207,-7.1108975
12483.333,-5.7697115,-7.1903844
12500.0,-5.7625,-7.276923
12516.667,-5.7552886,-7.3634615
12533.333,-5.747436,-7.4205127
12550.0,-5.7394233,-7.4701924
12566.667,-5.7253203,-7.502564
12583.333,-5.702083,-7.5089746
12600.0,-5.6788464,-7.5153847
12616.667,-5.6668267,-7.5105767
12633.333,-5.6548076,-7.5057693
12650.0,-5.651923,-7.4846153
12666.667,-5.655128,-7.4525642
12683.333,-5.65625,-7.418109
12700.0,-5.6490383,-7.3740387
12716.667,-5.641827,-7.329968
12733.333,-5.6474357,-7.271795
12750.0,-5.65625,-7.2100964
12766.667,-5.664423,-7.1522436
12783.333,-5.6716347,-7.10016
12800.0,-5.6788464,-7.048077
12816.667,-5.530609,-6.891827
12833.333,-5.382372,-6.735577
12850.0,-5.3259616,-6.6201925
12866.667,-5.330769,-6.532051
12883.333,-5.332692,-6.454167
12900.0,-5.3230767,-6.417308
12916.667,-5.3134613,-6.380449
12933.333,-5.3141026,-6.366667
12950.0,-5.3173075,-6.358654
12966.667,-5.3166666,-6.346795
12983.333,-5.3102565,-6.329167
13000.0,-5.3038464,-6.3115387
13016.667,-5.294231,-6.2891026
13033.333,-5.2846155,-6.266667
13050.0,-5.2735577,-6.2639422
13066.667,-5.2615385,-6.2743587
13083.333,-5.247334,-5.899592
13100.0,-5.2331295,-5.524825
13116.667,-5.218925,-5.1500583
13133.333,-5.2047205,-4.7752914
13150.0,-5.1905155,-4.4005246
13166.667,-5.176311,-4.025758
13183.333,-5.1621065,-3.6509907
13200.0,-5.147902,-3.2762237
13216.667,-5.1336975,-2.9014568
13233.333,-5.119493,-2.52669
13250.0,-5.1052885,-2.1519232
13266.667,-5.408974,-5.4948716
13283.333,-5.634455,-8.073878
13300.0,-5.5471153,-7.5971155
13316.667,-5.4597754,-7.1203527
13333.333,-5.405128,-6.9666667
13350.0,-5.358654,-6.89375
13366.667,-5.3397436,-6.8865385
13383.333,-5.3621793,-6.977885
13400.0,-5.3846154,-7.0692306
13416.667,-5.4326925,-7.1173077
13433.333,-5.480769,-7.165385
13450.0,-5.5028844,-7.1586537
13466.667,-5.5076923,-7.1153846
13483.333,-5.501282,-7.0615387
13500.0,-5.45,-6.9653845
13516.667,-5.398718,-6.8692307
13533.333,-5.3628206,-6.8397436
13550.0,-5.330769,-6.826923
13566.667,-5.2955127,-6.8195515
13583.333,-5.255449,-6.8203526
13600.0,-5.2153845,-6.8211536
13616.667,-5.026282,-6.807532
13633.333,-4.8371797,-6.79391
13650.0,-4.733654,-6.772115
13666.667,-4.6871796,-6.7448716
13683.333,-4.650641,-6.726282
13700.0,-4.6538463,-6.7423077
13716.667,-4.657051,-6.758333
13733.333,-4.6769233,-6.769231
13750.0,-4.7009616,-6.7788463
13766.667,-4.719872,-6.770513
13783.333,-4.7310896,-6.735256
13800.0,-4.7423077,-6.7
13816.667,-4.7743587,-6.671154
13833.333,-4.8064103,-6.6423078
13850.0,-4.8240385,-6.6096153
13866.667,-4.8320513,-6.574359
13883.333,-4.8402243,-6.5381413
13900.0,-4.8490386,-6.498077
13916.667,-4.8578525,-6.458013
13933.333,-4.8628206,-6.40641
13950.0,-4.866827,-6.351923
13966.667,-4.8644233,-6.3102565
13983.333,-4.8524036,-6.2878203
14000.0,-4.8403845,-6.2653847
14016.667,-4.8283653,-6.244551
14033.333,-4.816346,-6.223718
14050.0,-4.8096156,-6.2115383
14066.667,-4.8064103,-6.205128
14083.333,-4.8019233,-6.1980767
14100.0,-4.792308,-6.1884613
14116.667,-4.7826924,-6.1788464
14133.333,-4.7743587,-6.1878204
14150.0,-4.766346,-6.2014422
14166.667,-3.2419872,-6.6615386
14183.333,0.556891,-7.791346
14200.0,4.355769,-8.921154
14216.667,5.1802883,-9.001282
14233.333,6.0048075,-9.08141
14250.0,6.331731,-9.125481
14266.667,6.326923,-9.145513
14283.333,6.3227563,-9.158494
14300.0,6.3211536,-9.14327
14316.667,6.3195515,-9.128045
14333.333,6.324359,-9.134615
14350.0,6.330769,-9.146635
14366.667,6.339423,-9.167308
14383.333,6.3514423,-9.200961
14400.0,6.3634615,-9.234615
14416.667,6.617468,-9.276282
14433.333,6.8714743,-9.317948
14450.0,6.9865384,-9.359135
14466.667,7.0089746,-9.4
14483.333,7.03109,-9.44343
14500.0,7.0519233,-9.497115
14516.667,7.0727563,-9.550801
14533.333,7.0858974,-9.589744
14550.0,7.0971155,-9.625
14566.667,7.110256,-9.658975
14583.333,7.126282,-9.691026
14600.0,7.1423078,-9.723077
14616.667,7.1583333,-9.728686
14633.333,7.174359,-9.734295
14650.0,7.1283655,-9.7302885
14666.667,7.0410256,-9.7198715
14683.333,6.970673,-9.714103
14700.0,6.9682693,-9.726923
14716.667,6.9658656,-9.739743
14733.333,6.9666667,-9.741026
14750.0,6.9682693,-9.739423
14766.667,6.9711537,-9.732051
14783.333,6.9759617,-9.716025
14800.0,6.980769,-9.7
14816.667,6.9847755,-9.6759615
14833.333,6.988782,-9.651923
14850.0,6.9860578,-9.627885
14866.667,6.978846,-9.603847
14883.333,6.9711537,-9.58141
14900.0,6.9615383,-9.565385
14916.667,6.951923,-9.549359
14933.333,6.9461536,-9.532051
14950.0,6.941346,-9.514423
14966.667,6.9352565,-9.493589
14983.333,6.9272437,-9.467949
15000.0,6.919231,-9.442307
15016.667,6.9096155,-9.426282
15033.333,6.9,-9.410256
15050.0,6.893269,-9.382692
15066.667,6.8884616,-9.347436
15083.333,6.885096,-9.318911
15100.0,6.8875,-9.317307
15116.667,6.889904,-9.315705
15133.333,6.8839746,-9.270513
15150.0,6.8759613,-9.214423
15166.667,6.874359,-9.169871
15183.333,6.882372,-9.142629
15200.0,6.8903847,-9.115385
15216.667,6.9072113,-9.113782
15233.333,6.9240384,-9.11218
15250.0,9.033654,-9.708173
15266.667,12.538462,-10.702564
15283.333,15.377244,-11.51234
15300.0,15.551923,-11.583653
15316.667,15.726603,-11.654968
15333.333,15.752564,-11.671795
15350.0,15.741346,-11.675
15366.667,15.730128,-11.677564
15383.333,15.71891,-11.679167
15400.0,15.707692,-11.680769
15416.667,15.696474,-11.68718
15433.333,15.685256,-11.69359
15450.0,15.720673,-11.694712
15466.667,15.78718,-11.692307
15483.333,15.859295,-11.677243
15500.0,15.953846,-11.611539
15516.667,16.048397,-11.545834
15533.333,14.835257,-11.380769
15550.0,13.295193,-11.1908655
15566.667,11.572115,-10.933333
15583.333,9.574519,-10.574359
15600.0,7.576923,-10.2153845
15616.667,7.576923,-10.186539
15633.333,7.576923,-10.157692
15650.0,7.5759616,-10.142307
15666.667,7.574359,-10.135898
15683.333,7.544872,-10.100962
15700.0,7.4038463,-9.951923
15716.667,7.2628207,-9.802885
15733.333,7.1602564,-9.702564
15750.0,7.0673075,-9.614423
15766.667,7.013782,-9.573077
15783.333,7.019391,-9.601923
15800.0,7.025,-9.630769
15816.667,7.030609,-9.633974
15833.333,7.036218,-9.637179
15850.0,7.042308,-9.638461
15866.667,7.048718,-9.638461
15883.333,7.0564103,-9.642147
15900.0,7.0692306,-9.660577
15916.667,7.0820513,-9.679007
15933.333,7.0884614,-9.680769
15950.0,7.0932693,-9.678366
15966.667,7.0721154,-9.652244
15983.333,7.012019,-9.590545
16000.0,6.951923,-9.528846
16016.667,6.763622,-9.348557
16033.333,6.5753207,-9.168269
16050.0,6.4951925,-9.095192
16066.667,6.4871793,-9.09359
16083.333,6.479808,-9.096154
16100.0,6.475,-9.115385
16116.667,6.4701924,-9.134615
16133.333,6.4666667,-9.141026
16150.0,6.4634614,-9.144231
16166.667,6.459615,-9.145833
16183.333,6.4548078,-9.145032
16200.0,6.45,-9.144231
16216.667,6.4491987,-9.134615
16233.333,6.4483976,-9.125
16250.0,6.44375,-9.1125
16266.667,6.4365387,-9.098077
16283.333,6.4288464,-9.081571
16300.0,6.419231,-9.056731
16316.667,6.4096155,-9.031891
16333.333,6.40641,-9.030769
16350.0,6.4048076,-9.035577
16366.667,6.396154,-9.038462
16383.333,6.376923,-9.038462
16400.0,6.3576922,-9.038462
16416.666,6.3608975,-9.025641
16433.334,6.3641024,-9.01282
16450.0,6.3673077,-8.986539
16466.666,6.370513,-8.9512825
16483.334,6.3729167,-8.922756
16500.0,6.3721156,-8.921154
16516.666,6.371314,-8.919551
16533.334,6.366667,-8.896153
16550.0,6.3610578,-8.867308
16566.666,6.3596153,-8.85
16583.334,6.3644233,-8.85
16600.0,6.3692307,-8.85
16616.666,6.3740387,-8.845192
16633.334,6.378846,-8.8403845
16650.0,6.3923078,-8.820192
16666.666,6.4115386,-8.789743
16683.334,6.460577,-8.752885
16700.0,6.628846,-8.690385
16716.666,6.7971153,-8.627885
16733.334,6.8471756,-8.652043
16750.0,6.8972354,-8.676202
16766.666,6.9472957,-8.70036
16783.334,6.997356,-8.724519
16800.0,7.0474157,-8.748678
16816.666,7.097476,-8.772837
16833.334,7.1475363,-8.796995
16850.0,7.197596,-8.821154
16866.666,7.1134615,-8.773077
16883.334,7.0397434,-8.709936
16900.0,7.0076923,-8.586538
16916.666,6.9756413,-8.463141
16933.334,6.95,-8.422436
16950.0,6.9259615,-8.402404
16966.666,6.9076924,-8.385577
16983.334,6.898077,-8.373558
17000.0,6.8884616,-8.361539
17016.666,6.8948717,-8.3262825
17033.334,6.901282,-8.291026
17050.0,6.8995194,-8.260577
17066.666,6.8923078,-8.233334
17083.334,6.886859,-8.216186
17100.0,6.8884616,-8.239423
17116.666,6.8900642,-8.26266
17133.334,6.8910255,-8.279488
17150.0,6.891827,-8.294711
17166.666,6.89359,-8.298397
17183.334,6.896795,-8.284776
17200.0,6.9,-8.271153
17216.666,6.903205,-8.239102
17233.334,6.90641,-8.207051
17250.0,7.0048075,-8.209135
17266.666,7.1666665,-8.233974
17283.334,7.296795,-8.253526
17300.0,7.3,-8.251923
17316.666,7.303205,-8.25032
17333.334,7.298718,-8.258974
17350.0,7.292308,-8.270192
17366.666,7.284936,-8.269231
17383.334,7.2761216,-8.25
17400.0,7.2673078,-8.230769
17416.666,7.2633014,-8.240385
17433.334,7.259295,-8.25
17450.0,7.2509613,-8.26298
17466.666,7.2397437,-8.278205
17483.334,7.228205,-8.287661
17500.0,7.2153845,-8.274038
17516.666,7.2025642,-8.260417
17533.334,7.0692306,-8.184615
17550.0,6.9057693,-8.093269
17566.666,6.804487,-8.037821
17583.334,6.7964745,-8.036218
17600.0,6.7884617,-8.0346155
17616.666,6.7844553,-8.045834
17633.334,6.780449,-8.057052
17650.0,6.7725964,-8.072115
17666.666,6.7621794,-8.089744
17683.334,6.753846,-8.103205
17700.0,6.753846,-8.1
17716.666,6.753846,-8.096795
17733.334,6.7589746,-8.0948715
17750.0,6.7653847,-8.093269
17766.666,6.7743587,-8.087179
17783.334,6.7871795,-8.074359
17800.0,6.8,-8.061539
17816.666,6.8,-8.071154
17833.334,6.8,-8.08077
17850.0,6.866827,-8.042308
17866.666,6.978205,-7.971795
17883.334,7.06875,-7.9104166
17900.0,7.0759616,-7.8855767
17916.666,7.0831733,-7.8607373
17933.334,7.0833335,-7.845513
17950.0,7.081731,-7.832692
17966.666,7.0833335,-7.8285255
17983.334,7.0897436,-7.83734
18000.0,7.0961537,-7.8461537
18016.666,7.8653846,-8.16907
18033.334,8.634615,-8.491987
18050.0,10.365385,-8.909135
18066.666,12.73718,-9.389103
18083.334,14.633974,-9.776282
18100.0,14.630769,-9.792308
18116.666,14.627564,-9.808333
18133.334,14.621795,-9.791667
18150.0,14.615385,-9.766827
18166.666,14.642307,-9.770192
18183.334,14.719231,-9.8158655
18200.0,14.796154,-9.861539
18216.666,15.078205,-9.896795
18233.334,15.360256,-9.932052
18250.0,15.476923,-9.946154
18266.666,15.483334,-9.946154
18283.334,15.489423,-9.94359
18300.0,15.494231,-9.930769
18316.666,15.499039,-9.917949
18333.334,15.501923,-9.913462
18350.0,15.504327,-9.911057
18366.666,15.5137825,-9.909936
18383.334,15.533814,-9.910737
18400.0,15.553846,-9.911538
18416.666,15.561058,-9.87468
18433.334,15.568269,-9.83782
18450.0,11.439904,-9.086538
18466.666,4.554487,-7.8589745
18483.334,-1.3224359,-6.798077
18500.0,-3.1653845,-6.4038463
18516.666,-5.008333,-6.0096154
18533.334,-5.3871794,-5.9102564
18550.0,-5.4,-5.8846154
18566.666,-5.4076924,-5.858654
18583.334,-5.4076924,-5.8322115
18600.0,-5.4076924,-5.8057694
18616.666,-5.422917,-5.796955
18633.334,-5.438141,-5.7881413
18650.0,-5.448558,-5.7846155
18666.666,-5.455769,-5.7846155
18683.334,-6.0195513,-6.140705
18700.0,-8.809615,-7.921154
18716.666,-11.59968,-9.701603
18733.334,-13.35641,-10.2153845
18750.0,-14.854808,-10.4125
18766.666,-15.746795,-10.530769
18783.334,-15.729167,-10.530769
18800.0,-15.711538,-10.530769
18816.666,-15.703526,-10.533975
18833.334,-15.695513,-10.53718
18850.0,-15.692307,-10.541347
18866.666,-15.692307,-10.546154
18883.334,-15.690385,-10.5487175
18900.0,-15.680769,-10.542308
18916.666,-15.671154,-10.535897
18933.334,-15.660256,-10.535897
18950.0,-15.649038,-10.5375
18966.666,-15.639103,-10.533975
18983.334,-15.63109,-10.522757
19000.0,-15.623077,-10.5115385
19016.666,-15.62468,-10.514744
19033.334,-15.626282,-10.517949
19050.0,-15.627885,-10.526923
19066.666,-15.629487,-10.539743
19083.334,-15.6342945,-10.547756
19100.0,-15.651923,-10.536538
19116.666,-15.669551,-10.52532
19133.334,-15.680128,-10.523077
19150.0,-15.688942,-10.523077
19166.666,-15.611539,-10.523718
19183.334,-15.404808,-10.52532
19200.0,-15.198077,-10.526923
19216.666,-10.791026,-8.980449
19233.334,-6.3839746,-7.4339743
19250.0,-4.5966344,-6.7951922
19266.666,-4.5557694,-6.7615385
19283.334,-4.5272436,-6.7432694
19300.0,-4.548077,-6.7865386
19316.666,-4.56891,-6.8298078
19333.334,-4.567949,-6.8384614
19350.0,-4.5615387,-6.8384614
19366.666,-4.5589743,-6.8423076
19383.334,-4.5621796,-6.851923
19400.0,-4.5653844,-6.8615384
19416.666,-1.503686,-7.5538464
19433.334,1.5580128,-8.246154
19450.0,3.779327,-8.565385
19466.666,5.4403844,-8.635898
19483.334,6.7684293,-8.695833
19500.0,6.764423,-8.713462
19516.666,6.7604165,-8.73109
19533.334,6.7551284,-8.7615385
19550.0,6.7495193,-8.795193
19566.666,6.747436,-8.820513
19583.334,6.750641,-8.833333
19600.0,6.753846,-8.846154
19616.666,6.7570515,-8.82532
19633.334,6.7602563,-8.804487
19650.0,6.7605767,-8.798077
19666.666,6.7589746,-8.801282
19683.334,6.7568913,-8.801763
19700.0,6.7528844,-8.791347
19716.666,6.748878,-8.78093
19733.334,6.751282,-8.776282
19750.0,6.7552886,-8.773077
19766.666,6.7608976,-8.766987
19783.334,6.7689104,-8.756571
19800.0,6.776923,-8.746154
19816.666,6.8714743,-8.622756
19833.334,6.966026,-8.499359
19850.0,7.010056,-8.479888
19866.666,7.0540867,-8.460417
19883.334,7.098117,-8.440946
19900.0,7.1421475,-8.421474
19916.666,7.1861777,-8.402003
19933.334,7.2302084,-8.382532
19950.0,7.2742386,-8.363061
19966.666,7.3182693,-8.34359
19983.334,7.277404,-9.116026
20000.0,7.2365384,-9.888461
20016.666,7.1908655,-9.622436
20033.334,7.145192,-9.35641
20050.0,7.1153846,-9.390865
20066.666,7.0961537,-9.625641
20083.334,7.080128,-9.810096
20100.0,7.076923,-9.793269
20116.666,7.073718,-9.776443
20133.334,7.0602565,-9.688461
20150.0,7.044231,-9.582692
20166.666,7.0307693,-9.525641
20183.334,7.021154,-9.541667
20200.0,7.0115385,-9.557693
20216.666,6.8560896,-9.762019
20233.334,6.700641,-9.966346
20250.0,6.645192,-10.098557
20266.666,6.65641,-10.182693
20283.334,6.665705,-10.252564
20300.0,6.667308,-10.265385
20316.666,6.66891,-10.278205
20333.334,6.671795,-10.276282
20350.0,6.675,-10.270673
20366.666,6.676282,-10.250961
20383.334,6.6746793,-10.210096
20400.0,6.673077,-10.16923
20416.666,6.8405447,-10.166827
20433.334,7.008013,-10.164423
20450.0,8.520673,-10.548077
20466.666,10.930128,-11.189102
20483.334,12.865385,-11.714904
20500.0,12.903846,-11.779808
20516.666,12.942307,-11.844711
20533.334,12.95,-11.834616
20550.0,12.95,-11.805769
20566.666,13.402564,-11.809615
20583.334,14.533975,-11.8625
20600.0,15.665384,-11.915384
20616.666,15.692628,-11.899359
20633.334,15.7198715,-11.883333
20650.0,15.735577,-11.872115
20666.666,15.743589,-11.864102
20683.334,15.749039,-11.853526
20700.0,15.744231,-11.832692
20716.666,15.739423,-11.811859
20733.334,15.748718,-11.81218
20750.0,15.7615385,-11.817788
20766.666,15.661859,-11.749359
20783.334,15.39343,-11.569872
20800.0,15.125,-11.390385
20816.666,10.140224,-10.911218
20833.334,5.155449,-10.432052
20850.0,3.1413462,-10.234135
20866.666,3.1076922,-10.223718
20883.334,3.0842948,-10.2153845
20900.0,3.101923,-10.2153845
20916.666,3.1195512,-10.2153845
20933.334,3.0435898,-10.139744
20950.0,2.9442308,-10.045193
20966.666,1.1519231,-9.679487
20983.334,-3.1798077,-8.907051
21000.0,-7.5115385,-8.134615
21016.666,-7.5548077,-8.088141
21033.334,-7.598077,-8.041667
21050.0,-7.6110578,-8.010097
21066.666,-7.603846,-7.9884615
21083.334,-7.5985575,-7.965705
21100.0,-7.6009617,-7.9384613
21116.666,-7.6033654,-7.911218
21133.334,-7.60641,-7.905128
21150.0,-7.6096153,-7.904327
21166.666,-7.728846,-7.9057693
21183.334,-8.022116,-7.910577
21200.0,-8.315385,-7.915385
21216.666,-11.34343,-8.90016
21233.334,-14.371474,-9.884936
21250.0,-15.588462,-10.282692
21266.666,-15.598077,-10.289103
21283.334,-15.603365,-10.294711
21300.0,-15.591346,-10.297115
21316.666,-15.579327,-10.29952
21333.334,-15.588462,-10.289743
21350.0,-15.602884,-10.276923
21366.666,-15.620513,-10.264103
21383.334,-15.642949,-10.251282
21400.0,-15.665384,-10.2384615
21416.666,-15.68782,-10.241667
21433.334,-15.710257,-10.244872
21450.0,-15.7153845,-10.234615
21466.666,-15.708974,-10.2153845
21483.334,-15.704166,-10.198718
21500.0,-15.70577,-10.192307
21516.666,-15.707372,-10.185898
21533.334,-15.696154,-10.180769
21550.0,-15.681731,-10.1759615
21566.666,-15.689744,-10.16923
21583.334,-15.73141,-10.1596155
21600.0,-15.773077,-10.15
21616.666,-15.886859,-10.15641
21633.334,-16.00064,-10.162821
21650.0,-16.042307,-10.158654
21666.666,-16.035898,-10.147436
21683.334,-16.03109,-10.135577
21700.0,-16.032692,-10.121154
21716.666,-16.034294,-10.10673
21733.334,-16.026922,-10.105128
21750.0,-16.017307,-10.10673
21766.666,-16.013462,-10.101923
21783.334,-16.018269,-10.0875
21800.0,-16.023077,-10.073077
21816.666,-16.032692,-10.065064
21833.334,-16.042307,-10.057052
21850.0,-16.047115,-10.046154
21866.666,-16.048717,-10.033334
21883.334,-16.048077,-10.021474
21900.0,-16.038462,-10.013461
21916.666,-16.028847,-10.005448
21933.334,-16.026922,-9.993589
21950.0,-16.026922,-9.980769
21966.666,-16.021154,-9.9653845
21983.334,-16.006731,-9.946154
22000.0,-15.992308,-9.926923
22016.666,-16.001923,-9.901282
22033.334,-16.011538,-9.875641
22050.0,-15.9375,-9.7221155
22066.666,-15.807693,-9.483334
22083.334,-15.703846,-9.283012
22100.0,-15.703846,-9.236539
22116.666,-15.703846,-9.190064
22133.334,-15.698718,-9.153846
22150.0,-15.692307,-9.120193
22166.666,-15.686539,-9.073077
22183.334,-15.681731,-9.005769
22200.0,-15.676923,-8.938461
22216.666,-15.66891,-8.903205
22233.334,-15.660897,-8.867949
22250.0,-15.658654,-8.841346
22266.666,-15.660256,-8.820513
22283.334,-15.661859,-8.799039
22300.0,-15.663462,-8.775
22316.666,-15.665064,-8.750961
22333.334,-15.660256,-8.742308
22350.0,-15.653846,-8.7375
22366.666,-15.648077,-8.729487
22383.334,-15.64327,-8.716666
22400.0,-15.638461,-8.703846
22416.666,-15.622436,-8.695833
22433.334,-15.60641,-8.68782
22450.0,-15.601923,-8.683654
22466.666,-15.605128,-8.682052
22483.334,-15.607051,-8.682052
22500.0,-15.603847,-8.688461
22516.666,-15.600641,-8.694872
22533.334,-15.596154,-8.708974
22550.0,-15.591346,-8.725
22566.666,-15.62468,-8.729808
22583.334,-15.715224,-8.717789
22600.0,-15.805769,-8.70577
22616.666,-15.804968,-8.640865
22633.334,-15.804167,-8.575961
22650.0,-15.804808,-8.547115
22666.666,-15.80641,-8.542308
22683.334,-15.806089,-8.537821
22700.0,-15.798077,-8.5346155
22716.666,-15.790064,-8.53141
22733.334,-15.79359,-8.542949
22750.0,-15.8,-8.558173
22766.666,-15.80641,-8.576603
22783.334,-15.81282,-8.59984
22800.0,-15.819231,-8.623077
22816.666,-15.808814,-8.6375
22833.334,-15.798397,-8.651923
22850.0,-15.810096,-8.682693
22866.666,-15.836538,-8.724359
22883.334,-15.858013,-8.795994
22900.0,-15.859615,-8.9875
22916.666,-15.8612175,-9.179007
22933.334,-15.861539,-9.234615
22950.0,-15.861539,-9.25625
22966.666,-15.864102,-9.269872
22983.334,-15.870513,-9.271474
23000.0,-15.876923,-9.273077
23016.666,-15.884936,-9.265064
23033.334,-15.892949,-9.257051
23050.0,-15.9028845,-9.258173
23066.666,-15.914103,-9.265385
23083.334,-15.925321,-9.272596
23100.0,-15.936539,-9.279808
23116.666,-15.947757,-9.287019
23133.334,-15.96282,-9.292308
23150.0,-15.978847,-9.297115
23166.666,-15.991667,-9.301282
23183.334,-15.99968,-9.304487
23200.0,-16.007692,-9.307693
23216.666,-16.010897,-9.296474
23233.334,-16.014103,-9.285256
23250.0,-16.009615,-9.266827
23266.666,-16.0,-9.243589
23283.334,-16.030128,-9.223878
23300.0,-16.21923,-9.218269
23316.666,-16.408333,-9.21266
23333.334,-16.447435,-9.211538
23350.0,-16.449038,-9.211538
23366.666,-16.399359,-9.208653
23383.334,-16.272757,-9.201443
23400.0,-16.146154,-9.194231
23416.666,-16.114424,-8.930402
23433.334,-16.082693,-8.666573
23450.0,-16.050962,-8.402743
23466.666,-16.01923,-8.138914
23483.334,-15.9875,-7.875085
23500.0,-15.95577,-7.6112556
23516.666,-15.924039,-7.3474264
23533.334,-15.892307,-7.083597
23550.0,-15.860577,-6.819768
23566.666,-15.828846,-6.5559387
23583.334,-15.797115,-6.29211
23600.0,-15.765385,-6.0282807
23616.666,-15.733654,-5.7644515
23633.334,-15.701923,-5.5006223
23650.0,-15.670193,-5.236793
23666.666,-15.638461,-4.972964
23683.334,-15.60673,-4.7091346
23700.0,-15.678846,-7.1201925
23716.666,-15.750961,-9.53125
23733.334,-15.791026,-9.71282
23750.0,-15.823077,-9.337019
23766.666,-15.83109,-9.081731
23783.334,-15.803045,-9.007212
23800.0,-15.775,-8.932693
23816.666,-15.766186,-8.920673
23833.334,-15.757372,-8.908654
23850.0,-15.756731,-8.904808
23866.666,-15.7615385,-8.90641
23883.334,-15.770833,-8.915064
23900.0,-15.798077,-8.951923
23916.666,-15.82532,-8.988782
23933.334,-15.84359,-9.038462
23950.0,-15.859615,-9.091346
23966.666,-15.795193,-9.2375
23983.334,-15.610096,-9.523558
24000.0,-15.425,-9.809615
24016.666,-15.5011215,-9.667548
24033.334,-15.577244,-9.525481
24050.0,-15.653365,-9.383413
24066.666,-15.729487,-9.241346
24083.334,-15.805609,-9.099278
24100.0,-15.881731,-8.9572115
24116.666,-15.957852,-8.815145
24133.334,-16.033974,-8.673077
24150.0,-16.037981,-8.644231
24166.666,-16.075962,-8.586218
24183.334,-16.164904,-8.484455
24200.0,-16.253845,-8.382692
24216.666,-16.258654,-8.388301
24233.334,-16.263462,-8.39391
24250.0,-16.204807,-8.370193
24266.666,-16.103846,-8.326923
24283.334,-16.021154,-8.290705
24300.0,-16.011538,-8.282692
24316.666,-16.001923,-8.274679
24333.334,-16.077564,-8.317948
24350.0,-16.174519,-8.374039
24366.666,-16.254168,-8.417949
24383.334,-16.307852,-8.44359
24400.0,-16.361538,-8.469231
24416.666,-16.331089,-8.433974
24433.334,-16.30064,-8.398718
24450.0,-16.221153,-8.332692
24466.666,-16.108974,-8.246154
24483.334,-16.009935,-8.16859
24500.0,-15.963462,-8.126923
24516.666,-15.916987,-8.085257
24533.334,-15.876923,-8.069231
24550.0,-15.838462,-8.059615
24566.666,-15.819872,-8.0740385
24583.334,-15.83109,-8.124519
24600.0,-15.842308,-8.175
24616.666,-15.89359,-8.225481
24633.334,-15.944872,-8.275962
24650.0,-15.974038,-8.385577
24666.666,-15.9884615,-8.5346155
24683.334,-15.988141,-8.693269
24700.0,-15.928846,-8.890385
24716.666,-15.869552,-9.0875
24733.334,-15.834616,-9.114102
24750.0,-15.805769,-9.098077
24766.666,-15.777564,-9.08782
24783.334,-15.75032,-9.086218
24800.0,-15.723077,-9.084616
24816.666,-15.683013,-9.105449
24833.334,-15.642949,-9.126282
24850.0,-15.627885,-9.153846
24866.666,-15.629487,-9.185898
24883.334,-15.632372,-9.223397
24900.0,-15.640385,-9.282692
24916.666,-15.648397,-9.341988
24933.334,-15.771795,-9.412821
24950.0,-15.924039,-9.486539
24966.666,-16.03141,-9.539103
24983.334,-16.071474,-9.559936
25000.0,-16.111538,-9.58077
25016.666,-16.140385,-9.595994
25033.334,-16.169231,-9.6112175
25050.0,-16.186539,-9.608173
25066.666,-16.196154,-9.592949
25083.334,-16.205769,-9.577724
25100.0,-16.215385,-9.5625
25116.666,-16.225,-9.547276
25133.334,-16.234615,-9.520513
25150.0,-16.24423,-9.490866
25166.666,-16.241667,-9.464744
25183.334,-16.220833,-9.443911
25200.0,-16.2,-9.423077
25216.666,-16.180769,-9.402244
25233.334,-16.16154,-9.381411
25250.0,-16.143269,-9.365385
25266.666,-16.12564,-9.352564
25283.334,-16.107372,-9.339583
25300.0,-16.086538,-9.325961
25316.666,-16.065704,-9.31234
25333.334,-16.048717,-9.31282
25350.0,-16.032692,-9.316827
25366.666,-16.022116,-9.327885
25383.334,-16.019712,-9.349519
25400.0,-16.017307,-9.371154
25416.666,-16.021315,-9.412019
25433.334,-16.02532,-9.452885
25450.0,-16.036058,-9.487981
25466.666,-16.051283,-9.519231
25483.334,-16.066988,-9.547916
25500.0,-16.084616,-9.566346
25516.666,-16.102243,-9.584776
25533.334,-16.115385,-9.588462
25550.0,-16.127403,-9.588462
25566.666,-15.958333,-9.583974
25583.334,-15.517629,-9.572757
25600.0,-15.076923,-9.561539
25616.666,-15.230321,-9.06
25633.334,-15.383718,-8.558461
25650.0,-15.537115,-8.056923
25666.666,-15.690513,-7.5553846
25683.334,-15.84391,-7.0538464
25700.0,-15.851923,-8.765385
25716.666,-15.859936,-10.476923
25733.334,-15.915384,-10.367949
25750.0,-15.982693,-9.803846
25766.666,-16.021154,-9.447436
25783.334,-16.016346,-9.402564
25800.0,-16.011538,-9.357693
25816.666,-16.005129,-9.350481
25833.334,-15.998718,-9.343269
25850.0,-15.98173,-9.33077
25866.666,-15.957692,-9.314744
25883.334,-15.93734,-9.302083
25900.0,-15.931731,-9.302885
25916.666,-15.926122,-9.303686
25933.334,-15.9282055,-9.311539
25950.0,-15.932212,-9.321154
25966.666,-16.035257,-9.3612175
25983.334,-16.28686,-9.446955
26000.0,-16.538462,-9.532692
26016.666,-16.548077,-9.56875
26033.334,-16.557692,-9.604808
26050.0,-16.577885,-9.629807
26066.666,-16.605127,-9.647436
26083.334,-16.629808,-9.661218
26100.0,-16.64423,-9.6596155
26116.666,-16.658653,-9.658012
26133.334,-16.670513,-9.66923
26150.0,-16.68173,-9.683654
26166.666,-16.598719,-9.688461
26183.334,-16.37436,-9.678846
26200.0,-16.15,-9.66923
26216.666,-16.13157,-9.65641
26233.334,-16.11314,-9.64359
26250.0,-16.103365,-9.627404
26266.666,-16.09936,-9.608974
26283.334,-16.095512,-9.592468
26300.0,-16.092308,-9.583653
26316.666,-16.089102,-9.57484
26333.334,-16.075642,-9.555128
26350.0,-16.059616,-9.532692
26366.666,-16.048077,-9.510898
26383.334,-16.04327,-9.490064
26400.0,-16.038462,-9.469231
26416.666,-16.009615,-9.440385
26433.334,-15.980769,-9.411538
26450.0,-15.957692,-9.382212
26466.666,-15.938461,-9.352564
26483.334,-15.921154,-9.32484
26500.0,-15.911538,-9.304808
26516.666,-15.901923,-9.284776
26533.334,-15.899359,-9.267949
26550.0,-15.898558,-9.251923
26566.666,-15.894872,-9.239102
26583.334,-15.886859,-9.23109
26600.0,-15.878846,-9.223077
26616.666,-15.876442,-9.213462
26633.334,-15.874039,-9.203846
26650.0,-15.775962,-9.164423
26666.666,-15.614102,-9.105128
26683.334,-15.483334,-9.056731
26700.0,-15.476923,-9.051923
26716.666,-15.470512,-9.047115
26733.334,-15.467949,-9.042308
26750.0,-15.466346,-9.0375
26766.666,-15.458974,-9.036538
26783.334,-15.442948,-9.041347
26800.0,-15.426923,-9.046154
26816.666,-7.6721153,-9.7176285
26833.334,0.08269231,-10.389103
26850.0,4.043269,-10.6625
26866.666,5.474359,-10.670513
26883.334,6.6179485,-10.675321
26900.0,6.6115384,-10.667308
26916.666,6.6051283,-10.659295
26933.334,6.5897436,-10.664103
26950.0,6.5721154,-10.672115
26966.666,6.5589743,-10.684615
26983.334,6.552564,-10.703846
27000.0,6.546154,-10.723077
27016.666,6.5381413,-10.697436
27033.334,6.530128,-10.671795
27050.0,6.525,-10.650962
27066.666,6.521795,-10.633333
27083.334,7.238141,-10.656731
27100.0,10.832692,-10.844231
27116.666,14.427243,-11.031731
27133.334,15.248718,-11.023077
27150.0,15.376923,-10.9653845
27166.666,15.46859,-10.940064
27183.334,15.505448,-10.963302
27200.0,15.542308,-10.986539
27216.666,15.551923,-10.99375
27233.334,15.561539,-11.000961
27250.0,15.566346,-11.008654
27266.666,15.567948,-11.016666
27283.334,15.568109,-11.023718
27300.0,15.5625,-11.026923
27316.666,15.556891,-11.0301285
27333.334,12.164103,-10.425641
27350.0,7.924519,-9.66923
27366.666,3.5576923,-8.973077
27383.334,-1.0,-8.367308
27400.0,-5.5576925,-7.7615385
27416.666,-5.576923,-7.7134614
27433.334,-5.5961537,-7.665385
27450.0,-5.601923,-7.6235576
27466.666,-5.598718,-7.5858974
27483.334,-5.5996795,-7.5535254
27500.0,-5.6173077,-7.542308
27516.666,-5.634936,-7.53109
27533.334,-5.651282,-7.542308
27550.0,-5.667308,-7.5591345
27566.666,-7.159295,-7.8871794
27583.334,-10.865224,-8.682052
27600.0,-14.571154,-9.476923
27616.666,-15.04952,-9.5762825
27633.334,-15.5278845,-9.675641
27650.0,-15.711538,-9.711538
27666.666,-15.698718,-9.705129
27683.334,-15.68782,-9.700961
27700.0,-15.684615,-9.70577
27716.666,-15.68141,-9.710577
27733.334,-15.675641,-9.708974
27750.0,-15.66923,-9.70577
27766.666,-15.666026,-9.704487
27783.334,-15.667628,-9.70609
27800.0,-15.66923,-9.707692
27816.666,-15.557052,-9.553846
27833.334,-15.444872,-9.4
27850.0,-15.401923,-9.328846
27866.666,-15.4051285,-9.31282
27883.334,-15.407051,-9.297756
27900.0,-15.403846,-9.286538
27916.666,-15.400641,-9.27532
27933.334,-15.398718,-9.270513
27950.0,-15.397116,-9.267307
27966.666,-15.394231,-9.262179
27983.334,-15.389423,-9.254167
28000.0,-15.384615,-9.246154
28016.666,-15.384615,-9.257372
28033.334,-15.384615,-9.26859
28050.0,-15.383654,-9.263461
28066.666,-15.382051,-9.247436
28083.334,-15.380128,-9.233654
28100.0,-15.376923,-9.228847
28116.666,-15.373718,-9.224038
28133.334,-15.369231,-9.221795
28150.0,-15.364423,-9.220192
28166.666,-15.346154,-9.211538
28183.334,-15.307693,-9.192307
28200.0,-15.753205,-8.641382
28216.666,-16.198717,-8.090456
28233.334,-16.64423,-7.53953
28250.0,-17.089743,-6.988604
28266.666,-17.535257,-6.437678
28283.334,-17.98077,-5.886752
28300.0,-18.426283,-5.3358264
28316.666,-18.871796,-4.7849
28333.334,-19.317308,-4.2339745
28350.0,-17.165865,-6.548077
28366.666,-15.844551,-8.390385
28383.334,-15.76843,-9.525
28400.0,-15.692307,-10.6596155
28416.666,-15.711538,-10.307853
28433.334,-15.730769,-9.95609
28450.0,-15.728847,-9.736539
28466.666,-15.71282,-9.605128
28483.334,-15.688782,-9.482693
28500.0,-15.632692,-9.396153
28516.666,-15.576603,-9.309615
28533.334,-15.569872,-9.29423
28550.0,-15.57548,-9.296635
28566.666,-15.584616,-9.3125
28583.334,-15.599038,-9.348557
28600.0,-15.6134615,-9.384615
28616.666,-15.607853,-9.397436
28633.334,-15.602243,-9.410256
28650.0,-15.600481,-9.43125
28666.666,-15.601282,-9.457692
28683.334,-15.598878,-9.477884
28700.0,-15.583653,-9.473077
28716.666,-15.56843,-9.468269
28733.334,-15.558974,-9.457692
28750.0,-15.5509615,-9.445673
28766.666,-15.54423,-9.439102
28783.334,-15.539423,-9.440705
28800.0,-15.5346155,-9.442307
28816.666,-15.53141,-9.443911
28833.334,-15.528205,-9.445513
28850.0,-15.526923,-9.446154
28866.666,-15.526923,-9.446154
28883.334,-15.526763,-9.443911
28900.0,-15.525962,-9.432693
28916.666,-15.52516,-9.421474
28933.334,-15.53718,-9.408975
28950.0,-15.552403,-9.396153
28966.666,-15.560256,-9.380128
28983.334,-15.557052,-9.359295
29000.0,-15.553846,-9.338462
29016.666,-15.563461,-9.319231
29033.334,-15.573077,-9.3
29050.0,-15.581731,-9.2778845
29066.666,-15.589744,-9.253846
29083.334,-15.598397,-9.233654
29100.0,-15.609615,-9.228847
29116.666,-15.620833,-9.224038
29133.334,-15.634615,-9.214103
29150.0,-15.649038,-9.202885
29166.666,-15.660897,-9.197436
29183.334,-15.66891,-9.200641
29200.0,-15.676923,-9.203846
29216.666,-15.66891,-9.204647
29233.334,-15.660897,-9.205449
29250.0,-15.648077,-9.213943
29266.666,-15.632051,-9.227564
29283.334,-15.617628,-9.242628
29300.0,-15.609615,-9.263461
29316.666,-15.601603,-9.284295
29333.334,-15.596154,-9.2987175
29350.0,-15.591346,-9.311539
29366.666,-15.609295,-9.358334
29383.334,-15.661378,-9.45609
29400.0,-15.713462,-9.553846
29416.666,-15.70625,-9.565064
29433.334,-15.6990385,-9.5762825
29450.0,-15.691346,-9.589423
29466.666,-15.683333,-9.603847
29483.334,-15.673397,-9.614743
29500.0,-15.655769,-9.611539
29516.666,-15.638141,-9.608334
29533.334,-15.635898,-9.617949
29550.0,-15.6375,-9.630769
29566.666,-15.641026,-9.638461
29583.334,-15.647436,-9.638461
29600.0,-15.653846,-9.638461
29616.666,-15.653846,-9.628846
29633.334,-15.653846,-9.619231
29650.0,-15.647116,-9.605769
29666.666,-15.635898,-9.589744
29683.334,-15.626602,-9.575641
29700.0,-15.625,-9.569231
29716.666,-15.623398,-9.56282
29733.334,-15.628205,-9.55
29750.0,-15.634615,-9.535577
29766.666,-15.633974,-9.520833
29783.334,-15.622756,-9.505609
29800.0,-15.611539,-9.490385
29816.666,-15.707692,-9.545673
29833.334,-15.803846,-9.600962
29850.0,-15.659135,-9.51875
29866.666,-15.353847,-9.3448715
29883.334,-15.375481,-8.395272
29900.0,-15.397116,-7.445673
29916.666,-15.41875,-6.4960737
29933.334,-15.440385,-5.5464745
29950.0,-15.462019,-4.596875
29966.666,-15.483654,-3.6472757
29983.334,-15.505288,-2.6976762
30000.0,-15.526923,-1.7480769
30016.666,-15.647116,-5.109455
30033.334,-15.767307,-8.470834
30050.0,-15.756731,-10.154808
30066.666,-15.658975,-10.720512
30083.334,-15.588782,-11.060256
30100.0,-15.628846,-10.496154
30116.666,-15.66891,-9.932052
30133.334,-15.66923,-9.757051
30150.0,-15.6596155,-9.679327
30166.666,-12.470834,-9.66891
30183.334,-4.5133014,-9.759455
30200.0,3.4442308,-9.85
30216.666,5.257532,-9.91891
30233.334,7.070833,-9.987821
30250.0,7.789423,-9.959616
30266.666,7.778205,-9.866667
30283.334,7.769231,-9.786859
30300.0,7.769231,-9.759615
30316.666,7.769231,-9.732371
30333.334,7.7724357,-9.735256
30350.0,7.7764425,-9.745673
30366.666,7.7743587,-9.776603
30383.334,7.763141,-9.838302
30400.0,7.751923,-9.9
30416.666,7.507532,-9.989743
30433.334,7.263141,-10.079487
30450.0,7.1528845,-10.119231
30466.666,7.1320515,-10.125641
30483.334,7.113782,-10.125
30500.0,7.105769,-10.096154
30516.666,7.0977564,-10.067307
30533.334,7.098718,-10.03718
30550.0,7.101923,-10.006731
30566.666,7.103846,-9.962179
30583.334,7.103846,-9.896474
30600.0,7.103846,-9.83077
30616.666,8.680769,-10.269872
30633.334,10.257692,-10.708974
30650.0,12.126923,-11.163462
30666.666,14.191026,-11.628205
30683.334,15.841506,-12.006411
30700.0,15.8375,-12.038462
30716.666,15.833493,-12.070513
30733.334,15.832692,-12.117949
30750.0,15.832692,-12.16923
30766.666,15.829166,-12.192307
30783.334,15.820353,-12.173077
30800.0,15.811539,-12.153846
30816.666,15.79391,-12.126602
30833.334,15.776282,-12.099359
30850.0,14.3091345,-11.811539
30866.666,11.875641,-11.35
30883.334,9.699519,-10.948718
30900.0,8.552885,-10.788462
30916.666,7.40625,-10.628205
30933.334,7.1679487,-10.610256
30950.0,7.1567307,-10.627885
30966.666,7.148718,-10.633974
30983.334,7.145513,-10.622756
31000.0,7.1423078,-10.611539
31016.666,7.140705,-10.592308
31033.334,7.1391025,-10.573077
31050.0,5.8370194,-10.214423
31066.666,3.6679487,-9.629487
31083.334,0.5538462,-9.185416
31100.0,-6.3403845,-9.304808
31116.666,-13.234615,-9.424199
31133.334,-14.6551285,-9.45
31150.0,-14.7072115,-9.452404
31166.666,-14.733013,-9.457372
31183.334,-14.719391,-9.466186
31200.0,-14.70577,-9.475
31216.666,-14.690545,-9.467789
31233.334,-14.675321,-9.460577
31250.0,-14.733654,-9.466346
31266.666,-14.841025,-9.480769
31283.334,-15.003686,-9.49984
31300.0,-15.3875,-9.5375
31316.666,-15.771314,-9.57516
31333.334,-15.838462,-9.576923
31350.0,-15.826443,-9.569712
31366.666,-15.821474,-9.565385
31383.334,-15.827084,-9.565385
31400.0,-15.832692,-9.565385
31416.666,-15.830289,-9.56218
31433.334,-15.827885,-9.558974
31450.0,-15.819231,-9.554808
31466.666,-15.80641,-9.55
31483.334,-15.79423,-9.54423
31500.0,-15.7846155,-9.5346155
31516.666,-15.775,-9.525
31533.334,-15.760257,-9.515385
31550.0,-15.744231,-9.505769
31566.666,-15.736859,-9.5
31583.334,-15.742468,-9.5
31600.0,-15.748077,-9.5
31616.666,-15.741667,-9.503205
31633.334,-15.735256,-9.506411
31650.0,-15.729327,-9.508654
31666.666,-15.723718,-9.510257
31683.334,-15.718269,-9.511859
31700.0,-15.713462,-9.513461
31716.666,-15.708653,-9.515064
31733.334,-15.719231,-9.515385
31750.0,-15.733654,-9.515385
31766.666,-15.739102,-9.515385
31783.334,-15.73109,-9.515385
31800.0,-15.723077,-9.515385
31816.666,-15.732693,-9.5137825
31833.334,-15.742308,-9.512179
31850.0,-15.747115,-9.517307
31866.666,-15.748718,-9.526923
31883.334,-15.753526,-9.533334
31900.0,-15.771153,-9.526923
31916.666,-15.788782,-9.520513
31933.334,-15.797436,-9.524359
31950.0,-15.803846,-9.530769
31966.666,-15.809615,-9.53718
31983.334,-15.814423,-9.54359
32000.0,-15.819231,-9.55
32016.666,-15.822436,-9.559615
32033.334,-15.825641,-9.569231
32050.0,-15.834616,-9.576923
32066.666,-15.847436,-9.583333
32083.334,-15.858654,-9.589103
32100.0,-15.8634615,-9.592308
32116.666,-15.868269,-9.595512
32133.334,-15.871795,-9.597436
32150.0,-15.875,-9.599038
32166.666,-15.880769,-9.603205
32183.334,-15.890385,-9.6112175
32200.0,-15.9,-9.619231
32216.666,-15.904808,-9.624039
32233.334,-15.9096155,-9.628846
32250.0,-15.912981,-9.640385
32266.666,-15.915384,-9.65641
32283.334,-15.918429,-9.66923
32300.0,-15.924039,-9.66923
32316.666,-15.929647,-9.66923
32333.334,-15.9282055,-9.671154
32350.0,-15.925,-9.673557
32366.666,-15.922756,-9.672756
32383.334,-15.921955,-9.667148
32400.0,-15.921154,-9.661538
32416.666,-15.91234,-9.664743
32433.334,-15.903525,-9.667949
32450.0,-15.901443,-9.664423
32466.666,-15.903846,-9.65641
32483.334,-15.896635,-9.651282
32500.0,-15.850962,-9.657692
32516.666,-15.805288,-9.664103
32533.334,-15.540384,-7.3097434
32550.0,-15.275481,-4.9553847
32566.666,-15.010577,-2.6010256
32583.334,-14.745673,-0.24666667
32600.0,-14.480769,2.1076922
32616.666,-15.036859,-2.5685897
32633.334,-15.592949,-7.2448716
32650.0,-15.776923,-9.672115
32666.666,-15.71282,-10.6
32683.334,-15.680769,-11.243589
32700.0,-15.776923,-10.75
32716.666,-15.873077,-10.256411
32733.334,-15.901282,-10.082051
32750.0,-15.9125,-9.9875
32766.666,-15.926923,-9.933013
32783.332,-15.946154,-9.9386215
32800.0,-15.9653845,-9.944231
32816.668,-15.975,-9.948237
32833.332,-15.984615,-9.952244
32850.0,-15.9884615,-9.954327
32866.668,-15.9884615,-9.955129
32883.332,-15.989743,-9.955289
32900.0,-15.996154,-9.952885
32916.668,-16.002563,-9.95048
32933.332,-16.0,-9.946154
32950.0,-15.995193,-9.941346
32966.668,-15.993589,-9.935577
32983.332,-15.996795,-9.928366
33000.0,-16.0,-9.921154
33016.668,-15.995994,-9.901923
33033.332,-15.991987,-9.882692
33050.0,-15.984615,-9.869712
33066.668,-15.975,-9.860897
33083.332,-15.964904,-9.850641
33100.0,-15.952885,-9.834616
33116.668,-15.9408655,-9.81859
33133.332,-15.938461,-9.81282
33150.0,-15.938461,-9.809615
33166.668,-15.939744,-9.809615
33183.332,-15.942948,-9.814423
33200.0,-15.946154,-9.819231
33216.668,-15.942948,-9.819231
33233.332,-15.939744,-9.819231
33250.0,-15.938461,-9.820192
33266.668,-15.938461,-9.8217945
33283.332,-15.9375,-9.821474
33300.0,-15.932693,-9.813461
33316.668,-15.927885,-9.805449
33333.332,-15.930769,-9.80641
33350.0,-15.935577,-9.809615
33366.668,-15.940385,-9.810256
33383.332,-15.945192,-9.807052
33400.0,-15.95,-9.803846
33416.668,-15.941987,-9.802243
33433.332,-15.933974,-9.800641
33450.0,-15.923077,-9.789423
33466.668,-15.910256,-9.771795
33483.332,-15.901122,-9.757692
33500.0,-15.906731,-9.757692
33516.668,-15.91234,-9.757692
33533.332,-15.908975,-9.756411
33550.0,-15.903365,-9.754807
33566.668,-15.898077,-9.75
33583.332,-15.89327,-9.740385
33600.0,-15.888461,-9.730769
33616.668,-15.877244,-9.709936
33633.332,-15.866026,-9.689102
33650.0,-15.864423,-9.676923
33666.668,-15.869231,-9.670513
33683.332,-15.851603,-9.665705
33700.0,-15.744231,-9.667308
33716.668,-15.636859,-9.66891
33733.332,-15.645962,-9.386971
33750.0,-15.655064,-9.105032
33766.668,-15.664166,-8.823093
33783.332,-15.673269,-8.541154
33800.0,-15.682372,-8.259214
33816.668,-15.691474,-7.977276
33833.332,-15.700577,-7.6953363
33850.0,-15.70968,-7.4133973
33866.668,-15.718782,-7.1314583
33883.332,-15.727884,-6.8495193
33900.0,-15.732693,-8.645192
33916.668,-15.7375,-10.4408655
33933.332,-15.85641,-10.521795
33950.0,-16.003845,-10.174039
33966.668,-16.097435,-9.915384
33983.332,-16.110256,-9.790384
34000.0,-16.123077,-9.665384
34016.668,-16.087019,-9.623718
34033.332,-16.050962,-9.582051
34050.0,-16.023558,-9.571154
34066.668,-16.001923,-9.58077
34083.332,-15.989102,-9.59359
34100.0,-16.011538,-9.619231
34116.668,-16.033974,-9.644872
34133.332,-16.065384,-9.660256
34150.0,-16.09904,-9.673077
34166.668,-16.130129,-9.677564
34183.332,-16.157372,-9.669551
34200.0,-16.184616,-9.661538
34216.668,-16.191025,-9.621474
34233.332,-16.197435,-9.58141
34250.0,-16.195192,-9.543269
34266.668,-16.18718,-9.506411
34283.332,-16.176924,-9.46859
34300.0,-16.157692,-9.426923
34316.668,-16.138462,-9.385257
34333.332,-16.110256,-9.339744
34350.0,-16.079807,-9.293269
34366.668,-16.046154,-9.25
34383.332,-16.007692,-9.211538
34400.0,-15.969231,-9.173077
34416.668,-15.929167,-9.136218
34433.332,-15.889103,-9.099359
34450.0,-15.857693,-9.070192
34466.668,-15.832051,-9.046154
34483.332,-15.810096,-9.029327
34500.0,-15.802885,-9.041347
34516.668,-15.795673,-9.053366
34533.332,-15.795673,-9.053366
34550.0,-15.795673,-9.053366
