0.0,-1.1115384,-9.146153
16.666666,-1.1211538,-9.165384
33.333332,-1.1307693,-9.184615
50.0,-1.135577,-9.189423
66.666664,-1.1371795,-9.184615
83.333336,-1.1378205,-9.17516
100.0,-1.1346154,-9.147116
116.666664,-1.1314102,-9.11907
133.33333,-1.1346154,-9.119872
150.0,-1.1394231,-9.127885
166.66667,-1.1448718,-9.136859
183.33333,-1.1512821,-9.147276
200.0,-1.1576923,-9.157692
216.66667,-1.1576923,-9.133654
233.33333,-1.1576923,-9.109615
250.0,-1.1557692,-9.103847
266.66666,-1.152564,-9.110256
283.33334,-0.5559295,-9.067948
300.0,2.414423,-8.83077
316.66666,5.3847756,-8.59359
333.33334,7.503846,-8.373718
350.0,9.410096,-8.158173
366.66666,10.551282,-8.025641
383.33334,10.544871,-8.017629
400.0,10.538462,-8.009615
416.66666,12.258013,-8.270032
433.33334,13.977564,-8.530449
450.0,14.676442,-8.657692
466.66666,14.694872,-8.696154
483.33334,14.705609,-8.727243
500.0,14.685577,-8.728847
516.6667,14.6655445,-8.730449
533.3333,14.658975,-8.748718
550.0,14.655769,-8.771153
566.6667,14.647436,-8.78109
583.3333,14.631411,-8.772276
600.0,14.615385,-8.763461
616.6667,14.61218,-8.76266
633.3333,14.608974,-8.761859
650.0,14.760577,-8.796154
666.6667,15.015385,-8.853847
683.3333,15.217308,-8.904488
700.0,15.207692,-8.926923
716.6667,15.198077,-8.949359
733.3333,15.192307,-8.960897
750.0,15.1875,-8.969711
766.6667,15.1782055,-8.972756
783.3333,15.16218,-8.967148
800.0,15.146153,-8.961538
816.6667,15.1365385,-8.964744
833.3333,15.126923,-8.967949
850.0,14.8634615,-8.997115
866.6667,14.430769,-9.04359
883.3333,13.54968,-9.06234
900.0,10.875,-8.970192
916.6667,8.20032,-8.878045
933.3333,7.575641,-8.874359
950.0,7.4634614,-8.892789
966.6667,7.3067307,-8.891346
983.3333,7.0831733,-8.860096
1000.0,6.8596153,-8.828846
1016.6667,6.3764424,-8.640545
1033.3334,5.893269,-8.452244
1050.0,5.691346,-8.376923
1066.6666,5.6769233,-8.376923
1083.3334,5.6660256,-8.374039
1100.0,5.669231,-8.359615
1116.6666,5.6724358,-8.345192
1133.3334,5.6807694,-8.357693
1150.0,5.6903844,-8.376923
1166.6666,5.6903844,-8.382692
1183.3334,5.6759615,-8.368269
1200.0,5.6615386,-8.353847
1216.6666,5.6647434,-8.351442
1233.3334,5.6679487,-8.349038
1250.0,5.667308,-8.327404
1266.6666,5.6641026,-8.292949
1283.3334,5.663782,-8.241507
1300.0,5.675,-8.122115
1316.6666,5.686218,-8.002725
1333.3334,5.6903844,-7.951282
1350.0,5.6927886,-7.9168267
1366.6666,5.6971154,-7.901923
1383.3334,5.704327,-7.916346
1400.0,5.7115383,-7.9307694
1416.6666,5.7259617,-7.9259615
1433.3334,5.7403846,-7.921154
1450.0,5.25,-7.8028846
1466.6666,4.423077,-7.6089745
1483.3334,2.9685898,-7.3810897
1500.0,-0.99615383,-7.0173078
1516.6666,-4.9608974,-6.653526
1533.3334,-5.8358974,-6.59359
1550.0,-5.9384613,-6.6096153
1566.6666,-6.004487,-6.6096153
1583.3334,-6.015705,-6.585577
1600.0,-6.026923,-6.5615387
1616.6666,-6.0189104,-6.585577
1633.3334,-6.0108976,-6.6096153
1650.0,-6.001923,-6.628846
1666.6666,-5.9923077,-6.6448717
1683.3334,-5.988782,-6.6621795
1700.0,-6.0096154,-6.6846156
1716.6666,-6.030449,-6.7070513
1733.3334,-6.027564,-6.7102566
1750.0,-6.01875,-6.708654
1766.6666,-6.018269,-6.7102566
1783.3334,-6.0302887,-6.7166667
1800.0,-6.042308,-6.723077
1816.6666,-6.03109,-6.721474
1833.3334,-6.0198717,-6.719872
1850.0,-6.0125,-6.7201924
1866.6666,-6.0076923,-6.721795
1883.3334,-6.0243587,-6.7983975
1900.0,-6.126923,-7.175
1916.6666,-6.229487,-7.5516024
1933.3334,-6.3153844,-7.6371794
1950.0,-6.397115,-7.65
1966.6666,-6.449359,-7.6557693
1983.3334,-6.4573717,-7.6509614
2000.0,-6.4653845,-7.646154
2016.6666,-6.460577,-7.6557693
2033.3334,-6.455769,-7.665385
2050.0,-6.4625,-7.667308
2066.6667,-6.476923,-7.6641026
2083.3333,-6.4583335,-7.629487
2100.0,-6.3076925,-7.4692307
2116.6667,-6.157051,-7.3089743
2133.3333,-6.1217947,-7.279487
2150.0,-6.1153846,-7.2826924
2166.6667,-6.110256,-7.28141
2183.3333,-6.1070514,-7.2733974
2200.0,-6.103846,-7.2653847
2216.6667,-6.0966344,-7.2733974
2233.3333,-6.089423,-7.28141
2250.0,-6.0870194,-7.285577
2266.6667,-6.0878205,-7.2871795
2283.3333,-6.090705,-7.289423
2300.0,-6.101923,-7.294231
2316.6667,-6.113141,-7.2990384
2333.3333,-6.103205,-7.2429485
2350.0,-6.0879807,-7.1716347
2366.6667,-6.0592947,-7.088782
2383.3333,-6.0104165,-6.9886217
2400.0,-5.9615383,-6.8884616
2416.6667,-5.955128,-6.898077
2433.3333,-5.948718,-6.9076924
2450.0,-5.941346,-6.910577
2466.6667,-5.9333334,-6.908974
2483.3333,-5.925,-6.9083333
2500.0,-5.915385,-6.9115386
2516.6667,-5.9057693,-6.9147434
2533.3333,-5.90641,-6.921795
2550.0,-5.9096155,-6.9298077
2566.6667,-5.9057693,-6.9403844
2583.3333,-5.891346,-6.9548078
2600.0,-5.876923,-6.9692307
2616.6667,-5.8673077,-6.9548078
2633.3333,-5.8576922,-6.9403844
2650.0,-5.8610578,-6.95
2666.6667,-5.873077,-6.9756413
2683.3333,-5.882532,-6.9967947
2700.0,-5.8817306,-7.0
2716.6667,-5.8809295,-7.0032053
2733.3333,-5.883333,-7.0121794
2750.0,-5.8865385,-7.0225964
2766.6667,-5.844872,-6.990064
2783.3333,-5.7358975,-6.893109
2800.0,-5.626923,-6.796154
2816.6667,-5.626923,-6.8258014
2833.3333,-5.626923,-6.8554487
2850.0,-5.6346154,-6.8764424
2866.6667,-5.6474357,-6.891667
2883.3333,-5.658013,-6.90641
2900.0,-5.6596155,-6.919231
2916.6667,-5.661218,-6.932051
2933.3333,-5.6576924,-6.9358974
2950.0,-5.6528845,-6.9375
2966.6667,-5.651282,-6.9288464
2983.3333,-5.654487,-6.9048076
3000.0,-5.6576924,-6.8807693
3016.6667,-5.6641026,-6.919231
3033.3333,-5.6705127,-6.957692
3050.0,-5.66875,-6.9572115
3066.6667,-5.6615386,-6.9307694
3083.3333,-5.670032,-6.8889422
3100.0,-5.7413464,-6.785577
3116.6667,-5.81266,-6.6822114
3133.3333,-5.8294873,-6.669231
3150.0,-5.832692,-6.6788464
3166.6667,-5.9727564,-6.7208333
3183.3333,-6.318109,-6.811378
3200.0,-6.6634617,-6.901923
3216.6667,-10.129807,-7.6703525
3233.3333,-13.596154,-8.438782
3250.0,-15.133173,-8.778846
3266.6667,-15.383974,-8.833333
3283.3333,-15.585897,-8.876923
3300.0,-15.592308,-8.876923
3316.6667,-15.598718,-8.876923
3333.3333,-15.607693,-8.882692
3350.0,-15.617308,-8.889904
3366.6667,-15.621795,-8.901603
3383.3333,-15.618589,-8.9200325
3400.0,-15.615385,-8.938461
3416.6667,-15.73718,-9.227724
3433.3333,-15.858974,-9.516987
3450.0,-15.914904,-9.634615
3466.6667,-15.926923,-9.63782
3483.3333,-15.939262,-9.644391
3500.0,-15.952885,-9.664423
3516.6667,-15.966506,-9.684455
3533.3333,-15.970512,-9.707692
3550.0,-15.9721155,-9.73173
3566.6667,-15.975641,-9.742949
3583.3333,-15.982051,-9.734936
3600.0,-15.9884615,-9.726923
3616.6667,-15.99407,-9.734936
3633.3333,-15.99968,-9.742949
3650.0,-16.004328,-9.742308
3666.6667,-16.008333,-9.735897
3683.3333,-16.010897,-9.73141
3700.0,-16.007692,-9.734615
3716.6667,-16.004488,-9.737821
3733.3333,-15.993589,-9.73718
3750.0,-15.980769,-9.735577
3766.6667,-15.972436,-9.735256
3783.3333,-15.970834,-9.736859
3800.0,-15.969231,-9.7384615
3816.6667,-16.015705,-9.81218
3833.3333,-16.06218,-9.885898
3850.0,-16.085577,-9.921154
3866.6667,-16.09359,-9.930769
3883.3333,-16.101282,-9.939423
3900.0,-16.107693,-9.944231
3916.6667,-16.114103,-9.9490385
3933.3333,-16.110256,-9.94359
3950.0,-16.103846,-9.935577
3966.6667,-16.103846,-9.934615
3983.3333,-16.113462,-9.944231
4000.0,-16.123077,-9.953846
4016.6667,-16.110256,-9.960257
4033.3333,-16.097435,-9.966666
4050.0,-16.097115,-9.971154
4066.6667,-16.105127,-9.974359
4083.3333,-16.1125,-9.977243
4100.0,-16.117308,-9.978847
4116.6665,-16.122116,-9.980449
4133.3335,-16.11859,-9.983334
4150.0,-16.11298,-9.986539
4166.6665,-16.110577,-9.989102
4183.3335,-16.11298,-9.9907055
4200.0,-16.115385,-9.992308
4216.6665,-16.116987,-9.989102
4233.3335,-16.11859,-9.985897
4250.0,-16.120192,-9.980769
4266.6665,-16.121796,-9.974359
4283.3335,-16.121796,-9.965705
4300.0,-16.115385,-9.948077
4316.6665,-16.108974,-9.930449
4333.3335,-16.102564,-9.930769
4350.0,-16.096153,-9.935577
4366.6665,-16.083975,-9.940385
4383.3335,-16.06314,-9.945192
4400.0,-16.042307,-9.95
4416.6665,-16.05032,-9.95
4433.3335,-16.058332,-9.95
4450.0,-16.063461,-9.951923
4466.6665,-16.066668,-9.955129
4483.3335,-16.066988,-9.952885
4500.0,-16.055769,-9.928846
4516.6665,-16.044552,-9.904808
4533.3335,-16.026922,-9.889744
4550.0,-16.007692,-9.876923
4566.6665,-15.996154,-9.867949
4583.3335,-15.996154,-9.864743
4600.0,-15.996154,-9.861539
4616.6665,-14.422436,-9.105128
4633.3335,-12.848718,-8.348718
4650.0,-11.019231,-7.8091345
4666.6665,-9.019231,-7.4141026
4683.3335,-7.4185896,-7.0902243
4700.0,-7.415385,-7.0509615
4716.6665,-7.4121795,-7.0116987
4733.3335,-7.402564,-7.023077
4750.0,-7.391346,-7.0471153
4766.6665,-7.3782053,-7.0621796
4783.3335,-7.3621793,-7.063782
4800.0,-7.3461537,-7.0653844
4816.6665,-7.1586537,-7.0341344
4833.3335,-6.9711537,-7.0028844
4850.0,-6.710577,-6.983654
4866.6665,-6.401282,-6.972436
4883.3335,-6.155449,-6.966827
4900.0,-6.1634617,-6.983654
4916.6665,-6.1714745,-7.0004807
4933.3335,-6.178205,-7.003846
4950.0,-6.1846156,-7.003846
4966.6665,-6.1897435,-7.0089746
4983.3335,-6.192949,-7.021795
5000.0,-6.1961536,-7.0346155
5016.6665,-6.204968,-7.0546474
5033.3335,-6.213782,-7.0746794
5050.0,-6.2129807,-7.060577
5066.6665,-6.205769,-7.023718
5083.3335,-6.2,-6.9964743
5100.0,-6.2,-7.0076923
5116.6665,-6.2,-7.0189104
5133.3335,-6.2115383,-7.0397434
5150.0,-6.2259617,-7.0629807
5166.6665,-6.233333,-7.076923
5183.3335,-6.2301283,-7.076923
5200.0,-6.226923,-7.076923
5216.6665,-6.226923,-7.0785255
5233.3335,-6.226923,-7.080128
5250.0,-6.231731,-7.0798078
5266.6665,-6.2397437,-7.078205
5283.3335,-6.2451925,-7.0785255
5300.0,-6.2403846,-7.0865383
5316.6665,-6.235577,-7.094551
5333.3335,-6.228205,-7.1025643
5350.0,-6.2201924,-7.110577
5366.6665,-6.2153845,-7.11859
5383.3335,-6.2153845,-7.1266026
5400.0,-6.2153845,-7.1346154
5416.6665,-6.21859,-7.1378207
5433.3335,-6.221795,-7.1410255
5450.0,-6.2192307,-7.143269
5466.6665,-6.2128205,-7.1448717
5483.3335,-6.2064104,-7.145192
5500.0,-6.2,-7.1403847
5516.6665,-6.1935897,-7.1355767
5533.3335,-6.1961536,-7.129487
5550.0,-6.2009616,-7.123077
5566.6665,-6.2070513,-7.1217947
5583.3335,-6.215064,-7.1282053
5600.0,-6.223077,-7.1346154
5616.6665,-6.219872,-7.1466346
5633.3335,-6.2166667,-7.1586537
5650.0,-6.214423,-7.1697116
5666.6665,-6.2128205,-7.180128
5683.3335,-6.2108974,-7.191346
5700.0,-6.207692,-7.205769
5716.6665,-6.2044873,-7.2201924
5733.3335,-6.2025642,-7.197436
5750.0,-6.2009616,-7.165385
5766.6665,-6.2121797,-7.1647434
5783.3335,-6.242628,-7.211218
5800.0,-6.273077,-7.2576923
5816.6665,-8.5487175,-8.073398
5833.3335,-10.824359,-8.889103
5850.0,-12.858654,-9.254807
5866.6665,-14.732051,-9.320513
5883.3335,-16.234936,-9.373718
5900.0,-16.25577,-9.376923
5916.6665,-16.276602,-9.380128
5933.3335,-16.278206,-9.373077
5950.0,-16.275,-9.3634615
5966.6665,-16.271154,-9.358013
5983.3335,-16.266346,-9.358814
6000.0,-16.261538,-9.359615
6016.6665,-16.261538,-9.370032
6033.3335,-16.261538,-9.380448
6050.0,-16.270193,-9.390385
6066.6665,-16.284615,-9.4
6083.3335,-16.297115,-9.410897
6100.0,-16.301924,-9.426923
6116.6665,-16.30673,-9.442948
6133.3335,-16.305128,-9.4512825
6150.0,-16.301924,-9.457692
6166.6665,-16.271475,-9.479167
6183.3335,-16.200161,-9.523237
6200.0,-16.128845,-9.567307
6216.6665,-16.071955,-9.609776
6233.3335,-16.015064,-9.652244
6250.0,-15.991827,-9.66923
6266.6665,-15.991026,-9.66923
6283.3335,-15.989583,-9.673077
6300.0,-15.985577,-9.692307
6316.6665,-15.98157,-9.711538
6333.3335,-15.969231,-9.720512
6350.0,-15.954807,-9.726923
6366.6665,-15.9467945,-9.73141
6383.3335,-15.948398,-9.733013
6400.0,-15.95,-9.734615
6416.6665,-15.959616,-9.741026
6433.3335,-15.969231,-9.747436
6450.0,-15.973077,-9.757692
6466.6665,-15.973077,-9.770513
6483.3335,-15.971795,-9.783654
6500.0,-15.9653845,-9.798077
6516.6665,-15.958974,-9.8125
6533.3335,-15.948077,-9.824359
6550.0,-15.936058,-9.835577
6566.6665,-15.929167,-9.844231
6583.3335,-15.929968,-9.849038
6600.0,-15.930769,-9.853847
6616.6665,-15.914743,-9.866667
6633.3335,-15.898718,-9.879487
6650.0,-15.884134,-9.879807
6666.6665,-15.870513,-9.871795
6683.3335,-15.858173,-9.869231
6700.0,-15.850962,-9.888461
6716.6665,-15.84375,-9.907692
6733.3335,-15.85,-9.90641
6750.0,-15.859615,-9.9
6766.6665,-15.8634615,-9.896153
6783.3335,-15.858654,-9.896153
6800.0,-15.853847,-9.896153
6816.6665,-15.858654,-9.902564
6833.3335,-15.8634615,-9.908975
6850.0,-15.869231,-9.911538
6866.6665,-15.875641,-9.911538
6883.3335,-15.88109,-9.911218
6900.0,-15.882692,-9.9096155
6916.6665,-15.8842945,-9.908012
6933.3335,-15.878846,-9.915384
6950.0,-15.8716345,-9.925
6966.6665,-15.866987,-9.9282055
6983.3335,-15.866186,-9.921795
7000.0,-15.865385,-9.915384
7016.6665,-15.866987,-9.913782
7033.3335,-15.868589,-9.91218
7050.0,-15.867788,-9.913462
7066.6665,-15.865385,-9.916667
7083.3335,-15.865224,-9.917949
7100.0,-15.874039,-9.911538
7116.6665,-15.882853,-9.9051285
7133.3335,-15.882051,-9.907692
7150.0,-15.878846,-9.9125
7166.6665,-15.876282,-9.917308
7183.3335,-15.87468,-9.922115
7200.0,-15.873077,-9.926923
7216.6665,-15.87468,-9.9237175
7233.3335,-15.876282,-9.920513
7250.0,-15.876923,-9.914423
7266.6665,-15.876923,-9.90641
7283.3335,-15.877564,-9.899679
7300.0,-15.880769,-9.898077
7316.6665,-15.883974,-9.896474
7333.3335,-15.889744,-9.9
7350.0,-15.896153,-9.904808
7366.6665,-15.897436,-9.912821
7383.3335,-15.891026,-9.925641
7400.0,-15.884615,-9.938461
7416.6665,-15.881411,-9.943269
7433.3335,-15.878205,-9.948077
7450.0,-14.5509615,-9.304808
7466.6665,-12.341025,-8.229487
7483.3335,-10.225962,-7.3022437
7500.0,-8.490385,-6.9673076
7516.6665,-6.7548075,-6.632372
7533.3335,-6.421154,-6.5410256
7550.0,-6.4379807,-6.5105767
7566.6665,-6.448718,-6.4951925
7583.3335,-6.4503207,-6.5024037
7600.0,-6.451923,-6.5096154
7616.6665,-6.4655447,-6.53766
7633.3335,-6.4791665,-6.5657053
7650.0,-6.479808,-6.5721154
7666.6665,-6.471795,-6.5641026
7683.3335,-6.4673076,-6.559936
7700.0,-6.476923,-6.5711536
7716.6665,-6.4865384,-6.5823717
7733.3335,-6.4948716,-6.603205
7750.0,-6.5028844,-6.6264424
7766.6665,-6.478846,-6.6310897
7783.3335,-6.4067307,-6.6078525
7800.0,-6.334615,-6.584615
7816.6665,-6.157532,-6.5076923
7833.3335,-5.9804487,-6.4307694
7850.0,-5.9072113,-6.3846154
7866.6665,-5.903205,-6.3589745
7883.3335,-5.900641,-6.3397436
7900.0,-5.9038463,-6.3461537
7916.6665,-5.907051,-6.3525643
7933.3335,-5.901282,-6.3423076
7950.0,-5.893269,-6.3278847
7966.6665,-5.8878207,-6.317949
7983.3335,-5.886218,-6.3147435
8000.0,-5.8846154,-6.3115387
8016.6665,-5.9094553,-6.330769
8033.3335,-5.9342947,-6.35
8050.0,-5.9350963,-6.35
8066.6665,-5.919872,-6.3371797
8083.3335,-5.9083333,-6.327244
8100.0,-5.9115386,-6.328846
8116.6665,-5.9147434,-6.3304486
8133.3335,-5.921154,-6.341026
8150.0,-5.928365,-6.353846
8166.6665,-5.9342947,-6.3647437
8183.3335,-5.938301,-6.3727565
8200.0,-5.9423075,-6.3807693
8216.667,-5.9447117,-6.3911858
8233.333,-5.9471154,-6.4016027
8250.0,-5.945673,-6.4052887
8266.667,-5.9416666,-6.404487
8283.333,-5.938782,-6.407372
8300.0,-5.9403844,-6.425
8316.667,-5.941987,-6.4426284
8333.333,-5.928205,-6.4461536
8350.0,-5.910577,-6.4461536
8366.667,-5.9067307,-6.4464746
8383.333,-5.9235578,-6.4472756
8400.0,-5.9403844,-6.4480767
8416.667,-5.9379807,-6.4584937
8433.333,-5.935577,-6.46891
8450.0,-5.9307694,-6.4682693
8466.667,-5.924359,-6.4602566
8483.333,-5.9176283,-6.4552884
8500.0,-5.9096155,-6.4625
8516.667,-5.9016027,-6.4697113
8533.333,-5.8858976,-6.470513
8550.0,-5.8682694,-6.4697113
8566.667,-5.8551283,-6.467949
8583.333,-5.848718,-6.4647436
8600.0,-5.8423076,-6.4615383
8616.667,-5.8391027,-6.463141
8633.333,-5.8358974,-6.4647436
8650.0,-5.832692,-6.4663463
8666.667,-5.8294873,-6.467949
8683.333,-5.826282,-6.471795
8700.0,-5.8230767,-6.4846153
8716.667,-5.819872,-6.497436
8733.333,-5.826923,-6.5128207
8750.0,-5.8365383,-6.5288463
8766.667,-5.844872,-6.5346155
8783.333,-5.851282,-6.525
8800.0,-5.8576922,-6.5153847
8816.667,-5.8673077,-6.53141
8833.333,-5.876923,-6.5474358
8850.0,-5.876923,-6.5451922
8866.667,-5.870513,-6.5307693
8883.333,-5.8038464,-6.527404
8900.0,-5.496154,-6.5682693
8916.667,-5.1884613,-6.6091347
8933.333,-0.89807695,-7.4339743
8950.0,4.387981,-8.454807
8966.667,8.756731,-9.115385
8983.333,11.749519,-9.235577
9000.0,14.742308,-9.355769
9016.667,14.588462,-9.346955
9033.333,14.434615,-9.338141
9050.0,14.365385,-9.342308
9066.667,14.352564,-9.355128
9083.333,14.341025,-9.365064
9100.0,14.334616,-9.3634615
9116.667,14.328205,-9.361859
9133.333,14.58141,-9.172436
9150.0,14.899519,-8.936058
9166.667,15.105449,-8.790064
9183.333,15.143109,-8.779648
9200.0,15.180769,-8.769231
9216.667,15.177564,-8.745193
9233.333,15.174359,-8.721154
9250.0,15.182212,-8.729327
9266.667,15.197436,-8.758974
9283.333,15.210737,-8.785096
9300.0,15.216346,-8.797115
9316.667,15.221955,-8.8091345
9333.333,15.219231,-8.803846
9350.0,15.214423,-8.79423
9366.667,15.208974,-8.789743
9383.333,15.202564,-8.792949
9400.0,15.196154,-8.796154
9416.667,15.3612175,-8.623077
9433.333,15.526282,-8.45
9450.0,15.584616,-8.378846
9466.667,15.5717945,-8.375641
9483.333,15.559936,-8.368589
9500.0,15.551923,-8.346154
9516.667,15.54391,-8.323718
9533.333,15.533334,-8.30641
9550.0,15.522116,-8.290384
9566.667,15.517307,-8.285256
9583.333,15.522116,-8.296474
9600.0,15.526923,-8.307693
9616.667,15.522116,-8.301282
9633.333,15.517307,-8.294871
9650.0,15.332692,-8.309615
9666.667,15.028205,-8.338462
9683.333,14.757692,-8.367628
9700.0,14.623077,-8.398077
9716.667,14.4884615,-8.428526
9733.333,14.440385,-8.41923
9750.0,14.413942,-8.4
9766.667,14.390064,-8.385898
9783.333,14.370032,-8.379487
9800.0,14.35,-8.373077
9816.667,14.147276,-8.373077
9833.333,13.944551,-8.373077
9850.0,12.073558,-8.341346
9866.667,9.0903845,-8.288462
9883.333,6.678205,-8.235897
9900.0,6.55,-8.184615
9916.667,6.421795,-8.133333
9933.333,6.366667,-8.088462
9950.0,6.3298078,-8.045193
9966.667,6.305128,-8.021795
9983.333,6.298718,-8.028205
10000.0,6.292308,-8.0346155
10016.667,6.3067307,-8.060256
10033.333,6.3211536,-8.085897
10050.0,6.325,-8.120193
10066.667,6.321795,-8.160256
10083.333,6.315064,-8.181089
10100.0,6.294231,-8.125
10116.667,6.2733974,-8.068911
10133.333,6.269231,-8.073077
10150.0,6.269231,-8.092308
10166.667,6.0891027,-8.096154
10183.333,5.638782,-8.076923
10200.0,5.1884613,-8.057693
10216.667,1.7814102,-7.860577
10233.333,-1.625641,-7.6634617
10250.0,-3.551923,-7.4451923
10266.667,-4.4910254,-7.2128205
10283.333,-5.241667,-7.0246797
10300.0,-5.2384615,-7.0134616
10316.667,-5.235256,-7.0022435
10333.333,-5.2743587,-7.016667
10350.0,-5.3240385,-7.0375
10366.667,-5.3506413,-7.051282
10383.333,-5.342628,-7.054487
10400.0,-5.334615,-7.0576925
10416.667,-5.358654,-7.0641026
10433.333,-5.3826923,-7.070513
10450.0,-5.4048076,-7.082692
10466.667,-5.425641,-7.098718
10483.333,-5.491987,-7.108654
10500.0,-5.7403846,-7.0942307
10516.667,-5.988782,-7.0798078
10533.333,-6.0602565,-7.0820513
10550.0,-6.0875,-7.0884614
10566.667,-6.110256,-7.0977564
10583.333,-6.126282,-7.111378
10600.0,-6.1423078,-7.125
10616.667,-6.134295,-7.141827
10633.333,-6.126282,-7.1586537
10650.0,-6.1225963,-7.1740384
10666.667,-6.1217947,-7.1884613
10683.333,-6.1235576,-7.201122
10700.0,-6.1355767,-7.206731
10716.667,-6.1475964,-7.21234
10733.333,-6.1628203,-7.226923
10750.0,-6.1788464,-7.24375
10766.667,-6.1903844,-7.263782
10783.333,-6.1951923,-7.288622
10800.0,-6.2,-7.3134613
10816.667,-6.1935897,-7.309455
10833.333,-6.1871796,-7.3054485
10850.0,-6.1865387,-7.3057694
10866.667,-6.1897435,-7.3089743
10883.333,-6.1897435,-7.3092947
10900.0,-6.1769233,-7.298077
10916.667,-6.1641026,-7.286859
10933.333,-6.1660256,-7.292308
10950.0,-6.1716347,-7.3019233
10966.667,-6.1766024,-7.3147435
10983.333,-6.1806087,-7.3323717
11000.0,-6.1846156,-7.35
11016.667,-6.1878204,-7.355609
11033.333,-6.1910257,-7.361218
11050.0,-6.1961536,-7.3610578
11066.667,-6.2025642,-7.3570514
11083.333,-6.207692,-7.3535256
11100.0,-6.207692,-7.351923
11116.667,-6.207692,-7.3503203
11133.333,-6.198718,-7.3461537
11150.0,-6.1875,-7.3413463
11166.667,-6.178205,-7.3371797
11183.333,-6.171795,-7.3339744
11200.0,-6.165385,-7.330769
11216.667,-6.165385,-7.3516026
11233.333,-6.165385,-7.372436
11250.0,-6.1557693,-7.3798075
11266.667,-6.139744,-7.3782053
11283.333,-6.1266026,-7.379487
11300.0,-6.125,-7.3923078
11316.667,-6.1233974,-7.405128
11333.333,-6.133333,-7.408974
11350.0,-6.146154,-7.410577
11366.667,-6.1538463,-7.4108973
11383.333,-6.1538463,-7.409295
11400.0,-6.1538463,-7.4076924
11416.667,-6.155449,-7.4028845
11433.333,-6.157051,-7.398077
11450.0,-6.1538463,-7.402404
11466.667,-6.1474357,-7.4128203
11483.333,-6.143109,-7.420994
11500.0,-6.147115,-7.4201922
11516.667,-6.1511216,-7.419391
11533.333,-6.1602564,-7.423077
11550.0,-6.170673,-7.4278846
11566.667,-6.175641,-7.423077
11583.333,-6.1724358,-7.4038463
11600.0,-6.169231,-7.3846154
11616.667,-6.1724358,-7.363782
11633.333,-6.175641,-7.342949
11650.0,-6.183654,-7.3153844
11666.667,-6.194872,-7.2833333
11683.333,-6.2016025,-7.254487
11700.0,-6.1903844,-7.2384615
11716.667,-6.179167,-7.222436
11733.333,-6.179487,-7.2141027
11750.0,-6.1826925,-7.207692
11766.667,-6.1852565,-7.207692
11783.333,-6.186859,-7.2173076
11800.0,-6.1884613,-7.226923
11816.667,-6.1908655,-7.2301283
11833.333,-6.1932693,-7.233333
11850.0,-6.1908655,-7.230769
11866.667,-6.1852565,-7.224359
11883.333,-6.1788464,-7.219872
11900.0,-6.169231,-7.223077
11916.667,-6.1596155,-7.226282
11933.333,-6.1615386,-7.230769
11950.0,-6.166346,-7.235577
11966.667,-6.1685896,-7.2397437
11983.333,-6.166987,-7.2429485
12000.0,-6.165385,-7.246154
12016.667,-6.1766024,-7.2597756
12033.333,-6.1878204,-7.2733974
12050.0,-6.1961536,-7.28125
12066.667,-6.2025642,-7.2852564
12083.333,-6.2064104,-7.286218
12100.0,-6.2,-7.275
12116.667,-6.1935897,-7.263782
12133.333,-6.2141027,-7.275641
12150.0,-6.2413464,-7.293269
12166.667,-6.258333,-7.3057694
12183.333,-6.259936,-7.310577
12200.0,-6.2615385,-7.3153844
12216.667,-6.3128204,-7.1679487
12233.333,-6.3641024,-7.020513
12250.0,-6.3884616,-6.955769
12266.667,-6.3948717,-6.9461536
12283.333,-6.4003205,-6.9371796
12300.0,-6.401923,-6.9307694
12316.667,-6.403526,-6.924359
12333.333,-6.405128,-6.9224358
12350.0,-6.4067307,-6.9216347
12366.667,-6.405128,-6.922756
12383.333,-6.398718,-6.926763
12400.0,-6.3923078,-6.9307694
12416.667,-6.3923078,-6.9371796
12433.333,-6.3923078,-6.9435897
12450.0,-6.3865385,-6.9403844
12466.667,-6.376923,-6.9307694
12483.333,-6.485417,-6.9272437
12500.0,-7.066346,-6.9480767
12516.667,-7.6472754,-6.96891
12533.333,-7.928205,-6.9397435
12550.0,-8.134134,-6.898077
12566.667,-8.258974,-6.8647437
12583.333,-8.262179,-6.84391
12600.0,-8.265385,-6.8230767
12616.667,-8.26859,-6.8182693
12633.333,-8.271795,-6.8134613
12650.0,-8.2778845,-6.8201923
12666.667,-8.285897,-6.834615
12683.333,-8.16907,-6.830769
12700.0,-7.5528846,-6.753846
12716.667,-6.936699,-6.6769233
12733.333,-6.802564,-6.6615386
12750.0,-6.7889423,-6.6615386
12766.667,-6.78141,-6.6705127
12783.333,-6.783013,-6.692949
12800.0,-6.7846155,-6.7153845
12816.667,-6.78141,-6.7145834
12833.333,-6.778205,-6.713782
12850.0,-6.7807693,-6.722596
12866.667,-6.7871795,-6.7378206
12883.333,-6.790705,-6.75
12900.0,-6.7826924,-6.75
12916.667,-6.7746797,-6.75
12933.333,-6.766667,-6.7576923
12950.0,-6.7586536,-6.7673078
12966.667,-6.750641,-6.7724357
12983.333,-6.742628,-6.7708335
13000.0,-6.7346153,-6.769231
13016.667,-6.710577,-6.769231
13033.333,-6.6865387,-6.769231
13050.0,-6.6879807,-6.7826924
13066.667,-6.7064104,-6.805128
13083.333,-6.718109,-6.8230767
13100.0,-6.7028847,-6.8230767
13116.667,-6.68766,-6.8230767
13133.333,-6.682051,-6.8089743
13150.0,-6.6788464,-6.791346
13166.667,-6.6724358,-6.779487
13183.333,-6.661218,-6.776282
13200.0,-6.65,-6.773077
13216.667,-6.4152246,-6.786699
13233.333,-6.1804485,-6.8003206
13250.0,-6.0879807,-6.8158655
13266.667,-6.0903845,-6.832692
13283.333,-6.0951924,-6.8423076
13300.0,-6.1096153,-6.8230767
13316.667,-6.1240387,-6.8038464
13333.333,-6.126923,-6.7897434
13350.0,-6.126923,-6.776923
13366.667,-6.1282053,-6.773718
13383.333,-6.13141,-6.784936
13400.0,-6.1346154,-6.796154
13416.667,-6.1233974,-6.8121796
13433.333,-6.1121793,-6.828205
13450.0,-6.0990386,-6.821635
13466.667,-6.084615,-6.8
13483.333,-6.076282,-6.782372
13500.0,-6.0923076,-6.7807693
13516.667,-6.108333,-6.7791667
13533.333,-6.1192307,-6.7884617
13550.0,-6.128846,-6.800481
13566.667,-6.128846,-6.8038464
13583.333,-6.1144233,-6.794231
13600.0,-6.1,-6.7846155
13616.667,-6.104808,-6.786218
13633.333,-6.1096153,-6.7878203
13650.0,-6.1173077,-6.791346
13666.667,-6.126923,-6.796154
13683.333,-6.10625,-6.7740383
13700.0,-5.964423,-6.644231
13716.667,-5.822596,-6.514423
13733.333,-5.7846155,-6.453846
13750.0,-5.7725964,-6.410577
13766.667,-5.764744,-6.3923078
13783.333,-5.763141,-6.4115386
13800.0,-5.7615385,-6.4307694
13816.667,-5.771154,-6.4516025
13833.333,-5.7807693,-6.472436
13850.0,-5.7822113,-6.4923077
13866.667,-5.778205,-6.5115385
13883.333,-5.773878,-6.528526
13900.0,-5.768269,-6.5365386
13916.667,-5.76266,-6.5445514
13933.333,-5.7660255,-6.5474358
13950.0,-5.7716346,-6.5490384
13966.667,-5.7817307,-6.550641
13983.333,-5.7985578,-6.5522437
14000.0,-5.8153844,-6.5538464
14016.667,-5.796154,-6.411218
14033.333,-5.776923,-6.26859
14050.0,-5.776923,-6.2153845
14066.667,-5.7897434,-6.221795
14083.333,-5.798718,-6.2272434
14100.0,-5.792308,-6.228846
14116.667,-5.7858973,-6.2304487
14133.333,-5.7858973,-6.2358975
14150.0,-5.7875,-6.2423077
14166.667,-5.7916665,-6.2522435
14183.333,-5.7996793,-6.267468
14200.0,-5.8076925,-6.2826924
14216.667,-5.8108974,-6.286699
14233.333,-5.8141026,-6.290705
14250.0,-5.8192306,-6.308654
14266.667,-5.825641,-6.3358974
14283.333,-5.8298078,-6.3565707
14300.0,-5.825,-6.3509617
14316.667,-5.8201923,-6.3453526
14333.333,-5.8102565,-6.3294873
14350.0,-5.7990384,-6.3110576
14366.667,-5.7916665,-6.299359
14383.333,-5.7900643,-6.297756
14400.0,-5.7884617,-6.296154
14416.667,-5.7964745,-6.3201923
14433.333,-5.804487,-6.3442307
14450.0,-5.8100963,-6.354808
14466.667,-5.8141026,-6.35641
14483.333,-5.8171473,-6.355609
14500.0,-5.816346,-6.3451924
14516.667,-5.815545,-6.3347754
14533.333,-5.8166666,-6.3339744
14550.0,-5.8182693,-6.335577
14566.667,-5.825,-6.3413463
14583.333,-5.839423,-6.3533654
14600.0,-5.853846,-6.3653846
14616.667,-5.853846,-6.360577
14633.333,-5.853846,-6.355769
14650.0,-5.855769,-6.3576922
14666.667,-5.8589745,-6.3641024
14683.333,-5.8663464,-6.3697114
14700.0,-5.8903847,-6.3721156
14716.667,-5.914423,-6.3745193
14733.333,-5.9333334,-6.3820515
14750.0,-5.9509616,-6.3908653
14766.667,-5.9628205,-6.400641
14783.333,-5.966026,-6.411859
14800.0,-5.9692307,-6.423077
14816.667,-5.9756413,-6.423077
14833.333,-5.9820514,-6.423077
14850.0,-5.978846,-6.4221153
14866.667,-5.9692307,-6.4205127
14883.333,-5.960577,-6.418269
14900.0,-5.955769,-6.4134617
14916.667,-5.9509616,-6.4086537
14933.333,-5.9371796,-6.415385
14950.0,-5.921154,-6.425
14966.667,-5.5766025,-6.5721154
14983.333,-4.739263,-6.925481
15000.0,-3.9019232,-7.2788463
15016.667,-0.7360577,-7.7764425
15033.333,2.4298077,-8.274038
15050.0,4.0947113,-8.548077
15066.667,4.7589746,-8.673077
15083.333,5.2884617,-8.766346
15100.0,5.2788463,-8.732693
15116.667,5.269231,-8.6990385
15133.333,5.276923,-8.707692
15150.0,5.2889423,-8.726923
15166.667,5.298077,-8.7384615
15183.333,5.3028846,-8.7384615
15200.0,5.3076925,-8.7384615
15216.667,5.304487,-8.703205
15233.333,5.301282,-8.667949
15250.0,5.3019233,-8.648077
15266.667,5.305128,-8.638461
15283.333,5.309936,-8.635257
15300.0,5.3211536,-8.657692
15316.667,5.3323717,-8.680128
15333.333,5.3358974,-8.675641
15350.0,5.3375,-8.664423
15366.667,5.334295,-8.651603
15383.333,5.3238783,-8.636378
15400.0,5.3134613,-8.621154
15416.667,5.343109,-8.594711
15433.333,5.3727565,-8.568269
15450.0,5.4682693,-8.471154
15466.667,5.6076922,-8.326923
15483.333,5.719551,-8.208333
15500.0,5.7211537,-8.192307
15516.667,5.7227564,-8.176282
15533.333,5.724359,-8.171795
15550.0,5.7259617,-8.170193
15566.667,5.7259617,-8.189744
15583.333,5.7235575,-8.241026
15600.0,5.7211537,-8.292308
15616.667,5.72516,-8.297115
15633.333,5.7291665,-8.301923
15650.0,5.733654,-8.289423
15666.667,5.7384615,-8.265385
15683.333,5.741667,-8.24375
15700.0,5.7384615,-8.23173
15716.667,5.735256,-8.219711
15733.333,5.729487,-8.2153845
15750.0,5.723077,-8.212981
15766.667,5.7211537,-8.20577
15783.333,5.7259617,-8.191346
15800.0,5.730769,-8.176923
15816.667,5.7467947,-8.199359
15833.333,5.7628207,-8.221795
15850.0,5.7615385,-8.216346
15866.667,5.748718,-8.192307
15883.333,5.740705,-8.176282
15900.0,5.751923,-8.192307
15916.667,5.763141,-8.208333
15933.333,5.771795,-8.223077
15950.0,5.7798076,-8.2375
15966.667,5.782051,-8.246154
15983.333,5.775641,-8.246154
16000.0,5.769231,-8.246154
16016.667,5.655449,-8.255769
16033.333,5.5416665,-8.265385
16050.0,5.4923077,-8.258654
16066.667,5.4858975,-8.241026
16083.333,5.4791665,-8.222756
16100.0,5.4711537,-8.201923
16116.667,5.463141,-8.181089
16133.333,5.4602566,-8.200641
16150.0,5.458654,-8.2302885
16166.667,5.4564104,-8.25609
16183.333,5.453205,-8.276122
16200.0,5.45,-8.296154
16216.667,5.4516025,-8.286538
16233.333,5.453205,-8.276923
16250.0,5.4548078,-8.288462
16266.667,5.4564104,-8.314102
16283.333,5.458654,-8.338782
16300.0,5.4634614,-8.359615
16316.667,5.4682693,-8.380448
16333.333,5.4692307,-8.379487
16350.0,5.4692307,-8.373077
16366.667,5.4666667,-8.362821
16383.333,5.4602566,-8.346795
16400.0,5.453846,-8.33077
16416.666,5.458654,-8.347596
16433.334,5.4634614,-8.364423
16450.0,5.4615383,-8.36875
16466.666,5.455128,-8.364743
16483.334,5.4477563,-8.358013
16500.0,5.4365387,-8.3403845
16516.666,5.4253206,-8.322757
16533.334,5.425,-8.325
16550.0,5.427404,-8.3322115
16566.666,5.430128,-8.333333
16583.334,5.4333334,-8.32532
16600.0,5.4365387,-8.317307
16616.666,5.435737,-8.29968
16633.334,5.434936,-8.282051
16650.0,5.4403844,-8.29952
16666.666,5.45,-8.3403845
16683.334,5.457692,-8.37468
16700.0,5.457692,-8.382692
16716.666,5.457692,-8.390705
16733.334,5.4589744,-8.39359
16750.0,5.460577,-8.395192
16766.666,5.4673076,-8.398077
16783.334,5.481731,-8.4028845
16800.0,5.496154,-8.407692
16816.666,5.494551,-8.398077
16833.334,5.4929485,-8.388461
16850.0,5.4913464,-8.391346
16866.666,5.4897437,-8.402564
16883.334,5.4897437,-8.411538
16900.0,5.496154,-8.411538
16916.666,5.502564,-8.411538
16933.334,5.501282,-8.383333
16950.0,5.498077,-8.348077
16966.666,5.49359,-8.323718
16983.334,5.4871793,-8.315705
17000.0,5.480769,-8.307693
17016.666,5.4983974,-8.344551
17033.334,5.5160255,-8.381411
17050.0,5.522115,-8.4028845
17066.666,5.520513,-8.414103
17083.334,5.5198717,-8.424039
17100.0,5.523077,-8.428846
17116.666,5.526282,-8.433654
17133.334,5.520513,-8.433333
17150.0,5.5125,-8.431731
17166.666,5.5583334,-8.478847
17183.334,5.684936,-8.599038
17200.0,5.8115387,-8.719231
17216.666,5.8195515,-8.677564
17233.334,5.8275642,-8.635898
17250.0,5.831731,-8.614423
17266.666,5.8333335,-8.60641
17283.334,5.835577,-8.597436
17300.0,5.8403845,-8.584616
17316.666,5.8451924,-8.5717945
17333.334,5.85,-8.586538
17350.0,5.854808,-8.608173
17366.666,5.8596153,-8.625641
17383.334,5.8644233,-8.636859
17400.0,5.8692307,-8.648077
17416.666,5.8708334,-8.648878
17433.334,5.872436,-8.649679
17450.0,5.8778844,-8.634615
17466.666,5.8858976,-8.608974
17483.334,5.8929486,-8.58782
17500.0,5.896154,-8.584616
17516.666,5.8993587,-8.58141
17533.334,5.896154,-8.579487
17550.0,5.891346,-8.577885
17566.666,5.8858976,-8.580129
17583.334,5.879487,-8.588141
17600.0,5.873077,-8.596154
17616.666,5.8634615,-8.615385
17633.334,5.853846,-8.634615
17650.0,5.8432693,-8.622115
17666.666,5.8320513,-8.588462
17683.334,5.822436,-8.557693
17700.0,5.8192306,-8.538462
17716.666,5.8160257,-8.519231
17733.334,5.8134613,-8.526923
17750.0,5.8110576,-8.541347
17766.666,5.8125,-8.567307
17783.334,5.8197117,-8.610577
17800.0,5.826923,-8.653846
17816.666,5.831731,-8.647436
17833.334,5.8365383,-8.641026
17850.0,5.835577,-8.655769
17866.666,5.830769,-8.684615
17883.334,5.8275642,-8.708653
17900.0,5.830769,-8.713462
17916.666,5.8339744,-8.718269
17933.334,5.8192306,-8.723077
17950.0,5.8,-8.727884
17966.666,5.794231,-8.728847
17983.334,5.808654,-8.724038
18000.0,5.8230767,-8.719231
18016.666,5.8214746,-8.730449
18033.334,5.819872,-8.741667
18050.0,5.8125,-8.742308
18066.666,5.801282,-8.735897
18083.334,5.794872,-8.731891
18100.0,5.8076925,-8.7375
18116.666,5.820513,-8.743109
18133.334,5.8173075,-8.750641
18150.0,5.8100963,-8.758654
18166.666,5.8022437,-8.761859
18183.334,5.7934294,-8.757853
18200.0,5.7846155,-8.753846
18216.666,5.775,-8.745833
18233.334,5.7653847,-8.737821
18250.0,5.7509613,-8.730769
18266.666,5.733333,-8.724359
18283.334,5.718109,-8.720673
18300.0,5.7125,-8.727884
18316.666,5.706891,-8.735096
18333.334,5.7102566,-8.734615
18350.0,5.7158656,-8.732211
18366.666,5.720513,-8.732693
18383.334,5.723718,-8.7375
18400.0,5.726923,-8.742308
18416.666,5.715705,-8.745513
18433.334,5.7044873,-8.748718
18450.0,5.6932693,-8.749039
18466.666,5.682051,-8.747436
18483.334,5.6733975,-8.746795
18500.0,5.675,-8.75
18516.666,5.6766024,-8.753205
18533.334,5.679487,-8.742308
18550.0,5.6826925,-8.727884
18566.666,5.682051,-8.7198715
18583.334,5.675641,-8.721475
18600.0,5.669231,-8.723077
18616.666,5.6724358,-8.71907
18633.334,5.675641,-8.715064
18650.0,5.671154,-8.722596
18666.666,5.6615386,-8.737821
18683.334,5.6557693,-8.746154
18700.0,5.665385,-8.726923
18716.666,5.675,-8.707692
18733.334,5.6807694,-8.671795
18750.0,5.685577,-8.631731
18766.666,5.691987,-8.6112175
18783.334,5.7008014,-8.620032
18800.0,5.709615,-8.628846
18816.666,5.705609,-8.632853
18833.334,5.7016025,-8.636859
18850.0,5.7,-8.660096
18866.666,5.7,-8.696154
18883.334,5.719551,-8.70625
18900.0,5.8173075,-8.6125
18916.666,5.9150643,-8.51875
18933.334,5.9346156,-8.474359
18950.0,5.9346156,-8.442307
18966.666,5.9352565,-8.4375
18983.334,5.936859,-8.473557
19000.0,5.9384613,-8.509615
19016.666,5.936859,-8.494391
19033.334,5.9352565,-8.479167
19050.0,5.933654,-8.476923
19066.666,5.932051,-8.483334
19083.334,5.9298077,-8.4907055
19100.0,5.925,-8.501923
19116.666,5.9201922,-8.513141
19133.334,5.915385,-8.526923
19150.0,5.910577,-8.541347
19166.666,5.9022436,-8.54968
19183.334,5.888622,-8.548879
19200.0,5.875,-8.548077
19216.666,5.8589745,-8.521635
19233.334,5.842949,-8.495193
19250.0,5.8331733,-8.498077
19266.666,5.8275642,-8.520513
19283.334,5.820833,-8.538141
19300.0,5.8096156,-8.536538
19316.666,5.7983975,-8.534936
19333.334,5.7833333,-8.530769
19350.0,5.7673078,-8.525962
19366.666,5.752564,-8.522436
19383.334,5.7397437,-8.520833
19400.0,5.726923,-8.519231
19416.666,5.7277246,-8.54968
19433.334,5.7285256,-8.580129
19450.0,5.7302885,-8.58077
19466.666,5.7326922,-8.561539
19483.334,5.734295,-8.549039
19500.0,5.7326922,-8.563461
19516.666,5.7310896,-8.577885
19533.334,5.729487,-8.578205
19550.0,5.727885,-8.575
19566.666,5.724359,-8.569231
19583.334,5.717949,-8.559615
19600.0,5.7115383,-8.55
19616.666,5.7171474,-8.56843
19633.334,5.7227564,-8.586859
19650.0,5.7177887,-8.593269
19666.666,5.705769,-8.591666
19683.334,5.6951923,-8.588302
19700.0,5.6903844,-8.577885
19716.666,5.685577,-8.567468
19733.334,5.6833334,-8.5762825
19750.0,5.6817307,-8.589904
19766.666,5.6871796,-8.600962
19783.334,5.703205,-8.608173
19800.0,5.7192307,-8.615385
19816.666,5.7192307,-8.591346
19833.334,5.7192307,-8.567307
19850.0,5.7163463,-8.572115
19866.666,5.7115383,-8.596154
19883.334,5.710417,-8.618269
19900.0,5.7240386,-8.632692
19916.666,5.7376604,-8.647116
19933.334,5.7365384,-8.623077
19950.0,5.731731,-8.589423
19966.666,5.7246795,-8.563461
19983.334,5.714263,-8.549039
20000.0,5.703846,-8.5346155
20016.666,5.695833,-8.526603
20033.334,5.6878204,-8.51859
20050.0,5.6884613,-8.525
20066.666,5.694872,-8.541026
20083.334,5.7014422,-8.559936
20100.0,5.708654,-8.5903845
20116.666,5.7158656,-8.620833
20133.334,5.7192307,-8.616667
20150.0,5.7216344,-8.603847
20166.666,5.725,-8.591666
20183.334,5.729808,-8.580449
20200.0,5.7346153,-8.569231
20216.666,5.7346153,-8.604487
20233.334,5.7346153,-8.639744
20250.0,5.735577,-8.65
20266.666,5.7371793,-8.64359
20283.334,5.738782,-8.637179
20300.0,5.7403846,-8.630769
20316.666,5.741987,-8.624359
20333.334,5.747436,-8.646153
20350.0,5.753846,-8.675
20366.666,5.7615385,-8.677564
20383.334,5.771154,-8.640705
20400.0,5.7807693,-8.603847
20416.666,5.788782,-8.596635
20433.334,5.796795,-8.589423
20450.0,5.8019233,-8.5822115
20466.666,5.805128,-8.575
20483.334,5.807532,-8.56859
20500.0,5.8067307,-8.565385
20516.666,5.8059297,-8.56218
20533.334,5.8141026,-8.58077
20550.0,5.824519,-8.604808
20566.666,5.825641,-8.619872
20583.334,5.8128204,-8.621474
20600.0,5.8,-8.623077
20616.666,5.8016024,-8.6134615
20633.334,5.803205,-8.603847
20650.0,5.8057694,-8.6
20666.666,5.8089743,-8.6
20683.334,5.8166666,-8.598397
20700.0,5.8423076,-8.5903845
20716.666,5.8679485,-8.582372
20733.334,6.5051284,-8.665384
20750.0,7.2951922,-8.771153
20766.666,8.6365385,-8.876282
20783.334,10.804808,-8.980449
20800.0,12.973077,-9.084616
20816.666,13.395352,-9.108654
20833.334,13.817628,-9.132692
20850.0,13.974519,-9.1447115
20866.666,13.954487,-9.148718
20883.334,13.938141,-9.150802
20900.0,13.936539,-9.145192
20916.666,13.934936,-9.139584
20933.334,13.912821,-9.149359
20950.0,13.885577,-9.162981
20966.666,13.869872,-9.175321
20983.334,13.871474,-9.185738
21000.0,13.873077,-9.196154
21016.666,13.365064,-9.265064
21033.334,12.857051,-9.333974
21050.0,9.259134,-9.178366
21066.666,3.6012821,-8.873077
21083.334,-1.4860576,-8.502084
21100.0,-4.291346,-7.8682694
21116.666,-7.0966344,-7.234455
21133.334,-7.7576923,-7.091026
21150.0,-7.8826923,-7.0701923
21166.666,-7.966026,-7.060577
21183.334,-7.986859,-7.0677886
21200.0,-8.007692,-7.075
21216.666,-8.03093,-7.041346
21233.334,-8.054167,-7.0076923
21250.0,-8.078365,-7.0014424
21266.666,-8.103205,-7.0134616
21283.334,-8.127725,-7.030449
21300.0,-8.150962,-7.0673075
21316.666,-8.174199,-7.1041665
21333.334,-8.316667,-7.245513
21350.0,-8.488942,-7.4129806
21366.666,-9.6134615,-7.8176284
21383.334,-12.166347,-8.578045
21400.0,-14.719231,-9.338462
21416.666,-15.0301285,-9.405769
21433.334,-15.341025,-9.473077
21450.0,-15.479327,-9.490866
21466.666,-15.502564,-9.475641
21483.334,-15.528846,-9.468109
21500.0,-15.567307,-9.491346
21516.666,-15.605769,-9.514584
21533.334,-15.624359,-9.519872
21550.0,-15.63798,-9.520673
21566.666,-15.650641,-9.525962
21583.334,-15.661859,-9.537981
21600.0,-15.673077,-9.55
21616.666,-15.682693,-9.541987
21633.334,-15.692307,-9.533975
21650.0,-15.695192,-9.5375
21666.666,-15.69359,-9.5487175
21683.334,-15.726763,-9.544391
21700.0,-15.899038,-9.477884
21716.666,-16.071314,-9.411378
21733.334,-16.220512,-9.2846155
21750.0,-16.363943,-9.142789
21766.666,-16.453205,-9.041026
21783.334,-16.461218,-8.999359
21800.0,-16.46923,-8.957692
21816.666,-16.475641,-8.941667
21833.334,-16.482052,-8.925641
21850.0,-16.481731,-8.911538
21866.666,-16.476923,-8.898718
21883.334,-16.471153,-8.886218
21900.0,-16.461538,-8.875
21916.666,-16.451923,-8.863782
21933.334,-16.755129,-7.6153846
21950.0,-17.136538,-6.0576925
21966.666,-17.416666,-4.4884615
21983.334,-17.544872,-2.9019232
22000.0,-17.673077,-1.3153846
22016.666,-17.677885,-1.325
22033.334,-17.682692,-1.3346153
22050.0,-17.69327,-1.3370192
22066.666,-17.707693,-1.3346153
22083.334,-17.722115,-1.3320513
22100.0,-17.736538,-1.3288461
22116.666,-17.750961,-1.325641
22133.334,-17.753845,-1.3275641
22150.0,-17.753845,-1.3307692
22166.666,-17.75064,-1.3349359
22183.334,-17.742628,-1.3405448
22200.0,-17.734615,-1.3461539
22216.666,-17.729807,-1.3381411
22233.334,-17.725,-1.3301282
22250.0,-17.726923,-1.3144231
22266.666,-17.733334,-1.2935897
22283.334,-17.739744,-1.2756411
22300.0,-17.746155,-1.2692307
22316.666,-17.752563,-1.2628205
22333.334,-17.507692,-1.1339743
22350.0,-17.2,-0.97451925
22366.666,-17.003845,-0.8727564
22383.334,-16.975,-0.857532
22400.0,-16.946154,-0.8423077
22416.666,-16.960577,-0.8455128
22433.334,-16.975,-0.8487179
22450.0,-16.986538,-0.8591346
22466.666,-16.996155,-0.87435895
22483.334,-17.004808,-0.8863782
22500.0,-17.009615,-0.8855769
22516.666,-17.014423,-0.88477564
22533.334,-17.028847,-0.90384614
22550.0,-17.045673,-0.92788464
22566.666,-17.057692,-0.9461538
22583.334,-17.0625,-0.95576924
22600.0,-17.067308,-0.9653846
22616.666,-17.082533,-0.9798077
22633.334,-17.097757,-0.99423075
22650.0,-17.117308,-1.0009615
22666.666,-17.139744,-1.0025641
22683.334,-17.16186,-1.0012821
22700.0,-17.182692,-0.98846155
22716.666,-17.203526,-0.975641
22733.334,-17.046154,-0.9269231
22750.0,-16.84423,-0.86923075
22766.666,-16.725,-0.8320513
22783.334,-16.729807,-0.82564104
22800.0,-16.734615,-0.8192308
22816.666,-16.758654,-0.8144231
22833.334,-16.782692,-0.8096154
22850.0,-16.790384,-0.80480766
22866.666,-16.78718,-0.8
22883.334,-16.78109,-0.7971154
22900.0,-16.763462,-0.8019231
22916.666,-16.745832,-0.80673075
22933.334,-16.533333,-2.8948717
22950.0,-16.272116,-5.503846
22966.666,-16.100962,-7.249359
22983.334,-16.064903,-7.6996794
23000.0,-16.028847,-8.15
23016.666,-16.034454,-8.14359
23033.334,-16.040064,-8.137179
23050.0,-16.046154,-8.132692
23066.666,-16.052565,-8.129487
23083.334,-16.05705,-8.128526
23100.0,-16.053846,-8.1365385
23116.666,-16.05064,-8.144551
23133.334,-16.048717,-8.153846
23150.0,-16.047115,-8.163462
23166.666,-16.047115,-8.173077
23183.334,-16.049519,-8.182693
23200.0,-16.051924,-8.192307
23216.666,-16.049519,-8.206731
23233.334,-16.047115,-8.221154
23250.0,-16.047115,-8.2384615
23266.666,-16.048717,-8.257692
23283.334,-16.085577,-8.239423
23300.0,-16.263462,-8.071154
23316.666,-16.441345,-7.9028845
23333.334,-16.488462,-7.8660254
23350.0,-16.502884,-7.862019
23366.666,-16.505129,-7.8625
23383.334,-16.489103,-7.8697114
23400.0,-16.473078,-7.876923
23416.666,-16.47468,-7.884936
23433.334,-16.476282,-7.8929486
23450.0,-16.478846,-7.9201922
23466.666,-16.482052,-7.9602566
23483.334,-16.484936,-7.9927883
23500.0,-16.486538,-7.9951925
23516.666,-16.48814,-7.9975963
23533.334,-16.494871,-8.0
23550.0,-16.502884,-8.002404
23566.666,-16.506731,-7.9913464
23583.334,-16.504328,-7.9600964
23600.0,-16.501923,-7.9288464
23616.666,-16.49471,-7.93125
23633.334,-16.4875,-7.933654
23650.0,-16.489424,-7.8182693
23666.666,-16.497437,-7.624359
23683.334,-16.503204,-7.466987
23700.0,-16.5,-7.455769
23716.666,-16.496796,-7.4445515
23733.334,-16.508333,-7.346795
23750.0,-16.523558,-7.2274036
23766.666,-16.491346,-6.969872
23783.334,-16.387981,-6.5051284
23800.0,-16.284615,-6.040385
23816.666,-16.326283,-6.5876603
23833.334,-16.367949,-7.134936
23850.0,-16.391346,-7.339423
23866.666,-16.402565,-7.3153844
23883.334,-16.41218,-7.2945514
23900.0,-16.415384,-7.2865386
23916.666,-16.41859,-7.278526
23933.334,-16.417948,-7.2871795
23950.0,-16.416346,-7.3
23966.666,-16.413462,-7.3173075
23983.334,-16.408653,-7.3413463
24000.0,-16.403847,-7.3653846
24016.666,-16.407051,-7.3798075
24033.334,-16.410257,-7.394231
24050.0,-16.399038,-7.4057693
24066.666,-16.378204,-7.415385
24083.334,-16.361217,-7.4233975
24100.0,-16.359615,-7.425
24116.666,-16.358013,-7.4266024
24133.334,-16.356411,-7.4307694
24150.0,-16.354807,-7.435577
24166.666,-16.353205,-7.4371796
24183.334,-16.351603,-7.4339743
24200.0,-16.35,-7.4307694
24216.666,-16.340385,-7.424359
24233.334,-16.330769,-7.4179487
24250.0,-16.325,-7.4096155
24266.666,-16.321795,-7.4
24283.334,-16.319551,-7.3891025
24300.0,-16.321154,-7.373077
24316.666,-16.322756,-7.3570514
24333.334,-16.326923,-7.3576922
24350.0,-16.33173,-7.3625
24366.666,-16.332693,-7.363141
24383.334,-16.327885,-7.357532
24400.0,-16.323076,-7.351923
24416.666,-16.319872,-7.3479166
24433.334,-16.316668,-7.34391
24450.0,-16.322115,-7.335577
24466.666,-16.333334,-7.324359
24483.334,-16.361858,-7.2971153
24500.0,-16.459616,-7.205769
24516.666,-16.557371,-7.1144233
24533.334,-16.582052,-7.09359
24550.0,-16.58846,-7.0903845
24566.666,-16.594872,-7.0884614
24583.334,-16.601282,-7.0884614
24600.0,-16.607693,-7.0884614
24616.666,-16.607693,-7.1076922
24633.334,-16.607693,-7.126923
24650.0,-16.60577,-7.147115
24666.666,-16.602564,-7.1679487
24683.334,-16.600641,-7.1871796
24700.0,-16.603846,-7.2
24716.666,-16.607052,-7.2128205
24733.334,-16.602564,-7.2371793
24750.0,-16.596153,-7.264423
24766.666,-16.590385,-7.290385
24783.334,-16.585577,-7.314423
24800.0,-16.580769,-7.3384614
24816.666,-16.575962,-7.346474
24833.334,-16.571154,-7.354487
24850.0,-16.544231,-7.5538464
24866.666,-16.502563,-7.8807693
24883.334,-16.470192,-8.142629
24900.0,-16.475,-8.144231
24916.666,-16.479807,-8.145833
24933.334,-16.482693,-8.182052
24950.0,-16.485096,-8.226923
24966.666,-16.484295,-8.258654
24983.334,-16.478685,-8.270673
25000.0,-16.473078,-8.282692
25016.666,-16.477884,-8.266666
25033.334,-16.482693,-8.250641
25050.0,-16.483654,-8.245673
25066.666,-16.482052,-8.248077
25083.334,-16.480127,-8.253205
25100.0,-16.476923,-8.269231
25116.666,-16.473719,-8.285256
25133.334,-16.464102,-8.26282
25150.0,-16.452885,-8.230769
25166.666,-16.446795,-8.210897
25183.334,-16.448397,-8.209295
25200.0,-16.45,-8.207692
25216.666,-16.448397,-8.203686
25233.334,-16.446795,-8.199679
25250.0,-16.44327,-8.198558
25266.666,-16.438461,-8.199359
25283.334,-16.436218,-8.200961
25300.0,-16.444231,-8.20577
25316.666,-16.452244,-8.210577
25333.334,-16.46282,-8.233334
25350.0,-16.47404,-8.260577
25366.666,-16.480448,-8.278205
25383.334,-16.479647,-8.28141
25400.0,-16.478846,-8.2846155
25416.666,-16.48766,-8.295834
25433.334,-16.496475,-8.307052
25450.0,-16.492308,-8.318269
25466.666,-16.479486,-8.329487
25483.334,-16.46859,-8.340705
25500.0,-16.465385,-8.351923
25516.666,-16.46218,-8.363141
25533.334,-16.453846,-8.374359
25550.0,-16.444231,-8.385577
25566.666,-16.43686,-8.397436
25583.334,-16.432852,-8.410256
25600.0,-16.428846,-8.423077
25616.666,-16.439262,-8.427885
25633.334,-16.44968,-8.432693
25650.0,-16.451923,-8.438461
25666.666,-16.448717,-8.444872
25683.334,-16.448717,-8.45
25700.0,-16.461538,-8.45
25716.666,-16.47436,-8.45
25733.334,-16.476923,-8.4512825
25750.0,-16.476923,-8.452885
25766.666,-16.475,-8.453205
25783.334,-16.470192,-8.451603
25800.0,-16.465385,-8.45
25816.666,-16.481411,-8.451603
25833.334,-16.497437,-8.453205
25850.0,-16.509615,-8.458173
25866.666,-16.51923,-8.4653845
25883.334,-16.52532,-8.471635
25900.0,-16.517307,-8.474038
25916.666,-16.509295,-8.476442
25933.334,-16.510256,-8.473718
25950.0,-16.513462,-8.469711
25966.666,-16.516666,-8.4653845
25983.334,-16.519873,-8.460577
26000.0,-16.523077,-8.45577
26016.666,-16.53109,-8.462981
26033.334,-16.539103,-8.470192
26050.0,-16.545193,-8.476923
26066.666,-16.55,-8.483334
26083.334,-16.55064,-8.488782
26100.0,-16.534615,-8.490385
26116.666,-16.518589,-8.491987
26133.334,-16.514103,-8.502564
26150.0,-16.5125,-8.515385
26166.666,-16.508974,-8.525641
26183.334,-16.502563,-8.532051
26200.0,-16.496155,-8.538462
26216.666,-16.49455,-8.542468
26233.334,-16.492949,-8.546474
26250.0,-16.493269,-8.553846
26266.666,-16.494871,-8.563461
26283.334,-16.495512,-8.572115
26300.0,-16.492308,-8.576923
26316.666,-16.489103,-8.581731
26333.334,-16.486538,-8.585897
26350.0,-16.484135,-8.589904
26366.666,-16.483654,-8.589744
26383.334,-16.486057,-8.583333
26400.0,-16.488462,-8.576923
26416.666,-16.478846,-8.569712
26433.334,-16.46923,-8.5625
26450.0,-16.461538,-8.561058
26466.666,-16.455128,-8.563461
26483.334,-16.4008,-8.548077
26500.0,-16.154808,-8.461538
26516.666,-15.908814,-8.375
26533.334,-15.85,-8.351282
26550.0,-15.837981,-8.343269
26566.666,-15.832051,-8.339103
26583.334,-15.835257,-8.340705
26600.0,-15.838462,-8.342308
26616.666,-15.851282,-8.3575325
26633.334,-15.864102,-8.372756
26650.0,-15.869231,-8.379327
26666.666,-15.869231,-8.380128
26683.334,-15.869231,-8.380769
26700.0,-15.869231,-8.380769
26716.666,-15.869231,-8.380769
26733.334,-15.873077,-8.402564
26750.0,-15.877885,-8.429808
26766.666,-15.882692,-8.43782
26783.334,-15.8875,-8.416987
26800.0,-15.892307,-8.396153
26816.666,-15.9051285,-8.427403
26833.334,-15.917949,-8.458653
26850.0,-15.9125,-8.482211
26866.666,-15.894872,-8.500641
26883.334,-15.880128,-8.515705
26900.0,-15.876923,-8.517307
26916.666,-15.873718,-8.51891
26933.334,-15.882051,-8.519231
26950.0,-15.89327,-8.519231
26966.666,-15.896153,-8.513141
26983.334,-15.8865385,-8.497916
27000.0,-15.876923,-8.482693
27016.666,-15.881731,-8.494712
27033.334,-15.8865385,-8.506731
27050.0,-15.894231,-8.510577
27066.666,-15.903846,-8.508974
27083.334,-15.91218,-8.508974
27100.0,-15.915384,-8.515385
27116.666,-15.91859,-8.521795
27133.334,-15.91923,-8.523077
27150.0,-15.91923,-8.523077
27166.666,-15.943911,-8.474038
27183.334,-16.00561,-8.351442
27200.0,-16.067308,-8.228847
27216.666,-16.060898,-8.245673
27233.334,-16.054487,-8.2625
27250.0,-16.065865,-8.270192
27266.666,-16.089102,-8.271795
27283.334,-16.108974,-8.274519
27300.0,-16.115385,-8.281731
27316.666,-16.121796,-8.288942
27333.334,-16.121796,-8.307693
27350.0,-16.120192,-8.329327
27366.666,-16.11923,-8.344231
27383.334,-16.11923,-8.349038
27400.0,-16.11923,-8.353847
27416.666,-16.128845,-8.367468
27433.334,-16.138462,-8.38109
27450.0,-16.145193,-8.398558
27466.666,-16.15,-8.41859
27483.334,-16.152885,-8.434615
27500.0,-16.148077,-8.434615
27516.666,-16.143269,-8.434615
27533.334,-16.138462,-8.4282055
27550.0,-16.133654,-8.420193
27566.666,-16.126282,-8.414103
27583.334,-16.115065,-8.410897
27600.0,-16.103846,-8.407692
27616.666,-16.111858,-8.401282
27633.334,-16.119871,-8.394872
27650.0,-16.121155,-8.379327
27666.666,-16.117949,-8.357693
27683.334,-16.115385,-8.341827
27700.0,-16.115385,-8.349038
27716.666,-16.115385,-8.35625
27733.334,-16.110256,-8.357693
27750.0,-16.103846,-8.357693
27766.666,-16.1,-8.357693
27783.334,-16.1,-8.357693
27800.0,-16.1,-8.357693
27816.666,-16.083975,-8.338462
27833.334,-16.06795,-8.319231
27850.0,-16.054808,-8.319231
27866.666,-16.04359,-8.332051
27883.334,-16.03157,-8.339103
27900.0,-16.016346,-8.323077
27916.666,-16.001122,-8.307052
27933.334,-15.992308,-8.303846
27950.0,-15.985096,-8.303846
27966.666,-15.978205,-8.296154
27983.334,-15.971795,-8.276923
28000.0,-15.9653845,-8.257692
28016.666,-15.938141,-8.2
28033.334,-15.910897,-8.142307
28050.0,-15.8865385,-8.075961
28066.666,-15.864102,-8.003846
28083.334,-15.8448715,-7.9451923
28100.0,-15.838462,-7.9403844
28116.666,-15.832051,-7.935577
28133.334,-15.832051,-7.928205
28150.0,-15.833653,-7.9201922
28166.666,-15.832051,-7.915385
28183.334,-15.825641,-7.915385
28200.0,-15.819231,-7.915385
28216.666,-15.8032055,-7.9121795
28233.334,-15.78718,-7.908974
28250.0,-15.782692,-7.9067307
28266.666,-15.785897,-7.905128
28283.334,-15.789103,-7.9038463
28300.0,-15.792308,-7.9038463
28316.666,-15.795513,-7.9038463
28333.334,-15.792308,-7.9038463
28350.0,-15.7875,-7.9038463
28366.666,-15.782051,-7.903205
28383.334,-15.775641,-7.9016027
28400.0,-15.769231,-7.9
28416.666,-15.766026,-7.896795
28433.334,-15.76282,-7.89359
28450.0,-15.757692,-7.8875
28466.666,-15.751282,-7.879487
28483.334,-15.745513,-7.8740387
28500.0,-15.742308,-7.878846
28516.666,-15.739102,-7.8836536
28533.334,-15.7384615,-7.8846154
28550.0,-15.7384615,-7.8846154
28566.666,-15.739102,-7.8871794
28583.334,-15.7407055,-7.89359
28600.0,-15.742308,-7.9
28616.666,-15.748718,-7.920833
28633.334,-15.755128,-7.9416666
28650.0,-15.764423,-7.951923
28666.666,-15.775641,-7.955128
28683.334,-15.783975,-7.959295
28700.0,-15.780769,-7.9673076
28716.666,-15.777564,-7.9753203
28733.334,-15.766666,-7.980769
28750.0,-15.753846,-7.985577
28766.666,-15.746154,-7.983333
28783.334,-15.746154,-7.970513
28800.0,-15.746154,-7.957692
28816.666,-15.746154,-7.9625
28833.334,-15.746154,-7.9673076
28850.0,-15.752885,-7.9692307
28866.666,-15.764103,-7.9692307
28883.334,-15.7778845,-7.966026
28900.0,-15.801923,-7.95
28916.666,-15.825961,-7.9339743
28933.334,-15.83077,-7.928205
28950.0,-15.83077,-7.925
28966.666,-15.830129,-7.921795
28983.334,-15.828526,-7.9185896
29000.0,-15.826923,-7.915385
29016.666,-15.836538,-7.925
29033.334,-15.846154,-7.9346156
29050.0,-15.851923,-7.95
29066.666,-15.855128,-7.9692307
29083.334,-15.860256,-7.985577
29100.0,-15.873077,-7.9903846
29116.666,-15.885898,-7.9951925
29133.334,-15.891026,-8.008974
29150.0,-15.894231,-8.025
29166.666,-15.894872,-8.0301285
29183.334,-15.891666,-8.01891
29200.0,-15.888461,-8.007692
29216.666,-15.894872,-8.006891
29233.334,-15.901282,-8.00609
29250.0,-15.911538,-8.011058
29266.666,-15.924359,-8.019872
29283.334,-15.932853,-8.029166
29300.0,-15.924039,-8.040384
29316.666,-15.915224,-8.051602
29333.334,-15.911538,-8.066667
29350.0,-15.909135,-8.082692
29366.666,-15.909295,-8.095512
29383.334,-15.913301,-8.103526
29400.0,-15.917308,-8.111539
29416.666,-15.921314,-8.121154
29433.334,-15.925321,-8.130769
29450.0,-15.921635,-8.131731
29466.666,-15.912821,-8.126923
29483.334,-15.910096,-8.125961
29500.0,-15.931731,-8.140385
29516.666,-15.953365,-8.154808
29533.334,-15.953846,-8.1551285
29550.0,-15.9490385,-8.151923
29566.666,-15.948077,-8.1551285
29583.334,-15.952885,-8.167949
29600.0,-15.957692,-8.180769
29616.666,-15.945673,-8.183974
29633.334,-15.933654,-8.18718
29650.0,-15.933173,-8.202885
29666.666,-15.940385,-8.226923
29683.334,-15.942948,-8.247115
29700.0,-15.926923,-8.251923
29716.666,-15.910897,-8.256731
29733.334,-15.91923,-8.269231
29750.0,-15.933654,-8.283654
29766.666,-15.948077,-8.286538
29783.334,-15.9625,-8.272116
29800.0,-15.976923,-8.257692
29816.666,-15.98173,-8.270513
29833.334,-15.986539,-8.283334
29850.0,-15.986539,-8.280769
29866.666,-15.983334,-8.267949
29883.334,-15.979167,-8.261859
29900.0,-15.971154,-8.282692
29916.666,-15.963141,-8.303526
29933.334,-15.961538,-8.31282
29950.0,-15.961538,-8.319231
29966.666,-15.960577,-8.3262825
29983.334,-15.958173,-8.334295
30000.0,-15.95577,-8.342308
30016.666,-15.947757,-8.344711
30033.334,-15.939744,-8.3471155
30050.0,-15.935096,-8.35625
30066.666,-15.932693,-8.369872
30083.334,-15.933654,-8.3842945
30100.0,-15.948077,-8.401923
30116.666,-15.9625,-8.419551
30133.334,-15.966666,-8.424359
30150.0,-15.968269,-8.4259615
30166.666,-15.973077,-8.430769
30183.334,-15.982693,-8.440385
30200.0,-15.992308,-8.45
30216.666,-16.003525,-8.453205
30233.334,-16.014744,-8.45641
30250.0,-16.018269,-8.460577
30266.666,-16.016666,-8.4653845
30283.334,-16.013783,-8.470512
30300.0,-16.00577,-8.476923
30316.666,-15.997756,-8.483334
30333.334,-16.011538,-8.479487
30350.0,-16.03077,-8.473077
30366.666,-16.048077,-8.46859
30383.334,-16.0625,-8.466988
30400.0,-16.076923,-8.4653845
30416.666,-16.08173,-8.4653845
30433.334,-16.086538,-8.4653845
30450.0,-16.090385,-8.466346
30466.666,-16.09359,-8.467949
30483.334,-16.095192,-8.46859
30500.0,-16.090385,-8.4653845
30516.666,-16.085577,-8.462179
30533.334,-16.048077,-8.410256
30550.0,-16.002403,-8.346154
30566.666,-15.977243,-8.313461
30583.334,-15.982853,-8.327885
30600.0,-15.9884615,-8.342308
30616.666,-15.998077,-8.3375
30633.334,-16.007692,-8.332692
30650.0,-16.021154,-8.33077
30666.666,-16.03718,-8.33077
30683.334,-16.051123,-8.332372
30700.0,-16.05673,-8.3403845
30716.666,-16.06234,-8.348397
30733.334,-16.064102,-8.35
30750.0,-16.064903,-8.35
30766.666,-16.07468,-8.346795
30783.334,-16.097918,-8.338782
30800.0,-16.121155,-8.33077
30816.666,-16.116346,-8.337179
30833.334,-16.111538,-8.34359
30850.0,-15.250961,-8.383654
30866.666,-13.819872,-8.446154
30883.334,-11.505609,-8.519551
30900.0,-5.6586537,-8.6365385
30916.666,0.18830128,-8.753526
30933.334,2.500641,-8.897436
30950.0,3.929327,-9.048077
30966.666,4.768269,-9.127564
30983.334,4.722596,-9.100321
31000.0,4.6769233,-9.073077
31016.666,4.7025642,-9.065064
31033.334,4.728205,-9.057052
31050.0,4.9096155,-9.009615
31066.666,5.194872,-8.935898
31083.334,5.4378204,-8.859936
31100.0,5.5115385,-8.775
31116.666,5.5852566,-8.690064
31133.334,5.604487,-8.660256
31150.0,5.610096,-8.644231
31166.666,5.613782,-8.632051
31183.334,5.6145835,-8.625641
31200.0,5.6153846,-8.619231
31216.666,5.6153846,-8.574359
31233.334,5.6153846,-8.529488
31250.0,5.6144233,-8.520673
31266.666,5.6128206,-8.535897
31283.334,5.6121793,-8.545513
31300.0,5.6153846,-8.532692
31316.666,5.61859,-8.519872
31333.334,5.624359,-8.524359
31350.0,5.6307693,-8.533173
31366.666,5.63141,-8.546795
31383.334,5.6233974,-8.567628
31400.0,5.6153846,-8.588462
31416.666,5.610577,-8.538782
31433.334,5.605769,-8.489102
31450.0,5.604808,-8.476923
31466.666,5.60641,-8.489743
31483.334,5.608333,-8.502885
31500.0,5.6115384,-8.517307
31516.666,5.6147437,-8.531731
31533.334,5.610256,-8.533975
31550.0,5.603846,-8.533173
31566.666,5.601282,-8.534936
31583.334,5.604487,-8.5405445
31600.0,5.6076922,-8.546154
31616.666,5.6060896,-8.549359
31633.334,5.604487,-8.552564
31650.0,5.603846,-8.552885
31666.666,5.603846,-8.551282
31683.334,5.6024036,-8.5346155
31700.0,5.5951924,-8.457692
31716.666,5.5879807,-8.380769
31733.334,5.580769,-8.4
31750.0,5.573558,-8.443269
31766.666,5.5730767,-8.469231
31783.334,5.582692,-8.469231
31800.0,5.5923076,-8.469231
31816.666,5.5891027,-8.4676285
31833.334,5.5858974,-8.466025
31850.0,5.5730767,-8.474519
31866.666,5.5538464,-8.489743
31883.334,5.5384617,-8.507532
31900.0,5.5384617,-8.535577
31916.666,5.5384617,-8.5636215
31933.334,5.542308,-8.537821
31950.0,5.5471153,-8.498558
31966.666,5.554167,-8.4862175
31983.334,5.5645833,-8.514263
32000.0,5.575,-8.542308
32016.666,5.5653844,-8.511058
32033.334,5.5557694,-8.479808
32050.0,5.553365,-8.483654
32066.666,5.5557694,-8.510898
32083.334,5.5564103,-8.53157
32100.0,5.55,-8.525962
32116.666,5.5435896,-8.520352
32133.334,5.5410256,-8.524359
32150.0,5.539423,-8.530769
32166.666,5.5384617,-8.532051
32183.334,5.5384617,-8.525641
32200.0,5.5384617,-8.519231
32216.666,5.543269,-8.540064
32233.334,5.548077,-8.560898
32250.0,5.5490384,-8.578846
32266.666,5.5474358,-8.5948715
32283.334,5.5464745,-8.61218
32300.0,5.548077,-8.634615
32316.666,5.5496793,-8.657051
32333.334,5.5397434,-8.628205
32350.0,5.526923,-8.586538
32366.666,5.518269,-8.55641
32383.334,5.5158653,-8.54359
32400.0,5.5134616,-8.530769
32416.666,5.5190706,-8.533975
32433.334,5.5246797,-8.53718
32450.0,5.5326924,-8.560577
32466.666,5.542308,-8.597436
32483.334,5.548077,-8.62532
32500.0,5.5384617,-8.617308
32516.666,5.5288463,-8.609295
32533.334,5.5198717,-8.60641
32550.0,5.511058,-8.604808
32566.666,5.505449,-8.612821
32583.334,5.5046473,-8.635257
32600.0,5.503846,-8.657692
32616.666,5.505449,-8.640064
32633.334,5.5070515,-8.622436
32650.0,5.4990387,-8.595192
32666.666,5.4846153,-8.561539
32683.334,5.4727564,-8.536538
32700.0,5.4711537,-8.546154
32716.666,5.469551,-8.555769
32733.334,5.470513,-8.58077
32750.0,5.4721155,-8.609615
32766.666,5.476282,-8.619231
32783.332,5.484295,-8.6
32800.0,5.4923077,-8.58077
32816.668,5.4826922,-8.575961
32833.332,5.473077,-8.571154
32850.0,5.4711537,-8.570192
32866.668,5.474359,-8.5717945
32883.332,5.4785256,-8.57532
32900.0,5.4865384,-8.586538
32916.668,5.494551,-8.597756
32933.332,5.4884615,-8.598077
32950.0,5.478846,-8.595673
32966.668,5.467949,-8.5971155
32983.332,5.455128,-8.604327
33000.0,5.4423075,-8.611539
33016.668,5.438301,-8.616346
33033.332,5.4342947,-8.621154
33050.0,5.424519,-8.6125
33066.668,5.4108973,-8.5948715
33083.332,5.401763,-8.586859
33100.0,5.410577,-8.617308
33116.668,5.419391,-8.647757
33133.332,5.4141026,-8.639744
33150.0,5.4052887,-8.622115
33166.668,5.3993587,-8.627564
33183.332,5.3977566,-8.667628
33200.0,5.396154,-8.707692
33216.668,5.3993587,-8.696474
33233.332,5.402564,-8.685256
33250.0,5.3903847,-8.673077
33266.668,5.3679485,-8.660256
33283.332,5.3471155,-8.651923
33300.0,5.332692,-8.661538
33316.668,5.3182693,-8.671154
33333.332,5.320513,-8.674359
33350.0,5.326923,-8.6759615
33366.668,5.328846,-8.669871
33383.332,5.3240385,-8.652244
33400.0,5.3192306,-8.634615
33416.668,5.322436,-8.645833
33433.332,5.325641,-8.657051
33450.0,5.325,-8.665384
33466.668,5.321795,-8.671795
33483.332,5.3195515,-8.677243
33500.0,5.3211536,-8.678846
33516.668,5.3227563,-8.680449
33533.332,5.3089743,-8.684615
33550.0,5.291346,-8.689423
33566.668,5.2833333,-8.68782
33583.332,5.2897434,-8.676602
33600.0,5.296154,-8.665384
33616.668,5.296154,-8.66218
33633.332,5.296154,-8.658975
33650.0,5.3019233,-8.6596155
33666.668,5.3115387,-8.662821
33683.332,5.3192306,-8.6625
33700.0,5.3192306,-8.648077
33716.668,5.3192306,-8.633654
33733.332,5.3141026,-8.632051
33750.0,5.3076925,-8.633654
33766.668,5.303205,-8.630769
33783.332,5.3016024,-8.621154
33800.0,5.3,-8.611539
33816.668,5.303205,-8.608334
33833.332,5.3064103,-8.605128
33850.0,5.3028846,-8.595192
33866.668,5.294872,-8.58077
33883.332,5.2865386,-8.567468
33900.0,5.276923,-8.558654
33916.668,5.2673078,-8.54984
33933.332,5.273077,-8.564102
33950.0,5.2826924,-8.584135
33966.668,5.2891026,-8.59968
33983.332,5.290705,-8.608494
34000.0,5.292308,-8.617308
34016.668,5.3035254,-8.610096
34033.332,5.3147435,-8.602884
34050.0,5.3173075,-8.615385
34066.668,5.3141026,-8.641026
34083.332,5.30609,-8.664743
34100.0,5.2788463,-8.680769
34116.668,5.2516026,-8.6967945
34133.332,5.251282,-8.708974
34150.0,5.2576923,-8.720192
34166.668,5.261859,-8.728205
34183.332,5.26266,-8.73141
34200.0,5.2634616,-8.734615
34216.668,5.2322116,-8.745833
34233.332,5.2009616,-8.757051
34250.0,4.3019233,-8.874039
34266.668,2.824359,-9.061539
34283.332,0.55801284,-9.15609
34300.0,-4.8634615,-8.878846
34316.668,-10.284936,-8.601603
34333.332,-12.994872,-8.23718
34350.0,-15.026923,-7.8509617
34366.668,-16.273718,-7.6128206
34383.332,-16.342628,-7.596795
34400.0,-16.41154,-7.580769
34416.668,-16.41154,-7.612019
34433.332,-16.41154,-7.643269
34450.0,-16.409615,-7.6658654
34466.668,-16.40641,-7.6826925
34483.332,-16.40625,-7.703846
34500.0,-16.41827,-7.7423077
34516.668,-16.430288,-7.7807693
34533.332,-16.430288,-7.7807693
34550.0,-16.430288,-7.7807693
