0.0,-0.9576923,-9.796154
16.666666,-0.96410257,-9.784936
33.333332,-0.9705128,-9.773718
50.0,-0.9807692,-9.778846
66.666664,-0.99358976,-9.794871
83.333336,-1.0040064,-9.807532
100.0,-1.0048077,-9.806731
116.666664,-1.0056089,-9.805929
133.33333,-1.0115385,-9.792949
150.0,-1.01875,-9.776923
166.66667,-1.0301282,-9.765064
183.33333,-1.0477564,-9.759455
200.0,-1.0653846,-9.753846
216.66667,-1.0653846,-9.744231
233.33333,-1.0653846,-9.734615
250.0,-1.9442308,-9.285096
266.66666,-3.4089744,-8.542308
283.33334,-4.686218,-7.8947115
300.0,-5.2134614,-7.6278844
316.66666,-5.740705,-7.3610578
333.33334,-5.826282,-7.278205
350.0,-5.801442,-7.2413464
366.66666,-5.797756,-7.2025642
383.33334,-5.8258014,-7.1608973
400.0,-5.853846,-7.1192307
416.66666,-5.8634615,-7.096795
433.33334,-5.873077,-7.074359
450.0,-5.8846154,-7.0653844
466.66666,-5.8974357,-7.0653844
483.33334,-5.908814,-7.0695515
500.0,-5.914423,-7.0903845
516.6667,-5.920032,-7.111218
533.3333,-5.929487,-7.139744
550.0,-5.9399037,-7.1701922
566.6667,-7.302564,-7.4615383
583.3333,-10.69359,-8.144231
600.0,-14.084616,-8.826923
616.6667,-14.683974,-8.900641
633.3333,-15.283334,-8.974359
650.0,-15.508654,-8.9875
666.6667,-15.484615,-8.960257
683.3333,-15.464423,-8.939102
700.0,-15.459616,-8.942307
716.6667,-15.454807,-8.945513
733.3333,-15.464103,-8.942307
750.0,-15.476923,-8.9375
766.6667,-15.489743,-8.941987
783.3333,-15.502564,-8.960417
800.0,-15.515385,-8.978847
816.6667,-15.629167,-9.317788
833.3333,-15.742949,-9.656731
850.0,-15.79423,-9.791347
866.6667,-15.803846,-9.789743
883.3333,-15.81282,-9.789423
900.0,-15.819231,-9.79423
916.6667,-15.825641,-9.799039
933.3333,-15.824359,-9.813461
950.0,-15.821154,-9.830289
966.6667,-15.816667,-9.839423
983.3333,-15.810256,-9.837019
1000.0,-15.803846,-9.834616
1016.6667,-15.803846,-9.828205
1033.3334,-15.803846,-9.8217945
1050.0,-15.801923,-9.819231
1066.6666,-15.7987175,-9.819231
1083.3334,-15.60641,-9.280769
1100.0,-14.657692,-6.5884614
1116.6666,-13.708974,-3.896154
1133.3334,-13.455129,-2.7051282
1150.0,-13.375,-1.8894231
1166.6666,-13.327244,-1.4016025
1183.3334,-13.328045,-1.405609
1200.0,-13.328846,-1.4096154
1216.6666,-13.342468,-1.4064102
1233.3334,-13.35609,-1.4032052
1250.0,-13.381731,-1.4081731
1266.6666,-13.415384,-1.4185897
1283.3334,-13.441667,-1.4288461
1300.0,-13.438461,-1.4384615
1316.6666,-13.435256,-1.448077
1333.3334,-8.399359,-1.4525641
1350.0,-2.1052885,-1.4557692
1366.6666,1.8153846,-1.4637821
1383.3334,2.1759615,-1.4790064
1400.0,2.5365384,-1.4942307
1416.6666,2.532532,-1.4822116
1433.3334,2.5285256,-1.4701923
1450.0,2.5403845,-1.4625
1466.6666,2.5628204,-1.4576923
1483.3334,2.5830128,-1.451282
1500.0,2.5942307,-1.4384615
1516.6666,2.6054487,-1.4256411
1533.3334,2.628205,-1.4064102
1550.0,2.6538463,-1.385577
1566.6666,3.8070512,-1.35
1583.3334,6.6516027,-1.2923077
1600.0,9.496154,-1.2346153
1616.6666,12.15,-1.2089744
1633.3334,14.803846,-1.1833333
1650.0,15.814904,-1.1399039
1666.6666,15.730769,-1.0846153
1683.3334,15.661698,-1.0402243
1700.0,15.6528845,-1.0394231
1716.6666,15.644071,-1.0386218
1733.3334,15.633333,-1.0333333
1750.0,15.622115,-1.0269231
1766.6666,15.618269,-1.038782
1783.3334,15.625481,-1.0780449
1800.0,15.632692,-1.1173077
1816.6666,15.61907,-1.1245192
1833.3334,15.605449,-1.1317308
1850.0,15.5903845,-1.1298077
1866.6666,15.574359,-1.1217948
1883.3334,15.505128,-1.4384615
1900.0,15.223077,-3.0538461
1916.6666,14.941026,-4.669231
1933.3334,14.823077,-5.7429485
1950.0,14.746154,-6.68125
1966.6666,14.689102,-7.214423
1983.3334,14.661859,-7.139904
2000.0,14.634615,-7.0653844
2016.6666,14.653045,-7.0685897
2033.3334,14.671474,-7.071795
2050.0,14.676442,-7.075
2066.6667,14.672436,-7.078205
2083.3333,14.70641,-7.191346
2100.0,14.892307,-7.7442307
2116.6667,15.078205,-8.297115
2133.3333,15.100641,-8.414103
2150.0,15.0822115,-8.422115
2166.6667,15.072115,-8.414103
2183.3333,15.074519,-8.382051
2200.0,15.076923,-8.35
2216.6667,15.0625,-8.366026
2233.3333,15.048077,-8.382051
2250.0,15.04423,-8.406731
2266.6667,15.047436,-8.43718
2283.3333,15.0509615,-8.468269
2300.0,15.055769,-8.501923
2316.6667,15.060577,-8.535577
2333.3333,13.491026,-8.602564
2350.0,11.5278845,-8.677885
2366.6667,9.622115,-8.732051
2383.3333,7.802404,-8.754487
2400.0,5.9826922,-8.776923
2416.6667,6.0171475,-8.776923
2433.3333,6.0516024,-8.776923
2450.0,6.0875,-8.780769
2466.6667,6.124359,-8.78718
2483.3333,6.1583333,-8.791667
2500.0,6.1807694,-8.788462
2516.6667,6.203205,-8.785256
2533.3333,6.2025642,-8.78141
2550.0,6.1961536,-8.777404
2566.6667,4.69391,-8.64391
2583.3333,0.9479167,-8.316186
2600.0,-2.7980769,-7.9884615
2616.6667,-4.2788463,-7.7745194
2633.3333,-5.7596154,-7.560577
2650.0,-6.3504806,-7.4663463
2666.6667,-6.348077,-7.451923
2683.3333,-6.345513,-7.439263
2700.0,-6.3423076,-7.433654
2716.6667,-6.3391027,-7.428045
2733.3333,-6.325641,-7.4
2750.0,-6.3096156,-7.3663464
2766.6667,-6.294872,-7.345513
2783.3333,-6.282051,-7.34391
2800.0,-6.269231,-7.3423076
2816.6667,-6.2724357,-7.3278847
2833.3333,-6.275641,-7.3134613
2850.0,-6.285577,-7.3182693
2866.6667,-6.3,-7.3358974
2883.3333,-6.3108974,-7.353205
2900.0,-6.3076925,-7.3692307
2916.6667,-6.304487,-7.3852563
2933.3333,-6.3358974,-7.3679485
2950.0,-6.3759613,-7.3423076
2966.6667,-6.4,-7.3115387
2983.3333,-6.4,-7.273077
3000.0,-6.4,-7.2346153
3016.6667,-6.4096155,-7.228205
3033.3333,-6.419231,-7.221795
3050.0,-6.4298077,-7.2033653
3066.6667,-6.4410257,-7.1769233
3083.3333,-6.4509616,-7.1533656
3100.0,-6.455769,-7.141346
3116.6667,-6.460577,-7.129327
3133.3333,-6.425,-7.0923076
3150.0,-6.379327,-7.0490384
3166.6667,-6.3471155,-7.0141025
3183.3333,-6.3350964,-6.991667
3200.0,-6.3230767,-6.9692307
3216.6667,-10.375961,-4.6823716
3233.3333,-14.428846,-2.3955128
3250.0,-16.194231,-1.3826923
3266.6667,-16.434616,-1.2192308
3283.3333,-16.62532,-1.0897436
3300.0,-16.617308,-1.0961539
3316.6667,-16.609295,-1.1025641
3333.3333,-16.607693,-1.097436
3350.0,-16.607693,-1.0894231
3366.6667,-16.601923,-1.075641
3383.3333,-16.5875,-1.0532051
3400.0,-16.573076,-1.0307692
3416.6667,-16.579487,-1.01875
3433.3333,-16.585897,-1.0067308
3450.0,-16.590385,-0.99182695
3466.6667,-16.59359,-0.975
3483.3333,-16.595192,-0.95929486
3500.0,-16.590385,-0.9480769
3516.6667,-16.585577,-0.93685895
3533.3333,-16.582052,-0.92948717
3550.0,-16.578846,-0.9230769
3566.6667,-16.583014,-0.9173077
3583.3333,-16.598238,-0.9125
3600.0,-16.613462,-0.9076923
3616.6667,-16.627884,-0.9205128
3633.3333,-16.642307,-0.93333334
3650.0,-16.640865,-0.93846154
3666.6667,-16.628845,-0.93846154
3683.3333,-16.620832,-0.9403846
3700.0,-16.628845,-0.95
3716.6667,-16.63686,-0.9596154
3733.3333,-16.65641,-0.9737179
3750.0,-16.678846,-0.9889423
3766.6667,-16.691988,-0.99391025
3783.3333,-16.691185,-0.98349357
3800.0,-16.690384,-0.97307694
3816.6667,-16.66875,-0.9602564
3833.3333,-16.647116,-0.9474359
3850.0,-16.651442,-0.9480769
3866.6667,-16.673077,-0.9576923
3883.3333,-16.689903,-0.9721154
3900.0,-16.6875,-1.0057693
3916.6667,-16.685097,-1.0394231
3933.3333,-16.67564,-1.0410256
3950.0,-16.664423,-1.0346154
3966.6667,-16.64423,-1.0310898
3983.3333,-16.610577,-1.031891
4000.0,-16.576923,-1.0326923
4016.6667,-16.588942,-1.0447116
4033.3333,-16.600962,-1.0567307
4050.0,-16.614904,-1.0567307
4066.6667,-16.630129,-1.048718
4083.3333,-16.65,-1.0429487
4100.0,-16.688461,-1.0461539
4116.6665,-16.726923,-1.049359
4133.3335,-15.34359,-1.2
4150.0,-13.604808,-1.3875
4166.6665,-12.552564,-1.5025641
4183.3335,-12.5301285,-1.5089743
4200.0,-12.507692,-1.5153847
4216.6665,-12.490064,-1.5233974
4233.3335,-12.472436,-1.5314102
4250.0,-12.476923,-1.5586538
4266.6665,-12.496154,-1.5987179
4283.3335,-12.50609,-1.6349359
4300.0,-12.478847,-1.6557692
4316.6665,-12.451603,-1.6766026
4333.3335,-10.175,-3.148077
4350.0,-7.3360577,-4.9822116
4366.6665,-5.6163464,-6.092628
4383.3335,-5.575481,-6.117468
4400.0,-5.5346155,-6.1423078
4416.6665,-5.5346155,-6.116667
4433.3335,-5.5346155,-6.091026
4450.0,-4.6052885,-6.0033655
4466.6665,-3.0564103,-5.874359
4483.3335,-0.7464744,-5.6128206
4500.0,4.6076922,-4.8211536
4516.6665,9.961859,-4.029487
4533.3335,12.434615,-3.2653847
4550.0,14.187019,-2.508173
4566.6665,15.209616,-2.0346153
4583.3335,15.1375,-1.9865384
4600.0,15.065385,-1.9384615
4616.6665,15.049359,-1.9112179
4633.3335,15.033334,-1.8839743
4650.0,15.023077,-1.8625
4666.6665,15.016666,-1.8448718
4683.3335,15.0092945,-1.8310897
4700.0,14.998077,-1.8326923
4716.6665,14.986859,-1.8342949
4733.3335,15.141666,-2.4923077
4750.0,15.337981,-3.314423
4766.6665,15.447757,-4.425
4783.3335,15.427724,-5.9682693
4800.0,15.407692,-7.5115385
4816.6665,15.382051,-7.5451922
4833.3335,15.35641,-7.578846
4850.0,15.343269,-7.6096153
4866.6665,15.338462,-7.6384616
4883.3335,15.333013,-7.665705
4900.0,15.325,-7.6865387
4916.6665,15.316987,-7.7073717
4933.3335,15.310256,-7.751282
4950.0,15.303846,-7.8009615
4966.6665,15.29423,-7.823718
4983.3335,15.279808,-7.80609
5000.0,15.265385,-7.7884617
5016.6665,15.252564,-7.780449
5033.3335,15.239743,-7.7724357
5050.0,15.137019,-7.7605767
5066.6665,14.974359,-7.746154
5083.3335,13.460577,-7.6822114
5100.0,6.542308,-7.4201922
5116.6665,-0.37596154,-7.158173
5133.3335,-2.4410257,-7.080769
5150.0,-3.2927885,-7.049519
5166.6665,-3.8211539,-7.020513
5183.3335,-3.864423,-6.9948716
5200.0,-3.9076922,-6.9692307
5216.6665,-3.9157052,-6.9804487
5233.3335,-3.923718,-6.991667
5250.0,-3.9307692,-6.9740386
5266.6665,-3.9371796,-6.9371796
5283.3335,-4.1474357,-6.9224358
5300.0,-5.173077,-6.996154
5316.6665,-6.198718,-7.069872
5333.3335,-6.4525642,-7.0833335
5350.0,-6.5134616,-7.081731
5366.6665,-6.554487,-7.080769
5383.3335,-6.5657053,-7.080769
5400.0,-6.576923,-7.080769
5416.6665,-6.5897436,-7.0647435
5433.3335,-6.6025643,-7.048718
5450.0,-6.6221156,-7.0096154
5466.6665,-6.646154,-6.955128
5483.3335,-6.6317306,-7.051282
5500.0,-6.4634614,-7.75
5516.6665,-6.2951922,-8.448718
5533.3335,-3.8691106,-8.401643
5550.0,-1.4430288,-8.354568
5566.6665,0.9830529,-8.307492
5583.3335,3.4091346,-8.260417
5600.0,5.8352165,-8.213342
5616.6665,8.261298,-8.166266
5633.3335,10.68738,-8.119191
5650.0,13.1134615,-8.072115
5666.6665,13.110256,-8.134615
5683.3335,13.288942,-8.204327
5700.0,14.195192,-8.302885
5716.6665,15.101442,-8.401443
5733.3335,15.319231,-8.450641
5750.0,15.364903,-8.4875
5766.6665,15.38782,-8.507372
5783.3335,15.376602,-8.501762
5800.0,15.365385,-8.496154
5816.6665,15.383013,-8.520192
5833.3335,15.400641,-8.54423
5850.0,15.408173,-8.557693
5866.6665,15.408975,-8.564102
5883.3335,15.380288,-8.564584
5900.0,15.233654,-8.541347
5916.6665,15.087019,-8.518109
5933.3335,10.091666,-6.455128
5950.0,3.8841345,-3.8822114
5966.6665,0.0028846154,-2.274359
5983.3335,-0.3889423,-2.1141026
6000.0,-0.7807692,-1.9538461
6016.6665,-0.74551284,-1.95625
6033.3335,-0.7102564,-1.9586538
6050.0,-0.6942308,-1.9658654
6066.6665,-0.6910256,-1.976282
6083.3335,-0.6860577,-1.9849359
6100.0,-0.67403847,-1.9865384
6116.6665,-0.66201925,-1.9881411
6133.3335,-0.66089743,-1.9858974
6150.0,-0.6625,-1.9826924
6166.6665,-0.6682692,-1.9826924
6183.3335,-0.68028843,-1.9875
6200.0,-0.6923077,-1.9923077
6216.6665,-0.67948717,-1.976282
6233.3335,-0.6666667,-1.9602565
6250.0,-0.66346157,-1.9548076
6266.6665,-0.6666667,-1.9564103
6283.3335,-0.8076923,-1.8969551
6300.0,-1.5,-1.5932692
6316.6665,-2.1923077,-1.2895833
6333.3335,-2.3423078,-1.1910256
6350.0,-2.3567307,-1.14375
6366.6665,-2.3673077,-1.1224359
6383.3335,-2.3721154,-1.1400641
6400.0,-2.376923,-1.1576923
6416.6665,-2.3761218,-0.9060897
6433.3335,-2.3753204,-0.6544872
6450.0,-2.1127884,-0.74903846
6466.6665,-1.8502564,-0.8435897
6483.3335,-1.5877243,-0.93814105
6500.0,-1.3251923,-1.0326923
6516.6665,-1.0626602,-1.1272436
6533.3335,-0.8001282,-1.2217948
6550.0,-0.53759617,-1.3163462
6566.6665,-0.2750641,-1.4108975
6583.3335,-0.012532052,-1.5054487
6600.0,0.25,-1.6
6616.6665,0.1875,-1.5102564
6633.3335,0.125,-1.4205128
6650.0,0.10192308,-1.4173077
6666.6665,0.10512821,-1.4717948
6683.3335,0.10496795,-1.5336539
6700.0,0.09134615,-1.625
6716.6665,0.07772436,-1.7163461
6733.3335,0.06666667,-1.7333333
6750.0,0.05625,-1.7317308
6766.6665,0.058653846,-1.7371795
6783.3335,0.08028846,-1.7532052
6800.0,0.10192308,-1.7692307
6816.6665,0.13798077,-1.7868589
6833.3335,0.17403845,-1.8044872
6850.0,0.20096155,-1.825
6866.6665,0.22179487,-1.847436
6883.3335,0.2451923,-1.863782
6900.0,0.27884614,-1.8557693
6916.6665,0.3125,-1.8477564
6933.3335,0.33589745,-1.8461539
6950.0,0.35673076,-1.8461539
6966.6665,0.3724359,-1.847436
6983.3335,0.38044873,-1.850641
7000.0,0.38846153,-1.8538462
7016.6665,0.39647436,-1.8522435
7033.3335,0.4044872,-1.850641
7050.0,0.41826922,-1.8451923
7066.6665,0.43589744,-1.8371795
7083.3335,0.2551282,-1.8233974
7100.0,-0.7192308,-1.7865385
7116.6665,-1.6935897,-1.7496794
7133.3335,-2.0269232,-1.6705128
7150.0,-2.2,-1.5807692
7166.6665,-2.299359,-1.5096154
7183.3335,-2.288141,-1.4663461
7200.0,-2.2769232,-1.4230769
7216.6665,-2.2769232,-1.3974359
7233.3335,-2.2769232,-1.3717948
7250.0,-2.2788463,-1.3576924
7266.6665,-2.2820513,-1.351282
7283.3335,-2.286218,-1.3426282
7300.0,-2.2942307,-1.325
7316.6665,-2.3022435,-1.3073717
7333.3335,-2.3064103,-1.3089744
7350.0,-2.3096154,-1.3153846
7366.6665,-2.3096154,-1.3198718
7383.3335,-2.3048077,-1.3214743
7400.0,-2.3,-1.323077
7416.6665,0.20641026,-3.4296474
7433.3335,2.7128205,-5.536218
7450.0,4.2697115,-7.1043267
7466.6665,5.1935897,-8.313461
7483.3335,5.9233975,-9.271314
7500.0,5.876923,-9.224038
7516.6665,5.8304486,-9.176763
7533.3335,5.8166666,-9.166667
7550.0,5.8110576,-9.165865
7566.6665,5.807051,-9.170513
7583.3335,5.8054485,-9.183333
7600.0,5.8038464,-9.196154
7616.6665,5.8022437,-9.210577
7633.3335,5.800641,-9.225
7650.0,5.7971153,-9.2375
7666.6665,5.792308,-9.248718
7683.3335,5.7858973,-9.2615385
7700.0,5.773077,-9.280769
7716.6665,5.7602563,-9.3
7733.3335,5.751282,-9.304487
7750.0,5.7432694,-9.305288
7766.6665,5.7371793,-9.307372
7783.3335,5.7339745,-9.3113785
7800.0,5.730769,-9.315385
7816.6665,9.705129,-9.440385
7833.3335,13.679487,-9.565385
7850.0,15.322115,-9.611539
7866.6665,15.410256,-9.605128
7883.3335,15.471154,-9.597756
7900.0,15.423077,-9.586538
7916.6665,15.375,-9.57532
7933.3335,15.384615,-9.611539
7950.0,15.408654,-9.6596155
7966.6665,15.419551,-9.692307
7983.3335,15.410737,-9.701923
8000.0,15.401923,-9.711538
8016.6665,11.083013,-8.177083
8033.3335,6.7641025,-6.642628
8050.0,3.0033653,-5.5264425
8066.6665,-0.3852564,-4.6891026
8083.3335,-3.1091347,-4.0068913
8100.0,-3.1740384,-3.9451923
8116.6665,-3.2389424,-3.8834937
8133.3335,-3.2570512,-3.8820512
8150.0,-3.2634616,-3.895673
8166.6665,-3.2772436,-3.9121795
8183.3335,-3.3020833,-3.9330127
8200.0,-3.3269231,-3.9538462
8216.667,-3.3133013,-3.9923077
8233.333,-3.2996795,-4.0307693
8250.0,-3.28125,-4.043269
8266.667,-3.2596154,-4.0384617
8283.333,-3.2405448,-4.0317307
8300.0,-3.2317307,-4.0173078
8316.667,-3.2229166,-4.0028844
8333.333,-3.2141025,-3.9974358
8350.0,-3.2052884,-3.9942307
8366.667,-3.4371796,-3.951282
8383.333,-4.030128,-3.848718
8400.0,-4.623077,-3.7461538
8416.667,-9.133493,-2.6508012
8433.333,-13.64391,-1.5554488
8450.0,-15.54952,-1.0725962
8466.667,-15.71859,-0.9980769
8483.333,-15.853365,-0.9370192
8500.0,-15.850962,-0.92980766
8516.667,-15.848557,-0.92259616
8533.333,-15.858974,-0.9115385
8550.0,-15.872596,-0.8995192
8566.667,-15.877564,-0.8839744
8583.333,-15.869552,-0.863141
8600.0,-15.861539,-0.8423077
8616.667,-18.274199,-0.8014423
8633.333,-20.68686,-0.7605769
8650.0,-21.760096,-0.74567306
8666.667,-21.940384,-0.7480769
8683.333,-22.078526,-0.7517628
8700.0,-22.048077,-0.7605769
8716.667,-22.017628,-0.769391
8733.333,-22.001282,-0.7916667
8750.0,-21.988462,-0.8173077
8766.667,-21.964102,-0.84070516
8783.333,-21.922436,-0.8607372
8800.0,-21.88077,-0.88076925
8816.667,-21.859936,-0.9224359
8833.333,-21.839102,-0.96410257
8850.0,-21.197115,-0.99278843
8866.667,-20.141026,-1.0128205
8883.333,-17.336859,-1.4565705
8900.0,-7.540385,-3.5951922
8916.667,2.2560897,-5.7338142
8933.333,7.5711536,-6.917308
8950.0,11.765865,-7.862019
8966.667,14.264423,-8.402564
8983.333,14.21875,-8.336859
9000.0,14.173077,-8.271153
9016.667,14.177885,-8.272757
9033.333,14.182693,-8.274359
9050.0,14.176923,-8.252404
9066.667,14.164103,-8.214744
9083.333,14.1551285,-8.189102
9100.0,14.161538,-8.211538
9116.667,14.167949,-8.233974
9133.333,14.141666,-8.224359
9150.0,14.107211,-8.206731
9166.667,14.171474,-8.2153845
9183.333,14.383814,-8.263461
9200.0,14.596154,-8.311539
9216.667,15.054487,-8.4237175
9233.333,15.51282,-8.535897
9250.0,15.684615,-8.573077
9266.667,15.665384,-8.560256
9283.333,15.645833,-8.545193
9300.0,15.625,-8.521153
9316.667,15.604167,-8.497115
9333.333,15.587179,-8.494231
9350.0,15.571154,-8.4966345
9366.667,15.555128,-8.488782
9383.333,15.539103,-8.465545
9400.0,15.523077,-8.442307
9416.667,15.5375,-8.405449
9433.333,15.551923,-8.368589
9450.0,13.634615,-8.234615
9466.667,10.429487,-8.035897
9483.333,6.2673078,-7.6557693
9500.0,-1.7230769,-6.55
9516.667,-9.713462,-5.4442306
9533.333,-12.867308,-4.8846154
9550.0,-14.812019,-4.4615383
9566.667,-16.518269,-4.145192
9583.333,-17.866827,-3.9889424
9600.0,-19.215385,-3.8326924
9616.667,-19.583975,-3.1572115
9633.333,-19.952564,-2.4817307
9650.0,-20.071154,-2.1836538
9666.667,-20.023077,-2.1371794
9683.333,-19.984295,-2.1105769
9700.0,-19.982693,-2.1634614
9716.667,-19.98109,-2.2163463
9733.333,-20.0,-2.2301283
9750.0,-20.024038,-2.2341347
9766.667,-20.033653,-2.2317307
9783.333,-20.021635,-2.2197115
9800.0,-20.009615,-2.2076924
9816.667,-18.398237,-3.3503206
9833.333,-16.78686,-4.4929485
9850.0,-15.953846,-5.479808
9866.667,-15.639744,-6.3628206
9883.333,-15.3887825,-7.0692306
9900.0,-15.390385,-7.0692306
9916.667,-15.391987,-7.0692306
9933.333,-15.389744,-7.1051283
9950.0,-15.3865385,-7.15
9966.667,-15.358013,-7.259295
9983.333,-15.291507,-7.4652243
10000.0,-15.225,-7.671154
10016.667,-15.166507,-8.272917
10033.333,-15.108013,-8.87468
10050.0,-15.071634,-9.129807
10066.667,-15.05,-9.153846
10083.333,-15.032211,-9.173077
10100.0,-15.029808,-9.173077
10116.667,-15.027404,-9.173077
10133.333,-15.021795,-9.21282
10150.0,-15.015385,-9.2625
10166.667,-15.008974,-9.291667
10183.333,-15.002564,-9.290064
10200.0,-14.996154,-9.288462
10216.667,-14.978526,-9.26843
10233.333,-14.960897,-9.248398
10250.0,-13.552885,-9.104327
10266.667,-11.217949,-8.877564
10283.333,-9.117308,-8.677885
10300.0,-7.953846,-8.586538
10316.667,-6.790385,-8.495193
10333.333,-6.60641,-8.474359
10350.0,-6.667308,-8.471154
10366.667,-6.7070513,-8.452885
10383.333,-6.715064,-8.412019
10400.0,-6.723077,-8.371154
10416.667,-6.7158656,-8.347917
10433.333,-6.708654,-8.324679
10450.0,-6.700481,-8.328846
10466.667,-6.6916666,-8.351282
10483.333,-6.6798077,-8.369552
10500.0,-6.6557693,-8.371154
10516.667,-6.6317306,-8.372756
10533.333,-6.4410257,-8.319231
10550.0,-6.208654,-8.251923
10566.667,-6.0128207,-8.167308
10583.333,-5.8717947,-8.056731
10600.0,-5.730769,-7.9461536
10616.667,-5.7259617,-7.941346
10633.333,-5.7211537,-7.9365387
10650.0,-5.7211537,-7.9509616
10666.667,-5.724359,-7.978205
10683.333,-5.7291665,-7.9934297
10700.0,-5.7403846,-7.960577
10716.667,-5.7516026,-7.9277244
10733.333,-5.751282,-7.923077
10750.0,-5.748077,-7.925481
10766.667,-5.740705,-7.9333334
10783.333,-5.727083,-7.949359
10800.0,-5.7134614,-7.9653845
10816.667,-5.7078524,-7.9621797
10833.333,-5.702244,-7.9589744
10850.0,-5.7,-7.9432693
10866.667,-5.7,-7.919231
10883.333,-5.7054486,-7.900641
10900.0,-5.7326922,-7.9038463
10916.667,-5.759936,-7.907051
10933.333,-5.7602563,-7.896154
10950.0,-5.753846,-7.8817306
10966.667,-5.751282,-7.8692307
10983.333,-5.754487,-7.8596153
11000.0,-5.7576923,-7.85
11016.667,-5.7817307,-7.8331733
11033.333,-5.8057694,-7.816346
11050.0,-5.8096156,-7.801442
11066.667,-5.8,-7.7878203
11083.333,-5.796154,-7.782372
11100.0,-5.8153844,-7.8096156
11116.667,-5.834615,-7.8368587
11133.333,-5.841026,-7.883333
11150.0,-5.8442307,-7.9346156
11166.667,-5.8461537,-7.951923
11183.333,-5.8461537,-7.918269
11200.0,-5.8461537,-7.8846154
11216.667,-5.8589745,-7.8838143
11233.333,-5.8717947,-7.883013
11250.0,-5.8798075,-7.886058
11266.667,-5.8846154,-7.891667
11283.333,-5.889423,-7.902404
11300.0,-5.894231,-7.933654
11316.667,-5.8990383,-7.964904
11333.333,-5.898718,-7.9897437
11350.0,-5.897115,-8.01298
11366.667,-5.8974357,-8.000961
11383.333,-5.900641,-7.9360576
11400.0,-5.9038463,-7.871154
11416.667,-5.983173,-6.994551
11433.333,-6.0625,-6.1179485
11450.0,-8.00625,-2.5533655
11466.667,-11.192948,2.803205
11483.333,-13.16891,6.8227563
11500.0,-10.301923,5.4942307
11516.667,-7.434936,4.165705
11533.333,-6.5384617,-0.09615385
11550.0,-6.1346154,-5.0913463
11566.667,-5.891667,-8.06859
11583.333,-5.8900642,-8.01891
11600.0,-5.8884616,-7.9692307
11616.667,-5.8836536,-7.985256
11633.333,-5.878846,-8.001282
11650.0,-5.883173,-8.044711
11666.667,-5.89359,-8.10641
11683.333,-5.9059296,-8.166507
11700.0,-5.9259615,-8.220192
11716.667,-5.9459934,-8.273878
11733.333,-5.9397435,-8.266666
11750.0,-5.9269233,-8.244231
11766.667,-5.9128203,-8.2153845
11783.333,-5.896795,-8.176923
11800.0,-5.8807693,-8.138461
11816.667,-5.8839746,-8.116827
11833.333,-5.8871794,-8.095192
11850.0,-5.895192,-8.109135
11866.667,-5.90641,-8.146795
11883.333,-5.9166665,-8.176122
11900.0,-5.923077,-8.172115
11916.667,-5.929487,-8.168109
11933.333,-5.9307694,-8.138461
11950.0,-5.9307694,-8.102404
11966.667,-5.930128,-8.089103
11983.333,-5.9285254,-8.109936
12000.0,-5.9269233,-8.130769
12016.667,-5.8996797,-8.08109
12033.333,-5.872436,-8.03141
12050.0,-5.853846,-8.001923
12066.667,-5.841026,-7.9858975
12083.333,-5.8314104,-7.970513
12100.0,-5.834615,-7.957692
12116.667,-5.8378205,-7.944872
12133.333,-7.847436,-8.246154
12150.0,-10.358654,-8.625961
12166.667,-12.332051,-8.990064
12183.333,-13.498718,-9.330609
12200.0,-14.665384,-9.671154
12216.667,-14.663782,-9.656731
12233.333,-14.66218,-9.642307
12250.0,-14.655769,-9.622596
12266.667,-14.646153,-9.599359
12283.333,-14.640705,-9.586538
12300.0,-14.651923,-9.615385
12316.667,-14.663141,-9.644231
12333.333,-14.648718,-9.652564
12350.0,-14.627885,-9.655769
12366.667,-14.62468,-9.657051
12383.333,-14.647917,-9.655449
12400.0,-14.671154,-9.653846
12416.667,-14.39391,-9.54968
12433.333,-14.116667,-9.445513
12450.0,-12.000481,-9.078846
12466.667,-8.658334,-8.53718
12483.333,-5.9910254,-8.099038
12500.0,-6.023077,-8.075
12516.667,-6.055128,-8.0509615
12533.333,-6.0628204,-8.003846
12550.0,-6.064423,-7.9509616
12566.667,-6.0666666,-7.925641
12583.333,-6.069872,-7.9416666
12600.0,-6.0730767,-7.957692
12616.667,-6.0682693,-7.9913464
12633.333,-6.0634613,-8.025
12650.0,-6.058173,-8.0115385
12666.667,-6.052564,-7.9666667
12683.333,-6.0522437,-7.93109
12700.0,-6.0730767,-7.9326925
12716.667,-6.09391,-7.9342947
12733.333,-6.098718,-7.95
12750.0,-6.0995193,-7.9692307
12766.667,-6.099359,-7.9647436
12783.333,-6.0977564,-7.9246793
12800.0,-6.0961537,-7.8846154
12816.667,-6.0961537,-7.88141
12833.333,-6.0961537,-7.8782053
12850.0,-7.227885,-7.0538464
12866.667,-9.114102,-5.682051
12883.333,-10.638461,-4.572596
12900.0,-10.7153845,-4.5125
12916.667,-10.792308,-4.452404
12933.333,-10.803846,-4.4141026
12950.0,-10.799039,-4.38125
12966.667,-10.797756,-4.351282
12983.333,-10.801763,-4.325641
13000.0,-10.805769,-4.3
13016.667,-10.798557,-4.2935896
13033.333,-10.791347,-4.2871795
13050.0,-10.797596,-4.2927885
13066.667,-10.81282,-4.3064103
13083.333,-10.339423,-4.5383015
13100.0,-7.9115386,-5.643269
13116.667,-5.483654,-6.748237
13133.333,-4.9346156,-7.0307693
13150.0,-4.8552885,-7.1076922
13166.667,-4.8096156,-7.1583333
13183.333,-4.814423,-7.1695514
13200.0,-4.8192306,-7.1807694
13216.667,-4.8104167,-7.2208333
13233.333,-4.8016024,-7.2608976
13250.0,-4.7918267,-7.2740383
13266.667,-4.78141,-7.269231
13283.333,-4.771795,-7.269231
13300.0,-4.7653847,-7.2884617
13316.667,-4.7589746,-7.3076925
13333.333,-5.0653844,-7.3128204
13350.0,-5.45,-7.314423
13366.667,-5.6871796,-7.3076925
13383.333,-5.703205,-7.2884617
13400.0,-5.7192307,-7.269231
13416.667,-5.7448716,-7.2852564
13433.333,-5.770513,-7.301282
13450.0,-5.7716346,-7.2798076
13466.667,-5.75641,-7.233333
13483.333,-5.7434297,-7.198718
13500.0,-5.7394233,-7.2115383
13516.667,-5.735417,-7.224359
13533.333,-5.7384615,-7.2192307
13550.0,-5.7432694,-7.209615
13566.667,-5.750641,-7.205128
13583.333,-5.761859,-7.2083335
13600.0,-5.773077,-7.2115383
13616.667,-5.7602563,-7.195513
13633.333,-5.747436,-7.179487
13650.0,-5.746154,-7.1788464
13666.667,-5.752564,-7.1884613
13683.333,-5.7584934,-7.1988783
13700.0,-5.7625,-7.2125
13716.667,-5.766506,-7.226122
13733.333,-5.771154,-7.2192307
13750.0,-5.7759614,-7.2072115
13766.667,-5.7746797,-7.205769
13783.333,-5.7642627,-7.2201924
13800.0,-5.753846,-7.2346153
13816.667,-5.7570515,-7.221795
13833.333,-5.7602563,-7.2089744
13850.0,-5.7615385,-7.1980767
13866.667,-5.7615385,-7.1884613
13883.333,-5.7625,-7.173718
13900.0,-5.7673078,-7.1384616
13916.667,-5.772115,-7.103205
13933.333,-5.776282,-7.075641
13950.0,-5.7802887,-7.05
13966.667,-5.7772436,-7.0326924
13983.333,-5.763622,-7.0278845
14000.0,-5.75,-7.023077
14016.667,-5.7548075,-7.034295
14033.333,-5.7596154,-7.0455127
14050.0,-5.7605767,-7.0490384
14066.667,-5.7589746,-7.0474358
14083.333,-5.7615385,-7.0471153
14100.0,-5.7807693,-7.0519233
14116.667,-5.8,-7.0567307
14133.333,-5.8141026,-7.030128
14150.0,-5.826923,-6.995673
14166.667,-5.8358974,-6.9733973
14183.333,-5.8391027,-6.969391
14200.0,-5.8423076,-6.9653845
14216.667,-5.851923,-6.971795
14233.333,-5.8615384,-6.978205
14250.0,-5.8759613,-6.983654
14266.667,-5.89359,-6.9884615
14283.333,-5.907372,-6.991827
14300.0,-5.9057693,-6.9894233
14316.667,-5.9041667,-6.987019
14333.333,-5.2596154,-7.008333
14350.0,-4.454327,-7.035577
14366.667,-2.3733974,-7.3977566
14383.333,1.6209936,-8.26234
14400.0,5.6153846,-9.126923
14416.667,5.7003207,-9.158975
14433.333,5.7852564,-9.191026
14450.0,5.7875,-9.20577
14466.667,5.7346153,-9.208974
14483.333,5.6951923,-9.219551
14500.0,5.709615,-9.259615
14516.667,5.7240386,-9.29968
14533.333,5.7166667,-9.294871
14550.0,5.703846,-9.278846
14566.667,5.7025642,-9.26859
14583.333,5.71859,-9.266987
14600.0,5.7346153,-9.265385
14616.667,5.7650642,-9.258974
14633.333,5.7955127,-9.252564
14650.0,5.8230767,-9.258654
14666.667,5.848718,-9.273077
14683.333,5.8746796,-9.28109
14700.0,5.901923,-9.263461
14716.667,5.929167,-9.245833
14733.333,5.9435897,-9.233334
14750.0,5.9548078,-9.2221155
14766.667,5.974359,-9.209616
14783.333,6.00641,-9.195192
14800.0,6.0384617,-9.180769
14816.667,6.0496793,-9.167949
14833.333,6.0608974,-9.1551285
14850.0,6.0711536,-9.154327
14866.667,6.080769,-9.161538
14883.333,6.0932693,-9.163301
14900.0,6.1173077,-9.14327
14916.667,6.141346,-9.123238
14933.333,6.155128,-9.114102
14950.0,6.166346,-9.107693
14966.667,6.1724358,-9.09359
14983.333,6.170833,-9.067948
15000.0,6.169231,-9.042308
15016.667,6.1660256,-9.035897
15033.333,6.1628203,-9.029488
15050.0,6.1615386,-9.015865
15066.667,6.1615386,-8.997436
15083.333,6.160096,-8.982211
15100.0,6.1528845,-8.979808
15116.667,6.1456733,-8.977404
15133.333,6.146154,-8.979487
15150.0,6.1485577,-8.982693
15166.667,6.144231,-8.966025
15183.333,6.1298075,-8.919551
15200.0,6.1153846,-8.873077
15216.667,6.1217947,-8.87468
15233.333,6.1282053,-8.876282
15250.0,6.1317306,-8.891346
15266.667,6.133333,-8.915384
15283.333,6.1328526,-8.932372
15300.0,6.1240387,-8.921154
15316.667,6.1152244,-8.909936
15333.333,6.1076922,-8.933333
15350.0,6.1004806,-8.9653845
15366.667,6.09359,-8.9698715
15383.333,6.0871797,-8.933013
15400.0,6.080769,-8.896153
15416.667,6.0695515,-8.896153
15433.333,6.0583334,-8.896153
15450.0,6.046154,-8.880769
15466.667,6.0333333,-8.855128
15483.333,6.0224357,-8.833974
15500.0,6.019231,-8.83077
15516.667,6.0160255,-8.827564
15533.333,6.0179486,-8.829487
15550.0,6.021154,-8.832692
15566.667,6.021154,-8.839103
15583.333,6.016346,-8.850321
15600.0,6.0115385,-8.861539
15616.667,5.9939103,-8.866346
15633.333,5.976282,-8.871154
15650.0,5.9653845,-8.861539
15666.667,5.9589744,-8.842308
15683.333,5.953205,-8.826603
15700.0,5.95,-8.825
15716.667,5.946795,-8.823398
15733.333,5.9384613,-8.837179
15750.0,5.9288464,-8.854808
15766.667,5.926282,-8.865385
15783.333,5.9342947,-8.865385
15800.0,5.9423075,-8.865385
15816.667,5.94391,-8.868589
15833.333,5.945513,-8.871795
15850.0,5.9423075,-8.895192
15866.667,5.9358974,-8.932052
15883.333,5.929487,-8.959295
15900.0,5.923077,-8.948077
15916.667,5.9166665,-8.936859
15933.333,5.90641,-8.920513
15950.0,5.895192,-8.9028845
15966.667,5.8846154,-8.889744
15983.333,5.875,-8.883333
16000.0,5.8653846,-8.876923
16016.667,5.860577,-8.841666
16033.333,5.855769,-8.80641
16050.0,5.848077,-8.786538
16066.667,5.8384614,-8.776923
16083.333,5.826282,-8.770833
16100.0,5.8038464,-8.778846
16116.667,5.78141,-8.786859
16133.333,5.7653847,-8.799359
16150.0,5.7509613,-8.812981
16166.667,5.7403846,-8.820192
16183.333,5.735577,-8.817788
16200.0,5.730769,-8.815385
16216.667,5.7483974,-8.803366
16233.333,5.7660255,-8.791347
16250.0,5.7596154,-8.785096
16266.667,5.7371793,-8.782692
16283.333,5.7203526,-8.780769
16300.0,5.7259617,-8.780769
16316.667,5.7315707,-8.780769
16333.333,5.733333,-8.79359
16350.0,5.7341347,-8.809615
16366.667,5.7391024,-8.826923
16383.333,5.7503204,-8.846154
16400.0,5.7615385,-8.865385
16416.666,5.7551284,-8.886218
16433.334,5.748718,-8.907051
16450.0,5.7423077,-8.9125
16466.666,5.7358975,-8.907692
16483.334,5.73141,-8.897757
16500.0,5.7346153,-8.867308
16516.666,5.7378206,-8.836859
16533.334,5.747436,-8.829487
16550.0,5.7586536,-8.827885
16566.666,5.7695513,-8.828205
16583.334,5.779968,-8.83141
16600.0,5.790385,-8.834616
16616.666,5.8072114,-8.869872
16633.334,5.8240385,-8.9051285
16650.0,5.8365383,-8.939423
16666.666,5.8461537,-8.973077
16683.334,5.85641,-9.002885
16700.0,5.8692307,-9.017307
16716.666,5.8820515,-9.031731
16733.334,5.883333,-9.032051
16750.0,5.8817306,-9.028846
16766.666,5.8836536,-9.026923
16783.334,5.8908653,-9.026923
16800.0,5.898077,-9.026923
16816.666,5.910096,-9.039743
16833.334,5.9221153,-9.052564
16850.0,5.917308,-9.057693
16866.666,5.901282,-9.057693
16883.334,5.891667,-9.058654
16900.0,5.9076924,-9.063461
16916.666,5.923718,-9.068269
16933.334,5.925641,-9.058974
16950.0,5.9240384,-9.046154
16966.666,5.9269233,-9.030769
16983.334,5.9365387,-9.0115385
17000.0,5.9461536,-8.992308
17016.666,5.955769,-8.997115
17033.334,5.9653845,-9.001923
17050.0,5.9673076,-9.008654
17066.666,5.9641027,-9.016666
17083.334,5.9625,-9.024519
17100.0,5.9673076,-9.031731
17116.666,5.9721155,-9.038942
17133.334,5.973718,-9.044871
17150.0,5.9745193,-9.050481
17166.666,5.966987,-9.060256
17183.334,5.946955,-9.0762825
17200.0,5.9269233,-9.092308
17216.666,7.2466345,-9.852724
17233.334,8.566346,-10.613141
17250.0,9.41875,-11.742788
17266.666,9.959616,-13.118589
17283.334,10.388301,-14.227083
17300.0,10.368269,-14.266346
17316.666,10.348237,-14.305609
17333.334,10.34359,-14.323077
17350.0,10.342789,-14.335096
17366.666,10.34359,-14.344231
17383.334,10.346795,-14.349038
17400.0,10.35,-14.353847
17416.666,10.733013,-15.127885
17433.334,11.116026,-15.901923
17450.0,11.265385,-16.191345
17466.666,11.258974,-16.157692
17483.334,11.256411,-16.13045
17500.0,11.269231,-16.128845
17516.666,11.282051,-16.127243
17533.334,11.258333,-16.13141
17550.0,11.225481,-16.13702
17566.666,11.210577,-16.139103
17583.334,11.222596,-16.135897
17600.0,11.234615,-16.132692
17616.666,11.327564,-16.25529
17633.334,11.420513,-16.377884
17650.0,11.475,-16.440384
17666.666,11.503846,-16.46282
17683.334,11.530449,-16.476603
17700.0,11.548077,-16.455769
17716.666,11.565705,-16.434937
17733.334,11.575641,-16.402565
17750.0,11.583653,-16.367308
17766.666,11.5903845,-16.328846
17783.334,11.595192,-16.285578
17800.0,11.6,-16.242308
17816.666,11.579166,-16.21827
17833.334,11.558333,-16.194231
17850.0,11.555769,-16.192308
17866.666,11.565385,-16.205128
17883.334,11.573077,-16.21859
17900.0,11.573077,-16.234615
17916.666,11.573077,-16.25064
17933.334,11.574359,-16.228205
17950.0,11.575961,-16.196154
17966.666,11.579487,-16.157692
17983.334,11.585897,-16.109615
18000.0,11.592308,-16.061539
18016.666,11.571474,-16.001442
18033.334,11.550641,-15.941346
18050.0,11.5125,-15.904327
18066.666,11.46282,-15.882692
18083.334,10.483654,-15.728526
18100.0,5.7865386,-15.04423
18116.666,1.0894231,-14.359936
18133.334,-3.2878206,-13.583333
18150.0,-7.5850964,-12.783654
18166.666,-10.253526,-12.279488
18183.334,-10.478686,-12.21859
18200.0,-10.703846,-12.157692
18216.666,-10.75032,-12.125641
18233.334,-10.796795,-12.09359
18250.0,-10.829807,-12.087019
18266.666,-10.853847,-12.097436
18283.334,-10.879807,-12.104327
18300.0,-10.913462,-12.0971155
18316.666,-10.947115,-12.089904
18333.334,-10.978205,-12.073718
18350.0,-11.008654,-12.055288
18366.666,-11.036538,-12.046795
18383.334,-11.060577,-12.0532055
18400.0,-11.084616,-12.059615
18416.666,-11.110256,-12.085257
18433.334,-11.135898,-12.110897
18450.0,-11.221154,-12.883173
18466.666,-11.346154,-14.153205
18483.334,-11.451923,-15.202084
18500.0,-11.480769,-15.366346
18516.666,-11.509615,-15.530609
18533.334,-11.528205,-15.557693
18550.0,-11.54423,-15.550481
18566.666,-11.561218,-15.54423
18583.334,-11.579647,-15.539423
18600.0,-11.598077,-15.5346155
18616.666,-11.609295,-15.54423
18633.334,-11.620513,-15.553846
18650.0,-11.648558,-15.671154
18666.666,-11.68782,-15.860256
18683.334,-11.721154,-16.012821
18700.0,-11.730769,-16.01923
18716.666,-11.740385,-16.02564
18733.334,-11.7384615,-16.026922
18750.0,-11.733654,-16.026922
18766.666,-11.735897,-16.026281
18783.334,-11.748718,-16.02468
18800.0,-11.7615385,-16.023077
18816.666,-11.759936,-16.019873
18833.334,-11.758333,-16.016666
18850.0,-11.758654,-16.011538
18866.666,-11.760257,-16.005129
18883.334,-11.762179,-15.998398
18900.0,-11.765385,-15.990385
18916.666,-11.76859,-15.982371
18933.334,-11.774359,-15.976923
18950.0,-11.780769,-15.9721155
18966.666,-11.785256,-15.9698715
18983.334,-11.786859,-15.971475
19000.0,-11.788462,-15.973077
19016.666,-11.775641,-15.977884
19033.334,-11.76282,-15.982693
19050.0,-11.754807,-15.982693
19066.666,-11.75,-15.979487
19083.334,-11.743589,-15.976442
19100.0,-11.730769,-15.974038
19116.666,-11.717949,-15.971635
19133.334,-11.725641,-15.979487
19150.0,-11.7384615,-15.989903
19166.666,-11.745513,-15.997436
19183.334,-11.74391,-16.00064
19200.0,-11.742308,-16.003845
19216.666,-11.7407055,-16.003845
19233.334,-11.739102,-16.003845
19250.0,-11.735577,-16.000961
19266.666,-11.730769,-15.996154
19283.334,-11.728205,-15.989743
19300.0,-11.734615,-15.976923
19316.666,-11.741026,-15.964103
19333.334,-10.112821,-15.832051
19350.0,-8.075961,-15.670193
19366.666,-4.761859,-15.514744
19383.334,0.46810898,-15.36891
19400.0,5.6980767,-15.223077
19416.666,6.8783655,-15.179808
19433.334,8.058654,-15.1365385
19450.0,8.506731,-15.095192
19466.666,8.466666,-15.055128
19483.334,8.436539,-15.028525
19500.0,8.446154,-15.055769
19516.666,8.45577,-15.083013
19533.334,9.470512,-15.353847
19550.0,10.736539,-15.685577
19566.666,11.496154,-15.902564
19583.334,11.496154,-15.947436
19600.0,11.496154,-15.992308
19616.666,11.489743,-16.001923
19633.334,11.483334,-16.011538
19650.0,11.48173,-16.016346
19666.666,11.483334,-16.017948
19683.334,11.483334,-16.019873
19700.0,11.476923,-16.023077
19716.666,11.470512,-16.026281
19733.334,11.412821,-16.244871
19750.0,11.342308,-16.517307
19766.666,11.3,-16.686539
19783.334,11.3,-16.700962
19800.0,11.3,-16.715385
19816.666,11.301602,-16.732212
19833.334,11.3032055,-16.749039
19850.0,11.305288,-16.773558
19866.666,11.307693,-16.803205
19883.334,11.314744,-16.831089
19900.0,11.3403845,-16.851923
19916.666,11.366026,-16.872757
19933.334,11.367308,-16.827564
19950.0,11.3625,-16.765865
19966.666,11.163141,-16.460577
19983.334,10.671955,-15.789904
20000.0,10.180769,-15.119231
20016.666,9.227243,-13.372436
20033.334,8.273718,-11.625641
20050.0,7.433173,-10.391827
20066.666,6.6679487,-9.5
20083.334,6.033814,-8.770673
20100.0,5.9240384,-8.691346
20116.666,5.814263,-8.61202
20133.334,5.7602563,-8.612821
20150.0,5.7201924,-8.633654
20166.666,5.679487,-8.635898
20183.334,5.6378207,-8.610256
20200.0,5.5961537,-8.584616
20216.666,5.5865383,-8.639103
20233.334,5.576923,-8.69359
20250.0,5.566346,-8.7375
20266.666,5.555128,-8.774359
20283.334,5.5474358,-8.805929
20300.0,5.5538464,-8.816346
20316.666,5.5602565,-8.826763
20333.334,5.571795,-8.819231
20350.0,5.584615,-8.807212
20366.666,5.597436,-8.791667
20383.334,5.610256,-8.770833
20400.0,5.623077,-8.75
20416.666,5.898718,-8.732371
20433.334,6.174359,-8.714744
20450.0,6.3182693,-8.7125
20466.666,6.374359,-8.720512
20483.334,6.4160256,-8.722436
20500.0,6.4,-8.7
20516.666,6.3839746,-8.677564
20533.334,6.3884616,-8.69359
20550.0,6.398077,-8.719231
20566.666,6.402564,-8.734936
20583.334,6.3993587,-8.735737
20600.0,6.396154,-8.736539
20616.666,6.3801284,-8.708493
20633.334,6.3641024,-8.680449
20650.0,6.352885,-8.664423
20666.666,6.344872,-8.65641
20683.334,6.341026,-8.654166
20700.0,6.353846,-8.675
20716.666,6.366667,-8.695833
20733.334,6.374359,-8.694872
20750.0,6.3807693,-8.688461
20766.666,6.3852563,-8.685256
20783.334,6.386859,-8.686859
20800.0,6.3884616,-8.688461
20816.666,6.380449,-8.66923
20833.334,6.372436,-8.65
20850.0,6.3673077,-8.634615
20866.666,6.3641024,-8.621795
20883.334,6.361218,-8.608654
20900.0,6.3596153,-8.594231
20916.666,6.3580127,-8.579807
20933.334,6.3628206,-8.566667
20950.0,6.3692307,-8.553846
20966.666,6.371154,-8.533975
20983.334,6.3663464,-8.503526
21000.0,6.3615384,-8.473077
21016.666,6.358333,-8.4698715
21033.334,6.3551283,-8.466666
21050.0,6.35,-8.464904
21066.666,6.34359,-8.464103
21083.334,6.3375,-8.465865
21100.0,6.332692,-8.477884
21116.666,6.3278847,-8.489903
21133.334,6.3230767,-8.497436
21150.0,6.3182693,-8.503846
21166.666,6.851282,-8.575641
21183.334,8.191026,-8.745513
21200.0,9.530769,-8.915384
21216.666,11.586058,-9.514744
21233.334,13.641346,-10.114102
21250.0,14.462981,-10.358654
21266.666,14.462179,-10.366667
21283.334,14.458974,-10.36891
21300.0,14.446154,-10.348077
21316.666,14.433333,-10.327244
21333.334,14.433333,-10.317948
21350.0,14.436539,-10.311539
21366.666,14.44359,-10.308333
21383.334,14.45641,-10.309936
21400.0,14.469231,-10.311539
21416.666,14.475641,-10.308333
21433.334,14.482051,-10.305128
21450.0,14.483173,-10.297115
21466.666,14.480769,-10.285897
21483.334,14.480929,-10.280449
21500.0,14.491346,-10.298077
21516.666,14.501762,-10.315705
21533.334,15.091025,-10.733334
21550.0,15.825,-11.250961
21566.666,16.273077,-11.650641
21583.334,16.292307,-11.873398
21600.0,16.311539,-12.096154
21616.666,16.305128,-12.096154
21633.334,16.298717,-12.096154
21650.0,16.299038,-12.101923
21666.666,16.303846,-12.111539
21683.334,16.307371,-12.121474
21700.0,16.305769,-12.132692
21716.666,16.304167,-12.14391
21733.334,16.3,-12.138461
21750.0,16.295193,-12.128846
21766.666,16.292948,-12.123077
21783.334,16.294552,-12.123077
21800.0,16.296154,-12.123077
21816.666,16.272917,-12.08141
21833.334,16.24968,-12.039743
21850.0,16.23125,-12.014423
21866.666,16.216026,-12.0
21883.334,16.205128,-11.993589
21900.0,16.211538,-12.019231
21916.666,16.217949,-12.044871
21933.334,16.216667,-12.069231
21950.0,16.21346,-12.093269
21966.666,16.21346,-12.11218
21983.334,16.21827,-12.123398
22000.0,16.223078,-12.134615
22016.666,16.16859,-12.467949
22033.334,16.114103,-12.801282
22050.0,16.085577,-13.067307
22066.666,16.07436,-13.288462
22083.334,16.064102,-13.4653845
22100.0,16.057692,-13.4653845
22116.666,16.051283,-13.4653845
22133.334,16.03718,-13.45641
22150.0,16.021154,-13.445192
22166.666,16.008333,-13.441026
22183.334,16.00032,-13.447436
22200.0,15.992308,-13.453846
22216.666,15.982693,-13.457852
22233.334,15.973077,-13.461859
22250.0,15.964423,-13.470673
22266.666,15.95641,-13.482693
22283.334,15.945833,-13.492468
22300.0,15.925,-13.493269
22316.666,15.904166,-13.49407
22333.334,15.874359,-13.475641
22350.0,15.842308,-13.452404
22366.666,15.833333,-13.463462
22383.334,15.858974,-13.525962
22400.0,15.884615,-13.588462
22416.666,15.883013,-13.617308
22433.334,15.881411,-13.646153
22450.0,15.875,-13.664423
22466.666,15.865385,-13.675641
22483.334,15.859615,-13.685577
22500.0,15.869231,-13.690385
22516.666,15.878846,-13.695192
22533.334,15.882692,-13.708333
22550.0,15.885097,-13.723557
22566.666,16.104166,-13.785577
22583.334,16.648237,-13.9177885
22600.0,17.192308,-14.05
22616.666,17.182692,-14.0636215
22633.334,17.173077,-14.077244
22650.0,17.170193,-14.089423
22666.666,17.171795,-14.100641
22683.334,17.170834,-14.104968
22700.0,17.159615,-14.081731
22716.666,17.148397,-14.058494
22733.334,17.142307,-14.045513
22750.0,17.1375,-14.035096
22766.666,17.131731,-14.022757
22783.334,17.12452,-14.007532
22800.0,17.117308,-13.992308
22816.666,13.492308,-13.776763
22833.334,9.867308,-13.561218
22850.0,8.180288,-13.414904
22866.666,7.7852564,-13.314744
22883.334,7.466026,-13.233814
22900.0,7.45,-13.229808
22916.666,7.4339743,-13.225801
22933.334,7.402564,-13.245513
22950.0,7.3673077,-13.271153
22966.666,7.3442307,-13.285577
22983.334,7.339423,-13.283173
23000.0,7.334615,-13.280769
23016.666,7.304167,-13.272757
23033.334,7.273718,-13.264744
23050.0,7.2596154,-13.273077
23066.666,7.25641,-13.292308
23083.334,7.253846,-13.309936
23100.0,7.253846,-13.321154
23116.666,7.253846,-13.332372
23133.334,7.271795,-13.332051
23150.0,7.294231,-13.328846
23166.666,7.123718,-13.337179
23183.334,6.663782,-13.362821
23200.0,6.203846,-13.388461
23216.666,6.197436,-13.354808
23233.334,6.1910257,-13.321154
23250.0,6.1932693,-13.301923
23266.666,6.201282,-13.292308
23283.334,6.210577,-13.283654
23300.0,6.225,-13.278846
23316.666,6.2394233,-13.274038
23333.334,6.2429485,-13.258974
23350.0,6.24375,-13.241346
23366.666,6.2496796,-13.220512
23383.334,6.2633014,-13.194872
23400.0,6.276923,-13.16923
23416.666,6.2817307,-13.15641
23433.334,6.2865386,-13.14359
23450.0,6.2836537,-13.1375
23466.666,6.275641,-13.135898
23483.334,6.2716346,-13.138943
23500.0,6.2836537,-13.160577
23516.666,6.295673,-13.182212
23533.334,6.3038464,-13.18782
23550.0,6.3110576,-13.189423
23566.666,6.3096156,-13.182372
23583.334,6.2951922,-13.16234
23600.0,6.2807693,-13.142307
23616.666,6.1557693,-12.526923
23633.334,6.0307693,-11.911538
23650.0,5.919231,-11.104808
23666.666,5.8166666,-10.170513
23683.334,5.732372,-9.419551
23700.0,5.7211537,-9.401923
23716.666,5.7099357,-9.3842945
23733.334,5.7128205,-9.365385
23750.0,5.7192307,-9.346154
23766.666,5.7211537,-9.335897
23783.334,5.7163463,-9.339103
23800.0,5.7115383,-9.342308
23816.666,5.7115383,-9.319872
23833.334,5.7115383,-9.297436
23850.0,6.5048075,-9.203846
23866.666,7.826923,-9.06282
23883.334,9.033814,-8.9177885
23900.0,9.779808,-8.756731
23916.666,10.525802,-8.595673
23933.334,10.657692,-8.55641
23950.0,10.636058,-8.547596
23966.666,10.619231,-8.555128
23983.334,10.609615,-8.587179
24000.0,10.6,-8.619231
24016.666,10.601603,-8.6112175
24033.334,10.603205,-8.603205
24050.0,10.594231,-8.618269
24066.666,10.578205,-8.648718
24083.334,10.564102,-8.674359
24100.0,10.557693,-8.680769
24116.666,10.551282,-8.68718
24133.334,9.103847,-8.539103
24150.0,7.296154,-8.352404
24166.666,6.161859,-8.234295
24183.334,6.03766,-8.21907
24200.0,5.9134617,-8.203846
24216.666,5.9110575,-8.218269
24233.334,5.9086537,-8.232693
24250.0,5.9115386,-8.2375
24266.666,5.9179487,-8.235897
24283.334,5.9221153,-8.239743
24300.0,5.917308,-8.265385
24316.666,5.9125,-8.291026
24333.334,5.896154,-8.289743
24350.0,5.876923,-8.281731
24366.666,5.8653846,-8.288462
24383.334,5.8653846,-8.317307
24400.0,5.8653846,-8.346154
24416.666,5.86859,-8.350962
24433.334,5.8717947,-8.355769
24450.0,5.8701925,-8.354808
24466.666,5.8653846,-8.35
24483.334,5.8589745,-8.347756
24500.0,5.8461537,-8.355769
24516.666,5.8333335,-8.363782
24533.334,5.8358974,-8.361539
24550.0,5.8423076,-8.35673
24566.666,5.844872,-8.341666
24583.334,5.8416667,-8.311218
24600.0,5.8384614,-8.280769
24616.666,5.825641,-8.271153
24633.334,5.8128204,-8.2615385
24650.0,5.7951922,-8.245193
24666.666,5.7743587,-8.224359
24683.334,5.7567306,-8.196154
24700.0,5.751923,-8.138461
24716.666,5.7471156,-8.08077
24733.334,5.728846,-8.058974
24750.0,5.7072115,-8.046154
24766.666,4.0711536,-7.972436
24783.334,0.013461539,-7.8073716
24800.0,-4.044231,-7.6423078
24816.666,-8.899199,-7.7641025
24833.334,-13.754167,-7.8858976
24850.0,-15.9490385,-7.935577
24866.666,-16.370512,-7.9371796
24883.334,-16.708654,-7.938782
24900.0,-16.71346,-7.9403844
24916.666,-16.71827,-7.941987
24933.334,-16.716667,-7.9371796
24950.0,-16.71346,-7.9307694
24966.666,-16.703846,-7.9365387
24983.334,-16.684616,-7.960577
25000.0,-16.665384,-7.9846153
25016.666,-16.66859,-7.978205
25033.334,-16.671795,-7.971795
25050.0,-16.672115,-7.9658656
25066.666,-16.670513,-7.9602566
25083.334,-16.669872,-7.951122
25100.0,-16.673077,-7.9278846
25116.666,-16.676283,-7.9046474
25133.334,-16.68205,-7.896154
25150.0,-16.688461,-7.891346
25166.666,-16.69295,-7.8878207
25183.334,-16.694551,-7.886218
25200.0,-16.696154,-7.8846154
25216.666,-16.696154,-7.874199
25233.334,-16.696154,-7.863782
25250.0,-16.702885,-7.865865
25266.666,-16.714102,-7.876282
25283.334,-16.72404,-7.8858976
25300.0,-16.728846,-7.8923078
25316.666,-16.733654,-7.898718
25333.334,-16.737179,-7.8974357
25350.0,-16.740385,-7.894231
25366.666,-16.74359,-7.8903847
25383.334,-16.746796,-7.8855767
25400.0,-16.75,-7.8807693
25416.666,-16.74439,-7.8871794
25433.334,-16.738783,-7.89359
25450.0,-16.67548,-8.0509615
25466.666,-16.573717,-8.308974
25483.334,-16.491987,-8.51827
25500.0,-16.490385,-8.532692
25516.666,-16.488783,-8.547115
25533.334,-16.485897,-8.557693
25550.0,-16.482693,-8.567307
25566.666,-16.473719,-8.585577
25583.334,-16.456089,-8.616827
25600.0,-16.438461,-8.648077
25616.666,-16.428846,-8.672916
25633.334,-16.419231,-8.697757
25650.0,-16.393269,-8.704807
25666.666,-16.356411,-8.7
25683.334,-16.325962,-8.691026
25700.0,-16.321154,-8.665384
25716.666,-16.316345,-8.639744
25733.334,-16.30641,-8.623077
25750.0,-16.295193,-8.608654
25766.666,-16.283974,-8.600641
25783.334,-16.272757,-8.602243
25800.0,-16.261538,-8.603847
25816.666,-16.226282,-8.647116
25833.334,-16.191025,-8.690385
25850.0,-16.163462,-8.711538
25866.666,-16.141026,-8.717949
25883.334,-16.11891,-8.720192
25900.0,-16.098078,-8.70577
25916.666,-16.077244,-8.691346
25933.334,-16.073076,-8.685898
25950.0,-16.073076,-8.682693
25966.666,-16.07436,-8.68141
25983.334,-16.077564,-8.683013
26000.0,-16.080769,-8.684615
26016.666,-16.104807,-8.679007
26033.334,-16.128845,-8.673397
26050.0,-16.143269,-8.6759615
26066.666,-16.151281,-8.683974
26083.334,-16.161219,-8.6886215
26100.0,-16.178846,-8.679808
26116.666,-16.196474,-8.670994
26133.334,-16.2,-8.662821
26150.0,-16.2,-8.654808
26166.666,-16.198076,-8.651282
26183.334,-16.19327,-8.654488
26200.0,-16.188461,-8.657692
26216.666,-16.190063,-8.659295
26233.334,-16.191668,-8.660897
26250.0,-16.183655,-8.661538
26266.666,-16.169231,-8.661538
26283.334,-16.153526,-8.662821
26300.0,-16.132692,-8.66923
26316.666,-16.111858,-8.675641
26333.334,-16.096153,-8.670513
26350.0,-16.08173,-8.6625
26366.666,-16.073717,-8.665384
26383.334,-16.075321,-8.684615
26400.0,-16.076923,-8.703846
26416.666,-16.06891,-8.6990385
26433.334,-16.060898,-8.694231
26450.0,-16.07452,-8.694231
26466.666,-16.102564,-8.697436
26483.334,-16.121956,-8.6967945
26500.0,-16.106731,-8.680769
26516.666,-16.091507,-8.664743
26533.334,-16.058975,-8.652564
26550.0,-16.022116,-8.641346
26566.666,-15.994231,-8.632692
26583.334,-15.979808,-8.627885
26600.0,-15.9653845,-8.623077
26616.666,-15.944551,-8.566987
26633.334,-15.9237175,-8.510898
26650.0,-15.871154,-8.049039
26666.666,-15.797436,-7.3166666
26683.334,-16.365225,-6.392842
26700.0,-16.933012,-5.469017
26716.666,-17.500801,-4.5451922
26733.334,-18.06859,-3.6213675
26750.0,-18.636377,-2.6975427
26766.666,-19.204166,-1.773718
26783.334,-17.579967,-4.784936
26800.0,-15.95577,-7.796154
26816.666,-16.003845,-7.7625
26833.334,-16.051924,-7.728846
26850.0,-16.083174,-7.754327
26866.666,-16.103205,-7.8192306
26883.334,-16.117628,-7.8815703
26900.0,-16.109615,-7.933654
26916.666,-16.101603,-7.9857373
26933.334,-16.089743,-8.026923
26950.0,-16.076923,-8.065385
26966.666,-16.06282,-8.108974
26983.334,-16.046795,-8.160256
27000.0,-16.03077,-8.211538
27016.666,-16.017948,-8.241186
27033.334,-16.005129,-8.270833
27050.0,-15.980769,-8.273558
27066.666,-15.948718,-8.258333
27083.334,-15.916987,-8.253205
27100.0,-15.8865385,-8.288462
27116.666,-15.85609,-8.323718
27133.334,-15.838462,-8.348718
27150.0,-15.8240385,-8.371154
27166.666,-14.717949,-8.257051
27183.334,-11.974359,-7.938141
27200.0,-9.230769,-7.6192307
27216.666,-8.063301,-7.4261217
27233.334,-6.8958335,-7.2330127
27250.0,-6.4677887,-7.1254807
27266.666,-6.5326924,-7.075
27283.334,-6.5866985,-7.030449
27300.0,-6.5971155,-7.0096154
27316.666,-6.607532,-6.988782
27333.334,-6.603846,-6.9525642
27350.0,-6.5966344,-6.9125
27366.666,-6.5884614,-6.8891025
27383.334,-6.578846,-6.890705
27400.0,-6.5692306,-6.8923078
27416.666,-6.578045,-6.9820514
27433.334,-6.5868587,-7.071795
27450.0,-6.5764422,-7.1009617
27466.666,-6.553205,-7.0897436
27483.334,-6.5298076,-7.0727563
27500.0,-6.5057693,-7.0326924
27516.666,-6.481731,-6.992628
27533.334,-6.476282,-7.052564
27550.0,-6.4754806,-7.1375
27566.666,-6.464423,-7.1926284
27583.334,-6.4379807,-7.203045
27600.0,-6.4115386,-7.2134614
27616.666,-6.952404,-7.282372
27633.334,-7.4932694,-7.351282
27650.0,-9.587981,-7.6336536
27666.666,-12.71859,-8.058333
27683.334,-15.241026,-8.398237
27700.0,-15.33077,-8.399038
27716.666,-15.420513,-8.399839
27733.334,-15.46282,-8.439744
27750.0,-15.493269,-8.489423
27766.666,-15.517307,-8.510257
27783.334,-15.531731,-8.487821
27800.0,-15.546154,-8.4653845
27816.666,-15.536538,-8.295513
27833.334,-15.526923,-8.125641
27850.0,-15.696154,-6.889423
27866.666,-15.984615,-4.9423075
27883.334,-16.403366,-3.8927884
27900.0,-16.822115,-2.8432693
27916.666,-17.240866,-1.79375
27933.334,-17.659615,-0.74423075
27950.0,-18.078365,0.30528846
27966.666,-18.497116,1.3548077
27983.334,-18.915865,2.404327
28000.0,-19.334616,3.4538462
28016.666,-17.81218,-0.6407051
28033.334,-16.289743,-4.735256
28050.0,-15.65,-6.9375
28066.666,-15.598718,-7.8782053
28083.334,-15.557853,-8.577885
28100.0,-15.558654,-8.313461
28116.666,-15.559455,-8.049039
28133.334,-15.558974,-7.978205
28150.0,-15.558173,-7.955769
28166.666,-15.551282,-7.9445515
28183.334,-15.535256,-7.95016
28200.0,-15.519231,-7.955769
28216.666,-15.532852,-7.9653845
28233.334,-15.546474,-7.975
28250.0,-15.546635,-7.99375
28266.666,-15.537821,-8.01859
28283.334,-15.528205,-8.0346155
28300.0,-15.515385,-8.015385
28316.666,-15.502564,-7.996154
28333.334,-15.507692,-8.0
28350.0,-15.517307,-8.009615
28366.666,-15.519872,-8.009615
28383.334,-15.511859,-7.9951925
28400.0,-15.503846,-7.980769
28416.666,-15.497436,-7.9775643
28433.334,-15.491026,-7.974359
28450.0,-15.297115,-7.933654
28466.666,-14.978205,-7.8679485
28483.334,-14.705449,-7.2048078
28500.0,-14.617308,-4.151923
28516.666,-14.529166,-1.0990385
28533.334,-14.901218,-0.72284186
28550.0,-15.27327,-0.3466453
28566.666,-15.645321,0.029551283
28583.334,-16.017372,0.40574786
28600.0,-16.389423,0.78194445
28616.666,-16.761475,1.158141
28633.334,-17.133526,1.5343376
28650.0,-17.505577,1.9105341
28666.666,-17.877628,2.2867308
28683.334,-18.24968,2.6629274
28700.0,-18.62173,3.039124
28716.666,-18.993782,3.4153204
28733.334,-19.365833,3.791517
28750.0,-19.737885,4.1677136
28766.666,-20.109936,4.54391
28783.334,-18.76939,1.1440705
28800.0,-17.428846,-2.2557693
28816.666,-16.732533,-4.5947113
28833.334,-16.036219,-6.933654
28850.0,-15.785577,-8.175
28866.666,-15.832051,-8.684615
28883.334,-15.860897,-9.026603
28900.0,-15.819231,-8.698077
28916.666,-15.777564,-8.369552
28933.334,-15.71859,-8.311539
28950.0,-15.655289,-8.321154
28966.666,-15.595192,-8.319872
28983.334,-15.539904,-8.302243
29000.0,-15.484615,-8.2846155
29016.666,-15.497436,-8.257372
29033.334,-15.510257,-8.230128
29050.0,-15.513943,-8.185577
29066.666,-15.5115385,-8.129487
29083.334,-15.510097,-8.077885
29100.0,-15.5125,-8.04423
29116.666,-15.514904,-8.010577
29133.334,-15.539743,-7.9923077
29150.0,-15.570192,-7.977885
29166.666,-15.602564,-7.975
29183.334,-15.63782,-7.9894233
29200.0,-15.673077,-8.003846
29216.666,-15.657852,-8.008654
29233.334,-15.642629,-8.013461
29250.0,-15.625481,-8.025
29266.666,-15.607051,-8.041026
29283.334,-15.59359,-8.05657
29300.0,-15.6,-8.070192
29316.666,-15.60641,-8.083814
29333.334,-15.598077,-8.086538
29350.0,-15.586058,-8.086538
29366.666,-15.573398,-8.093269
29383.334,-15.559775,-8.110096
29400.0,-15.546154,-8.126923
29416.666,-15.56859,-8.155769
29433.334,-15.591025,-8.184615
29450.0,-15.625961,-8.214423
29466.666,-15.66923,-8.244872
29483.334,-15.700961,-8.267629
29500.0,-15.686539,-8.259615
29516.666,-15.672115,-8.251602
29533.334,-15.670513,-8.2615385
29550.0,-15.672115,-8.275962
29566.666,-15.683974,-8.285256
29583.334,-15.711218,-8.286859
29600.0,-15.7384615,-8.288462
29616.666,-15.748077,-8.296474
29633.334,-15.757692,-8.304487
29650.0,-15.746154,-8.302885
29666.666,-15.720512,-8.294871
29683.334,-15.70016,-8.284936
29700.0,-15.700961,-8.267307
29716.666,-15.701763,-8.24968
29733.334,-15.68718,-8.225641
29750.0,-15.66875,-8.2
29766.666,-15.666026,-8.166667
29783.334,-15.686859,-8.121795
29800.0,-15.707692,-8.076923
29816.666,-15.7012825,-8.056089
29833.334,-15.694872,-8.035256
29850.0,-15.683173,-8.0278845
29866.666,-15.667949,-8.029488
29883.334,-15.654006,-8.029488
29900.0,-15.645192,-8.023077
29916.666,-15.636378,-8.016666
29933.334,-15.65641,-8.025641
29950.0,-15.683654,-8.038462
29966.666,-15.700641,-8.038462
29983.334,-15.702244,-8.019231
30000.0,-15.703846,-8.0
30016.666,-15.694231,-7.991987
30033.334,-15.684615,-7.9839745
30050.0,-15.692307,-7.977885
30066.666,-15.711538,-7.973077
30083.334,-15.728205,-7.966987
30100.0,-15.734615,-7.955769
30116.666,-15.741026,-7.9445515
30133.334,-15.741026,-7.9269233
30150.0,-15.739423,-7.9076924
30166.666,-15.7384615,-7.8948717
30183.334,-15.7384615,-7.891667
30200.0,-15.7384615,-7.8884616
30216.666,-15.741667,-7.9317307
30233.334,-15.744872,-7.975
30250.0,-15.735577,-7.9846153
30266.666,-15.717949,-7.971795
30283.334,-15.704166,-7.9708333
30300.0,-15.70577,-8.017307
30316.666,-15.707372,-8.063782
30333.334,-15.696154,-8.121795
30350.0,-15.681731,-8.182693
30366.666,-15.673077,-8.230128
30383.334,-15.673077,-8.257372
30400.0,-15.673077,-8.2846155
30416.666,-15.671474,-8.307052
30433.334,-15.669871,-8.329487
30450.0,-15.674039,-8.359615
30466.666,-15.682052,-8.394872
30483.334,-15.684936,-8.422756
30500.0,-15.667308,-8.421154
30516.666,-15.649679,-8.419551
30533.334,-15.619872,-8.376923
30550.0,-15.587019,-8.3240385
30566.666,-15.572115,-8.3
30583.334,-15.584135,-8.319231
30600.0,-15.596154,-8.338462
30616.666,-15.576923,-8.351282
30633.334,-15.557693,-8.364102
30650.0,-15.553846,-8.3634615
30666.666,-15.560256,-8.353847
30683.334,-15.565385,-8.340705
30700.0,-15.565385,-8.313461
30716.666,-15.565385,-8.286218
30733.334,-15.561539,-8.271795
30750.0,-15.556731,-8.260577
30766.666,-15.555128,-8.255769
30783.334,-15.558333,-8.260577
30800.0,-15.561539,-8.265385
30816.666,-15.553526,-8.265385
30833.334,-15.545513,-8.265385
30850.0,-15.536538,-8.256731
30866.666,-15.526923,-8.242308
30883.334,-15.51891,-8.222756
30900.0,-15.517307,-8.182693
30916.666,-15.515705,-8.142629
30933.334,-15.490385,-8.108974
30950.0,-15.459135,-8.076923
30966.666,-15.4375,-8.046795
30983.334,-15.430288,-8.019551
31000.0,-15.423077,-7.9923077
31016.666,-15.426282,-7.977083
31033.334,-15.429487,-7.9618587
31050.0,-15.4259615,-7.972596
31066.666,-15.417949,-8.000641
31083.334,-15.408012,-8.020192
31100.0,-15.390385,-8.005769
31116.666,-15.372756,-7.9913464
31133.334,-15.350641,-7.9820514
31150.0,-15.327404,-7.9740386
31166.666,-15.306731,-7.946795
31183.334,-15.289904,-7.890705
31200.0,-15.273077,-7.834615
31216.666,-15.24984,-7.8610578
31233.334,-15.226603,-7.8875
31250.0,-15.209135,-7.889423
31266.666,-15.195513,-7.875
31283.334,-15.176923,-7.860096
31300.0,-15.138461,-7.8432693
31316.666,-15.1,-7.8264422
31333.334,-15.094231,-7.830769
31350.0,-15.096635,-7.8403845
31366.666,-12.996795,-7.915385
31383.334,-7.74359,-8.088462
31400.0,-2.4903846,-8.2615385
31416.666,2.5336537,-8.091666
31433.334,7.5576925,-7.921795
31450.0,10.04375,-7.8259616
31466.666,10.83782,-7.779487
31483.334,11.462179,-7.7291665
31500.0,11.407692,-7.6634617
31516.666,11.353205,-7.5977564
31533.334,11.341025,-7.5897436
31550.0,11.339423,-7.5961537
31566.666,11.947436,-7.689423
31583.334,13.4698715,-7.9129806
31600.0,14.992308,-8.1365385
31616.666,15.072436,-8.228686
31633.334,15.152564,-8.320833
31650.0,15.178846,-8.371154
31666.666,15.16923,-8.39359
31683.334,15.161218,-8.404166
31700.0,15.1596155,-8.367308
31716.666,15.158012,-8.330449
31733.334,15.146795,-8.271795
31750.0,15.133173,-8.207692
31766.666,15.128526,-8.178846
31783.334,15.13734,-8.202885
31800.0,15.146153,-8.226923
31816.666,15.128526,-8.250961
31833.334,15.110897,-8.275
31850.0,15.083653,-8.272116
31866.666,15.05,-8.251282
31883.334,15.017949,-8.227884
31900.0,14.992308,-8.194231
31916.666,14.966666,-8.160577
31933.334,14.95,-8.158975
31950.0,14.935577,-8.165384
31966.666,14.227564,-8.23718
31983.334,12.479167,-8.407051
32000.0,10.730769,-8.576923
32016.666,8.921474,-8.588943
32033.334,7.1121793,-8.600962
32050.0,6.3673077,-8.625
32066.666,6.3320513,-8.657051
32083.334,6.300641,-8.684775
32100.0,6.2846155,-8.695192
32116.666,6.26859,-8.705609
32133.334,6.253846,-8.716666
32150.0,6.2394233,-8.727884
32166.666,6.2153845,-8.735897
32183.334,6.1769233,-8.739102
32200.0,6.1384616,-8.742308
32216.666,6.1464744,-8.727884
32233.334,6.154487,-8.713462
32250.0,6.15,-8.690385
32266.666,6.1371794,-8.661538
32283.334,6.123718,-8.647436
32300.0,6.1076922,-8.692307
32316.666,6.0916667,-8.73718
32333.334,6.0615387,-8.769231
32350.0,6.0278845,-8.798077
32366.666,6.0070515,-8.809615
32383.334,6.005449,-8.795193
32400.0,6.003846,-8.780769
32416.666,6.0086536,-8.759936
32433.334,6.0134616,-8.739102
32450.0,6.018269,-8.725962
32466.666,6.023077,-8.717949
32483.334,6.0317307,-8.709295
32500.0,6.0557694,-8.698077
32516.666,6.0798078,-8.686859
32533.334,6.075641,-8.688461
32550.0,6.064423,-8.693269
32566.666,6.057051,-8.691026
32583.334,6.0554485,-8.6782055
32600.0,6.0538464,-8.665384
32616.666,2.979327,-8.486699
32633.334,-0.095192306,-8.308013
32650.0,-2.6533654,-8.092789
32666.666,-4.8673077,-7.853205
32683.334,-6.6509614,-7.655449
32700.0,-6.7134614,-7.625
32716.666,-6.7759614,-7.594551
32733.334,-6.817949,-7.5564103
32750.0,-6.854808,-7.516346
32766.666,-6.8807693,-7.4846153
32783.332,-6.8903847,-7.4653845
32800.0,-6.9,-7.4461536
32816.668,-6.9048076,-7.4253206
32833.332,-6.9096155,-7.404487
32850.0,-6.9240384,-7.423077
32866.668,-6.944872,-7.467949
32883.332,-6.9608974,-7.5067306
32900.0,-6.957692,-7.521154
32916.668,-6.9544873,-7.535577
32933.332,-6.951282,-7.497436
32950.0,-6.9480767,-7.4461536
32966.668,-6.9442306,-7.4224358
32983.332,-6.939423,-7.440064
33000.0,-6.9346156,-7.457692
33016.668,-6.9378204,-7.4801283
33033.332,-6.9410257,-7.502564
33050.0,-7.1822114,-7.5451922
33066.668,-7.5820513,-7.601282
33083.332,-8.511699,-7.724359
33100.0,-11.560577,-8.115385
33116.668,-14.609455,-8.506411
33133.332,-15.323077,-8.597436
33150.0,-15.452885,-8.6134615
33166.668,-15.538141,-8.61218
33183.332,-15.55657,-8.584936
33200.0,-15.575,-8.557693
33216.668,-15.598237,-8.540064
33233.332,-15.621474,-8.522436
33250.0,-15.625961,-8.494712
33266.668,-15.617949,-8.460257
33283.332,-15.614423,-8.435416
33300.0,-15.628846,-8.4490385
33316.668,-15.64327,-8.46266
33333.332,-15.632051,-8.460897
33350.0,-15.614423,-8.455289
33366.668,-14.757372,-8.372756
33383.332,-12.641186,-8.17484
33400.0,-10.525,-7.976923
33416.668,-9.038622,-7.863942
33433.332,-7.5522437,-7.7509613
33450.0,-7.0,-7.6822114
33466.668,-7.070513,-7.6429486
33483.332,-7.1282053,-7.610256
33500.0,-7.1346154,-7.603846
33516.668,-7.1410255,-7.597436
33533.332,-7.125641,-7.616667
33550.0,-7.104808,-7.6423078
33566.668,-7.094872,-7.6474357
33583.332,-7.101282,-7.6217947
33600.0,-7.1076922,-7.5961537
33616.668,-7.102885,-7.6217947
33633.332,-7.098077,-7.6474357
33650.0,-7.0951924,-7.668269
33666.668,-7.09359,-7.6858974
33683.332,-7.0916667,-7.7054486
33700.0,-7.0884614,-7.7326922
33716.668,-7.0852566,-7.759936
33733.332,-7.0820513,-7.75641
33750.0,-7.078846,-7.7451925
33766.668,-7.0775642,-7.7442307
33783.332,-7.079167,-7.7586536
33800.0,-7.080769,-7.773077
33816.668,-7.09359,-7.7826924
33833.332,-7.10641,-7.792308
33850.0,-9.081731,-8.027404
33866.668,-12.365385,-8.412821
33883.332,-15.034936,-8.731891
33900.0,-15.248077,-8.785577
33916.668,-15.461218,-8.839263
33933.332,-15.484615,-8.833333
33950.0,-15.460577,-8.8125
33966.668,-15.44359,-8.799359
33983.332,-15.43718,-8.797756
34000.0,-15.430769,-8.796154
34016.668,-15.440385,-8.807372
34033.332,-15.45,-8.81859
34050.0,-15.431731,-8.793269
34066.668,-15.394872,-8.743589
34083.332,-15.365385,-8.698718
34100.0,-15.365385,-8.673077
34116.668,-15.365385,-8.647436
34133.332,-15.376923,-8.628205
34150.0,-15.391346,-8.610577
34166.668,-15.407051,-8.595512
34183.332,-15.42468,-8.584295
34200.0,-15.442307,-8.573077
34216.668,-15.482371,-8.565064
34233.332,-15.522436,-8.557052
34250.0,-15.525962,-8.5346155
34266.668,-15.505128,-8.502564
34283.332,-15.488301,-8.476442
34300.0,-15.4875,-8.474038
34316.668,-15.486699,-8.471635
34333.332,-15.48718,-8.482693
34350.0,-15.487981,-8.497115
34366.668,-15.466346,-8.401603
34383.332,-15.411057,-8.141186
34400.0,-15.355769,-7.8807693
34416.668,-16.872597,-6.0794873
34433.332,-18.389423,-4.278205
34450.0,-18.389423,-4.278205
34466.668,-18.389423,-4.278205
34483.332,-18.389423,-4.278205
34500.0,-18.389423,-4.278205
34516.668,-18.389423,-4.278205
34533.332,-18.389423,-4.278205
34550.0,-18.389423,-4.278205
