166.66667,-0.699359,-10.991667
183.33333,-0.65929484,-10.903525
200.0,-0.61923075,-10.815385
216.66667,-0.62564105,-10.855449
233.33333,-0.6320513,-10.895513
250.0,-1.375,-10.690385
266.66666,-2.6089745,-10.3217945
283.33334,-3.774359,-9.951603
300.0,-4.665385,-9.575
316.66666,-5.5564103,-9.198398
333.33334,-5.7358975,-9.141026
350.0,-5.7375,-9.163462
366.66666,-5.7403846,-9.16859
383.33334,-5.7451925,-9.147757
400.0,-5.75,-9.126923
416.66666,-5.8397436,-8.910577
433.33334,-5.929487,-8.694231
450.0,-5.9721155,-8.552885
466.66666,-5.983333,-8.461538
483.33334,-5.9913464,-8.39359
500.0,-5.9865384,-8.41923
516.6667,-5.981731,-8.444872
533.3333,-5.973077,-8.435898
550.0,-5.9634614,-8.418269
566.6667,-5.9589744,-8.403846
583.3333,-5.9621797,-8.394231
600.0,-5.9653845,-8.384615
616.6667,-5.955769,-8.376602
633.3333,-5.9461536,-8.368589
650.0,-5.939423,-8.364423
666.6667,-5.9346156,-8.362821
683.3333,-5.9365387,-8.331891
700.0,-5.9653845,-8.183654
716.6667,-5.9942307,-8.035417
733.3333,-6.0128207,-7.7910256
750.0,-6.0288463,-7.5225964
766.6667,-6.0384617,-7.3570514
783.3333,-6.0384617,-7.3458333
800.0,-6.0384617,-7.334615
816.6667,-6.032051,-7.333013
833.3333,-6.025641,-7.3314104
850.0,-6.0317307,-7.3221154
866.6667,-6.046154,-7.3076925
883.3333,-6.0584936,-7.2902246
900.0,-6.0625,-7.2605767
916.6667,-6.0665064,-7.2309294
933.3333,-6.071795,-7.217949
950.0,-6.077404,-7.2091346
966.6667,-6.0820513,-7.2025642
983.3333,-6.0852566,-7.199359
1000.0,-6.0884614,-7.1961536
1016.6667,-7.745513,-7.591987
1033.3334,-9.402564,-7.9878206
1050.0,-11.382692,-8.327404
1066.6666,-13.578205,-8.629487
1083.3334,-15.327404,-8.867147
1100.0,-15.291347,-8.8471155
1116.6666,-15.255288,-8.827084
1133.3334,-15.219231,-8.803846
1150.0,-15.183173,-8.779808
1166.6666,-15.158975,-8.760898
1183.3334,-15.152564,-8.74968
1200.0,-15.146153,-8.7384615
1216.6666,-15.142949,-8.741667
1233.3334,-15.139744,-8.744872
1250.0,-15.1365385,-8.735577
1266.6666,-15.133333,-8.717949
1283.3334,-15.13109,-8.705449
1300.0,-15.132692,-8.713462
1316.6666,-15.1342945,-8.721475
1333.3334,-15.132051,-8.734615
1350.0,-15.128846,-8.749039
1366.6666,-15.126282,-8.7592945
1383.3334,-15.12468,-8.763301
1400.0,-15.123077,-8.767307
1416.6666,-15.118269,-8.755288
1433.3334,-15.1134615,-8.743269
1450.0,-15.110577,-8.747115
1466.6666,-15.108974,-8.7615385
1483.3334,-15.105128,-8.772276
1500.0,-15.092308,-8.76827
1516.6666,-15.079487,-8.764263
1533.3334,-15.0762825,-8.744231
1550.0,-15.07548,-8.720192
1566.6666,-13.470192,-8.522116
1583.3334,-9.458173,-8.062981
1600.0,-5.4461536,-7.603846
1616.6666,-5.4766026,-7.5645833
1633.3334,-5.5070515,-7.5253205
1650.0,-5.526923,-7.4927883
1666.6666,-5.5397434,-7.4647436
1683.3334,-5.543269,-7.439423
1700.0,-5.5096154,-7.425
1716.6666,-5.4759617,-7.410577
1733.3334,-5.538822,-6.907332
1750.0,-5.6016827,-6.4040866
1766.6666,-5.664543,-5.900841
1783.3334,-5.7274036,-5.3975964
1800.0,-5.7902646,-4.894351
1816.6666,-5.853125,-4.3911057
1833.3334,-5.9159856,-3.8878605
1850.0,-5.978846,-3.3846154
1866.6666,-6.2064104,-6.3846154
1883.3334,-6.3820515,-8.644872
1900.0,-6.35,-7.9461536
1916.6666,-6.317949,-7.247436
1933.3334,-6.279487,-7.0128207
1950.0,-6.2394233,-6.894231
1966.6666,-6.200641,-6.8147435
1983.3334,-6.163782,-6.79391
2000.0,-6.126923,-6.773077
2016.6666,-6.109295,-6.7875
2033.3334,-6.0916667,-6.8019233
2050.0,-6.0932693,-6.8221154
2066.6667,-6.1076922,-6.8461537
2083.3333,-6.11859,-6.8708334
2100.0,-6.1153846,-6.898077
2116.6667,-6.1121793,-6.9253206
2133.3333,-6.103205,-6.9147434
2150.0,-6.0927887,-6.8947115
2166.6667,-6.08109,-6.8733974
2183.3333,-6.067468,-6.85016
2200.0,-6.0538464,-6.826923
2216.6667,-6.039423,-6.8092947
2233.3333,-6.025,-6.7916665
2250.0,-6.026923,-6.7889423
2266.6667,-6.0397434,-6.796154
2283.3333,-6.0522437,-6.8052883
2300.0,-6.0634613,-6.8221154
2316.6667,-6.0746794,-6.8389425
2333.3333,-6.0833335,-6.860256
2350.0,-6.0913463,-6.8826923
2366.6667,-6.1006413,-6.9108973
2383.3333,-6.111859,-6.9477563
2400.0,-6.123077,-6.9846153
2416.6667,-6.0677886,-7.41891
2433.3333,-6.0125,-7.853205
2450.0,-5.995673,-8.039423
2466.6667,-6.004487,-8.060256
2483.3333,-6.0128207,-8.075641
2500.0,-6.019231,-8.069231
2516.6667,-6.025641,-8.06282
2533.3333,-6.021795,-8.046154
2550.0,-6.0153847,-8.026923
2566.6667,-6.023077,-8.033334
2583.3333,-6.0519233,-8.078205
2600.0,-6.080769,-8.123077
2616.6667,-6.074359,-8.094231
2633.3333,-6.067949,-8.065385
2650.0,-6.060577,-8.062981
2666.6667,-6.052564,-8.078205
2683.3333,-6.044872,-8.088462
2700.0,-6.0384617,-8.078846
2716.6667,-6.032051,-8.069231
2733.3333,-6.0371795,-8.065385
2750.0,-6.0451922,-8.062981
2766.6667,-6.0519233,-8.05641
2783.3333,-6.0567307,-8.04359
2800.0,-6.0615387,-8.030769
2816.6667,-6.0503206,-8.016346
2833.3333,-6.0391026,-8.001923
2850.0,-6.0307693,-8.022116
2866.6667,-6.0243587,-8.065385
2883.3333,-6.0189104,-8.101282
2900.0,-6.0173078,-8.107693
2916.6667,-6.015705,-8.114102
2933.3333,-6.0141025,-8.148718
2950.0,-6.0125,-8.190385
2966.6667,-6.008333,-8.207692
2983.3333,-6.0003204,-8.188461
3000.0,-5.9923077,-8.16923
3016.6667,-5.9915066,-8.155609
3033.3333,-5.990705,-8.141987
3050.0,-5.960577,-8.239903
3066.6667,-5.9108973,-8.41218
3083.3333,-5.8729167,-8.545834
3100.0,-5.8817306,-8.525
3116.6667,-5.890545,-8.504167
3133.3333,-5.8858976,-8.492308
3150.0,-5.8778844,-8.482693
3166.6667,-5.869551,-8.475641
3183.3333,-5.8607373,-8.472436
3200.0,-5.851923,-8.469231
3216.6667,-5.857532,-8.472436
3233.3333,-5.863141,-8.475641
3250.0,-5.8677883,-8.474038
3266.6667,-5.8717947,-8.469231
3283.3333,-5.8754807,-8.463782
3300.0,-5.8778844,-8.45577
3316.6667,-5.8802886,-8.447757
3333.3333,-5.879487,-8.44359
3350.0,-5.8778844,-8.440385
3366.6667,-5.8801284,-8.442307
3383.3333,-5.888141,-8.451923
3400.0,-5.896154,-8.461538
3416.6667,-5.902564,-8.451923
3433.3333,-5.908974,-8.442307
3450.0,-5.910096,-8.430288
3466.6667,-5.9076924,-8.416667
3483.3333,-5.90625,-8.401763
3500.0,-5.9086537,-8.381731
3516.6667,-5.9110575,-8.361699
3533.3333,-5.9115386,-8.35
3550.0,-5.9115386,-8.3403845
3566.6667,-5.9134617,-8.339103
3583.3333,-5.918269,-8.350321
3600.0,-5.923077,-8.361539
3616.6667,-5.923077,-8.359936
3633.3333,-5.923077,-8.358334
3650.0,-5.923077,-8.3634615
3666.6667,-5.923077,-8.373077
3683.3333,-5.9205127,-8.376923
3700.0,-5.9076924,-8.357693
3716.6667,-5.8948717,-8.338462
3733.3333,-5.8929486,-8.3262825
3750.0,-5.89375,-8.3158655
3766.6667,-5.8919873,-8.299039
3783.3333,-5.8863783,-8.272596
3800.0,-5.8807693,-8.246154
3816.6667,-5.8791666,-8.2125
3833.3333,-5.877564,-8.178846
3850.0,-5.8759613,-8.1625
3866.6667,-5.874359,-8.157692
3883.3333,-5.8759613,-8.159295
3900.0,-5.8903847,-8.186539
3916.6667,-5.9048076,-8.213782
3933.3333,-5.9128203,-8.21282
3950.0,-5.919231,-8.204807
3966.6667,-5.921795,-8.194231
3983.3333,-5.9185896,-8.179808
4000.0,-5.915385,-8.165384
4016.6667,-5.9201922,-8.149359
4033.3333,-5.925,-8.133333
4050.0,-5.919231,-8.114423
4066.6667,-5.90641,-8.09359
4083.3333,-5.8645034,-7.052324
4100.0,-5.822596,-6.011058
4116.6665,-5.7806892,-4.969792
4133.3335,-5.738782,-3.9285257
4150.0,-5.696875,-2.8872597
4166.6665,-5.654968,-1.8459936
4183.3335,-5.613061,-0.80472755
4200.0,-5.5711536,0.23653845
4216.6665,-5.88125,-3.8972757
4233.3335,-6.191346,-8.03109
4250.0,-6.2259617,-9.277404
4266.6665,-6.076923,-8.598718
4283.3335,-5.950641,-8.032852
4300.0,-5.915385,-7.918269
4316.6665,-5.8801284,-7.8036857
4333.3335,-5.854487,-7.78141
4350.0,-5.83125,-7.7822113
4366.6665,-5.815064,-7.786859
4383.3335,-5.809455,-7.7972755
4400.0,-5.8038464,-7.8076925
4416.6665,-5.817468,-7.7964745
4433.3335,-5.83109,-7.7852564
4450.0,-5.83125,-7.775
4466.6665,-5.822436,-7.7653847
4483.3335,-5.814263,-7.753846
4500.0,-5.808654,-7.7346153
4516.6665,-5.803045,-7.7153845
4533.3335,-5.8089743,-7.717949
4550.0,-5.8177886,-7.7259617
4566.6665,-5.826282,-7.7240386
4583.3335,-5.834295,-7.7072115
4600.0,-5.8423076,-7.6903844
4616.6665,-5.8535256,-7.705609
4633.3335,-5.8647437,-7.7208333
4650.0,-5.8701925,-7.726923
4666.6665,-5.8717947,-7.726923
4683.3335,-5.873077,-7.7275643
4700.0,-5.873077,-7.730769
4716.6665,-5.873077,-7.7339745
4733.3335,-5.879487,-7.7141027
4750.0,-5.8875,-7.6884613
4766.6665,-5.8596153,-7.092949
4783.3335,-5.7778845,-5.642628
4800.0,-5.6961536,-4.1923075
4816.6665,-5.691346,-4.198718
4833.3335,-5.6865387,-4.205128
4850.0,-5.6884613,-4.2240386
4866.6665,-5.694872,-4.251282
4883.3335,-5.6998396,-4.275641
4900.0,-5.6990385,-4.2884617
4916.6665,-5.698237,-4.301282
4933.3335,-5.6961536,-4.298718
4950.0,-5.69375,-4.292308
4966.6665,-5.6935897,-4.288782
4983.3335,-5.696795,-4.289583
5000.0,-5.7,-4.290385
5016.6665,-5.7817307,-2.746314
5033.3335,-5.8634615,-1.2022436
5050.0,-5.8740387,-0.57596153
5066.6665,-5.8371797,-0.56153846
5083.3335,-5.8003206,-0.5455128
5100.0,-5.7634616,-0.52307695
5116.6665,-5.7266026,-0.50064105
5133.3335,-5.723077,-0.50641024
5150.0,-5.727885,-0.5192308
5166.6665,-5.7358975,-0.5314103
5183.3335,-5.748718,-0.5426282
5200.0,-5.7615385,-0.5538462
5216.6665,-5.7639422,-0.5474359
5233.3335,-5.766346,-0.54102564
5250.0,-5.7706733,-0.5317308
5266.6665,-5.776282,-0.5205128
5283.3335,-5.7807693,-0.5089744
5300.0,-5.7807693,-0.49615383
5316.6665,-5.7807693,-0.48333332
5333.3335,-5.7826924,-0.475
5350.0,-5.785096,-0.46778846
5366.6665,-5.782372,-0.4644231
5383.3335,-5.771955,-0.46682692
5400.0,-5.7615385,-0.46923077
5416.6665,-5.759936,-0.4636218
5433.3335,-5.758333,-0.45801282
5450.0,-5.7586536,-0.46057692
5466.6665,-5.7602563,-0.46858975
5483.3335,-5.7605767,-0.47548077
5500.0,-5.7557693,-0.47788462
5516.6665,-5.7509613,-0.48028848
5533.3335,-1.4032052,-1.1846154
5550.0,4.0302887,-2.064423
5566.6665,8.37468,-2.7397435
5583.3335,11.085417,-3.1083333
5600.0,13.796154,-3.476923
5616.6665,13.682372,-3.411218
5633.3335,13.56859,-3.3455129
5650.0,13.500961,-3.2971153
5666.6665,13.464103,-3.2602565
5683.3335,13.438141,-3.2375
5700.0,13.45577,-3.271154
5716.6665,13.473397,-3.3048077
5733.3335,13.467949,-3.2961538
5750.0,13.456731,-3.2769232
5766.6665,13.442628,-3.2621794
5783.3335,13.424199,-3.2541666
5800.0,13.405769,-3.2461538
5816.6665,11.19343,-5.1035256
5833.3335,8.98109,-6.9608974
5850.0,7.764423,-8.036538
5866.6665,7.2115383,-8.591025
5883.3335,6.7695513,-9.030449
5900.0,6.771154,-9.009615
5916.6665,6.7727566,-8.988782
5933.3335,6.769231,-8.973077
5950.0,6.764423,-8.958653
5966.6665,6.606731,-8.975641
5983.3335,6.2197113,-9.039743
6000.0,5.832692,-9.103847
6016.6665,5.8286858,-9.107051
6033.3335,5.8246794,-9.110256
6050.0,5.816346,-9.104808
6066.6665,5.805128,-9.09359
6083.3335,5.796795,-9.082051
6100.0,5.8,-9.069231
6116.6665,5.803205,-9.05641
6133.3335,5.802564,-9.051282
6150.0,5.8009615,-9.048077
6166.6665,5.799359,-9.035256
6183.3335,5.797756,-9.008013
6200.0,5.796154,-8.980769
6216.6665,5.802564,-8.974359
6233.3335,5.8089743,-8.967949
6250.0,5.8192306,-8.963462
6266.6665,5.8320513,-8.960257
6283.3335,5.8423076,-8.9625
6300.0,5.8423076,-8.986539
6316.6665,5.8423076,-9.010577
6333.3335,5.8397436,-8.991026
6350.0,5.8365383,-8.960577
6366.6665,5.8339744,-8.940385
6383.3335,5.8323717,-8.935577
6400.0,5.830769,-8.930769
6416.6665,5.8323717,-8.929968
6433.3335,5.8339744,-8.929167
6450.0,5.835577,-8.932212
6466.6665,5.8371797,-8.93782
6483.3335,5.838782,-8.946314
6500.0,5.8403845,-8.966346
6516.6665,5.841987,-8.986379
6533.3335,5.8378205,-8.989102
6550.0,5.8322115,-8.9875
6566.6665,5.8285255,-8.989423
6583.3335,5.8277245,-8.9966345
6600.0,5.826923,-9.003846
6616.6665,5.8165064,-9.003846
6633.3335,5.80609,-9.003846
6650.0,5.801442,-9.001923
6666.6665,5.800641,-8.998718
6683.3335,5.799359,-8.997115
6700.0,5.796154,-9.001923
6716.6665,5.7929487,-9.006731
6733.3335,7.753846,-9.038462
6750.0,10.20577,-9.076923
6766.6665,12.121154,-9.105769
6783.3335,13.23173,-9.120193
6800.0,14.342308,-9.134615
6816.6665,14.283814,-9.165865
6833.3335,14.225321,-9.197115
6850.0,14.204327,-9.212981
6866.6665,14.208333,-9.21859
6883.3335,14.213141,-9.224038
6900.0,14.221154,-9.228847
6916.6665,14.229167,-9.233654
6933.3335,14.232051,-9.228847
6950.0,14.233654,-9.221635
6966.6665,14.232051,-9.2176285
6983.3335,14.225641,-9.21843
7000.0,14.219231,-9.219231
7016.6665,13.389103,-9.339423
7033.3335,12.558974,-9.459616
7050.0,10.602884,-9.746154
7066.6665,7.896154,-10.14359
7083.3335,5.7310896,-10.466025
7100.0,5.7326922,-10.4884615
7116.6665,5.734295,-10.510898
7133.3335,5.7301283,-10.501282
7150.0,5.7245193,-10.483654
7166.6665,5.721474,-10.470512
7183.3335,5.7222757,-10.464103
7200.0,5.723077,-10.457692
7216.6665,5.715064,-10.452885
7233.3335,5.7070513,-10.448077
7250.0,5.6971154,-10.442307
7266.6665,5.6858974,-10.435898
7283.3335,5.6759615,-10.426282
7300.0,5.671154,-10.403846
7316.6665,5.666346,-10.381411
7333.3335,5.65641,-10.352564
7350.0,5.645192,-10.322115
7366.6665,5.6022434,-10.3
7383.3335,5.5116987,-10.290384
7400.0,5.421154,-10.280769
7416.6665,0.6527244,-9.436218
7433.3335,-4.115705,-8.591666
7450.0,-6.0283656,-8.279327
7466.6665,-6.0371795,-8.3217945
7483.3335,-6.0375,-8.353526
7500.0,-6.003846,-8.342308
7516.6665,-5.9701924,-8.33109
7533.3335,-5.948718,-8.314102
7550.0,-5.9302883,-8.295673
7566.6665,-5.9185896,-8.279488
7583.3335,-5.916987,-8.266666
7600.0,-5.915385,-8.253846
7616.6665,-5.913782,-8.273077
7633.3335,-5.9121795,-8.292308
7650.0,-5.964423,-8.216346
7666.6665,-6.052564,-8.076923
7683.3335,-6.124359,-7.9471154
7700.0,-6.1307693,-7.855769
7716.6665,-6.1371794,-7.764423
7733.3335,-6.1410255,-7.752564
7750.0,-6.144231,-7.7605767
7766.6665,-6.1423078,-7.770192
7783.3335,-6.1326923,-7.7822113
7800.0,-6.123077,-7.794231
7816.6665,-6.1214743,-7.79984
7833.3335,-6.1198716,-7.8054485
7850.0,-6.1221156,-7.7846155
7866.6665,-6.126923,-7.746154
7883.3335,-6.1320515,-7.7192307
7900.0,-6.1384616,-7.7384615
7916.6665,-6.1448717,-7.7576923
7933.3335,-6.1448717,-7.7397437
7950.0,-6.143269,-7.7125
7966.6665,-6.141667,-7.6858974
7983.3335,-6.1400642,-7.6602564
8000.0,-6.1384616,-7.6346154
8016.6665,-6.13766,-7.642628
8033.3335,-6.136859,-7.650641
8050.0,-6.1254807,-7.647115
8066.6665,-6.1070514,-7.6358976
8083.3335,-6.0932693,-7.633333
8100.0,-6.098077,-7.665385
8116.6665,-6.102885,-7.697436
8133.3335,-6.0871797,-7.698718
8150.0,-6.066346,-7.6923075
8166.6665,-6.0535254,-7.6891026
8183.3335,-6.0527244,-7.6907053
8200.0,-6.0519233,-7.6923075
8216.667,-6.0399036,-7.705128
8233.333,-6.0278845,-7.717949
8250.0,-6.016346,-7.7423077
8266.667,-6.0051284,-7.7743587
8283.333,-5.9934297,-7.7991986
8300.0,-5.979808,-7.7951922
8316.667,-5.966186,-7.791186
8333.333,-8.890385,-8.179487
8350.0,-12.549039,-8.665865
8366.667,-14.948398,-8.991026
8383.333,-15.458814,-9.074359
8400.0,-15.969231,-9.157692
8416.667,-15.948398,-9.135257
8433.333,-15.927564,-9.112821
8450.0,-15.913462,-9.092789
8466.667,-15.903846,-9.074359
8483.333,-15.885577,-9.042468
8500.0,-15.832692,-8.956731
8516.667,-15.779808,-8.870994
8533.333,-15.699359,-8.759615
8550.0,-15.61202,-8.641827
8566.667,-15.560256,-8.568911
8583.333,-15.561859,-8.563301
8600.0,-15.563461,-8.557693
8616.667,-15.564262,-8.552885
8633.333,-15.565064,-8.548077
8650.0,-15.569231,-8.54952
8666.667,-15.575641,-8.555128
8683.333,-15.58141,-8.558494
8700.0,-15.584616,-8.552885
8716.667,-15.58782,-8.547276
8733.333,-15.58077,-8.54359
8750.0,-15.571154,-8.540384
8766.667,-15.564744,-8.539103
8783.333,-15.563141,-8.540705
8800.0,-15.561539,-8.542308
8816.667,-15.575961,-8.519872
8833.333,-15.5903845,-8.497436
8850.0,-15.608173,-8.487981
8866.667,-15.628205,-8.48718
8883.333,-15.6424675,-8.483173
8900.0,-15.633654,-8.466346
8916.667,-15.62484,-8.449519
8933.333,-15.53718,-8.460257
8950.0,-15.429808,-8.477884
8966.667,-15.367628,-8.503205
8983.333,-15.373238,-8.540064
9000.0,-15.378846,-8.576923
9016.667,-15.373238,-8.5625
9033.333,-15.367628,-8.548077
9050.0,-15.3634615,-8.533654
9066.667,-15.360256,-8.519231
9083.333,-15.35609,-8.504487
9100.0,-15.348077,-8.4884615
9116.667,-15.340064,-8.472436
9133.333,-15.338462,-8.476923
9150.0,-15.338462,-8.486539
9166.667,-15.335257,-8.483334
9183.333,-15.327244,-8.460897
9200.0,-15.319231,-8.438461
9216.667,-15.328846,-8.447276
9233.333,-15.338462,-8.45609
9250.0,-15.336538,-8.444712
9266.667,-15.326923,-8.419871
9283.333,-14.599038,-8.31859
9300.0,-10.998077,-7.9115386
9316.667,-7.397115,-7.504487
9333.333,-6.699359,-7.389744
9350.0,-6.7274036,-7.348077
9366.667,-6.7509613,-7.328846
9383.333,-6.7677884,-7.3432693
9400.0,-6.7846155,-7.3576922
9416.667,-6.795833,-7.391346
9433.333,-6.807051,-7.425
9450.0,-6.7990384,-7.414423
9466.667,-6.778205,-7.374359
9483.333,-6.682532,-7.3334937
9500.0,-6.2875,-7.289423
9516.667,-5.892468,-7.2453527
9533.333,-5.8121796,-7.235256
9550.0,-5.810577,-7.233654
9566.667,-5.8092947,-7.2227564
9583.333,-5.8084936,-7.1979165
9600.0,-5.8076925,-7.173077
9616.667,-5.8076925,-7.169872
9633.333,-5.8076925,-7.1666665
9650.0,-5.8048077,-7.1615386
9666.667,-5.8,-7.155128
9683.333,-5.795833,-7.1490383
9700.0,-5.794231,-7.144231
9716.667,-5.7926283,-7.139423
9733.333,-5.7910256,-7.1352563
9750.0,-5.789423,-7.13125
9766.667,-5.7910256,-7.1298075
9783.333,-5.7974358,-7.1322117
9800.0,-5.8038464,-7.1346154
9816.667,-5.8022437,-7.1121793
9833.333,-5.800641,-7.0897436
9850.0,-5.8019233,-7.084615
9866.667,-5.805128,-7.091026
9883.333,-5.8057694,-7.092628
9900.0,-5.796154,-7.075
9916.667,-5.7865386,-7.0573716
9933.333,-5.780128,-7.0596156
9950.0,-5.7745194,-7.066827
9966.667,-5.768269,-7.0701923
9983.333,-5.761058,-7.0677886
10000.0,-5.753846,-7.0653844
10016.667,-5.7514424,-7.0822115
10033.333,-5.7490387,-7.0990386
10050.0,-5.745673,-7.1004806
10066.667,-5.741667,-7.0916667
10083.333,-5.7402244,-7.0839744
10100.0,-5.7490387,-7.080769
10116.667,-5.7578526,-7.0775642
10133.333,-5.770513,-7.0871797
10150.0,-5.7841344,-7.1
10166.667,-5.7929487,-7.1160254
10183.333,-5.7945514,-7.136859
10200.0,-5.796154,-7.1576924
10216.667,-5.804167,-7.159295
10233.333,-5.8121796,-7.1608973
10250.0,-5.8134613,-7.133173
10266.667,-5.8102565,-7.0858974
10283.333,-5.80609,-7.0453525
10300.0,-5.798077,-7.0317307
10316.667,-5.7900643,-7.018109
10333.333,-5.794872,-7.003846
10350.0,-5.8028846,-6.9894233
10366.667,-5.8108974,-6.9891024
10383.333,-5.81891,-7.009936
10400.0,-5.826923,-7.0307693
10416.667,-6.144231,-5.3320513
10433.333,-6.4615383,-3.6333334
10450.0,-6.5870194,-2.3716347
10466.667,-6.584615,-1.4012821
10483.333,-6.5834937,-0.6283654
10500.0,-6.5875,-0.6451923
10516.667,-6.5915065,-0.66201925
10533.333,-6.5820513,-0.6666667
10550.0,-6.5692306,-0.6682692
10566.667,-6.5608974,-0.661859
10583.333,-6.5592947,-0.64342946
10600.0,-6.5576925,-0.625
10616.667,-6.551282,-0.61378205
10633.333,-6.544872,-0.6025641
10650.0,-6.544231,-0.5831731
10666.667,-6.5474358,-0.55833334
10683.333,-6.550641,-0.5378205
10700.0,-6.5538464,-0.5346154
10716.667,-6.557051,-0.5314103
10733.333,-6.555128,-0.5346154
10750.0,-6.5519233,-0.53942305
10766.667,-6.5474358,-0.53397435
10783.333,-6.5410256,-0.51314104
10800.0,-6.5346155,-0.4923077
10816.667,-6.5474358,-0.5155449
10833.333,-6.5602565,-0.53878206
10850.0,-6.564423,-0.53221154
10866.667,-6.5628204,-0.50576925
10883.333,-6.5625,-0.48397437
10900.0,-6.5673075,-0.48076922
10916.667,-6.5721154,-0.4775641
10933.333,-6.8461537,-0.4628205
10950.0,-7.1875,-0.4451923
10966.667,-7.3945513,-0.4275641
10983.333,-7.4001603,-0.4099359
11000.0,-7.4057693,-0.3923077
11016.667,-7.414583,-0.40272436
11033.333,-7.4233975,-0.413141
11050.0,-7.4158654,-0.4105769
11066.667,-7.3974357,-0.399359
11083.333,-7.3661857,-0.38669872
11100.0,-7.2836537,-0.36826923
11116.667,-7.201122,-0.34983975
11133.333,-7.7954526,-0.5026242
11150.0,-8.389784,-0.6554087
11166.667,-8.984115,-0.8081931
11183.333,-9.578445,-0.96097755
11200.0,-10.172776,-1.113762
11216.667,-10.767107,-1.2665465
11233.333,-11.361439,-1.419331
11250.0,-11.95577,-1.5721154
11266.667,-11.747436,-2.3237178
11283.333,-11.5762825,-2.8963141
11300.0,-11.553846,-2.7528846
11316.667,-11.53141,-2.609455
11333.333,-11.530769,-2.6102564
11350.0,-11.535577,-2.6471155
11366.667,-11.527564,-2.675641
11383.333,-11.50032,-2.6916666
11400.0,-11.473077,-2.7076924
11416.667,-11.4875,-2.7413461
11433.333,-11.501923,-2.775
11450.0,-11.507692,-2.7865384
11466.667,-11.507692,-2.7833333
11483.333,-11.508654,-2.7865384
11500.0,-11.513461,-2.8153846
11516.667,-11.51827,-2.8442307
11533.333,-11.521795,-2.8403847
11550.0,-11.525,-2.8283653
11566.667,-11.522436,-2.7990384
11583.333,-11.511218,-2.74375
11600.0,-11.5,-2.6884615
11616.667,-11.498398,-2.65
11633.333,-11.496795,-2.6115384
11650.0,-11.507692,-2.6139424
11666.667,-11.526923,-2.6435897
11683.333,-11.541987,-2.6639423
11700.0,-11.540384,-2.6471155
11716.667,-11.538782,-2.6302884
11733.333,-11.539743,-2.6051283
11750.0,-11.541347,-2.5778847
11766.667,-11.549359,-2.5705128
11783.333,-11.566987,-2.5929487
11800.0,-11.584616,-2.6153846
11816.667,-11.5717945,-2.6153846
11833.333,-11.558974,-2.6153846
11850.0,-11.607693,-2.2230768
11866.667,-11.697436,-1.5692308
11883.333,-11.766346,-1.0354167
11900.0,-11.751923,-0.98173076
11916.667,-11.7375,-0.92804486
11933.333,-11.729487,-0.92820513
11950.0,-11.723077,-0.94182694
11966.667,-11.720192,-0.9544872
11983.333,-11.722596,-0.96570516
12000.0,-11.725,-0.97692305
12016.667,-11.725801,-0.9737179
12033.333,-11.726603,-0.9705128
12050.0,-11.726923,-0.9682692
12066.667,-11.726923,-0.96666664
12083.333,-11.727404,-0.9676282
12100.0,-11.729808,-0.97884613
12116.667,-11.732211,-0.9900641
12133.333,-11.725641,-0.9897436
12150.0,-11.716827,-0.98653847
12166.667,-11.710257,-0.9823718
12183.333,-11.707051,-0.97676283
12200.0,-11.703846,-0.97115386
12216.667,-12.450641,-1.2596154
12233.333,-13.197436,-1.5480769
12250.0,-13.499039,-1.6639423
12266.667,-13.503846,-1.6647435
12283.333,-13.508654,-1.6666666
12300.0,-13.513461,-1.6730769
12316.667,-13.51827,-1.6794872
12333.333,-13.516666,-1.6692308
12350.0,-13.513461,-1.6548077
12366.667,-13.505769,-1.6397436
12383.333,-13.491346,-1.6237179
12400.0,-13.476923,-1.6076924
12416.667,-13.484936,-1.6076924
12433.333,-13.492949,-1.6076924
12450.0,-13.497115,-1.6091347
12466.667,-13.498718,-1.6115384
12483.333,-13.499039,-1.6100961
12500.0,-13.494231,-1.5932692
12516.667,-13.489423,-1.5764424
12533.333,-12.742308,-1.4615384
12550.0,-11.809615,-1.3221154
12566.667,-11.251923,-1.2371795
12583.333,-11.256731,-1.2339743
12600.0,-11.2615385,-1.2307693
12616.667,-11.266346,-1.2532052
12633.333,-11.271153,-1.2756411
12650.0,-11.2697115,-1.2932693
12666.667,-11.264103,-1.3076923
12683.333,-11.261378,-1.3266026
12700.0,-11.270192,-1.3634615
12716.667,-11.279006,-1.4003205
12733.333,-11.285897,-1.4205128
12750.0,-11.292308,-1.4365385
12766.667,-11.180449,-1.4605769
12783.333,-10.891186,-1.4966346
12800.0,-10.601923,-1.5326923
12816.667,-10.591506,-1.5366987
12833.333,-10.58109,-1.5407051
12850.0,-10.571154,-1.5163461
12866.667,-10.561539,-1.4730769
12883.333,-10.555769,-1.4371794
12900.0,-10.565385,-1.4307692
12916.667,-10.575,-1.424359
12933.333,-10.572436,-1.4147435
12950.0,-10.566827,-1.4043269
12966.667,-10.568269,-1.4035256
12983.333,-10.580289,-1.4171474
13000.0,-10.592308,-1.4307692
13016.667,-10.598718,-1.4323717
13033.333,-10.605128,-1.4339744
13050.0,-10.608654,-1.4326923
13066.667,-10.610256,-1.4294872
13083.333,-10.608334,-1.4266026
13100.0,-10.592308,-1.425
13116.667,-10.5762825,-1.4233974
13133.333,-9.107693,-3.2897437
13150.0,-7.2759614,-5.623077
13166.667,-6.150641,-7.1608973
13183.333,-6.0849357,-7.505449
13200.0,-6.019231,-7.85
13216.667,-6.0416665,-7.805128
13233.333,-6.0641026,-7.7602563
13250.0,-6.076923,-7.7375
13266.667,-6.0833335,-7.729487
13283.333,-6.089423,-7.721474
13300.0,-6.0942307,-7.7134614
13316.667,-6.0990386,-7.7054486
13333.333,-6.1051283,-7.7102566
13350.0,-6.1115384,-7.7182693
13366.667,-6.11859,-7.7240386
13383.333,-6.1266026,-7.7264423
13400.0,-6.1346154,-7.728846
13416.667,-6.144231,-7.7120194
13433.333,-6.1538463,-7.6951923
13450.0,-6.1163464,-7.6317306
13466.667,-6.0474358,-7.5371795
13483.333,-5.99359,-7.4599357
13500.0,-6.0,-7.451923
13516.667,-6.00641,-7.44391
13533.333,-6.0102563,-7.455128
13550.0,-6.0134616,-7.4711537
13566.667,-6.0096154,-7.4846153
13583.333,-5.9951925,-7.4942307
13600.0,-5.980769,-7.503846
13616.667,-5.9775643,-7.4990387
13633.333,-5.974359,-7.4942307
13650.0,-5.9673076,-7.4875
13666.667,-5.957692,-7.479487
13683.333,-5.950641,-7.4701924
13700.0,-5.953846,-7.455769
13716.667,-5.9570513,-7.441346
13733.333,-5.9461536,-7.419231
13750.0,-5.9317307,-7.395192
13766.667,-5.9179487,-7.3826923
13783.333,-5.905128,-7.3875
13800.0,-5.8923078,-7.3923078
13816.667,-5.778526,-7.6278844
13833.333,-5.6647434,-7.8634615
13850.0,-5.2134614,-8.9375
13866.667,-4.5371795,-10.570513
13883.333,-3.9929488,-11.877564
13900.0,-3.976923,-11.880769
13916.667,-3.9608974,-11.883974
13933.333,-3.9730768,-11.889103
13950.0,-3.9923077,-11.8947115
13966.667,-4.001923,-11.896474
13983.333,-3.9971154,-11.8924675
14000.0,-3.9923077,-11.888461
14016.667,-3.9089744,-12.882051
14033.333,-3.825641,-13.875641
14050.0,-3.7903845,-14.309615
14066.667,-3.7871795,-14.370513
14083.333,-3.7866988,-14.411538
14100.0,-3.7971153,-14.373077
14116.667,-3.807532,-14.334616
14133.333,-3.8102565,-14.31859
14150.0,-3.8110578,-14.308173
14166.667,-3.8160257,-14.305449
14183.333,-3.8272436,-14.314262
14200.0,-3.8384616,-14.323077
14216.667,-4.9602566,-14.874359
14233.333,-6.0820513,-15.425641
14250.0,-7.6278844,-15.922115
14266.667,-9.45641,-16.382051
14283.333,-10.914103,-16.750961
14300.0,-10.888461,-16.75577
14316.667,-10.862821,-16.760576
14333.333,-10.848718,-16.742308
14350.0,-10.8375,-16.71827
14366.667,-10.828846,-16.702564
14383.333,-10.8240385,-16.69936
14400.0,-10.819231,-16.696154
14416.667,-10.819231,-16.694551
14433.333,-10.819231,-16.69295
14450.0,-10.8158655,-16.695192
14466.667,-10.810256,-16.7
14483.333,-10.80625,-16.700962
14500.0,-10.808654,-16.686539
14516.667,-10.811058,-16.672115
14533.333,-11.097436,-16.81282
14550.0,-11.454807,-16.992308
14566.667,-11.670513,-17.109615
14583.333,-11.6737175,-17.133654
14600.0,-11.676923,-17.157692
14616.667,-11.664103,-17.159294
14633.333,-11.651282,-17.160898
14650.0,-11.64327,-17.159615
14666.667,-11.638461,-17.15641
14683.333,-11.635257,-17.153847
14700.0,-11.638461,-17.153847
14716.667,-11.641666,-17.153847
14733.333,-11.651282,-17.264744
14750.0,-11.6625,-17.403366
14766.667,-11.671795,-17.49391
14783.333,-11.6782055,-17.51234
14800.0,-11.684615,-17.53077
14816.667,-11.68141,-17.53077
14833.333,-11.6782055,-17.53077
14850.0,-11.680769,-17.535578
14866.667,-11.68718,-17.54359
14883.333,-11.695032,-17.551603
14900.0,-11.708653,-17.559616
14916.667,-11.722276,-17.567629
14933.333,-12.095512,-17.575642
14950.0,-12.558654,-17.583654
14966.667,-13.52532,-17.63141
14983.333,-15.247275,-17.738783
15000.0,-16.96923,-17.846153
15016.667,-16.972435,-17.846153
15033.333,-16.975641,-17.846153
15050.0,-16.975962,-17.841827
15066.667,-16.97436,-17.834616
15083.333,-16.972115,-17.829647
15100.0,-16.967308,-17.833654
15116.667,-16.9625,-17.83766
15133.333,-16.960257,-17.83718
15150.0,-16.958654,-17.835577
15166.667,-16.954487,-17.828205
15183.333,-16.946474,-17.81218
15200.0,-16.938461,-17.796154
15216.667,-16.939262,-17.78654
15233.333,-16.940063,-17.776922
15250.0,-16.9125,-16.746155
15266.667,-16.866026,-15.0346155
15283.333,-16.829006,-13.658654
15300.0,-16.829807,-13.625
15316.667,-16.830608,-13.591346
15333.333,-16.832052,-13.6
15350.0,-16.833654,-13.619231
15366.667,-16.832693,-13.638461
15383.333,-16.827885,-13.657692
15400.0,-16.823076,-13.676923
15416.667,-16.81186,-13.6737175
15433.333,-16.80064,-13.670513
15450.0,-16.63077,-13.358654
15466.667,-16.355127,-12.841025
15483.333,-16.066025,-12.158012
15500.0,-15.723077,-10.813461
15516.667,-15.380128,-9.46891
15533.333,-15.302564,-9.176923
15550.0,-15.291347,-9.148077
15566.667,-15.282692,-9.125641
15583.333,-15.2778845,-9.112821
15600.0,-15.273077,-9.1
15616.667,-15.263461,-9.101603
15633.333,-15.253846,-9.103205
15650.0,-15.248077,-9.115385
15666.667,-15.244872,-9.134615
15683.333,-15.244712,-9.100481
15700.0,-15.256731,-8.852884
15716.667,-15.26875,-8.6052885
15733.333,-15.279488,-8.548077
15750.0,-15.289904,-8.538462
15766.667,-15.299359,-8.5323715
15783.333,-15.307372,-8.53157
15800.0,-15.315385,-8.530769
15816.667,-15.326603,-8.533975
15833.333,-15.33782,-8.53718
15850.0,-15.35,-8.541347
15866.667,-15.362821,-8.546154
15883.333,-15.37468,-8.554327
15900.0,-15.382692,-8.575961
15916.667,-15.390705,-8.597596
15933.333,-15.392307,-8.603847
15950.0,-15.392307,-8.60625
15966.667,-15.391026,-8.603205
15983.333,-15.38782,-8.591988
16000.0,-15.384615,-8.58077
16016.667,-15.400641,-8.595994
16033.333,-15.416667,-8.6112175
16050.0,-15.426923,-8.616827
16066.667,-15.433333,-8.616026
16083.333,-15.442307,-8.616987
16100.0,-15.461538,-8.625
16116.667,-15.480769,-8.633013
16133.333,-15.478205,-8.637179
16150.0,-15.470192,-8.640385
16166.667,-15.465705,-8.635898
16183.333,-15.466506,-8.619872
16200.0,-15.467308,-8.603847
16216.667,-15.453686,-8.600641
16233.333,-15.440064,-8.597436
16250.0,-15.433654,-8.601923
16266.667,-15.432052,-8.611539
16283.333,-15.430128,-8.61891
16300.0,-15.426923,-8.617308
16316.667,-15.4237175,-8.6157055
16333.333,-14.967949,-8.528205
16350.0,-14.399038,-8.41923
16366.667,-12.685256,-8.289103
16383.333,-9.254167,-8.127244
16400.0,-5.8230767,-7.9653845
16416.666,-5.857532,-7.918109
16433.334,-5.8919873,-7.8708334
16450.0,-5.9072113,-7.8485575
16466.666,-5.9096155,-7.842949
16483.334,-5.9121795,-7.8403845
16500.0,-5.915385,-7.85
16516.666,-5.9185896,-7.8596153
16533.334,-5.921795,-7.8461537
16550.0,-5.925,-7.826923
16566.666,-5.929487,-7.8115387
16583.334,-5.9358974,-7.8019233
16600.0,-5.9423075,-7.792308
16616.666,-5.938301,-7.773077
16633.334,-5.9342947,-7.753846
16650.0,-5.9403844,-7.7514424
16666.666,-5.953205,-7.7602563
16683.334,-5.960737,-7.762981
16700.0,-5.9471154,-7.7413464
16716.666,-5.9334936,-7.7197113
16733.334,-5.9371796,-7.720513
16750.0,-5.9451923,-7.726923
16766.666,-5.948718,-7.722436
16783.334,-5.945513,-7.7016025
16800.0,-5.9423075,-7.6807694
16816.666,-5.9471154,-7.710417
16833.334,-5.951923,-7.740064
16850.0,-5.945673,-7.73125
16866.666,-5.932051,-7.696795
16883.334,-5.917468,-7.6685896
16900.0,-5.8990383,-7.665385
16916.666,-5.880609,-7.6621795
16933.334,-5.779487,-7.6647434
16950.0,-5.6576924,-7.66875
16966.666,-5.6467366,-7.6628494
16983.334,-5.635781,-7.6569495
17000.0,-5.624825,-7.651049
17016.666,-5.6138697,-7.6451488
17033.334,-5.602914,-7.6392484
17050.0,-5.591958,-7.633348
17066.666,-5.581002,-7.6274476
17083.334,-5.5700464,-7.621547
17100.0,-5.559091,-7.615647
17116.666,-5.5481353,-7.6097465
17133.334,-5.5371795,-7.603846
17150.0,-5.7615385,-7.6134615
17166.666,-5.8852563,-7.5961537
17183.334,-5.8580127,-7.5384617
17200.0,-5.830769,-7.480769
17216.666,-5.8227563,-7.456731
17233.334,-5.8147435,-7.4326925
17250.0,-5.8076925,-7.439423
17266.666,-5.801282,-7.4666667
17283.334,-5.7955127,-7.4910254
17300.0,-5.792308,-7.503846
17316.666,-5.7891026,-7.516667
17333.334,-5.7910256,-7.5076923
17350.0,-5.794231,-7.4932694
17366.666,-5.8076925,-7.4849358
17383.334,-5.8365383,-7.4857373
17400.0,-5.8653846,-7.4865384
17416.666,-5.8733974,-7.5290065
17433.334,-5.88141,-7.5714746
17450.0,-5.878846,-7.5932693
17466.666,-5.8692307,-7.601282
17483.334,-5.8608975,-7.6022434
17500.0,-5.8576922,-7.575
17516.666,-5.854487,-7.547756
17533.334,-5.85,-7.498718
17550.0,-5.8451924,-7.4442306
17566.666,-5.8391027,-7.4038463
17583.334,-5.83109,-7.3846154
17600.0,-5.8230767,-7.3653846
17616.666,-5.8038464,-7.392628
17633.334,-5.7846155,-7.419872
17650.0,-5.7798076,-7.451923
17666.666,-5.7846155,-7.4871793
17683.334,-5.786218,-7.5088143
17700.0,-5.775,-7.4759617
17716.666,-5.763782,-7.443109
17733.334,-5.75,-7.398718
17750.0,-5.735577,-7.3514423
17766.666,-5.724359,-7.3160257
17783.334,-5.717949,-7.2983975
17800.0,-5.7115383,-7.2807693
17816.666,-5.7083335,-7.263141
17833.334,-5.705128,-7.245513
17850.0,-5.703846,-7.233654
17866.666,-5.703846,-7.2256413
17883.334,-5.7,-7.2208333
17900.0,-5.6807694,-7.228846
17916.666,-5.6615386,-7.236859
17933.334,-5.6576924,-7.2448716
17950.0,-5.6576924,-7.2528844
17966.666,-5.664423,-7.2689104
17983.334,-5.68125,-7.296955
18000.0,-5.6980767,-7.325
18016.666,-5.684455,-7.308173
18033.334,-5.670833,-7.291346
18050.0,-5.5600963,-7.3091345
18066.666,-5.3846154,-7.35
18083.334,-5.230609,-7.405609
18100.0,-5.1625,-7.520192
18116.666,-5.094391,-7.6347756
18133.334,-5.076282,-7.6576924
18150.0,-5.070673,-7.6576924
18166.666,-5.0653844,-7.661859
18183.334,-5.060577,-7.6722755
18200.0,-5.0557694,-7.6826925
18216.666,-5.059776,-7.6834936
18233.334,-5.063782,-7.6842947
18250.0,-5.0596156,-7.665385
18266.666,-5.05,-7.633333
18283.334,-5.043269,-7.6099358
18300.0,-5.048077,-7.621154
18316.666,-5.0528846,-7.632372
18333.334,-5.0564103,-7.6282053
18350.0,-5.0596156,-7.6201925
18366.666,-5.0647435,-7.6163464
18383.334,-5.0727563,-7.61875
18400.0,-5.080769,-7.621154
18416.666,-5.074359,-7.6027246
18433.334,-5.067949,-7.584295
18450.0,-5.064423,-7.566827
18466.666,-5.0628204,-7.55
18483.334,-5.061859,-7.5370193
18500.0,-5.0634613,-7.539423
18516.666,-5.065064,-7.5418267
18533.334,-5.0653844,-7.5365386
18550.0,-5.0653844,-7.529327
18566.666,-5.0628204,-7.514423
18583.334,-5.0564103,-7.487981
18600.0,-5.05,-7.4615383
18616.666,-5.05,-7.4326925
18633.334,-5.05,-7.4038463
18650.0,-5.0447116,-7.3798075
18666.666,-5.0358973,-7.3589745
18683.334,-5.029327,-7.342949
18700.0,-5.0317307,-7.3461537
18716.666,-5.0341344,-7.349359
18733.334,-5.046154,-7.351282
18750.0,-5.060577,-7.352885
18766.666,-5.069872,-7.353205
18783.334,-5.0714746,-7.3516026
18800.0,-5.0730767,-7.35
18816.666,-5.08109,-7.29391
18833.334,-5.0891027,-7.2378206
18850.0,-5.0913463,-7.2201924
18866.666,-5.0897436,-7.228205
18883.334,-5.091026,-7.236859
18900.0,-5.103846,-7.248077
18916.666,-5.116667,-7.259295
18933.334,-5.124359,-7.275641
18950.0,-5.1307693,-7.293269
18966.666,-5.1378207,-7.3076925
18983.334,-5.1458335,-7.3173075
19000.0,-5.1538463,-7.326923
19016.666,-5.1522436,-7.3221154
19033.334,-5.150641,-7.3173075
19050.0,-5.146154,-7.3067307
19066.666,-5.139744,-7.292308
19083.334,-5.1346154,-7.2807693
19100.0,-5.1346154,-7.2807693
19116.666,-5.1346154,-7.2807693
19133.334,-5.1358976,-7.2641025
19150.0,-5.1375,-7.2432694
19166.666,-5.1391025,-7.223077
19183.334,-5.140705,-7.203846
19200.0,-5.1423078,-7.1846156
19216.666,-5.3826923,-7.002724
19233.334,-5.623077,-6.820833
19250.0,-5.7163463,-6.741827
19266.666,-5.7115383,-6.73141
19283.334,-5.706731,-6.7240386
19300.0,-5.701923,-6.728846
19316.666,-5.6971154,-6.733654
19333.334,-5.6858974,-6.709615
19350.0,-5.673077,-6.678365
19366.666,-5.6621795,-6.6528845
19383.334,-5.6541667,-6.636058
19400.0,-5.646154,-6.6192307
19416.666,-5.646154,-6.6080127
19433.334,-5.646154,-6.596795
19450.0,-5.65,-6.585577
19466.666,-5.65641,-6.574359
19483.334,-5.665705,-6.56875
19500.0,-5.6865387,-6.585577
19516.666,-5.7073717,-6.6024036
19533.334,-5.703846,-6.6025643
19550.0,-5.6942306,-6.5985575
19566.666,-5.6871796,-6.5942307
19583.334,-5.6839743,-6.589423
19600.0,-5.6807694,-6.584615
19616.666,-6.072596,-4.547756
19633.334,-6.464423,-2.5108974
19650.0,-6.5740385,-1.5855769
19666.666,-6.495513,-1.4012821
19683.334,-6.433173,-1.2567308
19700.0,-6.435577,-1.2711538
19716.666,-6.4379807,-1.2855769
19733.334,-6.432051,-1.2923077
19750.0,-6.4240384,-1.2971153
19766.666,-6.419872,-1.2929487
19783.334,-6.4214745,-1.2753205
19800.0,-6.423077,-1.2576923
19816.666,-6.3990383,-1.2544872
19833.334,-6.375,-1.2512821
19850.0,-6.3644233,-1.2432692
19866.666,-6.3628206,-1.2320513
19883.334,-6.362981,-1.225
19900.0,-6.3701925,-1.2346153
19916.666,-6.3774037,-1.2442307
19933.334,-6.383333,-1.2435898
19950.0,-6.3889422,-1.2403846
19966.666,-6.3903847,-1.2333333
19983.334,-6.3855767,-1.2205129
20000.0,-6.3807693,-1.2076923
20016.666,-6.377564,-1.1932693
20033.334,-6.374359,-1.1788461
20050.0,-6.371154,-1.1629808
20066.666,-6.3679485,-1.1461538
20083.334,-6.3660254,-1.1322116
20100.0,-6.3692307,-1.1298077
20116.666,-6.372436,-1.1274039
20133.334,-6.3782053,-1.1294872
20150.0,-6.3846154,-1.1326923
20166.666,-6.3903847,-1.1320512
20183.334,-6.395192,-1.125641
20200.0,-6.4,-1.1192307
20216.666,-6.4016027,-1.1160257
20233.334,-6.403205,-1.1128205
20250.0,-6.414423,-1.1163461
20266.666,-6.432051,-1.124359
20283.334,-6.4491987,-1.1315705
20300.0,-6.464423,-1.135577
20316.666,-6.4796476,-1.1395833
20333.334,-6.4910254,-1.1358974
20350.0,-6.5014424,-1.1302885
20366.666,-6.5076923,-1.1211538
20383.334,-6.5076923,-1.1067308
20400.0,-6.5076923,-1.0923077
20416.666,-6.498077,-1.076282
20433.334,-6.4884615,-1.0602564
20450.0,-6.477885,-1.0471153
20466.666,-6.4666667,-1.0358975
20483.334,-6.461218,-1.0251603
20500.0,-6.478846,-1.0163461
20516.666,-6.4964743,-1.007532
20533.334,-6.502564,-1.0051283
20550.0,-6.5057693,-1.0043269
20566.666,-6.5096154,-1.0019231
20583.334,-6.514423,-0.9971154
20600.0,-6.519231,-0.99230766
20616.666,-5.770032,-1.1862179
20633.334,-5.0208335,-1.3801283
20650.0,-4.714904,-1.4682692
20666.666,-4.7044873,-1.4858974
20683.334,-4.69391,-1.4951923
20700.0,-4.6826925,-1.4711539
20716.666,-4.6714745,-1.4471154
20733.334,-4.6641026,-1.4358975
20750.0,-4.6576924,-1.4278846
20766.666,-4.650641,-1.4179487
20783.334,-4.642628,-1.4051282
20800.0,-4.6346154,-1.3923076
20816.666,-4.6378207,-1.3963141
20833.334,-4.6410255,-1.4003205
20850.0,-4.6423078,-1.4014423
20866.666,-4.6423078,-1.4006411
20883.334,-4.64359,-1.4022436
20900.0,-4.65,-1.4134616
20916.666,-4.65641,-1.4246795
20933.334,-4.665385,-1.4333333
20950.0,-4.675,-1.4413462
20966.666,-4.679487,-1.4442308
20983.334,-4.676282,-1.4394231
21000.0,-4.673077,-1.4346154
21016.666,-4.669872,-1.413782
21033.334,-4.6666665,-1.3929487
21050.0,-4.666346,-1.3788462
21066.666,-4.6679487,-1.3692307
21083.334,-4.669231,-1.3567308
21100.0,-4.669231,-1.3326923
21116.666,-4.669231,-1.3086538
21133.334,-4.673077,-1.301282
21150.0,-4.6778846,-1.2980769
21166.666,-4.6807694,-1.3070513
21183.334,-4.6807694,-1.3342949
21200.0,-4.6807694,-1.3615384
21216.666,-4.6935897,-1.3815705
21233.334,-4.7064104,-1.4016025
21250.0,-4.710577,-1.4048077
21266.666,-4.7089744,-1.3967949
21283.334,-4.707692,-1.3870193
21300.0,-4.707692,-1.3701923
21316.666,-4.707692,-1.3533654
21333.334,-4.7025642,-1.3288461
21350.0,-4.6961536,-1.3024038
21366.666,-4.6942306,-1.2907051
21383.334,-4.6990385,-1.3011218
21400.0,-4.703846,-1.3115385
21416.666,-4.6990385,-1.2858975
21433.334,-4.6942306,-1.2602564
21450.0,-4.691346,-1.2533654
21466.666,-4.6897435,-1.2589743
21483.334,-4.6891026,-1.2610577
21500.0,-4.6923075,-1.2490385
21516.666,-4.695513,-1.2370192
21533.334,-4.6410255,-1.1089743
21550.0,-4.5721154,-0.9519231
21566.666,-4.5333333,-0.86153847
21583.334,-4.5397434,-0.87115383
21600.0,-4.546154,-0.88076925
21616.666,-4.530128,-0.88076925
21633.334,-4.5141025,-0.88076925
21650.0,-4.4990387,-0.8625
21666.666,-4.4846153,-0.8320513
21683.334,-4.4738784,-0.8096154
21700.0,-4.477885,-0.8192308
21716.666,-4.481891,-0.82884616
21733.334,-4.479487,-0.82051283
21750.0,-4.4754806,-0.8076923
21766.666,-4.4846153,-0.79935896
21783.334,-4.5134616,-0.79775643
21800.0,-4.542308,-0.79615384
21816.666,-4.5535254,-0.7969551
21833.334,-4.5647435,-0.79775643
21850.0,-4.5653844,-0.7841346
21866.666,-4.5589743,-0.76089746
21883.334,-4.5535254,-0.7400641
21900.0,-4.5519233,-0.72884613
21916.666,-4.5503206,-0.7176282
21933.334,-4.5602565,-0.7237179
21950.0,-4.5730767,-0.7341346
21966.666,-4.5833335,-0.7375
21983.334,-4.5897436,-0.73028845
22000.0,-4.5961537,-0.72307694
22016.666,-4.5849357,-0.7310898
22033.334,-4.573718,-0.73910254
22050.0,-4.5653844,-0.74038464
22066.666,-4.5589743,-0.73717946
22083.334,-4.55609,-0.7342949
22100.0,-4.5673075,-0.7326923
22116.666,-4.5785255,-0.7310898
22133.334,-4.326923,-0.7307692
22150.0,-4.0096154,-0.7307692
22166.666,-2.501282,-0.9410256
22183.334,0.7935898,-1.4666667
22200.0,4.0884614,-1.9923077
22216.666,4.0483975,-1.961859
22233.334,4.008333,-1.9314103
22250.0,3.9913461,-1.9096154
22266.666,3.9897435,-1.8935897
22283.334,3.9945512,-1.8801283
22300.0,4.025,-1.8769231
22316.666,4.0554485,-1.8737179
22333.334,4.0641026,-1.8961538
22350.0,4.0673075,-1.925
22366.666,4.0711536,-1.9448718
22383.334,4.0759616,-1.951282
22400.0,4.080769,-1.9576923
22416.666,4.0727563,-1.9504808
22433.334,4.0647435,-1.9432693
22450.0,4.0538464,-1.9370192
22466.666,4.0410256,-1.9314103
22483.334,4.0288463,-1.9256411
22500.0,4.019231,-1.9192308
22516.666,4.0096154,-1.9128205
22533.334,4.00641,-1.8897436
22550.0,4.0048075,-1.8625
22566.666,4.0022435,-1.8464744
22583.334,3.9982371,-1.8472756
22600.0,3.9942307,-1.8480769
22616.666,3.9854167,-1.8360577
22633.334,3.9766026,-1.8240385
22650.0,3.9875,-1.8201923
22666.666,4.0115385,-1.8217949
22683.334,4.029487,-1.8253205
22700.0,4.023077,-1.8365384
22716.666,4.016667,-1.8477564
22733.334,4.004487,-1.851282
22750.0,3.9908655,-1.8528847
22766.666,3.9814103,-1.8532051
22783.334,3.9782052,-1.8516026
22800.0,3.975,-1.85
22816.666,3.9822116,-1.8459936
22833.334,3.989423,-1.8419871
22850.0,3.9884615,-1.8216347
22866.666,3.9820514,-1.7903847
22883.334,4.0259614,-1.7445513
22900.0,4.271154,-1.6403847
22916.666,4.516346,-1.5362179
22933.334,4.5711536,-1.5153847
22950.0,4.5783653,-1.5153847
22966.666,4.58109,-1.5169872
22983.334,4.577083,-1.5209936
23000.0,4.5730767,-1.525
23016.666,4.565064,-1.5097756
23033.334,4.557051,-1.4945513
23050.0,4.5528846,-1.4913461
23066.666,4.551282,-1.4961538
23083.334,4.548077,-1.4948717
23100.0,4.5384617,-1.4692308
23116.666,4.5288463,-1.4435897
23133.334,4.516667,-1.4564103
23150.0,4.503846,-1.4788462
23166.666,4.490705,-1.4967948
23183.334,4.477083,-1.5080128
23200.0,4.4634614,-1.5192307
23216.666,4.469872,-1.5080128
23233.334,4.476282,-1.4967948
23250.0,4.4793267,-1.4875
23266.666,4.4801283,-1.4794872
23283.334,4.4801283,-1.4772435
23300.0,4.476923,-1.4980769
23316.666,4.473718,-1.5189103
23333.334,4.455128,-1.5256411
23350.0,4.4326925,-1.5288461
23366.666,4.4179487,-1.5307692
23383.334,4.4147434,-1.5307692
23400.0,4.4115386,-1.5307692
23416.666,4.4339743,-1.5259615
23433.334,4.4564104,-1.5211538
23450.0,4.460577,-1.5216346
23466.666,4.4525642,-1.5256411
23483.334,4.442949,-1.530609
23500.0,4.4269233,-1.5394231
23516.666,4.4108973,-1.5482372
23533.334,4.426282,-1.5448718
23550.0,4.449519,-1.5384616
23566.666,4.458654,-1.5410256
23583.334,4.446635,-1.5570513
23600.0,4.4346156,-1.573077
23616.666,4.428205,-1.5570513
23633.334,4.421795,-1.5410256
23650.0,4.423077,-1.5336539
23666.666,4.429487,-1.5320513
23683.334,4.4365387,-1.5288461
23700.0,4.4461536,-1.5192307
23716.666,4.455769,-1.5096154
23733.334,4.4564104,-1.5089743
23750.0,4.4548078,-1.510577
23766.666,4.4480767,-1.5083333
23783.334,4.433654,-1.5003206
23800.0,4.419231,-1.4923077
23816.666,4.411218,-1.4858974
23833.334,4.403205,-1.4794872
23850.0,4.401923,-1.4692308
23866.666,4.405128,-1.4564103
23883.334,4.4094553,-1.4434295
23900.0,4.418269,-1.4298077
23916.666,4.4270835,-1.4161859
23933.334,4.432051,-1.4185897
23950.0,4.4360576,-1.425
23966.666,4.433013,-1.4266026
23983.334,4.419391,-1.4209936
24000.0,4.4057693,-1.4153847
24016.666,4.2983975,-1.4386218
24033.334,4.1910257,-1.461859
24050.0,4.1447115,-1.4706731
24066.666,4.1391025,-1.4698718
24083.334,4.135096,-1.4621795
24100.0,4.1375,-1.426923
24116.666,4.139904,-1.3916667
24133.334,4.1346154,-1.3717948
24150.0,4.1274037,-1.3557693
24166.666,4.123077,-1.3551282
24183.334,4.123077,-1.3775641
24200.0,4.123077,-1.4
24216.666,4.1198716,-1.3903847
24233.334,4.116667,-1.3807693
24250.0,4.1153846,-1.3807693
24266.666,4.1153846,-1.3871795
24283.334,4.224359,-1.5557692
24300.0,4.769231,-2.373077
24316.666,5.3141026,-3.1903846
24333.334,5.652564,-5.0153847
24350.0,5.939423,-7.0923076
24366.666,6.098718,-8.334936
24383.334,6.0666666,-8.326121
24400.0,6.0346155,-8.317307
24416.666,6.03141,-8.29968
24433.334,6.028205,-8.282051
24450.0,6.0259614,-8.265865
24466.666,6.0243587,-8.250641
24483.334,6.0227566,-8.236859
24500.0,6.021154,-8.228847
24516.666,6.0195513,-8.220834
24533.334,6.0198717,-8.211538
24550.0,6.0206733,-8.201923
24566.666,6.0195513,-8.18718
24583.334,6.015545,-8.164743
24600.0,6.0115385,-8.142307
24616.666,6.0067306,-8.122275
24633.334,6.001923,-8.102243
24650.0,6.0,-8.091827
24666.666,6.0,-8.08782
24683.334,5.9996796,-8.079006
24700.0,5.998077,-8.0509615
24716.666,5.9964743,-8.022917
24733.334,5.972436,-8.137179
24750.0,5.9427886,-8.287019
24766.666,5.9224358,-8.376282
24783.334,5.9160256,-8.37468
24800.0,5.9096155,-8.373077
24816.666,5.9152246,-8.397116
24833.334,5.920833,-8.421154
24850.0,5.919231,-8.418269
24866.666,5.9128203,-8.397436
24883.334,5.910577,-8.389744
24900.0,5.925,-8.434615
24916.666,5.939423,-8.479487
24933.334,5.9403844,-8.485256
24950.0,5.9379807,-8.48125
24966.666,5.9346156,-8.477884
24983.334,5.9298077,-8.475481
25000.0,5.925,-8.473077
25016.666,5.920994,-8.461859
25033.334,5.916987,-8.450641
25050.0,5.918269,-8.443269
25066.666,5.923077,-8.438461
25083.334,5.9259615,-8.43782
25100.0,5.921154,-8.453846
25116.666,5.916346,-8.4698715
25133.334,5.917308,-8.479487
25150.0,5.9197116,-8.4875
25166.666,5.9201922,-8.496154
25183.334,5.9177885,-8.505769
25200.0,5.915385,-8.515385
25216.666,5.9121795,-8.50016
25233.334,5.908974,-8.484936
25250.0,8.056731,-8.488942
25266.666,11.638461,-8.505769
25283.334,14.495833,-8.516346
25300.0,14.45577,-8.501923
25316.666,14.415705,-8.4875
25333.334,14.388461,-8.475641
25350.0,14.364423,-8.464423
25366.666,14.351923,-8.441667
25383.334,14.35673,-8.401603
25400.0,14.361539,-8.361539
25416.666,14.382372,-8.385577
25433.334,14.403205,-8.4096155
25450.0,14.414423,-8.418269
25466.666,14.41923,-8.416667
25483.334,14.422115,-8.414743
25500.0,14.417308,-8.411538
25516.666,14.4125,-8.408334
25533.334,14.408975,-8.402564
25550.0,14.405769,-8.396153
25566.666,14.403846,-8.394872
25583.334,14.403846,-8.401282
25600.0,14.403846,-8.407692
25616.666,11.669871,-8.529488
25633.334,8.935898,-8.651282
25650.0,7.4259615,-8.7153845
25666.666,6.7320514,-8.741026
25683.334,6.177564,-8.757051
25700.0,6.1807694,-8.734615
25716.666,6.1839743,-8.712179
25733.334,6.1923075,-8.71282
25750.0,6.201923,-8.719231
25766.666,6.205769,-8.71282
25783.334,6.2009616,-8.68718
25800.0,6.1961536,-8.661538
25816.666,6.2025642,-8.663141
25833.334,6.2089744,-8.664743
25850.0,6.207692,-8.655289
25866.666,6.201282,-8.638461
25883.334,6.1964746,-8.626442
25900.0,6.1980767,-8.633654
25916.666,6.1996794,-8.640865
25933.334,6.2,-8.660256
25950.0,6.2,-8.682693
25966.666,6.1935897,-8.688141
25983.334,6.177564,-8.668109
26000.0,6.1615386,-8.648077
26016.666,6.171154,-8.658494
26033.334,6.1807694,-8.66891
26050.0,6.1875,-8.686539
26066.666,6.1923075,-8.708974
26083.334,6.195673,-8.719711
26100.0,6.1932693,-8.683654
26116.666,6.1908655,-8.647596
26133.334,6.1897435,-8.625641
26150.0,6.1889424,-8.607211
26166.666,6.1910257,-8.594231
26183.334,6.197436,-8.589423
26200.0,6.203846,-8.584616
26216.666,6.2070513,-8.595834
26233.334,6.2102566,-8.607051
26250.0,6.210577,-8.6
26266.666,6.2089744,-8.58077
26283.334,6.0373397,-8.326763
26300.0,5.185577,-7.1336536
26316.666,4.333814,-5.940545
26333.334,4.175,-4.205128
26350.0,4.189423,-2.3341346
26366.666,4.190064,-1.2160256
26383.334,4.170032,-1.2272435
26400.0,4.15,-1.2384615
26416.666,4.1307693,-1.2512821
26433.334,4.1115384,-1.2641026
26450.0,4.1009617,-1.2625
26466.666,4.0961537,-1.2512821
26483.334,4.091987,-1.2407051
26500.0,4.0903845,-1.2326924
26516.666,4.088782,-1.2246795
26533.334,4.09359,-1.2089744
26550.0,4.1,-1.1913462
26566.666,4.1006413,-1.1801282
26583.334,4.092628,-1.1785257
26600.0,4.084615,-1.176923
26616.666,4.092628,-1.1721153
26633.334,4.1006413,-1.1673077
26650.0,4.1076922,-1.1663462
26666.666,4.1141024,-1.1679487
26683.334,4.11859,-1.1682693
26700.0,4.1153846,-1.1634616
26716.666,4.1121793,-1.1586539
26733.334,4.1089745,-1.1615385
26750.0,4.105769,-1.1663462
26766.666,4.1006413,-1.1660256
26783.334,4.092628,-1.1580129
26800.0,4.084615,-1.15
26816.666,4.083814,-1.1435897
26833.334,4.083013,-1.1371795
26850.0,4.078846,-1.1192307
26866.666,4.072436,-1.0935898
26883.334,4.0649037,-1.0788461
26900.0,4.0528846,-1.1076924
26916.666,4.0408654,-1.1365385
26933.334,4.0397434,-1.1320512
26950.0,4.041346,-1.1192307
26966.666,4.0416665,-1.1230769
26983.334,4.0400643,-1.1519231
27000.0,4.0384617,-1.1807692
27016.666,4.1746793,-1.3201923
27033.334,4.3108974,-1.4596153
27050.0,4.834615,-3.3514423
27066.666,5.616667,-6.4115386
27083.334,6.2285256,-8.872115
27100.0,6.1596155,-8.934615
27116.666,6.090705,-8.997115
27133.334,6.0730767,-9.024359
27150.0,6.0682693,-9.0427885
27166.666,6.061218,-9.051282
27183.334,6.0508013,-9.044871
27200.0,6.040385,-9.038462
27216.666,6.0347757,-9.020833
27233.334,6.0291667,-9.003205
27250.0,6.027404,-8.997596
27266.666,6.028205,-9.0
27283.334,6.0302887,-9.007372
27300.0,6.0375,-9.0346155
27316.666,6.0447116,-9.061859
27333.334,6.0410256,-9.047436
27350.0,6.0346155,-9.022596
27366.666,4.6121793,-8.778846
27383.334,1.0657052,-8.206731
27400.0,-2.4807692,-7.6346154
27416.666,-3.7139423,-7.4358974
27433.334,-4.9471154,-7.2371793
27450.0,-5.4302883,-7.1538463
27466.666,-5.4134617,-7.1474357
27483.334,-5.3991985,-7.1485577
27500.0,-5.395192,-7.1798077
27516.666,-5.3911858,-7.2110577
27533.334,-5.3858976,-7.209615
27550.0,-5.3802886,-7.2
27566.666,-5.377564,-7.1935897
27583.334,-5.3791666,-7.191987
27600.0,-5.3807693,-7.1903844
27616.666,-5.3839746,-7.1639423
27633.334,-5.3871794,-7.1375
27650.0,-5.3923078,-7.125
27666.666,-5.398718,-7.1217947
27683.334,-5.403526,-7.1125
27700.0,-5.401923,-7.078846
27716.666,-5.4003205,-7.0451922
27733.334,-5.3923078,-7.042308
27750.0,-5.3826923,-7.0471153
27766.666,-5.376923,-7.052564
27783.334,-5.376923,-7.0589743
27800.0,-5.376923,-7.0653844
27816.666,-5.383333,-7.083013
27833.334,-5.389744,-7.1006413
27850.0,-5.4033656,-7.1163464
27866.666,-5.421795,-7.1307693
27883.334,-5.438782,-7.141667
27900.0,-5.45,-7.1384616
27916.666,-5.461218,-7.1352563
27933.334,-5.4666667,-7.123077
27950.0,-5.470673,-7.108654
27966.666,-5.476923,-7.09359
27983.334,-5.4865384,-7.0775642
28000.0,-5.496154,-7.0615387
28016.666,-5.5041666,-7.054327
28033.334,-5.5121794,-7.0471153
28050.0,-5.5206733,-7.044231
28066.666,-5.529487,-7.044231
28083.334,-5.539263,-7.04391
28100.0,-5.5528846,-7.042308
28116.666,-5.5665064,-7.040705
28133.334,-5.5711536,-7.0307693
28150.0,-5.573558,-7.01875
28166.666,-5.5714746,-7.0096154
28183.334,-5.56266,-7.0048075
28200.0,-5.5538464,-7.0
28216.666,-5.5554485,-6.9967947
28233.334,-5.557051,-6.99359
28250.0,-5.564423,-6.9932694
28266.666,-5.575641,-6.9948716
28283.334,-4.6879807,-7.150641
28300.0,-0.2048077,-7.923077
28316.666,4.2783656,-8.695513
28333.334,5.271154,-8.852564
28350.0,5.391346,-8.855769
28366.666,5.4397435,-8.854167
28383.334,5.380449,-8.845352
28400.0,5.3211536,-8.836538
28416.666,5.31875,-8.847756
28433.334,5.316346,-8.858974
28450.0,5.3182693,-8.854327
28466.666,5.3230767,-8.839103
28483.334,5.324359,-8.823718
28500.0,5.3115387,-8.807693
28516.666,5.298718,-8.791667
28533.334,5.305128,-8.808974
28550.0,5.316346,-8.834616
28566.666,5.3285255,-8.852564
28583.334,5.3421474,-8.858974
28600.0,5.355769,-8.865385
28616.666,5.5905447,-8.709936
28633.334,5.8253207,-8.554487
28650.0,5.9240384,-8.492308
28666.666,5.932051,-8.492308
28683.334,5.936859,-8.486539
28700.0,5.9288464,-8.457692
28716.666,5.920833,-8.428846
28733.334,5.923077,-8.435898
28750.0,5.9278846,-8.451923
28766.666,5.9288464,-8.453846
28783.334,5.9240384,-8.434615
28800.0,5.919231,-8.415384
28816.666,5.9272437,-8.444231
28833.334,5.9352565,-8.473077
28850.0,5.9432693,-8.470192
28866.666,5.951282,-8.446154
28883.334,6.323558,-8.40641
28900.0,8.1528845,-8.303846
28916.666,9.982211,-8.2012825
28933.334,11.926923,-8.092949
28950.0,13.900481,-7.983173
28966.666,15.0487175,-7.915385
28983.334,14.958974,-7.910577
29000.0,14.869231,-7.9057693
29016.666,14.85,-7.901763
29033.334,14.83077,-7.8977566
29050.0,14.829807,-7.9096155
29066.666,14.841025,-7.932051
29083.334,14.849359,-7.948558
29100.0,14.846154,-7.941346
29116.666,14.842949,-7.9341345
29133.334,14.85,-7.932051
29150.0,14.859615,-7.93125
29166.666,14.871154,-7.930128
29183.334,14.885577,-7.9285254
29200.0,14.9,-7.9269233
29216.666,14.898397,-7.9317307
29233.334,14.896795,-7.9365387
29250.0,14.896153,-7.935577
29266.666,14.896153,-7.9307694
29283.334,14.896795,-7.9253206
29300.0,14.9,-7.917308
29316.666,14.903205,-7.909295
29333.334,14.911538,-7.915385
29350.0,14.921154,-7.925
29366.666,14.922436,-7.921154
29383.334,14.911218,-7.897115
29400.0,14.9,-7.873077
29416.666,14.89359,-7.860256
29433.334,14.887179,-7.847436
29450.0,14.873077,-7.825
29466.666,14.853847,-7.796154
29483.334,14.838622,-7.7759614
29500.0,14.839423,-7.790385
29516.666,14.840224,-7.8048077
29533.334,13.641026,-7.9128203
29550.0,12.141827,-8.04423
29566.666,10.461859,-8.199359
29583.334,8.510737,-8.390064
29600.0,6.5596156,-8.58077
29616.666,6.563622,-8.585577
29633.334,6.5676284,-8.5903845
29650.0,6.576923,-8.605769
29666.666,6.5897436,-8.628205
29683.334,6.6006413,-8.645192
29700.0,6.603846,-8.640385
29716.666,6.6070514,-8.635577
29733.334,6.603846,-8.616667
29750.0,6.5990386,-8.594231
29766.666,6.5961537,-8.5762825
29783.334,6.5961537,-8.565064
29800.0,6.5961537,-8.553846
29816.666,6.5977564,-8.533012
29833.334,6.599359,-8.512179
29850.0,6.601923,-8.492308
29866.666,6.6051283,-8.473077
29883.334,6.5195513,-8.37468
29900.0,6.078846,-7.959615
29916.666,5.638141,-7.5445514
29933.334,5.516667,-7.375641
29950.0,5.475,-7.268269
29966.666,5.4525642,-7.203846
29983.334,5.4589744,-7.203846
30000.0,5.4653845,-7.203846
30016.666,5.460577,-7.2102566
30033.334,5.455769,-7.2166667
30050.0,5.455769,-7.2192307
30066.666,5.4589744,-7.2192307
30083.334,5.4621797,-7.2182693
30100.0,5.4653845,-7.2134614
30116.666,5.46859,-7.208654
30133.334,5.4647436,-7.1865387
30150.0,5.4591346,-7.160096
30166.666,5.458013,-7.1439104
30183.334,5.4636216,-7.143109
30200.0,5.4692307,-7.1423078
30216.666,5.4772434,-7.148718
30233.334,5.485256,-7.155128
30250.0,5.4894233,-7.1701922
30266.666,5.4910254,-7.1910257
30283.334,5.4910254,-7.205128
30300.0,5.4846153,-7.1923075
30316.666,5.478205,-7.179487
30333.334,5.4756413,-7.173077
30350.0,5.4740386,-7.168269
30366.666,5.474359,-7.159295
30383.334,5.4775643,-7.1440706
30400.0,5.480769,-7.128846
30416.666,5.4775643,-7.1152244
30433.334,5.474359,-7.1016026
30450.0,5.4711537,-7.0903845
30466.666,5.467949,-7.080769
30483.334,5.4666667,-7.0727563
30500.0,5.473077,-7.0711536
30516.666,5.479487,-7.0695515
30533.334,5.483333,-7.0820513
30550.0,5.4865384,-7.098077
30566.666,5.313782,-7.150641
30583.334,4.8770833,-7.258013
30600.0,4.4403844,-7.3653846
30616.666,4.4315705,-7.363782
30633.334,4.422756,-7.3621793
30650.0,4.4168267,-7.358654
30666.666,4.4128203,-7.353846
30683.334,4.4078526,-7.352885
30700.0,4.3990383,-7.3673077
30716.666,4.3902245,-7.3817306
30733.334,4.398718,-7.3871794
30750.0,4.4115386,-7.3903847
30766.666,4.416987,-7.390705
30783.334,4.4113784,-7.3866987
30800.0,4.4057693,-7.3826923
30816.666,4.3921475,-7.3883014
30833.334,4.3785257,-7.3939104
30850.0,4.3663464,-7.395192
30866.666,4.3551283,-7.39359
30883.334,4.3461537,-7.3900642
30900.0,4.3461537,-7.378846
30916.666,4.3461537,-7.367628
30933.334,4.3551283,-7.353846
30950.0,4.3663464,-7.339423
30966.666,4.374359,-7.3195515
30983.334,4.377564,-7.2915063
31000.0,4.3807693,-7.2634616
31016.666,4.3791666,-7.3011217
31033.334,4.377564,-7.338782
31050.0,4.3759613,-7.354808
31066.666,4.374359,-7.35641
31083.334,4.3766026,-7.353846
31100.0,4.394231,-7.334615
31116.666,4.411859,-7.3153844
31133.334,4.4128203,-7.3064103
31150.0,4.4096155,-7.3
31166.666,4.4102564,-7.292308
31183.334,4.4166665,-7.2826924
31200.0,4.423077,-7.273077
31216.666,4.418269,-7.2634616
31233.334,4.4134617,-7.253846
31250.0,4.416346,-7.2586536
31266.666,4.424359,-7.273077
31283.334,4.1035256,-7.288782
31300.0,2.4673078,-7.3096156
31316.666,0.83108974,-7.3304486
31333.334,-1.2730769,-7.3910255
31350.0,-3.4942307,-7.4615383
31366.666,-4.828205,-7.5141025
31383.334,-4.8314104,-7.5397434
31400.0,-4.834615,-7.5653844
31416.666,-4.841026,-7.5557694
31433.334,-4.847436,-7.546154
31450.0,-4.85,-7.5384617
31466.666,-4.85,-7.532051
31483.334,-4.9432693,-7.522115
31500.0,-5.4096155,-7.498077
31516.666,-5.8759613,-7.4740386
31533.334,-5.9756413,-7.457692
31550.0,-5.983654,-7.4432693
31566.666,-5.9865384,-7.426282
31583.334,-5.981731,-7.405449
31600.0,-5.976923,-7.3846154
31616.666,-5.9801283,-7.3878207
31633.334,-5.983333,-7.3910255
31650.0,-5.9826922,-7.393269
31666.666,-5.979487,-7.3948717
31683.334,-5.9759617,-7.396154
31700.0,-5.9711537,-7.396154
31716.666,-5.9663463,-7.396154
31733.334,-5.971795,-7.402564
31750.0,-5.979808,-7.410577
31766.666,-5.9826922,-7.4166665
31783.334,-5.977885,-7.419872
31800.0,-5.973077,-7.423077
31816.666,-5.977885,-7.429487
31833.334,-5.9826922,-7.4358974
31850.0,-5.983654,-7.433654
31866.666,-5.9820514,-7.425641
31883.334,-5.9820514,-7.419231
31900.0,-5.9884615,-7.419231
31916.666,-5.9948716,-7.419231
31933.334,-5.997436,-7.415385
31950.0,-5.9990387,-7.410577
31966.666,-5.997436,-7.40641
31983.334,-5.9910254,-7.403205
32000.0,-5.9846153,-7.4
32016.666,-5.9846153,-7.4016027
32033.334,-5.9846153,-7.403205
32050.0,-5.976923,-7.391346
32066.666,-5.9641027,-7.370513
32083.334,-6.3636217,-7.363141
32100.0,-8.4125,-7.4096155
32116.666,-10.461378,-7.45609
32133.334,-12.460257,-7.5326924
32150.0,-14.446634,-7.616827
32166.666,-15.626282,-7.6971154
32183.334,-15.595834,-7.7716346
32200.0,-15.565385,-7.8461537
32216.666,-15.560577,-7.85016
32233.334,-15.555769,-7.8541665
32250.0,-15.558654,-7.8322115
32266.666,-15.566667,-7.7929487
32283.334,-15.572436,-7.7660255
32300.0,-15.569231,-7.7884617
32316.666,-15.566026,-7.8108974
32333.334,-15.563461,-7.805128
32350.0,-15.561058,-7.792308
32366.666,-15.608654,-7.9288464
32383.334,-15.73125,-8.289423
32400.0,-15.853847,-8.65
32416.666,-15.853847,-8.658012
32433.334,-15.853847,-8.666026
32450.0,-15.861539,-8.680769
32466.666,-15.874359,-8.7
32483.334,-15.885737,-8.717789
32500.0,-15.891346,-8.729808
32516.666,-15.8969555,-8.741827
32533.334,-15.9051285,-8.742308
32550.0,-15.913942,-8.739903
32566.666,-15.922436,-8.745193
32583.334,-15.930449,-8.762019
32600.0,-15.938461,-8.778846
32616.666,-15.947276,-8.765224
32633.334,-15.95609,-8.751602
32650.0,-15.964904,-8.759615
32666.666,-15.973718,-8.782051
32683.334,-15.983654,-8.801282
32700.0,-15.998077,-8.807693
32716.666,-16.0125,-8.814102
32733.334,-16.017948,-8.835897
32750.0,-16.021154,-8.861539
32766.666,-16.016987,-8.866346
32783.332,-16.001762,-8.839904
32800.0,-15.986539,-8.813461
32816.668,-15.976122,-8.805449
32833.332,-15.965705,-8.797436
32850.0,-16.027885,-8.639904
32866.668,-16.138462,-8.382692
32883.332,-16.225962,-8.176923
32900.0,-16.221153,-8.176923
32916.668,-16.216347,-8.176923
32933.332,-16.20641,-8.175641
32950.0,-16.195192,-8.174039
32966.668,-16.18141,-8.164423
32983.332,-16.163782,-8.142789
33000.0,-16.146154,-8.121154
33016.668,-13.702244,-7.7565703
33033.332,-11.258333,-7.3919873
33050.0,-9.259134,-7.167308
33066.668,-7.5564103,-7.0358973
33083.332,-6.204327,-6.927564
33100.0,-6.2548075,-6.9115386
33116.668,-6.3052883,-6.895513
33133.332,-6.298718,-6.9
33150.0,-6.2778845,-6.9096155
33166.668,-6.2641025,-6.9121795
33183.332,-6.2608976,-6.9041667
33200.0,-6.2576923,-6.896154
33216.668,-6.251282,-6.908173
33233.332,-6.2448716,-6.9201922
33250.0,-6.2360578,-6.925481
33266.668,-6.2256413,-6.926282
33283.332,-6.21875,-6.923718
33300.0,-6.2259617,-6.9076924
33316.668,-6.233173,-6.891667
33333.332,-6.2410254,-6.905128
33350.0,-6.2490387,-6.9259615
33366.668,-6.252564,-6.941987
33383.332,-6.249359,-6.9508014
33400.0,-6.246154,-6.959615
33416.668,-6.2509613,-6.966827
33433.332,-6.2557693,-6.9740386
33450.0,-6.2548075,-6.9653845
33466.668,-6.25,-6.9461536
33483.332,-6.247436,-6.930128
33500.0,-6.253846,-6.9269233
33516.668,-6.2602563,-6.923718
33533.332,-6.098718,-7.752564
33550.0,-5.895192,-8.789423
33566.668,-5.775641,-9.439102
33583.332,-5.782051,-9.508013
33600.0,-5.7884617,-9.576923
33616.668,-5.7916665,-9.557693
33633.332,-5.794872,-9.538462
33650.0,-5.7971153,-9.5197115
33666.668,-5.798718,-9.501282
33683.332,-5.800641,-9.480929
33700.0,-5.8038464,-9.452885
33716.668,-5.807051,-9.42484
33733.332,-5.8089743,-9.41859
33750.0,-5.810577,-9.4177885
33766.668,-5.8121796,-9.410577
33783.332,-5.813782,-9.39375
33800.0,-5.8153844,-9.376923
33816.668,-7.1006413,-9.1157055
33833.332,-8.385898,-8.854487
33850.0,-10.805769,-8.401923
33866.668,-13.982051,-7.821795
33883.332,-16.522757,-7.365064
33900.0,-16.521154,-7.401923
33916.668,-16.519552,-7.438782
33933.332,-16.528206,-7.4653845
33950.0,-16.539423,-7.4894233
33966.668,-16.541025,-7.5032053
33983.332,-16.528206,-7.5016026
34000.0,-16.515385,-7.5
34016.668,-16.520193,-7.5208335
34033.332,-16.525,-7.5416665
34050.0,-16.513462,-7.544231
34066.668,-16.491026,-7.5346155
34083.332,-16.475,-7.528526
34100.0,-16.484615,-7.5365386
34116.668,-16.49423,-7.5445514
34133.332,-16.497437,-7.5410256
34150.0,-16.499039,-7.5346155
34166.668,-16.49936,-7.5384617
34183.332,-16.497757,-7.5576925
34200.0,-16.496155,-7.576923
34216.668,-16.472115,-7.548077
34233.332,-16.448076,-7.519231
34250.0,-16.438461,-7.5173078
34266.668,-16.438461,-7.5333333
34283.332,-16.451443,-7.499359
34300.0,-16.516346,-7.2653847
34316.668,-16.58125,-7.03141
34333.332,-16.594872,-6.828205
34350.0,-16.595673,-6.6326923
34366.668,-16.602564,-6.519231
34383.332,-16.61859,-6.5288463
34400.0,-16.634615,-6.5384617
34416.668,-16.642628,-6.5649037
34433.332,-16.65064,-6.5913463
34450.0,-16.65096,-6.597596
34466.668,-16.646154,-6.5903845
34483.332,-16.638783,-6.584615
34500.0,-16.621155,-6.584615
34516.668,-16.603525,-6.584615
34533.332,-16.59359,-6.5833335
34550.0,-16.585577,-6.581731
34566.668,-16.564102,-6.580128
34583.332,-16.522436,-6.5785255
34600.0,-16.48077,-6.576923
34616.668,-15.655449,-6.955128
34633.332,-14.830129,-7.3333335
34650.0,-14.51298,-7.4942307
34666.668,-14.5346155,-7.5102563
34683.332,-14.555288,-7.526282
34700.0,-14.572115,-7.542308
34716.668,-14.588943,-7.5583334
34733.332,-14.584616,-7.553205
34750.0,-14.575,-7.5427885
34766.668,-14.569231,-7.5336537
34783.332,-14.569231,-7.5264425
34800.0,-14.569231,-7.519231
34816.668,-14.575641,-7.5224357
34833.332,-14.582051,-7.525641
34850.0,-14.588462,-7.5206733
34866.668,-14.5948715,-7.5102563
34883.332,-14.600321,-7.504327
34900.0,-14.601923,-7.516346
34916.668,-14.603526,-7.5283656
34933.332,-14.602564,-7.5346155
34950.0,-14.600962,-7.539423
34966.668,-14.499359,-7.538782
34983.332,-14.247756,-7.529968
35000.0,-13.996154,-7.521154
35016.668,-10.685256,-7.634135
35033.332,-7.374359,-7.7471156
35050.0,-6.0951924,-7.7884617
35066.668,-6.1705127,-7.782051
35083.332,-6.23141,-7.7788463
35100.0,-6.2346153,-7.7884617
35116.668,-6.2378206,-7.798077
35133.332,-6.226923,-7.798718
35150.0,-6.2125,-7.7971153
35166.668,-6.203846,-7.799359
35183.332,-6.203846,-7.8073716
35200.0,-6.203846,-7.8153844
35216.668,-6.200641,-7.8073716
35233.332,-6.197436,-7.799359
35250.0,-6.1947117,-7.7927885
35266.668,-6.1923075,-7.7871795
35283.332,-6.193109,-7.7828526
35300.0,-6.206731,-7.7836537
35316.668,-6.2203526,-7.7844553
35333.332,-6.221795,-7.7641025
35350.0,-6.2201924,-7.7384615
35366.668,-6.21859,-7.7147436
35383.332,-6.216987,-7.69391
35400.0,-6.2153845,-7.673077
35416.668,-6.210577,-7.6858974
35433.332,-6.205769,-7.698718
35450.0,-6.316346,-7.708654
35466.668,-6.503846,-7.7166667
35483.332,-7.3958335,-7.7615385
35500.0,-11.105769,-7.953846
35516.668,-14.815705,-8.146153
35533.332,-15.555128,-8.221795
35550.0,-15.551923,-8.26827
35566.668,-15.543269,-8.295193
35583.332,-15.526443,-8.2927885
35600.0,-15.509615,-8.290384
35616.668,-15.499199,-8.25593
35633.332,-15.488782,-8.221475
35650.0,-15.482693,-8.197115
35666.668,-15.479487,-8.179487
35683.332,-15.478847,-8.164583
35700.0,-15.4884615,-8.160577
35716.668,-15.498077,-8.15657
35733.332,-15.51282,-8.188461
35750.0,-15.528846,-8.229327
35766.668,-15.537821,-8.255769
35783.332,-15.536218,-8.260577
35800.0,-15.5346155,-8.265385
35816.668,-15.5346155,-8.244552
35833.332,-15.5346155,-8.223718
35850.0,-15.539423,-8.224038
35866.668,-15.547436,-8.2384615
35883.332,-15.551282,-8.246955
35900.0,-15.538462,-8.23173
35916.668,-15.525641,-8.216506
35933.332,-15.521795,-8.221154
35950.0,-15.520192,-8.230769
35966.668,-15.585897,-8.227243
35983.332,-15.752564,-8.204006
36000.0,-15.91923,-8.180769
36016.668,-15.933654,-8.179167
36033.332,-15.948077,-8.177564
36050.0,-15.951443,-8.177885
36066.668,-15.947436,-8.179487
36083.332,-15.944391,-8.181089
36100.0,-15.945192,-8.182693
36116.668,-15.945993,-8.184295
36133.332,-15.947436,-8.182693
36150.0,-15.9490385,-8.180288
36166.668,-15.948077,-8.1759615
36183.332,-15.943269,-8.16875
36200.0,-15.938461,-8.161538
36216.668,-15.941667,-8.156731
36233.332,-15.944872,-8.151923
36250.0,-15.946634,-8.140865
36266.668,-15.947436,-8.125641
36283.332,-15.947276,-8.111699
36300.0,-15.943269,-8.102884
36316.668,-15.939262,-8.09407
36333.332,-15.938461,-8.083333
36350.0,-15.938461,-8.072115
36366.668,-15.93718,-8.065385
36383.332,-15.933974,-8.065385
36400.0,-15.930769,-8.065385
36416.668,-15.930769,-8.049359
36433.332,-15.930769,-8.033334
36450.0,-16.185577,-7.7596154
36466.668,-16.610256,-7.3141026
36483.332,-16.949038,-6.9565706
36500.0,-16.944231,-6.9509616
36516.668,-16.939423,-6.9453526
36533.332,-16.934616,-6.9564104
36550.0,-16.929808,-6.9716344
36566.668,-16.928205,-6.978846
36583.332,-16.93141,-6.9740386
36600.0,-16.934616,-6.9692307
36616.668,-16.925,-6.952404
36633.332,-16.915384,-6.935577
36650.0,-16.916346,-6.925481
36666.668,-16.924358,-6.919872
36683.332,-16.934135,-6.9185896
36700.0,-16.950962,-6.9346156
36716.668,-16.967789,-6.950641
36733.332,-16.955128,-6.9346156
36750.0,-16.935097,-6.910577
36766.668,-15.150641,-7.0653844
36783.332,-10.719551,-7.4884615
36800.0,-6.2884617,-7.9115386
36816.668,-6.3141026,-7.876282
36833.332,-6.3397436,-7.841026
36850.0,-6.358654,-7.8038464
36866.668,-6.373077,-7.7653847
36883.332,-6.386218,-7.734295
36900.0,-6.394231,-7.7326922
36916.668,-6.4022436,-7.7310896
36933.332,-6.4038463,-7.7083335
36950.0,-6.4038463,-7.6802883
36966.668,-6.40641,-7.660577
36983.332,-6.4128203,-7.6533656
37000.0,-6.419231,-7.646154
37016.668,-6.4232373,-7.666987
37033.332,-6.4272437,-7.6878204
37050.0,-6.4216347,-7.6759615
37066.668,-6.4096155,-7.6423078
37083.332,-6.3996797,-7.616987
37100.0,-6.398077,-7.625
37116.668,-6.3964744,-7.633013
37133.332,-6.3910255,-7.6358976
37150.0,-6.3846154,-7.6375
37166.668,-4.636859,-7.853205
37183.332,-0.27708334,-8.390064
37200.0,4.082692,-8.926923
37216.668,5.5850964,-9.054327
37233.332,7.0875,-9.181731
37250.0,7.598077,-9.208173
37266.668,7.447436,-9.167308
37283.332,7.3275642,-9.136859
37300.0,7.330769,-9.148077
37316.668,7.3339744,-9.159295
37333.332,7.3333335,-9.146153
37350.0,7.331731,-9.126923
37366.668,7.332692,-9.117308
37383.332,7.3375,-9.122115
37400.0,7.3423076,-9.126923
37416.668,7.356731,-9.139744
37433.332,7.371154,-9.152564
37450.0,7.3701925,-9.142307
37466.668,7.3589745,-9.116667
37483.332,7.7330127,-9.041347
37500.0,9.648077,-8.767307
37516.668,11.563141,-8.493269
37533.332,12.79359,-8.435256
37550.0,13.852884,-8.43125
37566.668,14.4653845,-8.422756
37583.332,14.407692,-8.407532
37600.0,14.35,-8.392307
37616.668,14.337179,-8.396314
37633.332,14.324359,-8.40032
37650.0,14.3240385,-8.398558
37666.668,14.332051,-8.392949
37683.332,14.339744,-8.389423
37700.0,14.346154,-8.394231
37716.668,14.352564,-8.399038
37733.332,14.368589,-8.407051
37750.0,14.387019,-8.415865
37766.668,14.401603,-8.413782
37783.332,14.410417,-8.395352
37800.0,14.41923,-8.376923
37816.668,14.433654,-8.3625
37833.332,14.448077,-8.348077
37850.0,14.456731,-8.348077
37866.668,14.461538,-8.357693
37883.332,14.465705,-8.366667
37900.0,14.467308,-8.373077
37916.668,14.46891,-8.379487
37933.332,14.467949,-8.362821
37950.0,14.466346,-8.3403845
37966.668,14.45641,-8.323718
37983.332,14.433974,-8.315705
38000.0,14.411538,-8.307693
38016.668,14.396314,-8.290064
38033.332,14.38109,-8.272436
38050.0,14.373558,-8.285577
38066.668,14.371154,-8.319231
38083.332,14.367949,-8.34359
38100.0,14.361539,-8.33077
38116.668,14.355128,-8.317948
38133.332,14.360256,-8.305128
38150.0,14.368269,-8.292308
38166.668,14.376282,-8.288782
38183.332,14.3842945,-8.299199
38200.0,14.392307,-8.309615
38216.668,14.365064,-8.315225
38233.332,14.33782,-8.320833
38250.0,14.319231,-8.322115
38266.668,14.30641,-8.320513
38283.332,14.292949,-8.313141
38300.0,14.276923,-8.282692
38316.668,14.260898,-8.252244
38333.332,14.257692,-8.242308
38350.0,14.257692,-8.2375
38366.668,14.256411,-8.229487
38383.332,14.253205,-8.216666
38400.0,14.25,-8.203846
38416.668,14.241987,-8.203846
38433.332,14.233974,-8.203846
38450.0,14.246154,-8.208653
38466.668,14.271795,-8.216666
38483.332,14.292628,-8.223077
38500.0,14.29423,-8.223077
38516.668,14.295834,-8.223077
38533.332,14.301282,-8.228847
38550.0,14.307693,-8.236057
38566.668,14.3032055,-8.227243
38583.332,14.2823715,-8.194391
38600.0,14.2615385,-8.161538
38616.668,14.274359,-8.129487
38633.332,14.28718,-8.097436
38650.0,14.29423,-8.0740385
38666.668,14.297436,-8.05641
38683.332,14.300321,-8.039743
38700.0,14.301923,-8.026923
38716.668,14.303526,-8.014103
38733.332,14.302564,-8.017949
38750.0,14.3009615,-8.025962
38766.668,14.300641,-8.021795
38783.332,14.302243,-7.999359
38800.0,14.303846,-7.976923
38816.668,14.310256,-7.9841347
38833.332,14.316667,-7.9913464
38850.0,14.3125,-7.9927883
38866.668,14.301282,-7.9903846
38883.332,14.29359,-7.991987
38900.0,14.3,-8.009615
38916.668,14.30641,-8.027244
38933.332,14.310256,-8.021795
38950.0,14.313461,-8.010577
38966.668,14.314102,-8.000641
38983.332,14.310898,-7.992628
39000.0,14.307693,-7.9846153
39016.668,14.293269,-7.978205
39033.332,14.278846,-7.971795
39050.0,14.2778845,-7.964423
39066.668,14.285897,-7.9564104
39083.332,14.292628,-7.951923
39100.0,14.29423,-7.9615383
39116.668,14.295834,-7.9711537
39133.332,14.3,-7.974359
39150.0,14.304808,-7.9759617
39166.668,14.390385,-7.9711537
39183.332,14.5971155,-7.956731
39200.0,14.803846,-7.9423075
39216.668,14.811859,-7.9350963
39233.332,14.819872,-7.9278846
39250.0,14.83077,-7.9307694
39266.668,14.84359,-7.9403844
39283.332,14.858334,-7.951122
39300.0,14.880769,-7.9663463
39316.668,14.903205,-7.9815707
39333.332,14.9096155,-7.9878206
39350.0,14.912019,-7.991827
39366.668,14.8625,-8.002564
39383.332,14.735096,-8.023397
39400.0,14.607693,-8.04423
39416.668,14.6078205,-8.036571
39433.332,14.607948,-8.028911
39450.0,14.608077,-8.02125
39466.668,14.608205,-8.01359
39483.332,14.608334,-8.00593
39500.0,14.608461,-7.998269
39516.668,14.60859,-7.990609
39533.332,14.608718,-7.982949
39550.0,14.608846,-7.9752884
39566.668,14.608974,-7.967628
39583.332,14.609102,-7.959968
39600.0,14.609231,-7.9523077
39616.668,14.609359,-7.9446473
39633.332,14.609488,-7.9369874
39650.0,14.609615,-7.929327
39666.668,14.6,-7.9942307
39683.332,14.588462,-8.055769
39700.0,14.569231,-8.103847
39716.668,14.55,-8.151923
39733.332,14.530769,-8.176923
39750.0,14.5115385,-8.196154
39766.668,14.5,-8.210257
39783.332,14.5,-8.216666
39800.0,14.5,-8.223077
39816.668,14.486379,-8.221475
39833.332,14.472756,-8.2198715
39850.0,14.45048,-8.203846
39866.668,14.422436,-8.1782055
39883.332,14.397757,-8.149359
39900.0,14.3865385,-8.107693
39916.668,14.37532,-8.066026
39933.332,14.358974,-8.041026
39950.0,14.341346,-8.020192
39966.668,14.323077,-8.009615
39983.332,14.303846,-8.014423
40000.0,14.2846155,-8.019231
40016.668,14.286218,-8.014423
40033.332,14.287821,-8.009615
40050.0,14.292308,-8.019231
40066.668,14.2987175,-8.038462
40083.332,13.835897,-8.082692
40100.0,11.496154,-8.226923
40116.668,9.15641,-8.371154
40133.332,8.35641,-8.483334
40150.0,7.941346,-8.5875
40166.668,7.6961536,-8.649679
40183.332,7.705769,-8.648878
40200.0,7.7153845,-8.648077
40216.668,7.728205,-8.645673
40233.332,7.7410254,-8.64327
40250.0,7.481731,-8.724038
40266.668,7.0410256,-8.860256
40283.332,6.672756,-8.975321
40300.0,6.5942307,-9.005769
40316.668,6.515705,-9.036218
40333.332,6.4858975,-9.015385
40350.0,6.4682693,-8.98173
40366.668,6.4625,-8.96282
40383.332,6.4745193,-8.966025
40400.0,6.4865384,-8.969231
40416.668,6.494551,-8.980449
40433.332,6.502564,-8.991667
40450.0,6.5134616,-8.987981
40466.668,6.526282,-8.974359
40483.332,6.536859,-8.958333
40500.0,6.5384617,-8.932693
40516.668,6.5400643,-8.907051
40533.332,6.5384617,-8.903846
40550.0,6.5360575,-8.90625
40566.668,6.528205,-8.889103
40583.332,6.5121794,-8.8426285
40600.0,6.496154,-8.796154
40616.668,6.4977565,-8.812981
40633.332,6.499359,-8.829807
40650.0,6.5125,-8.840865
40666.668,6.5333333,-8.848077
40683.332,6.5483975,-8.858013
40700.0,6.540385,-8.878846
40716.668,6.532372,-8.899679
40733.332,8.835897,-8.757051
40750.0,11.717308,-8.573558
40766.668,13.6365385,-8.450961
40783.332,14.1125,-8.419711
40800.0,14.588462,-8.388461
40816.668,14.55,-8.380448
40833.332,14.5115385,-8.372436
40850.0,14.485096,-8.375481
40866.668,14.466666,-8.385898
40883.332,14.45,-8.395673
40900.0,14.440385,-8.4028845
40916.668,14.430769,-8.410096
40933.332,14.424359,-8.396153
40950.0,14.41875,-8.376923
40966.668,14.378846,-8.311539
40983.332,14.2875,-8.176923
41000.0,14.196154,-8.042308
41016.668,14.189744,-8.022276
41033.332,14.183333,-8.002244
41050.0,14.182693,-8.002404
41066.668,14.185898,-8.016026
41083.332,14.190064,-8.02516
41100.0,14.198077,-8.016346
41116.668,14.20609,-8.007532
41133.332,14.214103,-8.001282
41150.0,14.2221155,-7.995673
41166.668,14.225321,-7.9766026
41183.332,14.221314,-7.93734
41200.0,14.217308,-7.898077
41216.668,14.222917,-7.935737
41233.332,14.228526,-7.9733973
41250.0,14.229808,-7.9826922
41266.668,14.228205,-7.973077
41283.332,14.227083,-7.9682693
41300.0,14.227884,-7.9826922
41316.668,14.228686,-7.9971156
41333.332,11.65641,-8.385898
41350.0,8.4408655,-8.868269
41366.668,6.4948716,-9.16218
41383.332,6.453205,-9.173397
41400.0,6.4115386,-9.184615
41416.668,6.441987,-9.203846
41433.332,6.472436,-9.223077
41450.0,6.4942307,-9.228847
41466.668,6.5102563,-9.225641
41483.332,6.5195513,-9.218269
41500.0,6.501923,-9.194231
41516.668,6.484295,-9.170193
41533.332,6.473718,-9.151282
41550.0,6.464904,-9.133654
41566.668,6.459295,-9.114102
41583.332,6.4584937,-9.091666
41600.0,6.457692,-9.069231
41616.668,6.4544873,-9.02516
41633.332,6.451282,-8.98109
41650.0,6.453846,-8.966346
41666.668,6.4602566,-8.971154
41683.332,6.4641027,-8.975161
41700.0,6.457692,-8.975962
41716.668,6.451282,-8.976763
41733.332,6.4564104,-8.994872
41750.0,6.464423,-9.017307
41766.668,6.4682693,-9.032692
41783.332,6.4658656,-9.0375
41800.0,6.4634614,-9.042308
41816.668,6.4626603,-9.047115
41833.332,6.4618587,-9.051923
41850.0,6.459615,-9.057693
41866.668,6.4564104,-9.064102
41883.332,6.4528847,-9.060256
41900.0,6.4480767,-9.015385
41916.668,6.4432693,-8.970512
41933.332,6.45,-8.991026
41950.0,6.459615,-9.0278845
41966.668,6.8378205,-8.975641
41983.332,7.7689104,-8.789743
42000.0,8.7,-8.603847
42016.668,10.929167,-8.421154
42033.332,13.158334,-8.2384615
42050.0,14.047115,-8.154808
42066.668,14.042308,-8.137179
42083.332,14.035897,-8.125
42100.0,14.023077,-8.134615
42116.668,14.010257,-8.144231
42133.332,14.0,-8.130769
42150.0,13.990385,-8.111539
42166.668,13.992308,-8.103847
42183.332,14.0115385,-8.1134615
42200.0,14.030769,-8.123077
42216.668,14.0115385,-8.08141
42233.332,13.992308,-8.039743
42250.0,13.992308,-8.045673
42266.668,14.005128,-8.083333
42283.332,14.018109,-8.114903
42300.0,14.031731,-8.122115
42316.668,14.045353,-8.129327
42333.332,14.055128,-8.130769
42350.0,14.063942,-8.130769
42366.668,14.075,-8.135898
42383.332,14.089423,-8.148718
42400.0,14.103847,-8.161538
42416.668,14.103847,-8.147116
42433.332,14.103847,-8.132692
42450.0,14.10673,-8.120193
42466.668,14.111539,-8.108974
42483.332,14.117949,-8.098077
42500.0,14.130769,-8.088462
42516.668,14.14359,-8.078846
42533.332,14.208974,-8.033975
42550.0,14.2875,-7.9802885
42566.668,14.346795,-7.911218
42583.332,14.377244,-7.8190703
42600.0,14.407692,-7.726923
42616.668,14.417308,-7.7197113
42633.332,14.426923,-7.7125
42650.0,14.429808,-7.7
42666.668,14.4282055,-7.6839743
42683.332,14.428526,-7.6713142
42700.0,14.436539,-7.6721153
42716.668,14.444551,-7.672917
42733.332,14.446154,-7.6634617
42750.0,14.446154,-7.6514425
42766.668,14.446154,-7.6439104
42783.332,14.446154,-7.643109
42800.0,14.446154,-7.6423078
42816.668,14.438141,-7.646314
42833.332,14.430128,-7.6503205
42850.0,14.420193,-7.6447115
42866.668,14.408975,-7.6326923
42883.332,14.400641,-7.626923
42900.0,14.403846,-7.646154
42916.668,14.407051,-7.665385
42933.332,14.421795,-7.6769233
42950.0,14.439423,-7.6865387
42966.668,14.447436,-7.700641
42983.332,14.441026,-7.721474
43000.0,14.434615,-7.7423077
43016.668,14.425801,-7.766346
43033.332,14.416987,-7.790385
43050.0,14.405289,-7.8038464
43066.668,14.391666,-7.8102565
43083.332,14.3783655,-7.814423
43100.0,14.366346,-7.8096156
43116.668,14.354327,-7.8048077
43133.332,14.35,-7.8
43150.0,14.347596,-7.7951922
43166.668,14.3448715,-7.794872
43183.332,14.341666,-7.801282
43200.0,14.338462,-7.8076925
43216.668,14.304808,-7.7548075
43233.332,14.271153,-7.701923
43250.0,14.25,-7.664423
43266.668,14.23718,-7.6371794
43283.332,13.990385,-7.669872
43300.0,12.807693,-7.9423075
43316.668,11.625,-8.214744
43333.332,9.925641,-8.446154
43350.0,8.0971155,-8.667308
43366.668,6.997436,-8.820513
43383.332,6.9910254,-8.871795
43400.0,6.9846153,-8.923077
43416.668,6.9766026,-8.892629
43433.332,6.96859,-8.86218
43450.0,6.9692307,-8.846154
43466.668,6.9756413,-8.839744
43483.332,6.983173,-8.836859
43500.0,6.9951925,-8.848077
43516.668,7.0072117,-8.859295
43533.332,7.0076923,-8.861539
43550.0,7.0052886,-8.861539
43566.668,7.0057693,-8.857693
43583.332,7.0105767,-8.848077
43600.0,7.0153847,-8.838462
43616.668,7.0153847,-8.8240385
43633.332,7.0153847,-8.809615
43650.0,7.016827,-8.803366
43666.668,7.019231,-8.802564
43683.332,7.0216346,-8.803045
43700.0,7.0240383,-8.808654
43716.668,7.0264425,-8.814262
43733.332,7.0179486,-8.796154
43750.0,7.0067306,-8.772116
43766.668,6.998718,-8.751282
43783.332,6.995513,-8.735256
43800.0,6.9923077,-8.719231
43816.668,6.814423,-8.805769
43833.332,6.6365385,-8.892307
43850.0,6.5692306,-8.943269
43866.668,6.575641,-8.970512
43883.332,6.5778847,-8.991667
43900.0,6.5634613,-8.9884615
43916.668,6.5490384,-8.985256
43933.332,6.551282,-9.021795
43950.0,6.5576925,-9.068269
43966.668,6.5602565,-9.096154
43983.332,6.557051,-9.096154
44000.0,6.5538464,-9.096154
44016.668,6.5410256,-9.081731
44033.332,6.528205,-9.067307
44050.0,6.521154,-9.041827
44066.668,6.5179486,-9.008974
44083.332,6.5160255,-8.98766
44100.0,6.519231,-9.0125
44116.668,6.5224357,-9.03734
44133.332,6.521795,-9.032051
44150.0,6.520192,-9.019231
44166.668,6.51859,-9.012179
44183.332,6.5169873,-9.0137825
44200.0,6.5153847,-9.015385
44216.668,8.646795,-8.783012
44233.332,10.778205,-8.550641
44250.0,12.369231,-8.454807
44266.668,13.6,-8.45
44283.332,14.576603,-8.441026
44300.0,14.536538,-8.415384
44316.668,14.496474,-8.389744
44333.332,14.483334,-8.392307
44350.0,14.476923,-8.401923
44366.668,14.478205,-8.410256
44383.332,14.491026,-8.416667
44400.0,14.503846,-8.423077
44416.668,14.503846,-8.423077
44433.332,14.503846,-8.423077
