0.0,-1.7346153,-9.092308
16.666666,-1.6128205,-9.125961
33.333332,-1.4910257,-9.1596155
50.0,-1.4336538,-9.179808
66.666664,-1.4192308,-9.191026
83.333336,-1.4089744,-9.197757
100.0,-1.4153847,-9.186539
116.666664,-1.4217949,-9.175321
133.33333,-1.4166666,-9.157051
150.0,-1.4086539,-9.137019
166.66667,-1.4076923,-9.128526
183.33333,-1.4173077,-9.13734
200.0,-1.426923,-9.146153
216.66667,-1.438141,-9.179808
233.33333,-1.4493589,-9.213462
250.0,-2.7278845,-8.651923
266.66666,-4.851282,-7.6935897
283.33334,-6.5546474,-6.9241986
300.0,-6.5778847,-6.910577
316.66666,-6.601122,-6.896955
333.33334,-6.6128206,-6.8852563
350.0,-6.6216345,-6.8740387
366.66666,-6.6253204,-6.8766026
383.33334,-6.621314,-6.89984
400.0,-6.6173077,-6.923077
416.66666,-6.6229167,-6.9246793
433.33334,-6.6285257,-6.926282
450.0,-6.623077,-6.914423
466.66666,-6.610256,-6.89359
483.33334,-6.6014423,-6.8782053
500.0,-6.608654,-6.8846154
516.6667,-6.615865,-6.8910255
533.3333,-6.6153846,-6.8878207
550.0,-6.612981,-6.8822117
566.6667,-6.610256,-6.879487
583.3333,-6.6070514,-6.8810897
600.0,-6.603846,-6.8826923
616.6667,-6.611859,-6.891506
633.3333,-6.6198716,-6.9003205
650.0,-6.608654,-6.889904
666.6667,-6.584615,-6.866667
683.3333,-6.5647435,-6.844391
700.0,-6.5615387,-6.8259616
716.6667,-6.5583334,-6.807532
733.3333,-6.567949,-6.8128204
750.0,-6.580769,-6.8240385
766.6667,-6.5916667,-6.8391027
783.3333,-6.5996795,-6.8599358
800.0,-6.6076922,-6.8807693
816.6667,-6.6125,-6.882372
833.3333,-6.6173077,-6.8839746
850.0,-6.6144233,-6.8682694
866.6667,-6.60641,-6.841026
883.3333,-6.6003203,-6.8192306
900.0,-6.601923,-6.8192306
916.6667,-6.6035256,-6.8192306
933.3333,-6.6076922,-6.830769
950.0,-6.6125,-6.8451924
966.6667,-6.6160254,-6.8506413
983.3333,-6.617628,-6.842628
1000.0,-6.6192307,-6.834615
1016.6667,-6.6208334,-6.828205
1033.3334,-6.622436,-6.821795
1050.0,-6.625,-6.8129807
1066.6666,-6.6282053,-6.802564
1083.3334,-6.6301284,-6.7927885
1100.0,-6.626923,-6.785577
1116.6666,-6.623718,-6.7783656
1133.3334,-6.6115384,-6.7621794
1150.0,-6.5971155,-6.74375
1166.6666,-6.5839744,-6.7310896
1183.3334,-6.5727563,-6.727083
1200.0,-6.5615387,-6.723077
1216.6666,-6.567949,-6.7310896
1233.3334,-6.574359,-6.7391024
1250.0,-6.5740385,-6.748077
1266.6666,-6.5692306,-6.7576923
1283.3334,-6.5660257,-6.766667
1300.0,-6.5692306,-6.773077
1316.6666,-6.572436,-6.779487
1333.3334,-6.5557694,-6.758333
1350.0,-6.5341344,-6.7302885
1366.6666,-6.5208335,-6.7099357
1383.3334,-6.520032,-6.701122
1400.0,-6.519231,-6.6923075
1416.6666,-6.517628,-6.6778846
1433.3334,-6.5160255,-6.6634617
1450.0,-6.5076923,-6.646154
1466.6666,-6.4948716,-6.626923
1483.3334,-6.4871793,-6.615705
1500.0,-6.5,-6.6365385
1516.6666,-6.5128207,-6.657372
1533.3334,-6.519231,-6.6679487
1550.0,-6.5240383,-6.6759615
1566.6666,-6.528205,-6.6852565
1583.3334,-6.53141,-6.6964746
1600.0,-6.5346155,-6.707692
1616.6666,-6.525,-6.6932693
1633.3334,-6.5153847,-6.6788464
1650.0,-6.5125,-6.6826925
1666.6666,-6.5141025,-6.698718
1683.3334,-6.5134616,-6.7141027
1700.0,-6.503846,-6.726923
1716.6666,-6.4942307,-6.7397437
1733.3334,-6.483333,-6.7532053
1750.0,-6.4721155,-6.766827
1766.6666,-6.4602566,-6.7746797
1783.3334,-6.447436,-6.773878
1800.0,-6.4346156,-6.773077
1816.6666,-6.438622,-6.7698717
1833.3334,-6.4426284,-6.766667
1850.0,-6.483173,-6.8264422
1866.6666,-6.548077,-6.928205
1883.3334,-6.5971155,-7.020032
1900.0,-6.582692,-7.0721154
1916.6666,-6.5682693,-7.124199
1933.3334,-6.578205,-7.144231
1950.0,-6.5942307,-7.15625
1966.6666,-6.601923,-7.1625
1983.3334,-6.5971155,-7.160096
2000.0,-6.5923076,-7.1576924
2016.6666,-6.5891027,-7.1528845
2033.3334,-6.5858974,-7.148077
2050.0,-6.580769,-7.1548076
2066.6667,-6.574359,-7.169231
2083.3333,-6.566346,-7.184936
2100.0,-6.5519233,-7.205769
2116.6667,-6.5375,-7.2266026
2133.3333,-6.5371795,-7.220513
2150.0,-6.540385,-7.207692
2166.6667,-6.546154,-7.2141027
2183.3333,-6.5557694,-7.249359
2200.0,-6.5653844,-7.2846155
2216.6667,-6.5445514,-7.2669873
2233.3333,-6.523718,-7.249359
2250.0,-6.5240383,-7.2990384
2266.6667,-6.5384617,-7.39359
2283.3333,-6.5520835,-7.469551
2300.0,-6.5625,-7.4711537
2316.6667,-6.5729165,-7.4727564
2333.3333,-6.570513,-7.4858975
2350.0,-6.5649037,-7.501923
2366.6667,-6.5653844,-7.5108976
2383.3333,-6.575,-7.509295
2400.0,-6.584615,-7.5076923
2416.6667,-6.5798078,-7.504487
2433.3333,-6.575,-7.501282
2450.0,-6.5711536,-7.5009613
2466.6667,-6.567949,-7.502564
2483.3333,-6.5657053,-7.504487
2500.0,-6.5673075,-7.5076923
2516.6667,-6.56891,-7.5108976
2533.3333,-6.574359,-7.5057693
2550.0,-6.580769,-7.4985576
2566.6667,-6.591026,-7.5016026
2583.3333,-6.6070514,-7.520032
2600.0,-6.623077,-7.5384617
2616.6667,-6.6278844,-7.5464745
2633.3333,-6.6326923,-7.554487
2650.0,-6.6322117,-7.5427885
2666.6667,-6.6282053,-7.5179486
2683.3333,-6.6633015,-7.4133015
2700.0,-6.854808,-6.9894233
2716.6667,-7.0463142,-6.565545
2733.3333,-7.0685897,-6.5057693
2750.0,-7.0485578,-6.5370193
2766.6667,-7.034295,-6.5567307
2783.3333,-7.028686,-6.5591345
2800.0,-7.023077,-6.5615387
2816.6667,-7.011859,-6.5375
2833.3333,-7.000641,-6.5134616
2850.0,-6.9932694,-6.501923
2866.6667,-6.9884615,-6.498718
2883.3333,-6.8608975,-6.492628
2900.0,-6.2423077,-6.475
2916.6667,-5.623718,-6.4573717
2933.3333,-5.444872,-6.4948716
2950.0,-5.3759613,-6.546154
2966.6667,-5.332692,-6.5576925
2983.3333,-5.3278847,-6.5096154
3000.0,-5.3230767,-6.4615383
3016.6667,-5.319872,-6.4735575
3033.3333,-5.3166666,-6.485577
3050.0,-5.3096156,-6.5033655
3066.6667,-5.3,-6.525
3083.3333,-5.3846154,-6.557051
3100.0,-5.8461537,-6.6307693
3116.6667,-6.3076925,-6.7044873
3133.3333,-6.408974,-6.7275643
3150.0,-6.4201922,-6.737981
3166.6667,-6.4288464,-6.738782
3183.3333,-6.433654,-6.72516
3200.0,-6.4384613,-6.7115383
3216.6667,-6.436859,-6.71234
3233.3333,-6.4352565,-6.713141
3250.0,-6.435577,-6.7120194
3266.6667,-6.4371796,-6.709615
3283.3333,-6.4339743,-6.7083335
3300.0,-6.4115386,-6.7115383
3316.6667,-6.3891025,-6.7147436
3333.3333,-6.3846154,-6.721795
3350.0,-6.3846154,-6.729808
3366.6667,-6.383333,-6.732372
3383.3333,-6.3801284,-6.726763
3400.0,-6.376923,-6.7211537
3416.6667,-6.379327,-6.704327
3433.3333,-6.3817306,-6.6875
3450.0,-6.384135,-6.6817307
3466.6667,-6.3865385,-6.6833334
3483.3333,-6.3871794,-6.6842947
3500.0,-6.3807693,-6.6826925
3516.6667,-6.374359,-6.68109
3533.3333,-6.3679485,-6.6833334
3550.0,-6.3615384,-6.6865387
3566.6667,-6.3596153,-6.6897435
3583.3333,-6.3644233,-6.692949
3600.0,-6.3692307,-6.6961536
3616.6667,-6.367628,-6.6833334
3633.3333,-6.3660254,-6.6705127
3650.0,-6.3663464,-6.665385
3666.6667,-6.3679485,-6.665385
3683.3333,-6.3682694,-6.659295
3700.0,-6.3634615,-6.628846
3716.6667,-6.358654,-6.5983973
3733.3333,-6.360256,-6.6
3750.0,-6.3634615,-6.6096153
3766.6667,-6.3653846,-6.6192307
3783.3333,-6.3653846,-6.628846
3800.0,-6.3653846,-6.6384616
3816.6667,-6.3653846,-6.6336536
3833.3333,-6.3653846,-6.628846
3850.0,-6.3682694,-6.6375
3866.6667,-6.373077,-6.655128
3883.3333,-6.3774037,-6.6677885
3900.0,-6.3798075,-6.660577
3916.6667,-6.3822117,-6.6533656
3933.3333,-6.8596153,-7.1858974
3950.0,-7.455769,-7.8533654
3966.6667,-8.498398,-8.478205
3983.3333,-10.210737,-9.039103
4000.0,-11.923077,-9.6
4016.6667,-11.995193,-9.604808
4033.3333,-12.067307,-9.609615
4050.0,-12.825961,-9.807693
4066.6667,-14.042308,-10.134615
4083.3333,-15.017629,-10.400641
4100.0,-15.028846,-10.423077
4116.6665,-15.040064,-10.445513
4133.3335,-15.047436,-10.45
4150.0,-15.053846,-10.45
4166.6665,-15.054487,-10.445513
4183.3335,-15.046474,-10.434295
4200.0,-15.038462,-10.423077
4216.6665,-15.394231,-10.339744
4233.3335,-15.75,-10.256411
4250.0,-15.891346,-10.2125
4266.6665,-15.889744,-10.194872
4283.3335,-15.889423,-10.175641
4300.0,-15.894231,-10.15
4316.6665,-15.899038,-10.124359
4333.3335,-15.892307,-10.110256
4350.0,-15.882692,-10.099038
4366.6665,-15.876282,-10.087179
4383.3335,-15.87468,-10.074359
4400.0,-15.873077,-10.061539
4416.6665,-15.8634615,-10.042308
4433.3335,-15.853847,-10.023077
4450.0,-15.85,-10.0
4466.6665,-15.85,-9.974359
4483.3335,-15.849038,-9.952244
4500.0,-15.844231,-9.944231
4516.6665,-15.839423,-9.936218
4533.3335,-15.846795,-9.929487
4550.0,-15.857211,-9.923077
4566.6665,-15.863782,-9.914103
4583.3335,-15.864583,-9.901282
4600.0,-15.865385,-9.888461
4616.6665,-15.866987,-9.885257
4633.3335,-15.868589,-9.882051
4650.0,-15.928846,-9.885577
4666.6665,-16.028206,-9.89359
4683.3335,-16.113783,-9.899359
4700.0,-16.14423,-9.896153
4716.6665,-16.174679,-9.892949
4733.3335,-16.18205,-9.903205
4750.0,-16.183655,-9.916827
4766.6665,-16.185257,-9.931089
4783.3335,-16.18686,-9.946314
4800.0,-16.188461,-9.961538
4816.6665,-16.191668,-9.964744
4833.3335,-16.194872,-9.967949
4850.0,-16.199038,-9.960577
4866.6665,-16.203846,-9.946154
4883.3335,-16.209616,-9.932693
4900.0,-16.21923,-9.923077
4916.6665,-16.228846,-9.913462
4933.3335,-16.229486,-9.911538
4950.0,-16.227884,-9.911538
4966.6665,-16.227564,-9.916026
4983.3335,-16.229166,-9.927243
5000.0,-16.23077,-9.938461
5016.6665,-16.229166,-9.908012
5033.3335,-16.227564,-9.877564
5050.0,-16.227884,-9.848077
5066.6665,-16.229486,-9.819231
5083.3335,-16.230127,-9.797115
5100.0,-16.226923,-9.801923
5116.6665,-16.223719,-9.806731
5133.3335,-16.232052,-9.816667
5150.0,-16.243269,-9.827885
5166.6665,-16.248077,-9.833974
5183.3335,-16.243269,-9.832372
5200.0,-16.238462,-9.83077
5216.6665,-16.24968,-9.821154
5233.3335,-16.260897,-9.811539
5250.0,-16.273077,-9.798077
5266.6665,-16.285898,-9.782051
5283.3335,-16.297436,-9.764744
5300.0,-16.303846,-9.742308
5316.6665,-16.310257,-9.7198715
5333.3335,-16.303846,-9.725641
5350.0,-16.294231,-9.7384615
5366.6665,-16.284615,-9.741667
5383.3335,-16.275,-9.730449
5400.0,-16.265385,-9.719231
5416.6665,-16.263783,-9.695192
5433.3335,-16.26218,-9.671154
5450.0,-16.263462,-9.673077
5466.6665,-16.266666,-9.692307
5483.3335,-16.25609,-9.729487
5500.0,-16.190384,-9.838462
5516.6665,-16.12468,-9.947436
5533.3335,-16.110256,-9.975641
5550.0,-16.108654,-9.983654
5566.6665,-16.106411,-9.991026
5583.3335,-16.103205,-9.997436
5600.0,-16.1,-10.003846
5616.6665,-16.091988,-10.0174675
5633.3335,-16.083975,-10.03109
5650.0,-16.08173,-10.048557
5666.6665,-16.083334,-10.06859
5683.3335,-16.086859,-10.085257
5700.0,-16.098078,-10.088462
5716.6665,-16.109295,-10.091666
5733.3335,-16.111538,-10.091025
5750.0,-16.111538,-10.089423
5766.6665,-16.148077,-10.052564
5783.3335,-16.239424,-9.96282
5800.0,-16.330769,-9.873077
5816.6665,-16.341988,-9.868269
5833.3335,-16.353205,-9.8634615
5850.0,-16.354807,-9.861539
5866.6665,-16.35,-9.861539
5883.3335,-16.345352,-9.864102
5900.0,-16.341347,-9.876923
5916.6665,-16.33734,-9.889744
5933.3335,-16.329487,-9.905769
5950.0,-16.320673,-9.922596
5966.6665,-16.31186,-9.942948
5983.3335,-16.303045,-9.96859
6000.0,-16.294231,-9.994231
6016.6665,-16.298237,-10.011058
6033.3335,-16.302244,-10.0278845
6050.0,-16.302404,-10.039904
6066.6665,-16.3,-10.0487175
6083.3335,-16.296474,-10.05641
6100.0,-16.288462,-10.059615
6116.6665,-16.280449,-10.06282
6133.3335,-16.274359,-10.074359
6150.0,-16.26875,-10.087981
6166.6665,-16.258974,-10.099359
6183.3335,-16.242949,-10.107371
6200.0,-16.226923,-10.115385
6216.6665,-16.226923,-10.092949
6233.3335,-16.226923,-10.070513
6250.0,-16.225962,-10.060577
6266.6665,-16.22436,-10.058974
6283.3335,-16.220833,-10.059615
6300.0,-16.209616,-10.069231
6316.6665,-16.198397,-10.078846
6333.3335,-16.185898,-10.089744
6350.0,-16.173077,-10.100962
6366.6665,-16.161219,-10.105769
6383.3335,-16.1508,-10.100962
6400.0,-16.140385,-10.096154
6416.6665,-16.121956,-10.088943
6433.3335,-16.103525,-10.081731
6450.0,-16.0875,-10.075961
6466.6665,-16.073076,-10.071154
6483.3335,-16.058655,-10.067788
6500.0,-16.044231,-10.070192
6516.6665,-16.029808,-10.072597
6533.3335,-16.01923,-10.075
6550.0,-16.009615,-10.077404
6566.6665,-16.00064,-10.081731
6583.3335,-15.992628,-10.088943
6600.0,-15.984615,-10.096154
6616.6665,-15.989423,-10.094551
6633.3335,-15.994231,-10.092949
6650.0,-15.723077,-10.050481
6666.6665,-15.267949,-9.980769
6683.3335,-13.728526,-9.748558
6700.0,-7.851923,-8.866346
6716.6665,-1.9753205,-7.9841347
6733.3335,1.0551282,-7.6448717
6750.0,3.3740385,-7.441346
6766.6665,4.748077,-7.3147435
6783.3335,4.7048078,-7.3035254
6800.0,4.6615386,-7.292308
6816.6665,4.6310897,-7.2955127
6833.3335,4.6006413,-7.298718
6850.0,4.582692,-7.298077
6866.6665,4.5730767,-7.294872
6883.3335,4.5634613,-7.2934294
6900.0,4.5538464,-7.2990384
6916.6665,4.544231,-7.3046474
6933.3335,4.584615,-7.3153844
6950.0,4.6375,-7.327404
6966.6665,4.8134613,-7.3608975
6983.3335,5.1740384,-7.4266024
7000.0,5.5346155,-7.4923077
7016.6665,5.565064,-7.5003204
7033.3335,5.595513,-7.508333
7050.0,5.6225963,-7.5259614
7066.6665,5.6474357,-7.55
7083.3335,5.6668267,-7.5695515
7100.0,5.664423,-7.5711536
7116.6665,5.6620193,-7.5727563
7133.3335,5.679487,-7.5794873
7150.0,5.701923,-7.5875
7166.6665,5.7173076,-7.582692
7183.3335,5.7221155,-7.558654
7200.0,5.726923,-7.5346155
7216.6665,6.8551283,-7.8791666
7233.3335,7.983333,-8.223718
7250.0,10.014423,-8.406731
7266.6665,12.647436,-8.482051
7283.3335,14.746795,-8.537661
7300.0,14.711538,-8.514423
7316.6665,14.676282,-8.491186
7333.3335,14.671795,-8.491026
7350.0,14.675,-8.4966345
7366.6665,14.6737175,-8.501923
7383.3335,14.665705,-8.506731
7400.0,14.657692,-8.5115385
7416.6665,14.635257,-8.458653
7433.3335,14.612821,-8.405769
7450.0,14.602884,-8.379807
7466.6665,14.601282,-8.371795
7483.3335,14.603847,-8.363622
7500.0,14.623077,-8.354808
7516.6665,14.642307,-8.345994
7533.3335,14.6551285,-8.346154
7550.0,14.666347,-8.348557
7566.6665,14.68141,-8.3625
7583.3335,14.702244,-8.39375
7600.0,14.723077,-8.425
7616.6665,14.735096,-8.471475
7633.3335,14.747115,-8.517949
7650.0,14.749519,-8.51875
7666.6665,14.745513,-8.489102
7683.3335,14.755769,-8.43718
7700.0,14.823077,-8.296154
7716.6665,14.890385,-8.1551285
7733.3335,14.921154,-8.085897
7750.0,14.942788,-8.0346155
7766.6665,14.953526,-7.9897437
7783.3335,14.947917,-7.9544873
7800.0,14.942307,-7.919231
7816.6665,14.9375,-7.8911858
7833.3335,14.932693,-7.863141
7850.0,14.935577,-7.847596
7866.6665,14.94359,-7.8403845
7883.3335,14.9467945,-7.83125
7900.0,14.930769,-7.814423
7916.6665,14.914743,-7.797596
7933.3335,14.9,-7.776923
7950.0,14.885577,-7.7552886
7966.6665,14.867949,-7.725
7983.3335,14.845512,-7.6817307
8000.0,14.823077,-7.6384616
8016.6665,14.807052,-7.641667
8033.3335,14.791026,-7.6448717
8050.0,14.782692,-7.6317306
8066.6665,14.779488,-7.6076922
8083.3335,14.775962,-7.589263
8100.0,14.771153,-7.5932693
8116.6665,14.766346,-7.5972757
8133.3335,14.7846155,-7.6089745
8150.0,14.808654,-7.6225963
8166.6665,14.8217945,-7.623718
8183.3335,14.81859,-7.6060896
8200.0,14.815385,-7.5884614
8216.667,14.825,-7.5451922
8233.333,14.834616,-7.501923
8250.0,14.8375,-7.4490385
8266.667,14.835897,-7.389744
8283.333,14.833333,-7.3360577
8300.0,14.826923,-7.3048077
8316.667,14.820513,-7.2735577
8333.333,14.8217945,-7.2551284
8350.0,14.825,-7.239904
8366.667,14.825,-7.223718
8383.333,14.820192,-7.20609
8400.0,14.815385,-7.1884613
8416.667,14.8009615,-7.15641
8433.333,14.786538,-7.124359
8450.0,14.773077,-7.1153846
8466.667,14.760257,-7.1217947
8483.333,14.745353,-7.1240387
8500.0,14.7221155,-7.1096153
8516.667,14.698878,-7.0951924
8533.333,14.670513,-7.0775642
8550.0,14.640865,-7.0591345
8566.667,14.621474,-7.04391
8583.333,14.617468,-7.0334935
8600.0,14.6134615,-7.023077
8616.667,14.597436,-6.997436
8633.333,14.58141,-6.971795
8650.0,14.5658655,-6.9615383
8666.667,14.550641,-6.9615383
8683.333,14.541987,-6.9639425
8700.0,14.559615,-6.9759617
8716.667,14.577244,-6.987981
8733.333,14.597436,-6.9923077
8750.0,14.618269,-6.9947114
8766.667,14.225962,-7.0942307
8783.333,13.213943,-7.339423
8800.0,12.201923,-7.584615
8816.667,4.4463143,-8.434775
8833.333,-3.309295,-9.284936
8850.0,-8.803846,-9.834135
8866.667,-12.791026,-10.182693
8883.333,-15.973077,-10.43125
8900.0,-15.934615,-10.279808
8916.667,-15.896153,-10.1283655
8933.333,-15.891666,-10.076923
8950.0,-15.895673,-10.050481
8966.667,-15.90032,-10.025641
8983.333,-15.90593,-10.003205
9000.0,-15.911538,-9.980769
9016.667,-15.916347,-9.972756
9033.333,-15.921154,-9.964744
9050.0,-15.913462,-9.975
9066.667,-15.897436,-9.997436
9083.333,-15.916347,-10.019872
9100.0,-16.075,-10.042308
9116.667,-16.233654,-10.064744
9133.333,-16.282692,-10.045513
9150.0,-16.304327,-10.015865
9166.667,-16.31314,-9.991346
9183.333,-16.302725,-9.974519
9200.0,-16.292307,-9.957692
9216.667,-16.2875,-9.943269
9233.333,-16.282692,-9.928846
9250.0,-16.279808,-9.922115
9266.667,-16.278206,-9.920513
9283.333,-16.274359,-9.919551
9300.0,-16.261538,-9.921154
9316.667,-16.248718,-9.922756
9333.333,-16.235897,-9.930769
9350.0,-16.223078,-9.940385
9366.667,-16.21859,-9.942628
9383.333,-16.226603,-9.933814
9400.0,-16.234615,-9.925
9416.667,-16.25064,-9.919391
9433.333,-16.266666,-9.913782
9450.0,-16.271154,-9.911538
9466.667,-16.267948,-9.911538
9483.333,-16.265064,-9.913782
9500.0,-16.263462,-9.925
9516.667,-16.26186,-9.936218
9533.333,-16.25577,-9.935256
9550.0,-16.248558,-9.93125
9566.667,-16.24391,-9.9259615
9583.333,-16.243109,-9.91875
9600.0,-16.242308,-9.911538
9616.667,-16.2375,-9.898718
9633.333,-16.232693,-9.885898
9650.0,-14.212981,-9.725481
9666.667,-10.85,-9.466666
9683.333,-6.6846156,-9.219551
9700.0,0.6903846,-9.019231
9716.667,8.065385,-8.818911
9733.333,10.973077,-8.426923
9750.0,12.763943,-7.987019
9766.667,13.821154,-7.6961536
9783.333,13.7778845,-7.628846
9800.0,13.734615,-7.5615387
9816.667,13.725,-7.534295
9833.333,13.7153845,-7.5070515
9850.0,13.718269,-7.4865384
9866.667,13.729487,-7.470513
9883.333,13.816827,-7.421795
9900.0,14.208653,-7.2423077
9916.667,14.600481,-7.0628204
9933.333,14.725641,-7.051282
9950.0,14.784135,-7.081731
9966.667,14.825,-7.1070514
9983.333,14.839423,-7.1246796
10000.0,14.853847,-7.1423078
10016.667,14.849038,-7.1278844
10033.333,14.844231,-7.1134615
10050.0,14.849038,-7.1201925
10066.667,14.860256,-7.1410255
10083.333,14.86891,-7.153686
10100.0,14.867308,-7.1336536
10116.667,14.8657055,-7.1136217
10133.333,14.870513,-7.126923
10150.0,14.876923,-7.1485577
10166.667,14.876923,-7.15609
10183.333,14.867308,-7.142468
10200.0,14.857693,-7.128846
10216.667,14.851282,-7.1296473
10233.333,14.8448715,-7.130449
10250.0,14.842308,-7.1375
10266.667,14.842308,-7.148718
10283.333,14.841666,-7.157532
10300.0,14.838462,-7.1567307
10316.667,14.835257,-7.1559296
10333.333,14.838462,-7.158974
10350.0,14.843269,-7.1629806
10366.667,14.846154,-7.1695514
10383.333,14.846154,-7.179968
10400.0,14.846154,-7.1903844
10416.667,14.837339,-7.205609
10433.333,14.828526,-7.2208333
10450.0,14.81875,-7.235577
10466.667,14.808333,-7.25
10483.333,14.800321,-7.2690706
10500.0,14.801923,-7.3067307
10516.667,14.803526,-7.344391
10533.333,14.796154,-7.3589745
10550.0,14.786538,-7.3677883
10566.667,14.775641,-7.371154
10583.333,14.76282,-7.3663464
10600.0,14.75,-7.3615384
10616.667,14.742788,-7.377564
10633.333,14.735577,-7.39359
10650.0,14.722596,-7.393269
10666.667,14.70577,-7.3820515
10683.333,14.1261215,-7.43125
10700.0,11.295193,-7.7221155
10716.667,8.464263,-8.01298
10733.333,7.2423077,-8.105128
10750.0,6.422596,-8.147596
10766.667,5.91891,-8.166667
10783.333,5.8892627,-8.150641
10800.0,5.8596153,-8.134615
10816.667,5.847596,-8.129807
10833.333,5.835577,-8.125
10850.0,5.8211536,-8.110577
10866.667,5.805128,-8.089744
10883.333,5.792308,-8.073718
10900.0,5.792308,-8.076923
10916.667,5.792308,-8.080129
10933.333,5.7897434,-8.08077
10950.0,5.7865386,-8.08077
10966.667,5.7826924,-8.083333
10983.333,5.7778845,-8.089744
11000.0,5.773077,-8.096154
11016.667,5.779487,-8.096154
11033.333,5.7858973,-8.096154
11050.0,5.759135,-8.053366
11066.667,5.7102566,-7.9820514
11083.333,5.674519,-7.922917
11100.0,5.691346,-7.9125
11116.667,5.7081733,-7.9020834
11133.333,8.639744,-7.932051
11150.0,12.3,-7.9721155
11166.667,14.50609,-8.014423
11183.333,14.53093,-8.060096
11200.0,14.555769,-8.105769
11216.667,14.546955,-8.100962
11233.333,14.538141,-8.096154
11250.0,14.540865,-8.0903845
11266.667,14.551282,-8.083974
11283.333,14.560416,-8.077084
11300.0,14.564423,-8.068269
11316.667,14.56843,-8.059455
11333.333,14.583333,-8.082051
11350.0,14.600962,-8.1125
11366.667,14.610897,-8.133974
11383.333,14.609295,-8.141987
11400.0,14.607693,-8.15
11416.667,14.597276,-8.154808
11433.333,14.586859,-8.1596155
11450.0,11.407211,-8.076923
11466.667,6.1147437,-7.9358974
11483.333,1.2248397,-7.7798076
11500.0,-2.0548077,-7.5634613
11516.667,-5.334455,-7.3471155
11533.333,-5.9525642,-7.2679486
11550.0,-5.9052887,-7.223077
11566.667,-5.8807693,-7.1826925
11583.333,-5.8903847,-7.1490383
11600.0,-5.9,-7.1153846
11616.667,-5.9096155,-7.104968
11633.333,-5.919231,-7.094551
11650.0,-5.925,-7.0908656
11666.667,-5.928205,-7.0916667
11683.333,-5.9317307,-7.090705
11700.0,-5.9365387,-7.082692
11716.667,-5.941346,-7.0746794
11733.333,-5.9358974,-7.0538464
11750.0,-5.9278846,-7.0298076
11766.667,-6.046795,-7.002564
11783.333,-6.3560896,-6.970513
11800.0,-6.665385,-6.9384613
11816.667,-6.672596,-6.908814
11833.333,-6.6798077,-6.8791666
11850.0,-6.683173,-6.870673
11866.667,-6.6839743,-6.876282
11883.333,-6.686218,-6.8753204
11900.0,-6.6942306,-6.848077
11916.667,-6.702244,-6.820833
11933.333,-6.7128205,-6.805128
11950.0,-6.7240386,-6.792308
11966.667,-6.729487,-6.7871795
11983.333,-6.726282,-6.7935896
12000.0,-6.723077,-6.8
12016.667,-6.7134614,-6.8048077
12033.333,-6.703846,-6.8096156
12050.0,-6.7,-6.8076925
12066.667,-6.7,-6.801282
12083.333,-6.7014422,-6.7985578
12100.0,-6.708654,-6.810577
12116.667,-6.7158656,-6.822596
12133.333,-6.7115383,-6.8294873
12150.0,-6.704327,-6.8350964
12166.667,-6.6980767,-6.8333335
12183.333,-6.6932693,-6.820513
12200.0,-6.6884613,-6.8076925
12216.667,-6.6916666,-6.7940707
12233.333,-6.694872,-6.780449
12250.0,-6.703846,-6.7927885
12266.667,-6.7166667,-6.822436
12283.333,-6.726282,-6.84391
12300.0,-6.723077,-6.832692
12316.667,-6.719872,-6.8214746
12333.333,-6.724359,-6.8141026
12350.0,-6.730769,-6.8076925
12366.667,-6.738782,-6.8038464
12383.333,-6.749199,-6.8038464
12400.0,-6.7596154,-6.8038464
12416.667,-6.762019,-6.770192
12433.333,-6.764423,-6.7365384
12450.0,-6.7653847,-6.710577
12466.667,-6.7653847,-6.6897435
12483.333,-6.7708335,-6.674359
12500.0,-6.798077,-6.6807694
12516.667,-6.8253207,-6.6871796
12533.333,-6.8294873,-6.6679487
12550.0,-6.8278847,-6.6423078
12566.667,-6.823718,-6.628846
12583.333,-6.8157053,-6.6336536
12600.0,-6.8076925,-6.6384616
12616.667,-6.798878,-6.628045
12633.333,-6.7900643,-6.617628
12650.0,-6.7870193,-6.6043267
12666.667,-6.7878203,-6.5891027
12683.333,-6.790385,-6.576282
12700.0,-6.8,-6.5730767
12716.667,-6.8096156,-6.569872
12733.333,-6.8076925,-6.5576925
12750.0,-6.8028846,-6.543269
12766.667,-6.851923,-6.525641
12783.333,-6.981731,-6.5032053
12800.0,-7.1115384,-6.480769
12816.667,-7.1676283,-6.4639425
12833.333,-7.223718,-6.4471154
12850.0,-7.241827,-6.4389424
12866.667,-7.2346153,-6.4365387
12883.333,-7.2283654,-6.4378204
12900.0,-7.2259617,-6.453846
12916.667,-7.2235575,-6.469872
12933.333,-7.2192307,-6.480769
12950.0,-7.214423,-6.4903846
12966.667,-7.2128205,-6.4983974
12983.333,-7.216026,-6.5040064
13000.0,-7.2192307,-6.5096154
13016.667,-7.217628,-6.513622
13033.333,-7.216026,-6.517628
13050.0,-7.2091346,-6.516827
13066.667,-7.198718,-6.5128207
13083.333,-7.188301,-6.51266
13100.0,-7.1778846,-6.5278845
13116.667,-7.167468,-6.543109
13133.333,-7.1576924,-6.5564103
13150.0,-7.148077,-6.5692306
13166.667,-7.139744,-6.582692
13183.333,-7.133333,-6.5971155
13200.0,-7.0071225,-6.3600426
13216.667,-6.880912,-6.12297
13233.333,-6.7547007,-5.8858976
13250.0,-6.62849,-5.6488247
13266.667,-6.5022793,-5.411752
13283.333,-6.3760686,-5.1746793
13300.0,-6.2498574,-4.937607
13316.667,-6.1236467,-4.7005343
13333.333,-5.997436,-4.4634614
13350.0,-6.0879807,-8.1052885
13366.667,-6.1766024,-9.691667
13383.333,-6.2623396,-8.194872
13400.0,-6.348077,-6.6980767
13416.667,-6.3633013,-6.6828527
13433.333,-6.3785257,-6.6676283
13450.0,-6.378846,-6.665385
13466.667,-6.3692307,-6.671795
13483.333,-6.353846,-6.673077
13500.0,-6.3153844,-6.6538463
13516.667,-6.276923,-6.6346154
13533.333,-6.2448716,-6.597436
13550.0,-6.214423,-6.5557694
13566.667,-6.1897435,-6.525641
13583.333,-6.173718,-6.5128207
13600.0,-6.1576924,-6.5
13616.667,-6.151282,-6.4711537
13633.333,-6.1448717,-6.4423075
13650.0,-6.1336536,-6.433654
13666.667,-6.1192307,-6.4384613
13683.333,-6.1041665,-6.4509616
13700.0,-6.0865383,-6.4942307
13716.667,-6.06891,-6.5375
13733.333,-6.052564,-6.5435896
13750.0,-6.0365386,-6.540385
13766.667,-6.019231,-6.530128
13783.333,-6.0,-6.509295
13800.0,-5.980769,-6.4884615
13816.667,-5.9663463,-6.4708333
13833.333,-5.951923,-6.453205
13850.0,-5.9490385,-6.4480767
13866.667,-5.953846,-6.451282
13883.333,-5.959295,-6.451282
13900.0,-5.9673076,-6.4384613
13916.667,-5.9753203,-6.425641
13933.333,-5.997436,-6.3320513
13950.0,-6.023077,-6.2182693
13966.667,-6.042308,-6.148718
13983.333,-6.0519233,-6.145513
14000.0,-6.0615387,-6.1423078
14016.667,-6.065545,-6.1358976
14033.333,-6.0695515,-6.129487
14050.0,-6.0697117,-6.1336536
14066.667,-6.0673075,-6.1448717
14083.333,-6.0666666,-6.155128
14100.0,-6.0730767,-6.1615386
14116.667,-6.0794873,-6.1679487
14133.333,-6.0775642,-6.173077
14150.0,-6.073558,-6.1778846
14166.667,-6.0721154,-6.1878204
14183.333,-6.074519,-6.2054486
14200.0,-6.076923,-6.223077
14216.667,-6.0849357,-6.208654
14233.333,-6.092949,-6.1942306
14250.0,-6.0923076,-6.1759615
14266.667,-6.0858974,-6.155128
14283.333,-6.0814104,-6.1334934
14300.0,-6.084615,-6.108654
14316.667,-6.0878205,-6.083814
14333.333,-6.0923076,-6.070513
14350.0,-6.0971155,-6.0600963
14366.667,-6.104808,-6.0564103
14383.333,-6.116827,-6.0628204
14400.0,-6.128846,-6.0692306
14416.667,-6.12484,-6.0379806
14433.333,-6.1208334,-6.0067306
14450.0,-6.1153846,-5.9947114
14466.667,-6.1089745,-5.995513
14483.333,-6.104487,-5.998237
14500.0,-6.1076922,-6.0086536
14516.667,-6.1108975,-6.0190706
14533.333,-6.116667,-6.0410256
14550.0,-6.123077,-6.0658655
14566.667,-6.1198716,-6.0823717
14583.333,-6.1022434,-6.086378
14600.0,-6.084615,-6.0903845
14616.667,-4.159936,-5.3508015
14633.333,-2.2352564,-4.611218
14650.0,-1.3134615,-4.3201923
14666.667,-1.0602564,-4.328205
14683.333,-0.8528846,-4.330769
14700.0,-0.82884616,-4.3115387
14716.667,-0.80480766,-4.292308
14733.333,-0.7935898,-4.298077
14750.0,-0.78557694,-4.3100963
14766.667,-0.65833336,-4.3733974
14783.333,-0.3522436,-4.513622
14800.0,-0.046153847,-4.6538463
14816.667,2.0003204,-6.0641026
14833.333,4.046795,-7.474359
14850.0,4.8625,-8.046154
14866.667,4.8576922,-8.058974
14883.333,4.851122,-8.072436
14900.0,4.8375,-8.088462
14916.667,4.8238783,-8.104487
14933.333,4.822436,-8.058974
14950.0,4.8240385,-7.998077
14966.667,4.828846,-7.965705
14983.333,4.8384614,-7.976122
15000.0,4.848077,-7.9865384
15016.667,4.8616986,-8.038622
15033.333,4.8753204,-8.090705
15050.0,5.0298076,-8.052885
15066.667,5.278205,-7.955128
15083.333,5.478205,-7.875641
15100.0,5.4846153,-7.8692307
15116.667,5.4910254,-7.8628206
15133.333,5.4846153,-7.8153844
15150.0,5.475,-7.7576923
15166.667,5.4711537,-7.728205
15183.333,5.4759617,-7.7410254
15200.0,5.480769,-7.753846
15216.667,5.4775643,-7.7650642
15233.333,5.474359,-7.776282
15250.0,5.4759617,-7.769231
15266.667,5.480769,-7.75
15283.333,5.485577,-7.736859
15300.0,5.4903846,-7.748077
15316.667,5.4951925,-7.759295
15333.333,5.5128207,-7.7660255
15350.0,5.5336537,-7.7716346
15366.667,5.544872,-7.763141
15383.333,5.5416665,-7.733494
15400.0,5.5384617,-7.703846
15416.667,5.530449,-7.7375
15433.333,5.5224357,-7.771154
15450.0,5.512019,-7.7826924
15466.667,5.5,-7.779487
15483.333,5.492468,-7.7783656
15500.0,5.5028844,-7.785577
15516.667,5.5133014,-7.7927885
15533.333,7.8128204,-7.883333
15550.0,10.684615,-7.9947114
15566.667,12.560256,-8.037821
15583.333,12.941667,-7.9785256
15600.0,13.323077,-7.919231
15616.667,13.823077,-7.911218
15633.333,14.323077,-7.903205
15650.0,14.471635,-7.8754807
15666.667,14.385898,-7.834615
15683.333,14.315225,-7.800481
15700.0,14.304808,-7.793269
15716.667,14.294391,-7.7860575
15733.333,14.275,-7.7628207
15750.0,14.2533655,-7.735577
15766.667,14.242628,-7.723718
15783.333,14.248238,-7.7349358
15800.0,14.253846,-7.746154
15816.667,14.266666,-7.770192
15833.333,14.279488,-7.794231
15850.0,14.298077,-7.810577
15866.667,14.320513,-7.821795
15883.333,14.339103,-7.8347754
15900.0,14.342308,-7.854808
15916.667,14.345512,-7.87484
15933.333,14.183974,-7.798718
15950.0,13.98125,-7.698558
15966.667,11.792628,-6.748077
15983.333,6.62516,-4.522115
16000.0,1.4576923,-2.2961538
16016.667,1.4256411,-2.2096155
16033.333,1.3935897,-2.123077
16050.0,1.3778846,-2.0879807
16066.667,1.3730769,-2.0871794
16083.333,1.3695513,-2.0828526
16100.0,1.3711538,-2.064423
16116.667,1.3727564,-2.0459936
16133.333,1.3653846,-2.0320513
16150.0,1.3557693,-2.0192308
16166.667,1.3519231,-2.027564
16183.333,1.3567308,-2.0676281
16200.0,1.3615384,-2.1076922
16216.667,1.3711538,-2.0828526
16233.333,1.3807693,-2.0580127
16250.0,1.3798077,-2.03125
16266.667,1.3717948,-2.003205
16283.333,1.3666667,-1.9766026
16300.0,1.3730769,-1.9557692
16316.667,1.3794872,-1.9349359
16333.333,1.2294872,-1.9410256
16350.0,1.0403847,-1.9538461
16366.667,0.9198718,-1.9602565
16383.333,0.9022436,-1.9570513
16400.0,0.88461536,-1.9538461
16416.666,0.88301283,-1.9362179
16433.334,0.88141024,-1.9185897
16450.0,0.87596154,-1.9197116
16466.666,0.8679487,-1.9333333
16483.334,0.34935898,-2.326763
16500.0,-2.2115386,-4.2394233
16516.666,-4.7724357,-6.1520834
16533.334,-5.707692,-6.569872
16550.0,-6.2365384,-6.613942
16566.666,-6.555128,-6.643269
16583.334,-6.5583334,-6.6504807
16600.0,-6.5615387,-6.6576924
16616.666,-6.5567307,-6.6665063
16633.334,-6.5519233,-6.6753206
16650.0,-6.548077,-6.6879807
16666.666,-6.544872,-6.703205
16683.334,-6.540385,-6.7192307
16700.0,-6.5307693,-6.7384615
16716.666,-6.521154,-6.7576923
16733.334,-6.6179485,-6.5923076
16750.0,-6.7413464,-6.3807693
16766.666,-6.8166666,-6.264744
16783.334,-6.819872,-6.291987
16800.0,-6.8230767,-6.3192306
16816.666,-6.8134613,-6.3056087
16833.334,-6.8038464,-6.291987
16850.0,-6.8009615,-6.2802887
16866.666,-6.802564,-6.2698717
16883.334,-6.8035254,-6.257372
16900.0,-6.8019233,-6.2365384
16916.666,-6.8003206,-6.215705
16933.334,-6.8,-6.2083335
16950.0,-6.8,-6.204327
16966.666,-6.798718,-6.2009616
16983.334,-6.7955127,-6.198558
17000.0,-6.792308,-6.1961536
17016.666,-6.8003206,-6.1897435
17033.334,-6.8083334,-6.1833334
17050.0,-6.8153844,-6.1884613
17066.666,-6.821795,-6.201282
17083.334,-6.9608974,-6.3365383
17100.0,-7.6307693,-6.9615383
17116.666,-8.300641,-7.5865383
17133.334,-11.078205,-8.484615
17150.0,-14.382692,-9.450961
17166.666,-16.391026,-10.031731
17183.334,-16.455128,-10.034135
17200.0,-16.51923,-10.036538
17216.666,-16.510416,-10.04375
17233.334,-16.501602,-10.0509615
17250.0,-16.490866,-10.052885
17266.666,-16.478846,-10.051282
17283.334,-16.467308,-10.04968
17300.0,-16.457693,-10.048077
17316.666,-16.448076,-10.046474
17333.334,-16.444872,-10.035897
17350.0,-16.44327,-10.023077
17366.666,-15.241667,-9.392949
17383.334,-12.240064,-7.8368587
17400.0,-9.2384615,-6.2807693
17416.666,-4.3995194,-4.6854167
17433.334,0.43942308,-3.090064
17450.0,2.3495193,-2.4225962
17466.666,2.3070512,-2.373718
17483.334,2.2698717,-2.3314102
17500.0,2.2538462,-2.3153846
17516.666,2.2378206,-2.299359
17533.334,2.2282052,-2.2910256
17550.0,2.2201922,-2.2846153
17566.666,2.2166667,-2.2782052
17583.334,2.2198718,-2.2717948
17600.0,2.2230768,-2.2653847
17616.666,2.2310898,-2.2846153
17633.334,2.2391026,-2.3038461
17650.0,2.248077,-2.3817308
17666.666,2.2576923,-2.498718
17683.334,2.5060897,-3.0608974
17700.0,3.7096155,-5.4038463
17716.666,4.9131413,-7.7467947
17733.334,5.1628203,-8.220512
17750.0,5.1740384,-8.226923
17766.666,5.1858974,-8.232051
17783.334,5.198718,-8.235256
17800.0,5.2115383,-8.2384615
17816.666,5.2163463,-8.235256
17833.334,5.2211537,-8.232051
17850.0,5.2153845,-8.218269
17866.666,5.2025642,-8.197436
17883.334,5.192949,-8.183013
17900.0,5.1961536,-8.194231
17916.666,5.199359,-8.205449
17933.334,5.196795,-8.233334
17950.0,5.1927886,-8.265385
17966.666,5.244551,-8.221795
17983.334,5.379968,-8.064744
18000.0,5.5153847,-7.9076924
18016.666,5.521795,-7.8964744
18033.334,5.528205,-7.8852563
18050.0,5.5288463,-7.8884616
18066.666,5.525641,-7.901282
18083.334,5.522115,-7.914423
18100.0,5.5173078,-7.9288464
18116.666,5.5125,-7.9432693
18133.334,5.497436,-7.9384613
18150.0,5.479808,-7.9288464
18166.666,5.4756413,-7.923077
18183.334,5.491667,-7.923077
18200.0,5.5076923,-7.923077
18216.666,5.5141025,-7.918269
18233.334,5.520513,-7.9134617
18250.0,5.523077,-7.919231
18266.666,5.523077,-7.932051
18283.334,5.5253205,-7.9435897
18300.0,5.5365386,-7.95
18316.666,5.547756,-7.9564104
18333.334,5.542308,-7.929487
18350.0,5.5326924,-7.894231
18366.666,5.5198717,-7.8679485
18383.334,5.5022435,-7.8551283
18400.0,5.4846153,-7.8423076
18416.666,5.4846153,-7.858333
18433.334,5.4846153,-7.874359
18450.0,5.483654,-7.875
18466.666,5.4820514,-7.8653846
18483.334,5.4809294,-7.8608975
18500.0,5.481731,-7.876923
18516.666,5.482532,-7.8929486
18533.334,5.479487,-7.921795
18550.0,5.4754806,-7.953846
18566.666,5.4756413,-7.977885
18583.334,5.4820514,-7.989904
18600.0,5.4884615,-8.001923
18616.666,5.486859,-7.9866986
18633.334,5.485256,-7.971474
18650.0,5.4846153,-7.9721155
18666.666,5.4846153,-7.983333
18683.334,5.486218,-7.9884615
18700.0,5.4942307,-7.9692307
18716.666,5.5022435,-7.95
18733.334,5.508333,-7.951923
18750.0,5.5139422,-7.9591346
18766.666,5.515705,-7.965064
18783.334,5.5116987,-7.9690704
18800.0,5.5076923,-7.973077
18816.666,5.4964743,-7.953846
18833.334,5.485256,-7.9346156
18850.0,5.480769,-7.9298077
18866.666,5.480769,-7.9346156
18883.334,5.4849358,-7.9384613
18900.0,5.5057693,-7.9384613
18916.666,5.5266027,-7.9384613
18933.334,5.523077,-7.948718
18950.0,5.5134616,-7.9615383
18966.666,5.5108976,-7.973077
18983.334,5.5189104,-7.9826922
19000.0,5.526923,-7.9923077
19016.666,5.5333333,-7.9939103
19033.334,5.5397434,-7.995513
19050.0,5.543269,-7.989904
19066.666,5.544872,-7.979487
19083.334,5.5474358,-7.973237
19100.0,5.5538464,-7.983654
19116.666,5.5602565,-7.9940705
19133.334,5.5589743,-8.002564
19150.0,5.5557694,-8.010577
19166.666,5.5519233,-8.013141
19183.334,5.5471153,-8.007532
19200.0,5.542308,-8.001923
19216.666,5.536699,-7.9802885
19233.334,5.53109,-7.958654
19250.0,5.523077,-7.9480767
19266.666,5.5134616,-7.944872
19283.334,5.5040064,-7.950641
19300.0,5.4951925,-7.9923077
19316.666,5.486378,-8.033975
19333.334,5.4820514,-8.030769
19350.0,5.478846,-8.016346
19366.666,5.473718,-8.005769
19383.334,5.465705,-8.000961
19400.0,5.457692,-7.996154
19416.666,5.451282,-7.9608974
19433.334,5.444872,-7.925641
19450.0,5.4423075,-7.9125
19466.666,5.4423075,-7.9141026
19483.334,5.441346,-7.917308
19500.0,5.4365387,-7.9269233
19516.666,5.4317307,-7.9365387
19533.334,2.6012821,-7.5602565
19550.0,-0.9355769,-7.0875
19566.666,-3.7448719,-6.7141027
19583.334,-5.4628205,-6.4897437
19600.0,-7.1807694,-6.2653847
19616.666,-7.176763,-6.246154
19633.334,-7.172756,-6.226923
19650.0,-7.160577,-6.207692
19666.666,-7.1429486,-6.1884613
19683.334,-7.128045,-6.174359
19700.0,-7.1240387,-6.1807694
19716.666,-7.120032,-6.1871796
19733.334,-7.108333,-6.1910257
19750.0,-7.0947113,-6.1942306
19766.666,-7.0868587,-6.1961536
19783.334,-7.0876603,-6.1961536
19800.0,-7.0884614,-6.1961536
19816.666,-7.083654,-6.221795
19833.334,-7.078846,-6.247436
19850.0,-7.0682693,-6.264423
19866.666,-7.0538464,-6.275641
19883.334,-7.040705,-6.2878203
19900.0,-7.0326924,-6.3038464
19916.666,-7.0246797,-6.319872
19933.334,-7.0179486,-6.320513
19950.0,-7.0115385,-6.3173075
19966.666,-7.0102563,-6.3108974
19983.334,-7.016667,-6.2996793
20000.0,-7.023077,-6.2884617
20016.666,-7.0150642,-6.2852564
20033.334,-7.0070515,-6.282051
20050.0,-6.8461537,-6.2778845
20066.666,-6.5833335,-6.273077
20083.334,-5.4625,-6.3977566
20100.0,-0.9096154,-7.040385
20116.666,3.6432693,-7.683013
20133.334,4.841026,-7.804487
20150.0,5.2,-7.795673
20166.666,5.401282,-7.7875
20183.334,5.3660254,-7.7802887
20200.0,5.330769,-7.773077
20216.666,5.346795,-7.8147435
20233.334,5.3628206,-7.85641
20250.0,5.3817306,-7.8846154
20266.666,5.402564,-7.9038463
20283.334,5.4203525,-7.9224358
20300.0,5.4259615,-7.9384613
20316.666,5.4315705,-7.9544873
20333.334,5.4435897,-7.9564104
20350.0,5.4572115,-7.9548078
20366.666,5.4666667,-7.951282
20383.334,5.469872,-7.944872
20400.0,5.473077,-7.9384613
20416.666,5.4746795,-7.908013
20433.334,5.476282,-7.877564
20450.0,5.4759617,-7.860577
20466.666,5.474359,-7.8525643
20483.334,5.474199,-7.844391
20500.0,5.479808,-7.835577
20516.666,5.485417,-7.8267627
20533.334,5.491667,-7.830769
20550.0,5.498077,-7.8379807
20566.666,5.5022435,-7.8358974
20583.334,5.503045,-7.819872
20600.0,5.503846,-7.8038464
20616.666,5.5086536,-7.8102565
20633.334,5.5134616,-7.8166666
20650.0,5.514423,-7.810577
20666.666,5.5128207,-7.796154
20683.334,5.5121794,-7.784295
20700.0,5.5153847,-7.7826924
20716.666,5.51859,-7.78109
20733.334,5.521795,-7.779487
20750.0,5.525,-7.7778845
20766.666,5.527564,-7.7788463
20783.334,5.5291667,-7.7836537
20800.0,5.5307693,-7.7884617
20816.666,5.5227566,-7.767628
20833.334,5.514744,-7.7467947
20850.0,5.519231,-7.75
20866.666,5.532051,-7.769231
20883.334,5.540705,-7.786859
20900.0,5.5326924,-7.798077
20916.666,5.5246797,-7.8092947
20933.334,5.5307693,-7.7974358
20950.0,5.540385,-7.7798076
20966.666,5.546154,-7.766667
20983.334,5.546154,-7.7602563
21000.0,5.546154,-7.753846
21016.666,5.5333333,-7.736218
21033.334,5.520513,-7.71859
21050.0,4.7533655,-7.720673
21066.666,3.4833333,-7.7358975
21083.334,1.5161859,-7.7383013
21100.0,-3.239423,-7.689423
21116.666,-7.995032,-7.640545
21133.334,-9.007692,-7.623077
21150.0,-9.084616,-7.6134615
21166.666,-9.142307,-7.6054487
21183.334,-9.171154,-7.5998397
21200.0,-9.2,-7.5942307
21216.666,-9.224038,-7.5677886
21233.334,-9.248077,-7.541346
21250.0,-9.256731,-7.522115
21266.666,-9.255128,-7.5076923
21283.334,-9.347276,-7.6317306
21300.0,-9.814423,-8.309615
21316.666,-10.28157,-8.9875
21333.334,-12.520513,-9.41923
21350.0,-15.202404,-9.789423
21366.666,-16.805128,-10.0
21383.334,-16.789103,-9.971154
21400.0,-16.773077,-9.942307
21416.666,-16.765064,-9.902244
21433.334,-16.757051,-9.86218
21450.0,-16.74471,-9.846154
21466.666,-16.729486,-9.846154
21483.334,-16.717628,-9.846475
21500.0,-16.71923,-9.848077
21516.666,-16.720833,-9.84968
21533.334,-16.71923,-9.834616
21550.0,-16.716827,-9.815385
21566.666,-16.714102,-9.797436
21583.334,-16.710897,-9.78141
21600.0,-16.707693,-9.765385
21616.666,-16.698076,-9.723718
21633.334,-16.688461,-9.682052
21650.0,-16.678846,-9.653846
21666.666,-16.669231,-9.634615
21683.334,-16.659294,-9.614423
21700.0,-16.648077,-9.5903845
21716.666,-16.63686,-9.566346
21733.334,-16.628204,-9.557693
21750.0,-16.620192,-9.552885
21766.666,-16.613462,-9.5346155
21783.334,-16.608654,-9.496154
21800.0,-16.603846,-9.457692
21816.666,-16.597435,-9.412821
21833.334,-16.591026,-9.367949
21850.0,-16.585577,-9.331731
21866.666,-16.580769,-9.301282
21883.334,-16.573877,-9.2697115
21900.0,-16.558655,-9.233654
21916.666,-16.54343,-9.197597
21933.334,-16.534615,-9.170513
21950.0,-16.527405,-9.145673
21966.666,-16.51923,-9.121795
21983.334,-16.509615,-9.099359
22000.0,-16.5,-9.076923
22016.666,-16.491987,-9.057693
22033.334,-16.483974,-9.038462
22050.0,-16.46346,-9.004807
22066.666,-16.434616,-8.961538
22083.334,-16.41186,-8.914583
22100.0,-16.413462,-8.852884
22116.666,-16.415064,-8.791186
22133.334,-16.373077,-8.491667
22150.0,-16.320192,-8.132692
22166.666,-16.285898,-7.909295
22183.334,-16.279488,-7.8892627
22200.0,-16.273077,-7.8692307
22216.666,-16.276281,-7.816346
22233.334,-16.279488,-7.7634616
22250.0,-16.284615,-7.7192307
22266.666,-16.291025,-7.6807694
22283.334,-16.297115,-7.642628
22300.0,-16.301924,-7.605769
22316.666,-16.30673,-7.56891
22333.334,-16.299358,-7.5378203
22350.0,-16.288942,-7.508173
22366.666,-16.276602,-7.4753203
22383.334,-16.261377,-7.43766
22400.0,-16.246155,-7.4
22416.666,-16.239744,-7.388782
22433.334,-16.233334,-7.377564
22450.0,-16.23077,-7.3634615
22466.666,-16.23077,-7.347436
22483.334,-16.232693,-7.3294873
22500.0,-16.242308,-7.3038464
22516.666,-16.251923,-7.278205
22533.334,-16.253845,-7.246154
22550.0,-16.253845,-7.2125
22566.666,-16.24936,-7.1817307
22583.334,-16.23814,-7.1552887
22600.0,-16.226923,-7.128846
22616.666,-16.228525,-7.1040063
22633.334,-16.230127,-7.079167
22650.0,-16.032692,-7.0528846
22666.666,-15.702564,-7.025641
22683.334,-14.885257,-6.8863783
22700.0,-12.119231,-6.2990384
22716.666,-9.353205,-5.7116985
22733.334,-8.792949,-5.5647435
22750.0,-8.784135,-5.5278845
22766.666,-8.780449,-5.4964743
22783.334,-8.784455,-5.473237
22800.0,-8.788462,-5.45
22816.666,-8.783654,-5.4251604
22833.334,-8.778846,-5.4003205
22850.0,-8.781731,-5.3802886
22866.666,-8.789743,-5.3634615
22883.334,-8.796795,-5.3451924
22900.0,-8.8,-5.3211536
22916.666,-8.8032055,-5.2971153
22933.334,-8.803846,-5.2897434
22950.0,-8.803846,-5.2865386
22966.666,-8.802564,-5.2929487
22983.334,-8.799359,-5.313782
23000.0,-8.796154,-5.334615
23016.666,-8.810577,-5.316987
23033.334,-8.825,-5.299359
23050.0,-8.827885,-5.276923
23066.666,-8.823077,-5.251282
23083.334,-9.1157055,-5.423878
23100.0,-10.598077,-6.389423
23116.666,-12.080449,-7.354968
23133.334,-13.802564,-7.5775642
23150.0,-15.584616,-7.6144233
23166.666,-16.66282,-7.632372
23183.334,-16.685257,-7.621955
23200.0,-16.707693,-7.6115384
23216.666,-16.730127,-7.6259613
23233.334,-16.752563,-7.6403847
23250.0,-16.7625,-7.644231
23266.666,-16.764103,-7.6410255
23283.334,-16.76923,-7.637981
23300.0,-16.788462,-7.6355767
23316.666,-16.807692,-7.633173
23333.334,-16.81282,-7.6160254
23350.0,-16.814423,-7.5951924
23366.666,-16.809616,-7.58109
23383.334,-16.795193,-7.577083
23400.0,-16.78077,-7.5730767
23416.666,-16.782372,-7.561859
23433.334,-16.783974,-7.550641
23450.0,-16.783653,-7.544231
23466.666,-16.782051,-7.5410256
23483.334,-16.778526,-7.5381413
23500.0,-16.767307,-7.5365386
23516.666,-16.75609,-7.534936
23533.334,-16.74359,-7.526923
23550.0,-16.73077,-7.5173078
23566.666,-16.720512,-7.508333
23583.334,-16.714102,-7.5003204
23600.0,-16.707693,-7.4923077
23616.666,-16.721313,-7.473077
23633.334,-16.734936,-7.453846
23650.0,-16.726442,-7.4471154
23666.666,-16.703205,-7.448718
23683.334,-16.683332,-7.4503207
23700.0,-16.676924,-7.451923
23716.666,-16.670513,-7.4535255
23733.334,-16.658974,-7.444872
23750.0,-16.646154,-7.433654
23766.666,-16.632692,-7.425641
23783.334,-16.618269,-7.4224358
23800.0,-16.603846,-7.419231
23816.666,-16.600641,-7.395192
23833.334,-16.597435,-7.371154
23850.0,-16.590385,-7.3509617
23866.666,-16.580769,-7.3333335
23883.334,-16.571154,-7.3176284
23900.0,-16.561539,-7.3096156
23916.666,-16.551924,-7.3016024
23933.334,-16.542307,-7.298718
23950.0,-16.532692,-7.2971153
23966.666,-16.526922,-7.2929487
23983.334,-16.526922,-7.284936
24000.0,-16.526922,-7.276923
24016.666,-16.524519,-7.2608976
24033.334,-16.522116,-7.2448716
24050.0,-16.529327,-7.229808
24066.666,-16.542948,-7.2153845
24083.334,-16.586538,-7.1998396
24100.0,-16.75,-7.1798077
24116.666,-16.913462,-7.1597757
24133.334,-16.942308,-7.1596155
24150.0,-16.9375,-7.164423
24166.666,-16.93173,-7.165385
24183.334,-16.924519,-7.160577
24200.0,-16.917307,-7.1557693
24216.666,-16.913301,-7.1677885
24233.334,-16.909294,-7.1798077
24250.0,-16.908653,-7.1798077
24266.666,-16.910257,-7.171795
24283.334,-16.909615,-7.163782
24300.0,-16.9,-7.1557693
24316.666,-16.890385,-7.1477566
24333.334,-16.885897,-7.15
24350.0,-16.882692,-7.1548076
24366.666,-16.88077,-7.154487
24383.334,-16.88077,-7.1464744
24400.0,-16.88077,-7.1384616
24416.666,-16.875961,-7.1464744
24433.334,-16.871155,-7.154487
24450.0,-16.864424,-7.1538463
24466.666,-16.856411,-7.1474357
24483.334,-16.848719,-7.1445513
24500.0,-16.842308,-7.1557693
24516.666,-16.835897,-7.166987
24533.334,-16.83718,-7.1897435
24550.0,-16.840385,-7.2153845
24566.666,-16.833334,-7.248718
24583.334,-16.810898,-7.2935896
24600.0,-16.788462,-7.3384614
24616.666,-16.777243,-7.389744
24633.334,-16.766026,-7.4410257
24650.0,-16.754808,-7.4826922
24666.666,-16.74359,-7.5179486
24683.334,-16.732372,-7.550641
24700.0,-16.721153,-7.5730767
24716.666,-16.709936,-7.595513
24733.334,-16.703846,-7.629487
24750.0,-16.699038,-7.666346
24766.666,-16.69295,-7.7025642
24783.334,-16.684937,-7.7378206
24800.0,-16.676924,-7.773077
24816.666,-16.634455,-8.129647
24833.334,-16.591988,-8.4862175
24850.0,-16.576443,-8.625481
24866.666,-16.578846,-8.619872
24883.334,-16.582052,-8.614583
24900.0,-16.58846,-8.610577
24916.666,-16.594872,-8.60657
24933.334,-16.591026,-8.620513
24950.0,-16.584616,-8.638943
24966.666,-16.579487,-8.651282
24983.334,-16.576283,-8.654488
25000.0,-16.573076,-8.657692
25016.666,-16.57468,-8.652083
25033.334,-16.576283,-8.646474
25050.0,-16.578846,-8.63798
25066.666,-16.582052,-8.627564
25083.334,-16.584936,-8.617308
25100.0,-16.586538,-8.607693
25116.666,-16.58814,-8.598077
25133.334,-16.584616,-8.588462
25150.0,-16.579807,-8.578846
25166.666,-16.575,-8.563782
25183.334,-16.570192,-8.5405445
25200.0,-16.565384,-8.517307
25216.666,-16.559776,-8.490866
25233.334,-16.554167,-8.464423
25250.0,-16.551924,-8.451443
25266.666,-16.551924,-8.447436
25283.334,-16.552404,-8.440545
25300.0,-16.554808,-8.422115
25316.666,-16.55721,-8.403686
25333.334,-16.561539,-8.388461
25350.0,-16.566345,-8.374039
25366.666,-16.569872,-8.365385
25383.334,-16.571474,-8.365385
25400.0,-16.573076,-8.365385
25416.666,-16.558655,-8.371795
25433.334,-16.544231,-8.378205
25450.0,-16.542307,-8.389423
25466.666,-16.548717,-8.403846
25483.334,-16.552244,-8.416026
25500.0,-16.544231,-8.41923
25516.666,-16.536219,-8.422436
25533.334,-16.534615,-8.41923
25550.0,-16.534615,-8.414423
25566.666,-16.53782,-8.4096155
25583.334,-16.545834,-8.404808
25600.0,-16.553846,-8.4
25616.666,-16.552244,-8.387179
25633.334,-16.55064,-8.374359
25650.0,-16.547596,-8.36202
25666.666,-16.54359,-8.35
25683.334,-16.539904,-8.338943
25700.0,-16.5375,-8.331731
25716.666,-16.535095,-8.324519
25733.334,-16.533333,-8.323718
25750.0,-16.53173,-8.324519
25766.666,-16.625961,-8.291347
25783.334,-16.863943,-8.2072115
25800.0,-17.101923,-8.123077
25816.666,-17.107533,-8.1342945
25833.334,-17.11314,-8.145513
25850.0,-17.118269,-8.157692
25866.666,-17.123077,-8.170513
25883.334,-17.127243,-8.18141
25900.0,-17.128845,-8.184615
25916.666,-17.13045,-8.18782
25933.334,-17.13077,-8.175
25950.0,-17.13077,-8.158173
25966.666,-17.134615,-8.155449
25983.334,-17.14423,-8.173879
26000.0,-17.153847,-8.192307
26016.666,-17.158653,-8.205129
26033.334,-17.163462,-8.217949
26050.0,-17.158653,-8.2302885
26066.666,-17.147436,-8.242308
26083.334,-17.135897,-8.254006
26100.0,-17.123077,-8.264423
26116.666,-17.110256,-8.274839
26133.334,-17.103846,-8.283334
26150.0,-17.09904,-8.291347
26166.666,-17.09423,-8.291667
26183.334,-17.089422,-8.280449
26200.0,-17.084616,-8.269231
26216.666,-17.086218,-8.269231
26233.334,-17.08782,-8.269231
26250.0,-17.089905,-8.2697115
26266.666,-17.092308,-8.270513
26283.334,-17.090706,-8.272757
26300.0,-17.073076,-8.280769
26316.666,-17.055449,-8.288782
26333.334,-17.045513,-8.285256
26350.0,-17.0375,-8.278846
26366.666,-17.026602,-8.272116
26383.334,-17.011377,-8.264904
26400.0,-16.996155,-8.257692
26416.666,-14.344711,-7.8065705
26433.334,-11.693269,-7.3554487
26450.0,-6.1620193,-6.5961537
26466.666,1.2891026,-5.63141
26483.334,7.967628,-4.5738783
26500.0,11.555769,-3.1451924
26516.666,15.14391,-1.7165064
26533.334,15.880769,-1.4076923
26550.0,15.904808,-1.3788462
26566.666,15.910897,-1.3557693
26583.334,15.890064,-1.3413461
26600.0,15.869231,-1.3269231
26616.666,15.85641,-1.3076923
26633.334,15.84359,-1.2884616
26650.0,16.086538,-1.2009616
26666.666,16.5,-1.0679487
26683.334,16.913141,-0.9394231
26700.0,17.325,-0.82884616
26716.666,17.736858,-0.7182692
26733.334,17.805128,-0.68846154
26750.0,17.7875,-0.6788462
26766.666,17.783974,-0.6788462
26783.334,17.801603,-0.69326925
26800.0,17.819231,-0.7076923
26816.666,17.823236,-0.70528847
26833.334,17.827244,-0.7028846
26850.0,17.83798,-0.70913464
26866.666,17.853205,-0.72115386
26883.334,17.866026,-0.7310898
26900.0,17.86923,-0.7326923
26916.666,17.872437,-0.7342949
26933.334,17.494871,-1.573718
26950.0,17.022116,-2.6225963
26966.666,15.276282,-4.1464744
26983.334,11.620833,-6.3828526
27000.0,7.9653845,-8.619231
27016.666,6.824359,-8.773878
27033.334,5.6833334,-8.928526
27050.0,5.2173076,-8.956731
27066.666,5.201282,-8.900641
27083.334,5.185577,-8.851763
27100.0,5.171154,-8.831731
27116.666,5.1567307,-8.811699
27133.334,5.155128,-8.803846
27150.0,5.1567307,-8.799039
27166.666,5.1628203,-8.7778845
27183.334,5.175641,-8.732211
27200.0,5.1884613,-8.686539
27216.666,5.289423,-8.408494
27233.334,5.3903847,-8.130448
27250.0,5.4365387,-8.021153
27266.666,5.4461536,-8.024359
27283.334,5.453846,-8.02532
27300.0,5.453846,-8.017307
27316.666,5.453846,-8.0092945
27333.334,5.451282,-7.980769
27350.0,5.4480767,-7.9471154
27366.666,5.4378204,-7.921795
27383.334,5.416987,-7.908974
27400.0,5.396154,-7.896154
27416.666,0.6966346,-7.533974
27433.334,-4.0028844,-7.171795
27450.0,-6.0764422,-7.029327
27466.666,-6.3993587,-7.0333333
27483.334,-6.6596155,-7.03125
27500.0,-6.669231,-7.0048075
27516.666,-6.6788464,-6.9783654
27533.334,-6.6705127,-6.974359
27550.0,-6.6576924,-6.9759617
27566.666,-6.646795,-6.9801283
27583.334,-6.638782,-6.988141
27600.0,-6.6307693,-6.996154
27616.666,-6.6355767,-7.013782
27633.334,-6.6403847,-7.03141
27650.0,-6.652404,-7.0548077
27666.666,-6.669231,-7.0820513
27683.334,-6.76266,-7.1076922
27700.0,-7.1625,-7.126923
27716.666,-7.56234,-7.146154
27733.334,-7.646154,-7.1538463
27750.0,-7.6509614,-7.1586537
27766.666,-7.6583333,-7.1583333
27783.334,-7.6695514,-7.1503205
27800.0,-7.6807694,-7.1423078
27816.666,-7.6839743,-7.1679487
27833.334,-7.6871796,-7.1935897
27850.0,-7.7009616,-7.2110577
27866.666,-7.721795,-7.223077
27883.334,-7.7403846,-7.232532
27900.0,-7.75,-7.231731
27916.666,-7.7596154,-7.2309294
27933.334,-7.7576923,-7.2339745
27950.0,-7.7528844,-7.237981
27966.666,-7.745513,-7.238141
27983.334,-7.734295,-7.232532
28000.0,-7.723077,-7.226923
28016.666,-7.7551284,-7.3759613
28033.334,-7.7871795,-7.525
28050.0,-7.794231,-7.5759616
28066.666,-7.7846155,-7.5615387
28083.334,-7.7754807,-7.5445514
28100.0,-7.768269,-7.5173078
28116.666,-7.761058,-7.490064
28133.334,-7.75,-7.476923
28150.0,-7.737981,-7.4673076
28166.666,-7.7275643,-7.4564104
28183.334,-7.719551,-7.4435897
28200.0,-7.7115383,-7.4307694
28216.666,-7.701923,-7.4259615
28233.334,-7.6923075,-7.421154
28250.0,-7.6942306,-7.4288464
28266.666,-7.703846,-7.444872
28283.334,-7.8541665,-7.511859
28300.0,-8.567307,-7.7826924
28316.666,-9.280449,-8.053526
28333.334,-9.417308,-8.102564
28350.0,-9.410096,-8.096154
28366.666,-9.408654,-8.089103
28383.334,-9.415865,-8.08109
28400.0,-9.423077,-8.073077
28416.666,-9.410256,-8.050641
28433.334,-9.397436,-8.028205
28450.0,-9.378846,-8.004327
28466.666,-9.35641,-7.979487
28483.334,-9.536218,-8.058494
28500.0,-10.525,-8.552885
28516.666,-11.5137825,-9.047276
28533.334,-13.071154,-9.061539
28550.0,-14.770673,-8.95577
28566.666,-15.794551,-8.891026
28583.334,-15.804968,-8.88782
28600.0,-15.815385,-8.884615
28616.666,-15.8217945,-8.886218
28633.334,-15.828205,-8.88782
28650.0,-15.831731,-8.888461
28666.666,-15.833333,-8.888461
28683.334,-15.834776,-8.891666
28700.0,-15.835577,-8.907692
28716.666,-15.836378,-8.9237175
28733.334,-15.897436,-8.854487
28750.0,-15.973557,-8.763943
28766.666,-16.048077,-8.631731
28783.334,-16.120192,-8.437019
28800.0,-16.192308,-8.242308
28816.666,-16.185898,-8.239102
28833.334,-16.179487,-8.235897
28850.0,-16.177885,-8.233654
28866.666,-16.179487,-8.232051
28883.334,-16.178526,-8.232211
28900.0,-16.167307,-8.239423
28916.666,-16.15609,-8.2466345
28933.334,-16.158974,-8.251282
28950.0,-16.165384,-8.255288
28966.666,-16.167948,-8.260898
28983.334,-16.164743,-8.26891
29000.0,-16.16154,-8.276923
29016.666,-16.169552,-8.26891
29033.334,-16.177565,-8.260898
29050.0,-16.18125,-8.263943
29066.666,-16.18205,-8.274359
29083.334,-16.1875,-8.287019
29100.0,-16.211538,-8.308654
29116.666,-16.235577,-8.330289
29133.334,-16.235897,-8.34359
29150.0,-16.230288,-8.354808
29166.666,-16.226282,-8.361859
29183.334,-16.22468,-8.36266
29200.0,-16.223078,-8.3634615
29216.666,-16.226282,-8.370673
29233.334,-16.229486,-8.377885
29250.0,-16.231731,-8.380769
29266.666,-16.233334,-8.380769
29283.334,-16.234295,-8.379968
29300.0,-16.232693,-8.375961
29316.666,-16.23109,-8.371955
29333.334,-16.233334,-8.371795
29350.0,-16.236538,-8.372596
29366.666,-16.235256,-8.375
29383.334,-16.227243,-8.379807
29400.0,-16.21923,-8.384615
29416.666,-16.401922,-7.945513
29433.334,-16.584616,-7.50641
29450.0,-16.666346,-6.998077
29466.666,-16.680769,-6.4435897
29483.334,-16.69327,-5.998077
29500.0,-16.698076,-5.9884615
29516.666,-16.702885,-5.978846
29533.334,-16.701283,-5.978205
29550.0,-16.698076,-5.979808
29566.666,-16.694872,-5.976282
29583.334,-16.691668,-5.965064
29600.0,-16.688461,-5.953846
29616.666,-16.68686,-5.9514422
29633.334,-16.685257,-5.9490385
29650.0,-16.683655,-5.946635
29666.666,-16.68205,-5.9442306
29683.334,-16.643269,-6.2025642
29700.0,-16.455769,-7.503846
29716.666,-16.268269,-8.805128
29733.334,-16.216026,-9.111539
29750.0,-16.197596,-9.16923
29766.666,-16.179487,-9.192948
29783.334,-16.16186,-9.165705
29800.0,-16.14423,-9.138461
29816.666,-16.138622,-9.140064
29833.334,-16.133013,-9.141666
29850.0,-16.124039,-9.134615
29866.666,-16.11282,-9.121795
29883.334,-16.102404,-9.110256
29900.0,-16.095192,-9.103847
29916.666,-16.08798,-9.097436
29933.334,-16.078205,-9.09359
29950.0,-16.06779,-9.0903845
29966.666,-16.058332,-9.08782
29983.334,-16.05032,-9.086218
30000.0,-16.042307,-9.084616
30016.666,-16.042307,-9.08782
30033.334,-16.042307,-9.091025
30050.0,-16.047115,-9.080289
30066.666,-16.055128,-9.060256
30083.334,-16.061539,-9.0427885
30100.0,-16.061539,-9.035577
30116.666,-16.061539,-9.028365
30133.334,-16.061539,-9.003846
30150.0,-16.061539,-8.975
30166.666,-16.06218,-8.954807
30183.334,-16.063782,-8.947597
30200.0,-16.065384,-8.940385
30216.666,-16.06218,-8.92516
30233.334,-16.058975,-8.909936
30250.0,-16.059616,-8.898077
30266.666,-16.06282,-8.888461
30283.334,-16.020353,-8.886378
30300.0,-15.795193,-8.914423
30316.666,-15.570032,-8.942468
30333.334,-15.407051,-9.046154
30350.0,-15.259615,-9.16875
30366.666,-15.166347,-9.236539
30383.334,-15.154327,-9.2221155
30400.0,-15.142307,-9.207692
30416.666,-15.139103,-9.207692
30433.334,-15.135898,-9.207692
30450.0,-15.135577,-9.204807
30466.666,-15.137179,-9.2
30483.334,-14.943911,-9.122756
30500.0,-13.971154,-8.755769
30516.666,-12.998398,-8.3887825
30533.334,-11.255128,-7.6217947
30550.0,-9.319231,-6.7548075
30566.666,-8.174039,-6.208013
30583.334,-8.214904,-6.141506
30600.0,-8.255769,-6.075
30616.666,-8.254968,-6.046955
30633.334,-8.254167,-6.0189104
30650.0,-8.252885,-6.0009613
30666.666,-8.251282,-5.9897437
30683.334,-8.251923,-5.9858975
30700.0,-8.2615385,-6.0115385
30716.666,-8.271153,-6.0371795
30733.334,-8.266666,-6.0371795
30750.0,-8.258654,-6.0307693
30766.666,-8.259615,-6.021154
30783.334,-8.274038,-6.0067306
30800.0,-8.288462,-5.9923077
30816.666,-8.282051,-5.984295
30833.334,-8.275641,-5.976282
30850.0,-8.266346,-5.970673
30866.666,-8.255128,-5.9666667
30883.334,-8.260257,-5.664263
30900.0,-8.33077,-4.168269
30916.666,-8.401282,-2.6722755
30933.334,-8.40641,-1.9717948
30950.0,-8.395192,-1.4701923
30966.666,-8.383974,-1.1618589
30983.334,-8.372756,-1.1434295
31000.0,-8.361539,-1.125
31016.666,-8.361539,-1.1322116
31033.334,-8.361539,-1.1394231
31050.0,-8.370193,-1.1634616
31066.666,-8.384615,-1.198718
31083.334,-8.395833,-1.2298077
31100.0,-8.394231,-1.2442307
31116.666,-8.392629,-1.2586539
31133.334,-8.385898,-1.25
31150.0,-8.377885,-1.2355769
31166.666,-8.376282,-1.2185898
31183.334,-8.3842945,-1.1977564
31200.0,-8.392307,-1.176923
31216.666,-12.274519,-1.2995192
31233.334,-16.15673,-1.4221153
31250.0,-17.952404,-1.4764423
31266.666,-18.357052,-1.4852564
31283.334,-18.678846,-1.4919872
31300.0,-18.669231,-1.4903846
31316.666,-18.659615,-1.488782
31333.334,-18.664103,-1.4801282
31350.0,-18.672115,-1.4697115
31366.666,-18.677885,-1.465064
31383.334,-18.680288,-1.4690706
31400.0,-18.682692,-1.4730769
31416.666,-18.685097,-1.4570513
31433.334,-18.6875,-1.4410256
31450.0,-18.754328,-1.448077
31466.666,-18.864103,-1.4705129
31483.334,-18.952084,-1.4875
31500.0,-18.952885,-1.4826924
31516.666,-18.953686,-1.4778847
31533.334,-18.950642,-1.448718
31550.0,-18.946634,-1.4134616
31566.666,-18.941345,-1.3948718
31583.334,-18.934135,-1.4012821
31600.0,-18.926924,-1.4076923
31616.666,-18.926123,-1.4084936
31633.334,-18.92532,-1.4092948
31650.0,-18.932692,-1.4091346
31666.666,-18.945513,-1.4083333
31683.334,-18.95641,-1.4060898
31700.0,-18.959616,-1.3980769
31716.666,-18.96282,-1.3900641
31733.334,-18.92564,-1.3884616
31750.0,-18.878365,-1.3884616
31766.666,-16.971794,-1.4503205
31783.334,-12.276282,-1.604968
31800.0,-7.580769,-1.7596154
31816.666,-1.8940705,-1.9439102
31833.334,3.7926283,-2.128205
31850.0,6.112019,-2.2514422
31866.666,6.1865387,-2.3339744
31883.334,6.2411857,-2.3923078
31900.0,6.2163463,-2.353846
31916.666,6.1915064,-2.3153846
31933.334,6.1897435,-2.323077
31950.0,6.19375,-2.3423078
31966.666,6.195833,-2.3605769
31983.334,6.195032,-2.3774037
32000.0,6.1942306,-2.3942308
32016.666,8.31282,-1.8645834
32033.334,10.43141,-1.3349359
32050.0,11.344711,-1.1038462
32066.666,11.454487,-1.0717949
32083.334,11.53718,-1.038141
32100.0,11.5115385,-0.9980769
32116.666,11.485897,-0.9580128
32133.334,11.493589,-0.9429487
32150.0,11.509615,-0.9341346
32166.666,11.522436,-0.93173075
32183.334,11.530449,-0.9389423
32200.0,11.538462,-0.9461538
32216.666,11.548077,-0.9445513
32233.334,11.557693,-0.9429487
32250.0,11.658654,-1.0360577
32266.666,11.820513,-1.1923077
32283.334,12.130448,-1.8209935
32300.0,13.032692,-4.339423
32316.666,13.934936,-6.8578525
32333.334,14.138461,-7.3717947
32350.0,14.167308,-7.3846154
32366.666,14.176282,-7.3820515
32383.334,14.155449,-7.35641
32400.0,14.134615,-7.330769
32416.666,14.118589,-7.329167
32433.334,14.102564,-7.3275642
32450.0,14.086538,-7.3403845
32466.666,14.070513,-7.3628206
32483.334,14.064102,-7.423077
32500.0,14.096154,-7.6346154
32516.666,14.128205,-7.8461537
32533.334,14.234615,-7.8698716
32550.0,14.359615,-7.8466344
32566.666,14.429487,-7.8227563
32583.334,14.416667,-7.797917
32600.0,14.403846,-7.773077
32616.666,14.370193,-7.7201924
32633.334,14.336538,-7.667308
32650.0,14.321634,-7.648077
32666.666,14.319231,-7.651282
32683.334,14.314584,-7.647115
32700.0,14.3009615,-7.6134615
32716.666,14.28734,-7.5798078
32733.334,14.280769,-7.544872
32750.0,14.275962,-7.5096154
32766.666,14.269231,-7.4820514
32783.332,14.259615,-7.466026
32800.0,14.25,-7.45
32816.668,14.261218,-7.446795
32833.332,14.272436,-7.4435897
32850.0,14.320673,-7.485577
32866.668,14.39359,-7.5576925
32883.332,14.455289,-7.6141024
32900.0,14.4721155,-7.6076922
32916.668,14.488942,-7.601282
32933.332,14.485897,-7.5666666
32950.0,14.477884,-7.525
32966.668,14.472436,-7.495513
32983.332,14.470834,-7.484295
33000.0,14.469231,-7.473077
33016.668,14.479648,-7.4826922
33033.332,14.490064,-7.4923077
33050.0,14.4966345,-7.5105767
33066.668,14.500641,-7.5346155
33083.332,14.503205,-7.5538464
33100.0,14.5,-7.5538464
33116.668,14.496795,-7.5538464
33133.332,14.430769,-7.523718
33150.0,14.349038,-7.4860578
33166.668,14.309295,-7.4548078
33183.332,14.332532,-7.433173
33200.0,14.355769,-7.4115386
33216.668,14.362981,-7.3939104
33233.332,14.370193,-7.376282
33250.0,14.377885,-7.3673077
33266.668,14.385898,-7.3641024
33283.332,14.391666,-7.3589745
33300.0,14.388461,-7.3461537
33316.668,14.385257,-7.3333335
33333.332,14.385898,-7.3115387
33350.0,14.3875,-7.2875
33366.668,14.392949,-7.2724357
33383.332,14.404166,-7.2708335
33400.0,14.415384,-7.269231
33416.668,14.420193,-7.2516026
33433.332,14.425,-7.2339745
33450.0,14.415384,-7.2048078
33466.668,14.396153,-7.1679487
33483.332,14.383814,-7.139423
33500.0,14.399038,-7.144231
33516.668,14.414263,-7.1490383
33533.332,14.414743,-7.15
33550.0,14.411538,-7.15
33566.668,14.403525,-7.1365385
33583.332,14.388301,-7.102885
33600.0,14.373077,-7.0692306
33616.668,14.360256,-7.070833
33633.332,14.347436,-7.072436
33650.0,14.348077,-7.078846
33666.668,14.357693,-7.0884614
33683.332,14.364423,-7.090705
33700.0,14.359615,-7.0634613
33716.668,14.354808,-7.036218
33733.332,14.360256,-7.05
33750.0,14.368269,-7.0740385
33766.668,14.373077,-7.088782
33783.332,14.373077,-7.0895834
33800.0,14.373077,-7.0903845
33816.668,14.348237,-7.063141
33833.332,14.323398,-7.0358973
33850.0,14.312981,-7.035096
33866.668,14.31218,-7.0519233
33883.332,14.3009615,-7.0733976
33900.0,14.248077,-7.1134615
33916.668,14.195192,-7.153526
33933.332,11.520513,-7.347436
33950.0,8.190385,-7.5798078
33966.668,6.1685896,-7.726282
33983.332,6.109295,-7.7439103
34000.0,6.05,-7.7615385
34016.668,6.0516024,-7.7727566
34033.332,6.053205,-7.783974
34050.0,6.048077,-7.785577
34066.668,6.0384617,-7.7807693
34083.332,6.0317307,-7.780449
34100.0,6.0365386,-7.798077
34116.668,6.041346,-7.8157053
34133.332,6.048718,-7.828205
34150.0,6.0567307,-7.839423
34166.668,6.0589743,-7.8384614
34183.332,6.052564,-7.8192306
34200.0,6.046154,-7.8
34216.668,5.836218,-7.7535257
34233.332,5.626282,-7.7070513
34250.0,5.544231,-7.6798077
34266.668,5.5474358,-7.665385
34283.332,5.5496793,-7.653526
34300.0,5.548077,-7.651923
34316.668,5.5464745,-7.6503205
34333.332,5.542308,-7.639744
34350.0,5.5375,-7.626923
34366.668,5.5346155,-7.6128206
34383.332,5.5346155,-7.596795
34400.0,5.5346155,-7.580769
34416.668,5.5426283,-7.5615387
34433.332,5.550641,-7.542308
34450.0,5.1182694,-7.4692307
34466.668,4.3923078,-7.360256
34483.332,2.8814104,-7.1778846
34500.0,-1.7692307,-6.701923
34516.668,-6.419872,-6.2259617
34533.332,-6.419872,-6.2259617
34550.0,-6.419872,-6.2259617
