0.0,0.46923077,-10.396153
16.666666,0.32663462,-9.919456
33.333332,0.18403846,-9.442757
50.0,0.04144231,-8.966058
66.666664,-0.10115384,-8.489359
83.333336,-0.24375,-8.01266
100.0,-0.38634616,-7.5359616
116.666664,-0.5289423,-7.0592628
133.33333,-0.6715385,-6.582564
150.0,-0.8141346,-6.1058655
166.66667,-0.9567308,-5.6291666
183.33333,-1.09375,-7.1203527
200.0,-1.2307693,-8.611539
216.66667,-1.2419872,-8.600321
233.33333,-1.2532052,-8.589103
250.0,-1.2740384,-8.570192
266.66666,-1.301282,-8.546154
283.33334,-1.6113782,-8.48109
300.0,-3.0528846,-8.251923
316.66666,-4.494391,-8.022757
333.33334,-4.8358974,-8.008333
350.0,-4.902404,-8.047596
366.66666,-4.9410257,-8.086859
383.33334,-4.9378204,-8.1261215
400.0,-4.9346156,-8.165384
416.66666,-4.936218,-8.23109
433.33334,-4.9378204,-8.296795
450.0,-5.095673,-7.964423
466.66666,-5.3576922,-7.366667
483.33334,-5.5748396,-6.886218
500.0,-5.6125,-6.875
516.6667,-5.6501603,-6.863782
533.3333,-5.6448717,-6.874359
550.0,-5.628846,-6.8903847
566.6667,-5.6173077,-6.916987
583.3333,-5.6125,-6.959455
600.0,-5.6076922,-7.001923
616.6667,-5.578846,-6.989904
633.3333,-5.55,-6.977885
650.0,-5.5302887,-6.9783654
666.6667,-5.516667,-6.9871793
683.3333,-5.5016026,-6.996314
700.0,-5.480769,-7.0067306
716.6667,-5.4599357,-7.0171475
733.3333,-5.4461536,-7.0371795
750.0,-5.4341345,-7.0596156
766.6667,-5.4221153,-7.082692
783.3333,-5.410096,-7.106731
800.0,-5.398077,-7.1307693
816.6667,-5.3828526,-6.9721155
833.3333,-5.367628,-6.8134613
850.0,-5.3533654,-6.685577
866.6667,-5.3397436,-6.578205
883.3333,-5.3296475,-6.4990387
900.0,-5.333654,-6.5326924
916.6667,-5.3376603,-6.566346
933.3333,-5.330769,-6.6307693
950.0,-5.3211536,-6.7028847
966.6667,-5.3102565,-6.7570515
983.3333,-5.2974358,-6.784295
1000.0,-5.2846155,-6.8115387
1016.6667,-5.2846155,-6.84359
1033.3334,-5.2846155,-6.875641
1050.0,-5.275,-6.9
1066.6666,-5.2589746,-6.919231
1083.3334,-5.24359,-6.9346156
1100.0,-5.230769,-6.9346156
1116.6666,-5.217949,-6.9346156
1133.3334,-5.2192307,-6.951923
1150.0,-5.2240386,-6.9735575
1166.6666,-5.2233973,-6.996154
1183.3334,-5.2145834,-7.020192
1200.0,-5.205769,-7.044231
1216.6666,-5.2033653,-7.064263
1233.3334,-5.2009616,-7.084295
1250.0,-5.2009616,-7.1009617
1266.6666,-5.2025642,-7.1153846
1283.3334,-5.144231,-7.1833334
1300.0,-4.8461537,-7.4653845
1316.6666,-4.548077,-7.747436
1333.3334,-0.50641024,-8.515385
1350.0,4.4711537,-9.404808
1366.6666,7.5714746,-9.944872
1383.3334,7.8559294,-9.960897
1400.0,8.140385,-9.976923
1416.6666,8.041827,-9.999359
1433.3334,7.9432693,-10.021795
1450.0,7.8778844,-10.058173
1466.6666,7.834615,-10.103847
1483.3334,7.7955127,-10.142789
1500.0,7.773077,-10.154808
1516.6666,7.750641,-10.166827
1533.3334,7.747436,-10.180769
1550.0,7.7490387,-10.195192
1566.6666,7.751282,-10.1967945
1583.3334,7.754487,-10.179167
1600.0,7.7576923,-10.161538
1616.6666,7.7584934,-10.156731
1633.3334,7.759295,-10.151923
1650.0,9.720192,-10.1759615
1666.6666,12.987821,-10.219231
1683.3334,15.849519,-10.308333
1700.0,17.0875,-10.58077
1716.6666,18.325481,-10.853205
1733.3334,18.541666,-10.911538
1750.0,18.502403,-10.916347
1766.6666,18.471474,-10.929487
1783.3334,18.453045,-10.955129
1800.0,18.434616,-10.980769
1816.6666,18.414583,-10.98718
1833.3334,18.394552,-10.993589
1850.0,18.383173,-10.994231
1866.6666,18.377563,-10.991026
1883.3334,18.316988,-10.989423
1900.0,18.03654,-10.994231
1916.6666,17.75609,-10.999039
1933.3334,17.701283,-11.021153
1950.0,17.702885,-11.047596
1966.6666,17.709295,-11.065705
1983.3334,17.722918,-11.071314
2000.0,17.736538,-11.076923
2016.6666,17.747757,-11.091346
2033.3334,17.758974,-11.105769
2050.0,15.201923,-11.100962
2066.6667,10.932693,-11.083333
2083.3333,6.085737,-11.194231
2100.0,-1.0721154,-11.819231
2116.6667,-8.229968,-12.444231
2133.3333,-11.166667,-12.201923
2150.0,-13.048077,-11.742788
2166.6667,-14.109615,-11.4625
2183.3333,-13.941346,-11.45048
2200.0,-13.773077,-11.438461
2216.6667,-13.742628,-11.435256
2233.3333,-13.712179,-11.432052
2250.0,-13.690385,-11.434615
2266.6667,-13.674359,-11.441026
2283.3333,-13.774038,-11.48173
2300.0,-14.336538,-11.6596155
2316.6667,-14.899038,-11.8375
2333.3333,-15.04359,-11.882051
2350.0,-15.083653,-11.89327
2366.6667,-15.100641,-11.898718
2383.3333,-15.083013,-11.895513
2400.0,-15.065385,-11.892307
2416.6667,-15.076603,-11.877885
2433.3333,-15.08782,-11.8634615
2450.0,-15.103847,-11.854808
2466.6667,-15.123077,-11.85
2483.3333,-15.140064,-11.845512
2500.0,-15.148077,-11.842308
2516.6667,-15.15609,-11.839103
2533.3333,-13.582051,-11.684615
2550.0,-11.6125,-11.492308
2566.6667,-9.44359,-11.110577
2583.3333,-6.9756413,-10.444712
2600.0,-4.5076923,-9.778846
2616.6667,-4.5798078,-9.752404
2633.3333,-4.651923,-9.725962
2650.0,-4.7254806,-9.717308
2666.6667,-4.8,-9.720512
2683.3333,-4.866827,-9.727884
2700.0,-4.9028845,-9.751923
2716.6667,-4.9389424,-9.775962
2733.3333,-4.955128,-9.789743
2750.0,-4.9663463,-9.8009615
2766.6667,-4.98141,-9.817307
2783.3333,-5.0022435,-9.841346
2800.0,-5.023077,-9.865385
2816.6667,-5.0198717,-9.874199
2833.3333,-5.016667,-9.883013
2850.0,-5.0158653,-9.877404
2866.6667,-5.016667,-9.86218
2883.3333,-5.048157,-9.692988
2900.0,-5.0796475,-9.523798
2916.6667,-5.111138,-9.354608
2933.3333,-5.142628,-9.185416
2950.0,-5.1741185,-9.016226
2966.6667,-5.205609,-8.847035
2983.3333,-5.237099,-8.677845
3000.0,-5.26859,-8.508654
3016.6667,-5.3000803,-8.339463
3033.3333,-5.3315706,-8.170273
3050.0,-5.363061,-8.001081
3066.6667,-5.3945513,-7.831891
3083.3333,-5.4260416,-7.6627
3100.0,-5.457532,-7.49351
3116.6667,-5.4890223,-7.324319
3133.3333,-5.520513,-7.155128
3150.0,-5.483654,-7.1951923
3166.6667,-5.467949,-7.222436
3183.3333,-5.4839745,-7.2304487
3200.0,-5.5,-7.2384615
3216.6667,-5.5096154,-7.2256413
3233.3333,-5.519231,-7.2128205
3250.0,-5.5173078,-7.2125
3266.6667,-5.5076923,-7.220513
3283.3333,-5.495513,-7.229487
3300.0,-5.473077,-7.2423077
3316.6667,-5.450641,-7.2551284
3333.3333,-5.45,-7.304487
3350.0,-5.4548078,-7.362981
3366.6667,-5.457692,-7.409295
3383.3333,-5.457692,-7.43734
3400.0,-5.457692,-7.4653845
3416.6667,-5.4480767,-7.4645834
3433.3333,-5.4384613,-7.463782
3450.0,-5.441346,-7.470673
3466.6667,-5.4525642,-7.4826922
3483.3333,-5.461218,-7.492628
3500.0,-5.459615,-7.4942307
3516.6667,-5.458013,-7.4958334
3533.3333,-5.4628205,-7.5115385
3550.0,-5.4692307,-7.5307693
3566.6667,-5.467628,-7.550641
3583.3333,-5.454006,-7.5714746
3600.0,-5.4403844,-7.5923076
3616.6667,-5.426763,-7.6051283
3633.3333,-5.4131413,-7.6179485
3650.0,-5.4009614,-7.6326923
3666.6667,-5.389744,-7.648718
3683.3333,-5.378846,-7.670032
3700.0,-5.3692307,-7.7125
3716.6667,-5.3596153,-7.754968
3733.3333,-5.353846,-7.7897434
3750.0,-5.3490386,-7.822596
3766.6667,-5.3413463,-7.8608975
3783.3333,-5.329327,-7.907372
3800.0,-5.3173075,-7.953846
3816.6667,-5.3100963,-7.969872
3833.3333,-5.3028846,-7.9858975
3850.0,-5.296154,-8.000961
3866.6667,-5.2897434,-8.015385
3883.3333,-5.285577,-8.023397
3900.0,-5.290385,-8.005769
3916.6667,-5.2951922,-7.988141
3933.3333,-5.2846155,-7.970513
3950.0,-5.270192,-7.9528847
3966.6667,-5.2576923,-7.9391026
3983.3333,-5.248077,-7.93109
4000.0,-5.2384615,-7.923077
4016.6667,-5.248077,-7.9342947
4033.3333,-5.2576923,-7.945513
4050.0,-5.253846,-7.9451923
4066.6667,-5.2410254,-7.9371796
4083.3333,-5.228846,-7.9285254
4100.0,-5.2192307,-7.917308
4116.6665,-5.209615,-7.90609
4133.3335,-5.2089744,-7.921154
4150.0,-5.210577,-7.9427886
4166.6665,-5.2044873,-7.9701924
4183.3335,-5.186859,-8.00625
4200.0,-5.169231,-8.042308
4216.6665,-5.158013,-8.072757
4233.3335,-5.146795,-8.103205
4250.0,-5.1326923,-8.144231
4266.6665,-5.116667,-8.192307
4283.3335,-5.1035256,-8.238301
4300.0,-5.101923,-8.275962
4316.6665,-5.1003203,-8.3136215
4333.3335,-5.094872,-8.346154
4350.0,-5.0884614,-8.377404
4366.6665,-5.084615,-8.410897
4383.3335,-5.084615,-8.447757
4400.0,-5.084615,-8.484615
4416.6665,-5.0798078,-8.524679
4433.3335,-5.075,-8.564744
4450.0,-5.0740385,-8.607693
4466.6665,-5.075641,-8.652564
4483.3335,-5.0759616,-8.691346
4500.0,-5.0711536,-8.70577
4516.6665,-5.066346,-8.720192
4533.3335,-5.0589743,-8.7384615
4550.0,-5.0509615,-8.757692
4566.6665,-5.0410256,-8.769872
4583.3335,-5.028205,-8.771474
4600.0,-5.0153847,-8.773077
4616.6665,-5.013782,-8.776282
4633.3335,-5.0121794,-8.779488
4650.0,-5.0096154,-8.776923
4666.6665,-5.00641,-8.770513
4683.3335,-5.0028844,-8.764263
4700.0,-4.998077,-8.758654
4716.6665,-4.9932694,-8.753045
4733.3335,-5.001282,-8.746154
4750.0,-5.0125,-8.738942
4766.6665,-5.0179486,-8.737821
4783.3335,-5.014744,-8.745833
4800.0,-5.0115385,-8.753846
4816.6665,-5.0307693,-8.753846
4833.3335,-5.05,-8.753846
4850.0,-5.0701923,-8.7625
4866.6665,-5.091026,-8.776923
4883.3335,-5.109295,-8.789423
4900.0,-5.1173077,-8.79423
4916.6665,-5.1253204,-8.799039
4933.3335,-5.1320515,-8.819231
4950.0,-5.1384616,-8.843269
4966.6665,-5.144231,-8.859615
4983.3335,-5.1490383,-8.864423
5000.0,-5.1538463,-8.869231
5016.6665,-5.1538463,-8.885257
5033.3335,-5.1538463,-8.901282
5050.0,-5.203846,-9.108654
5066.6665,-5.2871795,-9.44359
5083.3335,-5.3554487,-9.714744
5100.0,-5.3634615,-9.730769
5116.6665,-5.3714743,-9.746795
5133.3335,-5.376923,-9.729487
5150.0,-5.3817306,-9.703846
5166.6665,-5.3839746,-9.690385
5183.3335,-5.382372,-9.695192
5200.0,-5.3807693,-9.7
5216.6665,-5.3839746,-9.711218
5233.3335,-5.3871794,-9.722436
5250.0,-5.3836536,-9.729808
5266.6665,-5.375641,-9.734615
5283.3335,-5.366987,-9.7407055
5300.0,-5.355769,-9.751923
5316.6665,-5.344551,-9.763141
5333.3335,-5.3365383,-9.763461
5350.0,-5.329327,-9.761058
5366.6665,-5.3227563,-9.756731
5383.3335,-5.3171473,-9.749519
5400.0,-5.3115387,-9.742308
5416.6665,-5.2826924,-9.655769
5433.3335,-5.253846,-9.569231
5450.0,-5.235577,-9.525962
5466.6665,-5.224359,-9.5115385
5483.3335,-5.2147436,-9.5
5500.0,-5.2115383,-9.5
5516.6665,-5.2083335,-9.5
5533.3335,-5.201282,-9.48718
5550.0,-5.1932693,-9.471154
5566.6665,-5.1871796,-9.462179
5583.3335,-5.1839743,-9.463782
5600.0,-5.1807694,-9.4653845
5616.6665,-5.1695514,-9.458974
5633.3335,-5.1583333,-9.452564
5650.0,-5.1538463,-9.451923
5666.6665,-5.1538463,-9.455129
5683.3335,-5.151923,-9.458493
5700.0,-5.1423078,-9.4625
5716.6665,-5.1326923,-9.466506
5733.3335,-5.126923,-9.469231
5750.0,-5.1221156,-9.471635
5766.6665,-5.1128206,-9.474359
5783.3335,-5.096795,-9.477564
5800.0,-5.080769,-9.480769
5816.6665,-5.0759616,-9.498398
5833.3335,-5.0711536,-9.516026
5850.0,-5.064423,-9.536538
5866.6665,-5.0564103,-9.558974
5883.3335,-5.0503206,-9.576121
5900.0,-5.0519233,-9.572115
5916.6665,-5.0535254,-9.568109
5933.3335,-5.051282,-9.566667
5950.0,-5.048077,-9.5658655
5966.6665,-5.0435896,-9.570513
5983.3335,-5.0371795,-9.583333
6000.0,-5.0307693,-9.596154
6016.6665,-5.008333,-9.599359
6033.3335,-4.9858975,-9.602564
6050.0,-4.966827,-9.615385
6066.6665,-4.95,-9.634615
6083.3335,-4.9278846,-9.686539
6100.0,-4.8846154,-9.869231
6116.6665,-4.8413463,-10.051923
6133.3335,-4.824359,-10.091025
6150.0,-4.8139424,-10.094231
6166.6665,-4.803205,-10.09359
6183.3335,-4.791987,-10.087179
6200.0,-4.7807693,-10.08077
6216.6665,-4.7815704,-10.075961
6233.3335,-4.782372,-10.071154
6250.0,-4.7899036,-10.076923
6266.6665,-4.8019233,-10.089744
6283.3335,-4.828045,-10.1112175
6300.0,-4.910577,-10.167308
6316.6665,-4.9931087,-10.223397
6333.3335,-5.0051284,-10.239102
6350.0,-4.9995193,-10.244712
6366.6665,-4.99359,-10.253526
6383.3335,-4.9871793,-10.267147
6400.0,-4.980769,-10.280769
6416.6665,-4.963141,-10.271153
6433.3335,-4.945513,-10.2615385
6450.0,-4.9326925,-10.245193
6466.6665,-4.923077,-10.224359
6483.3335,-4.915385,-10.205449
6500.0,-4.915385,-10.194231
6516.6665,-4.915385,-10.183013
6533.3335,-4.9166665,-10.194872
6550.0,-4.918269,-10.2125
6566.6665,-4.913782,-10.217308
6583.3335,-4.9001603,-10.202885
6600.0,-4.8865385,-10.188461
6616.6665,-4.8745193,-10.190064
6633.3335,-4.8625,-10.191667
6650.0,-4.853846,-10.197597
6666.6665,-4.847436,-10.20641
6683.3335,-4.8432693,-10.2176285
6700.0,-4.848077,-10.2384615
6716.6665,-4.852885,-10.2592945
6733.3335,-4.8589745,-10.266026
6750.0,-4.8653846,-10.269231
6766.6665,-4.870513,-10.2637825
6783.3335,-4.873718,-10.245353
6800.0,-4.876923,-10.226923
6816.6665,-4.891346,-10.234936
6833.3335,-4.9057693,-10.242949
6850.0,-4.915385,-10.229808
6866.6665,-4.921795,-10.202564
6883.3335,-4.9278846,-10.178526
6900.0,-4.9326925,-10.167308
6916.6665,-4.9375,-10.15609
6933.3335,-4.948718,-10.153846
6950.0,-4.9615383,-10.153846
6966.6665,-4.9711537,-10.15
6983.3335,-4.9759617,-10.140385
7000.0,-4.980769,-10.130769
7016.6665,-4.9839745,-10.122756
7033.3335,-4.9871793,-10.114743
7050.0,-4.9942307,-10.104808
7066.6665,-5.003846,-10.09359
7083.3335,-5.0108976,-10.084295
7100.0,-5.0076923,-10.082692
7116.6665,-5.004487,-10.08109
7133.3335,-4.9820514,-10.065385
7150.0,-4.9548078,-10.046154
7166.6665,-4.9121795,-9.95641
7183.3335,-4.846474,-9.760898
7200.0,-4.7807693,-9.565385
7216.6665,-4.758333,-9.555769
7233.3335,-4.7358975,-9.546154
7250.0,-4.730769,-9.555769
7266.6665,-4.7371793,-9.578205
7283.3335,-4.7429485,-9.601923
7300.0,-4.746154,-9.630769
7316.6665,-4.749359,-9.6596155
7333.3335,-4.7602563,-9.7
7350.0,-4.773077,-9.743269
7366.6665,-4.780128,-9.765064
7383.3335,-4.778526,-9.754647
7400.0,-4.776923,-9.744231
7416.6665,-4.7817307,-9.761058
7433.3335,-4.7865386,-9.7778845
7450.0,-4.790385,-9.799039
7466.6665,-4.7935896,-9.823077
7483.3335,-4.797917,-9.829487
7500.0,-4.8067307,-9.765385
7516.6665,-4.815545,-9.7012825
7533.3335,-4.720513,-9.53718
7550.0,-4.5995193,-9.348077
7566.6665,-4.627724,-8.95024
7583.3335,-4.6559296,-8.552403
7600.0,-4.6841345,-8.154568
7616.6665,-4.71234,-7.7567306
7633.3335,-4.740545,-7.3588943
7650.0,-4.76875,-6.9610577
7666.6665,-4.796955,-6.563221
7683.3335,-4.82516,-6.165385
7700.0,-4.8533654,-5.767548
7716.6665,-4.8815703,-5.3697114
7733.3335,-4.9097757,-4.971875
7750.0,-4.9379807,-4.5740385
7766.6665,-4.966186,-4.176202
7783.3335,-4.994391,-3.7783654
7800.0,-5.0225964,-3.380529
7816.6665,-5.0508013,-2.9826922
7833.3335,-5.079006,-2.5848558
7850.0,-5.1072116,-2.1870193
7866.6665,-5.0134616,-2.123718
7883.3335,-4.9384613,-2.0724359
7900.0,-4.9384613,-2.0692308
7916.6665,-4.9384613,-2.0660257
7933.3335,-4.9423075,-2.0615385
7950.0,-4.9471154,-2.0567307
7966.6665,-4.9564104,-2.069872
7983.3335,-4.972436,-2.109936
8000.0,-4.9884615,-2.15
8016.6665,-4.967628,-2.163622
8033.3335,-4.946795,-2.1772435
8050.0,-4.9548078,-2.2057693
8066.6665,-4.9820514,-2.2442307
8083.3335,-5.0105767,-2.2758012
8100.0,-5.044231,-2.2798078
8116.6665,-5.0778847,-2.2838142
8133.3335,-5.080769,-2.2615385
8150.0,-5.0759616,-2.2326922
8166.6665,-5.072436,-2.2083333
8183.3335,-5.070833,-2.190705
8200.0,-5.0692306,-2.1730769
8216.667,-5.058013,-2.1634614
8233.333,-5.046795,-2.1538463
8250.0,-5.039423,-2.1490386
8266.667,-5.0346155,-2.147436
8283.333,-5.0298076,-2.1439102
8300.0,-5.025,-2.1326923
8316.667,-5.020192,-2.1214743
8333.333,-5.021795,-2.1179488
8350.0,-5.025,-2.1163461
8366.667,-5.0288463,-2.1128206
8383.333,-5.0336537,-2.1064103
8400.0,-5.0384617,-2.1
8416.667,-5.0440707,-2.0983975
8433.333,-5.0496793,-2.0967948
8450.0,-5.0408654,-2.1182692
8466.667,-5.0224357,-2.1551282
8483.333,-4.988782,-2.5721154
8500.0,-4.894231,-4.5096154
8516.667,-4.7996793,-6.4471154
8533.333,-4.771795,-6.8064103
8550.0,-4.7605767,-6.771154
8566.667,-4.7509613,-6.746154
8583.333,-4.74375,-6.7365384
8600.0,-4.7365384,-6.726923
8616.667,-4.7108974,-6.733333
8633.333,-4.6852565,-6.7397437
8650.0,-4.670673,-6.7625
8666.667,-4.6634617,-6.796154
8683.333,-4.6583333,-6.8339744
8700.0,-4.6615386,-6.8884616
8716.667,-4.6647434,-6.942949
8733.333,-4.6576924,-6.96859
8750.0,-4.648077,-6.987019
8766.667,-4.64359,-7.002564
8783.333,-4.646795,-7.013782
8800.0,-4.65,-7.025
8816.667,-4.6548076,-7.019391
8833.333,-4.6596155,-7.013782
8850.0,-4.6634617,-7.0173078
8866.667,-4.6666665,-7.026923
8883.333,-4.6716347,-7.0384617
8900.0,-4.683654,-7.0576925
8916.667,-4.695673,-7.076923
8933.333,-4.705769,-7.105769
8950.0,-4.7153845,-7.137019
8966.667,-4.7221155,-7.167308
8983.333,-4.7245193,-7.1961536
9000.0,-4.726923,-7.225
9016.667,-4.726923,-7.2402244
9033.333,-4.726923,-7.255449
9050.0,-4.730769,-7.270192
9066.667,-4.7371793,-7.2846155
9083.333,-4.7432694,-7.3072114
9100.0,-4.748077,-7.3625
9116.667,-4.7528844,-7.4177885
9133.333,-4.753846,-7.4564104
9150.0,-4.753846,-7.490865
9166.667,-4.753846,-7.5266027
9183.333,-4.753846,-7.564263
9200.0,-4.753846,-7.601923
9216.667,-4.7442307,-7.6363783
9233.333,-4.7346153,-7.670833
9250.0,-4.725,-7.7192307
9266.667,-4.7153845,-7.776923
9283.333,-4.707692,-7.830128
9300.0,-4.707692,-7.8653846
9316.667,-4.707692,-7.900641
9333.333,-4.701282,-7.9371796
9350.0,-4.6932693,-7.9740386
9366.667,-4.6903844,-8.015064
9383.333,-4.6951923,-8.06234
9400.0,-4.7,-8.109615
9416.667,-4.7048078,-8.127244
9433.333,-4.709615,-8.144872
9450.0,-4.710577,-8.152404
9466.667,-4.7089744,-8.153205
9483.333,-4.704968,-8.151282
9500.0,-4.691346,-8.138461
9516.667,-4.6777244,-8.125641
9533.333,-4.6679487,-8.129487
9550.0,-4.6591344,-8.1375
9566.667,-4.650641,-8.150641
9583.333,-4.642628,-8.171474
9600.0,-4.6346154,-8.192307
9616.667,-4.633013,-8.193911
9633.333,-4.63141,-8.195513
9650.0,-4.6298075,-8.20577
9666.667,-4.6282053,-8.221795
9683.333,-4.6282053,-8.23718
9700.0,-4.6346154,-8.25
9716.667,-4.6410255,-8.26282
9733.333,-4.6410255,-8.26282
9750.0,-4.639423,-8.259615
9766.667,-4.6378207,-8.25609
9783.333,-4.636218,-8.252084
9800.0,-4.6346154,-8.248077
9816.667,-4.63141,-8.229648
9833.333,-4.6282053,-8.211218
9850.0,-4.6346154,-8.19375
9866.667,-4.6474357,-8.176923
9883.333,-4.6596155,-8.163462
9900.0,-4.669231,-8.163462
9916.667,-4.6788464,-8.163462
9933.333,-4.6833334,-8.154488
9950.0,-4.6865387,-8.14327
9966.667,-4.6875,-8.1342945
9983.333,-4.6850963,-8.128686
10000.0,-4.6826925,-8.123077
10016.667,-4.6722755,-8.118269
10033.333,-4.661859,-8.1134615
10050.0,-4.6567307,-8.124039
10066.667,-4.655128,-8.144872
10083.333,-4.6522436,-8.166987
10100.0,-4.644231,-8.194231
10116.667,-4.636218,-8.221475
10133.333,-4.629487,-8.244872
10150.0,-4.623077,-8.267307
10166.667,-4.6141024,-8.297115
10183.333,-4.601282,-8.337981
10200.0,-4.5884614,-8.378846
10216.667,-4.4858975,-9.004647
10233.333,-4.383333,-9.630448
10250.0,-4.331731,-9.885097
10266.667,-4.3141026,-9.892307
10283.333,-4.2983975,-9.900481
10300.0,-4.290385,-9.9125
10316.667,-4.282372,-9.92452
10333.333,-4.2807693,-9.944872
10350.0,-4.2807693,-9.967308
10366.667,-4.28141,-9.986539
10383.333,-4.283013,-10.000961
10400.0,-4.2846155,-10.015385
10416.667,-4.2878203,-10.019391
10433.333,-4.2910256,-10.023397
10450.0,-4.291346,-10.017789
10466.667,-4.2897434,-10.005769
10483.333,-4.288622,-9.992308
10500.0,-4.289423,-9.973077
10516.667,-4.2902246,-9.953846
10533.333,-4.2871795,-9.93718
10550.0,-4.283173,-9.921154
10566.667,-4.282051,-9.908334
10583.333,-4.2852564,-9.90032
10600.0,-4.2884617,-9.892307
10616.667,-4.2964745,-9.883493
10633.333,-4.304487,-9.87468
10650.0,-4.314423,-9.865385
10666.667,-4.325641,-9.855769
10683.333,-4.3352566,-9.841827
10700.0,-4.3384614,-9.810577
10716.667,-4.3416667,-9.779327
10733.333,-4.5794873,-9.698718
10750.0,-4.8759613,-9.605769
10766.667,-5.053205,-9.541026
10783.333,-5.0516024,-9.51859
10800.0,-5.05,-9.496154
10816.667,-5.033974,-9.486539
10833.333,-5.0179486,-9.476923
10850.0,-5.009135,-9.474038
10866.667,-5.0051284,-9.475641
10883.333,-5.001763,-9.479808
10900.0,-5.0009613,-9.494231
10916.667,-5.00016,-9.508654
10933.333,-4.9923077,-9.505769
10950.0,-4.9826922,-9.498558
10966.667,-4.975,-9.49391
10983.333,-4.9701924,-9.493109
11000.0,-4.9653845,-9.492308
11016.667,-4.9701924,-9.4907055
11033.333,-4.975,-9.489102
11050.0,-4.979808,-9.489423
11066.667,-4.9846153,-9.491026
11083.333,-4.9884615,-9.491987
11100.0,-4.9884615,-9.490385
11116.667,-4.9884615,-9.488782
11133.333,-4.9826922,-9.485897
11150.0,-4.9754806,-9.482693
11166.667,-4.9740386,-9.483974
11183.333,-4.98125,-9.491987
11200.0,-4.9884615,-9.5
11216.667,-4.986859,-9.491987
11233.333,-4.985256,-9.483974
11250.0,-4.985577,-9.478847
11266.667,-4.9871793,-9.475641
11283.333,-4.9911857,-9.47468
11300.0,-5.0048075,-9.482693
11316.667,-5.0184293,-9.4907055
11333.333,-5.016667,-9.497436
11350.0,-5.011058,-9.503846
11366.667,-5.0089746,-9.510898
11383.333,-5.0121794,-9.51891
11400.0,-5.0153847,-9.526923
11416.667,-5.019391,-9.541347
11433.333,-5.0233974,-9.555769
11450.0,-5.0259614,-9.558654
11466.667,-5.027564,-9.553846
11483.333,-5.0322113,-9.553366
11500.0,-5.0490384,-9.570192
11516.667,-5.0658655,-9.587019
11533.333,-5.074359,-9.592308
11550.0,-5.080769,-9.594711
11566.667,-5.0923076,-9.604487
11583.333,-5.1115384,-9.62532
11600.0,-5.1307693,-9.646153
11616.667,-5.1339746,-9.654166
11633.333,-5.1371794,-9.66218
11650.0,-5.14375,-9.671635
11666.667,-5.152564,-9.682052
11683.333,-5.1615386,-9.692788
11700.0,-5.171154,-9.704807
11716.667,-5.1807694,-9.716827
11733.333,-5.194872,-9.733334
11750.0,-5.2100964,-9.750961
11766.667,-5.224359,-9.760577
11783.333,-5.2371793,-9.758173
11800.0,-5.25,-9.755769
11816.667,-5.2596154,-9.751762
11833.333,-5.269231,-9.747756
11850.0,-5.2740383,-9.741346
11866.667,-5.275641,-9.733334
11883.333,-5.2778845,-9.724359
11900.0,-5.2826924,-9.711538
11916.667,-5.2875,-9.698718
11933.333,-5.298718,-9.673077
11950.0,-5.3115387,-9.644231
11966.667,-5.323718,-9.622436
11983.333,-5.3349357,-9.6112175
12000.0,-5.3461537,-9.6
12016.667,-5.3645835,-9.597596
12033.333,-5.383013,-9.595192
12050.0,-5.3923078,-9.587019
12066.667,-5.395513,-9.575
12083.333,-5.3985577,-9.565705
12100.0,-5.4009614,-9.567307
12116.667,-5.4033656,-9.568911
12133.333,-5.398718,-9.569231
12150.0,-5.3923078,-9.569231
12166.667,-5.389744,-9.564744
12183.333,-5.3929486,-9.553526
12200.0,-5.396154,-9.542308
12216.667,-5.3993587,-9.5375
12233.333,-5.402564,-9.532692
12250.0,-5.401923,-9.528846
12266.667,-5.398718,-9.525641
12283.333,-5.3948717,-9.524038
12300.0,-5.3884616,-9.528846
12316.667,-5.3820515,-9.533654
12333.333,-5.3782053,-9.535897
12350.0,-5.375,-9.5375
12366.667,-5.371154,-9.539743
12383.333,-5.3663464,-9.542949
12400.0,-5.3615384,-9.546154
12416.667,-5.3727565,-9.547756
12433.333,-5.3839746,-9.549359
12450.0,-5.3923078,-9.547115
12466.667,-5.398718,-9.542308
12483.333,-5.405128,-9.538942
12500.0,-5.4115386,-9.541347
12516.667,-5.4179487,-9.54375
12533.333,-5.4179487,-9.535897
12550.0,-5.416346,-9.525481
12566.667,-5.4128203,-9.517949
12583.333,-5.40641,-9.514744
12600.0,-5.4,-9.5115385
12616.667,-5.4,-9.514744
12633.333,-5.4,-9.517949
12650.0,-5.4057693,-9.531731
12666.667,-5.415385,-9.552564
12683.333,-5.4241986,-9.56843
12700.0,-5.4298077,-9.564423
12716.667,-5.4354167,-9.560416
12733.333,-5.4326925,-9.555128
12750.0,-5.4278846,-9.54952
12766.667,-5.4253206,-9.55
12783.333,-5.4261217,-9.559615
12800.0,-5.4269233,-9.569231
12816.667,-5.4317307,-9.590865
12833.333,-5.4365387,-9.6125
12850.0,-5.435577,-9.623558
12866.667,-5.4307694,-9.627564
12883.333,-5.427564,-9.63782
12900.0,-5.4307694,-9.673077
12916.667,-5.4339743,-9.708333
12933.333,-5.429487,-9.734615
12950.0,-5.423077,-9.758654
12966.667,-5.419231,-9.782051
12983.333,-5.419231,-9.804487
13000.0,-5.419231,-9.826923
13016.667,-5.4240384,-9.846154
13033.333,-5.4288464,-9.865385
13050.0,-5.4365387,-9.876923
13066.667,-5.4461536,-9.883333
13083.333,-5.455769,-9.883333
13100.0,-5.4653845,-9.857693
13116.667,-5.475,-9.832051
13133.333,-5.478205,-9.81282
13150.0,-5.479808,-9.795193
13166.667,-5.480769,-9.778846
13183.333,-5.480769,-9.764423
13200.0,-5.480769,-9.75
13216.667,-5.4839745,-9.733974
13233.333,-5.4871793,-9.717949
13250.0,-5.4822116,-9.7
13266.667,-5.471795,-9.680769
13283.333,-5.4626603,-9.664103
13300.0,-5.458654,-9.657692
13316.667,-5.4546475,-9.651282
13333.333,-5.448718,-9.6551285
13350.0,-5.4423075,-9.661538
13366.667,-5.435577,-9.666987
13383.333,-5.428365,-9.670994
13400.0,-5.421154,-9.675
13416.667,-5.404327,-9.698237
13433.333,-5.3875,-9.721475
13450.0,-5.3778844,-9.7384615
13466.667,-5.373077,-9.751282
13483.333,-5.3679485,-9.763461
13500.0,-5.3615384,-9.773077
13516.667,-5.3551283,-9.782692
13533.333,-5.3525643,-9.787821
13550.0,-5.3509617,-9.791827
13566.667,-5.348718,-9.790705
13583.333,-5.345513,-9.781891
13600.0,-5.3423076,-9.773077
13616.667,-5.3391027,-9.750641
13633.333,-5.3358974,-9.728205
13650.0,-5.332692,-9.725
13666.667,-5.3294873,-9.734615
13683.333,-5.3240385,-9.741827
13700.0,-5.3096156,-9.739423
13716.667,-5.2951922,-9.73702
13733.333,-5.2916665,-9.755128
13750.0,-5.2908654,-9.778365
13766.667,-5.288782,-9.8
13783.333,-5.2847757,-9.819231
13800.0,-5.2807693,-9.838462
13816.667,-5.2807693,-9.838462
13833.333,-5.2807693,-9.838462
13850.0,-5.2846155,-9.832692
13866.667,-5.2910256,-9.823077
13883.333,-5.2650642,-9.828526
13900.0,-5.1096153,-9.894231
13916.667,-4.954167,-9.959936
13933.333,0.27307692,-10.774359
13950.0,6.768269,-11.775962
13966.667,11.635257,-12.420834
13983.333,14.059936,-12.530609
14000.0,16.484615,-12.640385
14016.667,16.309937,-12.642789
14033.333,16.135256,-12.645192
14050.0,16.03654,-12.644231
14066.667,15.9884615,-12.641026
14083.333,16.010576,-12.648397
14100.0,16.313461,-12.698077
14116.667,16.616346,-12.747756
14133.333,17.042307,-12.766666
14150.0,17.499039,-12.7778845
14166.667,17.777565,-12.790064
14183.333,17.788782,-12.803686
14200.0,17.8,-12.817307
14216.667,17.804007,-12.782852
14233.333,17.808012,-12.748398
14250.0,17.830769,-12.732693
14266.667,17.866026,-12.729487
14283.333,17.898878,-12.726282
14300.0,17.922115,-12.723077
14316.667,17.945353,-12.7198715
14333.333,17.973078,-12.689744
14350.0,18.001923,-12.6528845
14366.667,18.033333,-12.617949
14383.333,18.06859,-12.585897
14400.0,18.103846,-12.553846
14416.667,18.1375,-12.546635
14433.333,18.171154,-12.539423
14450.0,18.197115,-12.528365
14466.667,18.217949,-12.514744
14483.333,17.415224,-12.458013
14500.0,13.318269,-12.228847
14516.667,9.221314,-11.99968
14533.333,8.176282,-11.957692
14550.0,7.894231,-11.9625
14566.667,7.768269,-11.969231
14583.333,7.8764424,-11.978847
14600.0,7.9846153,-11.9884615
14616.667,8.024679,-12.004487
14633.333,8.064744,-12.020513
14650.0,8.082692,-12.020673
14666.667,8.085897,-12.010257
14683.333,8.087339,-11.985577
14700.0,8.081731,-11.903846
14716.667,8.076121,-11.822115
14733.333,8.009744,-11.450561
14750.0,7.9433656,-11.079006
14766.667,7.876987,-10.707452
14783.333,7.810609,-10.335897
14800.0,7.7442307,-9.964343
14816.667,7.6778526,-9.592789
14833.333,7.6114745,-9.221234
14850.0,7.545096,-8.84968
14866.667,7.478718,-8.478125
14883.333,7.4123397,-8.10657
14900.0,7.272115,-8.139423
14916.667,7.1318913,-8.172276
14933.333,7.124359,-8.220512
14950.0,7.15,-8.272596
14966.667,7.1785254,-8.322115
14983.333,7.211378,-8.367788
15000.0,7.2442307,-8.413462
15016.667,7.26266,-8.462339
15033.333,7.28109,-8.511218
15050.0,7.294231,-8.54423
15066.667,7.3038464,-8.566667
15083.333,7.3141026,-8.59375
15100.0,7.326923,-8.639423
15116.667,7.3397436,-8.685096
15133.333,7.3461537,-8.728847
15150.0,7.3509617,-8.772116
15166.667,7.358654,-8.804487
15183.333,7.370673,-8.820513
15200.0,7.3826923,-8.836538
15216.667,7.3866987,-8.822917
15233.333,7.390705,-8.809295
15250.0,7.4548078,-8.905289
15266.667,7.5589743,-9.074359
15283.333,7.6458335,-9.217789
15300.0,7.6634617,-9.258654
15316.667,7.68109,-9.29952
15333.333,7.6846156,-9.29423
15350.0,7.6846156,-9.277404
15366.667,7.682051,-9.260577
15383.333,7.675641,-9.24375
15400.0,7.669231,-9.226923
15416.667,7.6676283,-9.21891
15433.333,7.6660256,-9.210897
15450.0,7.667308,-9.203846
15466.667,7.6705127,-9.197436
15483.333,7.673718,-9.188141
15500.0,7.6769233,-9.167308
15516.667,7.680128,-9.146474
15533.333,7.6846156,-9.147436
15550.0,7.689423,-9.153846
15566.667,7.694872,-9.158334
15583.333,7.701282,-9.159936
15600.0,7.707692,-9.161538
15616.667,7.7173076,-9.148718
15633.333,7.726923,-9.135898
15650.0,7.7346153,-9.129807
15666.667,7.7410254,-9.128205
15683.333,7.748718,-9.124359
15700.0,7.7615385,-9.111539
15716.667,7.7743587,-9.098718
15733.333,7.775641,-9.102564
15750.0,7.7740383,-9.110577
15766.667,7.7743587,-9.115385
15783.333,7.777564,-9.115385
15800.0,7.7807693,-9.115385
15816.667,7.7743587,-9.089744
15833.333,7.7679486,-9.064102
15850.0,7.7634616,-9.051923
15866.667,7.7602563,-9.0487175
15883.333,7.7596154,-9.054487
15900.0,7.769231,-9.096154
15916.667,7.7788463,-9.13782
15933.333,7.778205,-9.15
15950.0,7.775,-9.154808
15966.667,7.7714744,-9.145513
15983.333,7.767468,-9.115064
16000.0,7.7634616,-9.084616
16016.667,7.555128,-8.983654
16033.333,7.346795,-8.882692
16050.0,7.241827,-8.822115
16066.667,7.205769,-8.788462
16083.333,7.1785254,-8.765385
16100.0,7.1865387,-8.7846155
16116.667,7.1945515,-8.803846
16133.333,7.198718,-8.823077
16150.0,7.201923,-8.842308
16166.667,7.207692,-8.858974
16183.333,7.2173076,-8.871795
16200.0,7.226923,-8.884615
16216.667,7.231731,-8.921474
16233.333,7.2365384,-8.958333
16250.0,7.235577,-8.9884615
16266.667,7.230769,-9.014103
16283.333,7.224359,-9.0375
16300.0,7.2115383,-9.051923
16316.667,7.198718,-9.066346
16333.333,7.1871796,-9.079487
16350.0,7.1759615,-9.092308
16366.667,7.168269,-9.100321
16383.333,7.1658654,-9.101122
16400.0,7.1634617,-9.101923
16416.666,7.1722755,-9.126762
16433.334,7.18109,-9.151603
16450.0,7.1899037,-9.170193
16466.666,7.198718,-9.184615
16483.334,7.208814,-9.200961
16500.0,7.2240386,-9.225
16516.666,7.239263,-9.249039
16533.334,7.247436,-9.265385
16550.0,7.253846,-9.279808
16566.666,8.109936,-9.478205
16583.334,10.240545,-9.952564
16600.0,12.371154,-10.426923
16616.666,15.008173,-10.561539
16633.334,17.645193,-10.696154
16650.0,18.671154,-10.769231
16666.666,18.623077,-10.801282
16683.334,18.571154,-10.828365
16700.0,18.503845,-10.835577
16716.666,18.436539,-10.842789
16733.334,18.410898,-10.848718
16750.0,18.395674,-10.854327
16766.666,18.377884,-10.857051
16783.334,18.35625,-10.855449
16800.0,18.334616,-10.853847
16816.666,18.33141,-10.861859
16833.334,18.328205,-10.869872
16850.0,18.179808,-10.88125
16866.666,17.934616,-10.894872
16883.334,17.735897,-10.904648
16900.0,17.723078,-10.899038
16916.666,17.710257,-10.89343
16933.334,17.71923,-10.915384
16950.0,17.733654,-10.944231
16966.666,17.74359,-10.964744
16983.334,17.746796,-10.972756
17000.0,17.75,-10.980769
17016.666,15.235577,-10.971154
17033.334,12.721154,-10.961538
17050.0,10.475962,-10.852404
17066.666,8.410256,-10.676923
17083.334,6.7754807,-10.539743
17100.0,6.8644233,-10.555769
17116.666,6.9533653,-10.5717945
17133.334,7.002564,-10.565385
17150.0,7.0418267,-10.553366
17166.666,7.076282,-10.557052
17183.334,7.1035256,-10.584295
17200.0,7.1307693,-10.611539
17216.666,7.14359,-10.608334
17233.334,7.15641,-10.605128
17250.0,7.1596155,-10.609615
17266.666,7.15641,-10.619231
17283.334,7.152564,-10.625
17300.0,7.146154,-10.615385
17316.666,7.139744,-10.605769
17333.334,7.1282053,-10.608974
17350.0,7.1153846,-10.615385
17366.666,7.10641,-10.622436
17383.334,7.103205,-10.630448
17400.0,7.1,-10.638461
17416.666,7.0983973,-10.659295
17433.334,7.096795,-10.680128
17450.0,7.0961537,-10.705289
17466.666,7.0961537,-10.733334
17483.334,7.0971155,-10.759776
17500.0,7.101923,-10.779808
17516.666,7.106731,-10.79984
17533.334,7.1134615,-10.79423
17550.0,7.120673,-10.782211
17566.666,7.1291666,-10.783654
17583.334,7.139583,-10.805288
17600.0,7.15,-10.826923
17616.666,7.1548076,-10.828526
17633.334,7.1596155,-10.830129
17650.0,7.164423,-10.8240385
17666.666,7.169231,-10.81282
17683.334,7.2503204,-10.811859
17700.0,7.6365385,-10.851923
17716.666,8.022757,-10.891987
17733.334,8.121795,-10.9
17750.0,8.149038,-10.9
17766.666,8.158654,-10.892949
17783.334,8.141827,-10.87532
17800.0,8.125,-10.857693
17816.666,8.112981,-10.871314
17833.334,8.100962,-10.884936
17850.0,8.0971155,-10.925481
17866.666,8.098718,-10.983974
17883.334,8.04391,-11.0
17900.0,7.7634616,-10.846154
17916.666,7.4830127,-10.692307
17933.334,7.4147434,-10.660256
17950.0,7.3995194,-10.658654
17966.666,7.3945513,-10.664743
17983.334,7.404968,-10.682372
18000.0,7.415385,-10.7
18016.666,7.419391,-10.720834
18033.334,7.4233975,-10.741667
18050.0,7.425481,-10.746154
18066.666,7.426282,-10.739743
18083.334,7.4272437,-10.738942
18100.0,7.4288464,-10.760577
18116.666,7.4304485,-10.782211
18133.334,7.432051,-10.776923
18150.0,7.433654,-10.764904
18166.666,7.4346156,-10.755769
18183.334,7.4346156,-10.750961
18200.0,7.4346156,-10.746154
18216.666,7.436218,-10.714904
18233.334,7.4378204,-10.683654
18250.0,7.4288464,-10.664904
18266.666,7.4128203,-10.654488
18283.334,7.398077,-10.646795
18300.0,7.3884616,-10.65
18316.666,7.378846,-10.653205
18333.334,7.3679485,-10.65641
18350.0,7.356731,-10.6596155
18366.666,7.3371797,-10.7012825
18383.334,7.305128,-10.800641
18400.0,7.273077,-10.9
18416.666,7.284295,-10.917628
18433.334,7.2955127,-10.935256
18450.0,7.3019233,-10.939423
18466.666,7.305128,-10.934615
18483.334,7.3078527,-10.930609
18500.0,7.308654,-10.929808
18516.666,7.309455,-10.929007
18533.334,7.305128,-10.924359
18550.0,7.299519,-10.91875
18566.666,7.2929487,-10.911538
18583.334,7.284936,-10.901923
18600.0,7.276923,-10.892307
18616.666,7.2625,-10.889103
18633.334,7.248077,-10.885898
18650.0,7.2375,-10.876923
18666.666,7.229487,-10.864102
18683.334,7.223718,-10.857371
18700.0,7.226923,-10.875
18716.666,7.2301283,-10.892629
18733.334,7.228205,-10.90641
18750.0,7.225,-10.91923
18766.666,7.2679486,-10.883974
18783.334,7.3801284,-10.776603
18800.0,7.4923077,-10.66923
18816.666,7.6671796,-10.2744875
18833.334,7.8420515,-9.879744
18850.0,8.016923,-9.485
18866.666,8.191794,-9.090257
18883.334,8.366667,-8.695513
18900.0,8.541538,-8.300769
18916.666,8.716411,-7.9060254
18933.334,8.891282,-7.511282
18950.0,9.066154,-7.1165385
18966.666,9.241026,-6.721795
18983.334,7.824359,-7.4108973
19000.0,6.4076924,-8.1
19016.666,6.429327,-8.123238
19033.334,6.4509616,-8.146474
19050.0,6.4822116,-8.177403
19066.666,6.5198717,-8.213462
19083.334,6.5535254,-8.250641
19100.0,6.5711536,-8.292308
19116.666,6.588782,-8.333974
19133.334,6.6115384,-8.384615
19150.0,6.6355767,-8.4375
19166.666,6.655128,-8.486539
19183.334,6.6679487,-8.529808
19200.0,6.6807694,-8.573077
19216.666,6.6983976,-8.60673
19233.334,6.716026,-8.640385
19250.0,6.73125,-8.663462
19266.666,6.7448716,-8.679487
19283.334,6.7589746,-8.694071
19300.0,6.775,-8.702885
19316.666,6.7910256,-8.711699
19333.334,6.8038464,-8.716666
19350.0,6.8158655,-8.720673
19366.666,6.825641,-8.723077
19383.334,6.8320513,-8.723077
19400.0,6.8384614,-8.723077
19416.666,6.8576922,-8.7302885
19433.334,6.876923,-8.7375
19450.0,6.8884616,-8.742788
19466.666,6.8948717,-8.746795
19483.334,6.903205,-8.751602
19500.0,6.919231,-8.759615
19516.666,6.9352565,-8.767629
19533.334,6.947436,-8.774359
19550.0,6.958654,-8.780769
19566.666,6.967949,-8.789743
19583.334,6.974359,-8.802564
19600.0,6.980769,-8.815385
19616.666,7.0,-9.107051
19633.334,7.019231,-9.398718
19650.0,7.0346155,-9.584616
19666.666,7.0474358,-9.7
19683.334,7.058173,-9.795193
19700.0,7.060577,-9.809615
19716.666,7.0629807,-9.8240385
19733.334,7.0660257,-9.817948
19750.0,7.0692306,-9.806731
19766.666,7.074359,-9.805128
19783.334,7.0823717,-9.817948
19800.0,7.0903845,-9.83077
19816.666,7.099199,-9.824359
19833.334,7.1080127,-9.817948
19850.0,7.1182694,-9.819231
19866.666,7.129487,-9.825641
19883.334,7.139423,-9.832051
19900.0,7.144231,-9.838462
19916.666,7.1490383,-9.8448715
19933.334,7.154487,-9.846154
19950.0,7.160096,-9.846154
19966.666,7.164423,-9.851282
19983.334,7.1668267,-9.864102
20000.0,7.169231,-9.876923
20016.666,7.1804485,-9.867308
20033.334,7.1916666,-9.857693
20050.0,7.1961536,-9.858654
20066.666,7.1961536,-9.866667
20083.334,7.216987,-9.836699
20100.0,7.3211536,-9.654808
20116.666,7.4253206,-9.472917
20133.334,7.448718,-9.41923
20150.0,7.451923,-9.397596
20166.666,7.451923,-9.382051
20183.334,7.4471154,-9.375641
20200.0,7.4423075,-9.369231
20216.666,7.4358974,-9.380448
20233.334,7.429487,-9.391666
20250.0,7.4288464,-9.410577
20266.666,7.432051,-9.434615
20283.334,7.4339743,-9.459295
20300.0,7.4307694,-9.486539
20316.666,7.427564,-9.5137825
20333.334,7.4269233,-9.533334
20350.0,7.4269233,-9.5509615
20366.666,7.4307694,-9.56859
20383.334,7.4403844,-9.586218
20400.0,7.45,-9.603847
20416.666,7.4451923,-9.602243
20433.334,7.4403844,-9.600641
20450.0,7.4403844,-9.602884
20466.666,7.4435897,-9.607693
20483.334,7.445513,-9.614423
20500.0,7.4423075,-9.628846
20516.666,7.4391026,-9.64327
20533.334,7.4384613,-9.664103
20550.0,7.4384613,-9.686539
20566.666,7.4384613,-9.703846
20583.334,7.4384613,-9.713462
20600.0,7.4384613,-9.723077
20616.666,7.4464746,-9.75032
20633.334,7.4544873,-9.777564
20650.0,7.4600964,-9.790384
20666.666,7.4641027,-9.79359
20683.334,7.4703526,-9.798879
20700.0,7.485577,-9.8125
20716.666,7.500801,-9.826121
20733.334,7.5115385,-9.846795
20750.0,7.521154,-9.869231
20766.666,7.529487,-9.883013
20783.334,7.5358973,-9.883814
20800.0,7.542308,-9.884615
20816.666,7.5455127,-9.894231
20833.334,7.548718,-9.903846
20850.0,7.5471153,-9.908654
20866.666,7.542308,-9.910256
20883.334,7.5352564,-9.914103
20900.0,7.519231,-9.926923
20916.666,7.5032053,-9.939744
20933.334,7.4884615,-9.9467945
20950.0,7.4740386,-9.952404
20966.666,7.466026,-9.961859
20983.334,7.467628,-9.977083
21000.0,7.4692307,-9.992308
21016.666,7.464423,-10.00032
21033.334,7.459615,-10.008333
21050.0,7.453846,-10.020192
21066.666,7.447436,-10.0346155
21083.334,7.439263,-10.046474
21100.0,7.4240384,-10.048077
21116.666,7.408814,-10.04968
21133.334,7.39359,-10.058333
21150.0,7.3783655,-10.06875
21166.666,7.3647437,-10.076603
21183.334,7.3535256,-10.080609
21200.0,7.3423076,-10.084616
21216.666,7.3182693,-10.08782
21233.334,7.294231,-10.091025
21250.0,7.272115,-10.096154
21266.666,7.251282,-10.102564
21283.334,7.23141,-10.108654
21300.0,7.2153845,-10.1134615
21316.666,7.199359,-10.118269
21333.334,7.1814103,-10.117949
21350.0,7.1629806,-10.116346
21366.666,7.1496797,-10.117308
21383.334,7.1440706,-10.122115
21400.0,7.1384616,-10.126923
21416.666,7.1336536,-10.128526
21433.334,7.128846,-10.130128
21450.0,7.1240387,-10.128846
21466.666,7.1192307,-10.125641
21483.334,7.115705,-10.124039
21500.0,7.1173077,-10.128846
21516.666,7.1189103,-10.133654
21533.334,3.571795,-10.264103
21550.0,-0.8625,-10.4259615
21566.666,-5.5198717,-10.504487
21583.334,-10.511859,-10.458013
21600.0,-15.503846,-10.411538
21616.666,-15.483013,-10.430769
21633.334,-15.462179,-10.45
21650.0,-15.432693,-10.460577
21666.666,-15.397436,-10.4653845
21683.334,-15.367949,-10.472756
21700.0,-15.361539,-10.490385
21716.666,-15.355128,-10.508013
21733.334,-15.341025,-10.521795
21750.0,-15.325,-10.5346155
21766.666,-15.31282,-10.548077
21783.334,-15.30641,-10.5625
21800.0,-15.3,-10.576923
21816.666,-15.301602,-10.567307
21833.334,-15.3032055,-10.557693
21850.0,-15.314423,-10.525
21866.666,-15.332051,-10.476923
21883.334,-15.346795,-10.425321
21900.0,-15.35,-10.359615
21916.666,-15.353205,-10.29391
21933.334,-15.3634615,-10.228205
21950.0,-15.375481,-10.1625
21966.666,-15.392629,-10.102884
21983.334,-15.417468,-10.052403
22000.0,-15.442307,-10.001923
22016.666,-15.442307,-9.916186
22033.334,-15.442307,-9.830449
22050.0,-13.585577,-9.688461
22066.666,-10.491026,-9.508974
22083.334,-7.9160256,-9.355929
22100.0,-7.419231,-9.308654
22116.666,-6.9224358,-9.261378
22133.334,-6.8679485,-9.203846
22150.0,-6.9240384,-9.14375
22166.666,-6.966026,-9.098718
22183.334,-6.986859,-9.0762825
22200.0,-7.0076923,-9.053846
22216.666,-7.0116987,-9.038622
22233.334,-7.015705,-9.023397
22250.0,-7.01875,-9.00625
22266.666,-7.021154,-8.987821
22283.334,-7.022917,-8.969391
22300.0,-7.022115,-8.950961
22316.666,-7.021314,-8.932532
22333.334,-7.2916665,-8.752564
22350.0,-7.6298075,-8.532211
22366.666,-7.8253207,-8.390705
22383.334,-7.806891,-8.367468
22400.0,-7.7884617,-8.344231
22416.666,-7.769231,-8.35625
22433.334,-7.75,-8.368269
22450.0,-7.7384615,-8.377885
22466.666,-7.7320514,-8.385898
22483.334,-7.8471155,-8.39327
22500.0,-8.448077,-8.398077
22516.666,-9.049039,-8.4028845
22533.334,-11.06282,-8.096795
22550.0,-13.429808,-7.7129807
22566.666,-14.827244,-7.4727564
22583.334,-14.770352,-7.4479165
22600.0,-14.713462,-7.423077
22616.666,-14.661378,-7.429487
22633.334,-14.609295,-7.4358974
22650.0,-14.583653,-7.4288464
22666.666,-14.575641,-7.4128203
22683.334,-14.56859,-7.4
22700.0,-14.565385,-7.4
22716.666,-14.56218,-7.4
22733.334,-14.567948,-7.4108973
22750.0,-14.575961,-7.424519
22766.666,-14.579487,-7.434936
22783.334,-14.5762825,-7.440545
22800.0,-14.573077,-7.4461536
22816.666,-12.279808,-8.011859
22833.334,-9.986539,-8.577564
22850.0,-8.690385,-8.866827
22866.666,-8.058974,-8.971795
22883.334,-7.5653844,-9.051763
22900.0,-7.623077,-9.031731
22916.666,-7.6807694,-9.011699
22933.334,-7.701282,-8.996154
22950.0,-7.7125,-8.98173
22966.666,-7.721474,-8.974359
22983.334,-7.727083,-8.977564
23000.0,-7.7326922,-8.980769
23016.666,-7.7366986,-8.982371
23033.334,-7.740705,-8.983974
23050.0,-7.7442307,-8.977884
23066.666,-7.747436,-8.966666
23083.334,-7.751923,-8.958013
23100.0,-7.7615385,-8.959616
23116.666,-7.771154,-8.961218
23133.334,-9.889744,-9.378846
23150.0,-12.535577,-9.900481
23166.666,-14.420513,-10.211218
23183.334,-15.164103,-10.205609
23200.0,-15.907692,-10.2
23216.666,-15.838782,-10.211218
23233.334,-15.769872,-10.222436
23250.0,-15.730769,-10.228847
23266.666,-15.711538,-10.232051
23283.334,-15.695192,-10.236057
23300.0,-15.690385,-10.243269
23316.666,-15.685577,-10.250481
23333.334,-15.68718,-10.233974
23350.0,-15.690385,-10.211538
23366.666,-15.696154,-10.185256
23383.334,-15.70577,-10.153205
23400.0,-15.7153845,-10.121154
23416.666,-15.723397,-10.096314
23433.334,-15.73141,-10.071474
23450.0,-15.739423,-10.048077
23466.666,-15.747436,-10.025641
23483.334,-15.754807,-10.004807
23500.0,-15.759615,-9.990385
23516.666,-15.764423,-9.975962
23533.334,-15.765385,-9.96282
23550.0,-15.765385,-9.95
23566.666,-15.767629,-9.942307
23583.334,-15.773237,-9.942307
23600.0,-15.778846,-9.942307
23616.666,-15.780449,-9.920673
23633.334,-15.782051,-9.899038
23650.0,-15.777404,-9.858173
23666.666,-15.76859,-9.804487
23683.334,-15.720834,-9.724038
23700.0,-15.517307,-9.536538
23716.666,-15.313782,-9.349038
23733.334,-15.409351,-8.8122225
23750.0,-15.504921,-8.275406
23766.666,-15.600491,-7.73859
23783.334,-15.696059,-7.2017736
23800.0,-15.791629,-6.664957
23816.666,-15.887198,-6.128141
23833.334,-15.982768,-5.591325
23850.0,-16.078337,-5.0545087
23866.666,-16.173906,-4.517692
23883.334,-16.269476,-3.980876
23900.0,-16.365046,-3.4440598
23916.666,-16.460615,-2.9072435
23933.334,-16.556185,-2.3704274
23950.0,-16.651752,-1.8336111
23966.666,-16.747322,-1.2967949
23983.334,-16.842892,-2.7214744
24000.0,-16.938461,-4.146154
24016.666,-16.792627,-3.9137821
24033.334,-16.646795,-3.6814103
24050.0,-16.592308,-3.601923
24066.666,-16.598719,-3.624359
24083.334,-16.602564,-3.6458333
24100.0,-16.596153,-3.6634614
24116.666,-16.589743,-3.6810896
24133.334,-16.58718,-3.6935897
24150.0,-16.585577,-3.7048078
24166.666,-16.576923,-3.7314103
24183.334,-16.557692,-3.7810898
24200.0,-16.538462,-3.8307693
24216.666,-16.520834,-3.8724358
24233.334,-16.503204,-3.9141026
24250.0,-16.483654,-3.9548078
24266.666,-16.46282,-3.9948719
24283.334,-16.323397,-4.1209936
24300.0,-15.709616,-4.5913463
24316.666,-15.095834,-5.061699
24333.334,-14.967949,-5.1378207
24350.0,-14.961538,-5.1153846
24366.666,-14.965705,-5.090705
24383.334,-14.985737,-5.06266
24400.0,-15.005769,-5.0346155
24416.666,-15.017789,-5.01859
24433.334,-15.029808,-5.002564
24450.0,-15.036538,-4.996154
24466.666,-15.039743,-4.996154
24483.334,-15.04423,-4.994391
24500.0,-15.053846,-4.985577
24516.666,-15.063461,-4.976763
24533.334,-15.055769,-5.0576925
24550.0,-15.04375,-5.1610575
24566.666,-15.010257,-5.3727565
24583.334,-14.944551,-5.746955
24600.0,-14.878846,-6.121154
24616.666,-14.87484,-6.113942
24633.334,-14.870833,-6.106731
24650.0,-14.869231,-6.101923
24666.666,-14.869231,-6.098718
24683.334,-14.870193,-6.103205
24700.0,-14.875,-6.1384616
24716.666,-14.879807,-6.173718
24733.334,-14.876923,-6.2
24750.0,-14.872115,-6.2240386
24766.666,-14.868589,-6.2442307
24783.334,-14.866987,-6.2586536
24800.0,-14.865385,-6.273077
24816.666,-14.884615,-6.9934297
24833.334,-14.903846,-7.713782
24850.0,-14.915865,-8.023558
24866.666,-14.923077,-8.059615
24883.334,-14.927403,-8.0844555
24900.0,-14.920193,-8.064423
24916.666,-14.912981,-8.044391
24933.334,-14.903846,-8.057693
24950.0,-14.894231,-8.079327
24966.666,-14.8865385,-8.098077
24983.334,-14.881731,-8.1125
25000.0,-14.876923,-8.126923
25016.666,-14.867308,-8.134936
25033.334,-14.857693,-8.142949
25050.0,-14.851442,-8.149038
25066.666,-14.847436,-8.153846
25083.334,-14.844711,-8.157692
25100.0,-14.8471155,-8.157692
25116.666,-14.849519,-8.157692
25133.334,-14.858974,-8.161538
25150.0,-14.870193,-8.166347
25166.666,-14.88109,-8.174359
25183.334,-14.891506,-8.18718
25200.0,-14.901923,-8.2
25216.666,-14.907532,-8.21282
25233.334,-14.913141,-8.225641
25250.0,-14.916347,-8.23125
25266.666,-14.917949,-8.232051
25283.334,-14.919551,-8.232371
25300.0,-14.921154,-8.230769
25316.666,-14.922756,-8.229167
25333.334,-15.035897,-8.482051
25350.0,-15.176923,-8.798557
25366.666,-15.260898,-8.993269
25383.334,-15.2592945,-9.005288
25400.0,-15.257692,-9.017307
25416.666,-15.240064,-9.013301
25433.334,-15.222436,-9.0092945
25450.0,-15.214423,-9.009615
25466.666,-15.21282,-9.01282
25483.334,-15.212339,-9.018109
25500.0,-15.216346,-9.031731
25516.666,-15.220352,-9.045353
25533.334,-15.220512,-9.046154
25550.0,-15.219711,-9.04375
25566.666,-15.223718,-9.038462
25583.334,-15.234936,-9.028846
25600.0,-15.246154,-9.019231
25616.666,-15.247756,-9.019231
25633.334,-15.249359,-9.019231
25650.0,-15.252885,-9.004807
25666.666,-15.257692,-8.980769
25683.334,-15.261859,-8.958974
25700.0,-15.263461,-8.946154
25716.666,-15.265064,-8.933333
25733.334,-15.265385,-8.916667
25750.0,-15.265385,-8.899038
25766.666,-15.264744,-8.887179
25783.334,-15.263141,-8.883974
25800.0,-15.2615385,-8.880769
25816.666,-15.258333,-8.871154
25833.334,-15.255128,-8.861539
25850.0,-15.259615,-8.855769
25866.666,-15.269231,-8.852564
25883.334,-15.276603,-8.84359
25900.0,-15.275,-8.811539
25916.666,-15.273397,-8.779488
25933.334,-15.28718,-8.775641
25950.0,-15.304808,-8.778846
25966.666,-15.315385,-8.782051
25983.334,-15.315385,-8.785256
26000.0,-15.315385,-8.788462
26016.666,-15.325,-8.805288
26033.334,-15.334616,-8.822115
26050.0,-15.343269,-8.833173
26066.666,-15.351282,-8.8403845
26083.334,-15.357371,-8.8471155
26100.0,-15.355769,-8.851923
26116.666,-15.354167,-8.85673
26133.334,-15.353847,-8.864102
26150.0,-15.353847,-8.872115
26166.666,-15.351282,-8.873718
26183.334,-15.3448715,-8.8657055
26200.0,-15.338462,-8.857693
26216.666,-15.328846,-8.841666
26233.334,-15.319231,-8.825641
26250.0,-15.306731,-8.810577
26266.666,-15.292308,-8.796154
26283.334,-15.279808,-8.784135
26300.0,-15.275,-8.781731
26316.666,-15.270192,-8.779327
26333.334,-15.275641,-8.775641
26350.0,-15.283654,-8.771635
26366.666,-15.282692,-8.761859
26383.334,-15.26827,-8.743429
26400.0,-15.253846,-8.725
26416.666,-15.247436,-8.722596
26433.334,-15.241026,-8.720192
26450.0,-15.221154,-8.711538
26466.666,-15.192307,-8.698718
26483.334,-15.1700325,-8.690064
26500.0,-15.174039,-8.698077
26516.666,-15.178045,-8.70609
26533.334,-15.157692,-8.684615
26550.0,-15.13125,-8.655769
26566.666,-15.109615,-8.642307
26583.334,-15.095192,-8.651923
26600.0,-15.08077,-8.661538
26616.666,-15.075961,-8.6759615
26633.334,-15.071154,-8.690385
26650.0,-15.066346,-8.697115
26666.666,-15.061539,-8.698718
26683.334,-15.055929,-8.700641
26700.0,-15.047115,-8.703846
26716.666,-15.038301,-8.707051
26733.334,-15.024359,-8.71282
26750.0,-15.009134,-8.719231
26766.666,-14.993589,-8.723718
26783.334,-14.977564,-8.725321
26800.0,-14.961538,-8.726923
26816.666,-14.945513,-8.736539
26833.334,-14.929487,-8.746154
26850.0,-14.910096,-8.748077
26866.666,-14.888461,-8.744872
26883.334,-14.86891,-8.741667
26900.0,-14.857693,-8.7384615
26916.666,-14.846475,-8.735256
26933.334,-14.8448715,-8.728205
26950.0,-14.845673,-8.720192
26966.666,-14.84391,-8.713782
26983.334,-14.838302,-8.709776
27000.0,-14.832692,-8.70577
27016.666,-14.830289,-8.703365
27033.334,-14.827885,-8.700961
27050.0,-14.822115,-8.706731
27066.666,-14.814102,-8.717949
27083.334,-14.80641,-8.726763
27100.0,-14.8,-8.725962
27116.666,-14.79359,-8.725161
27133.334,-14.79359,-8.711538
27150.0,-14.795193,-8.694712
27166.666,-14.791667,-8.685898
27183.334,-14.780449,-8.689102
27200.0,-14.769231,-8.692307
27216.666,-14.753205,-8.677885
27233.334,-14.73718,-8.663462
27250.0,-14.141346,-8.658173
27266.666,-13.158975,-8.658975
27283.334,-11.884936,-8.6283655
27300.0,-9.444231,-8.4721155
27316.666,-7.0035257,-8.3158655
27333.334,-6.480769,-8.289743
27350.0,-6.4375,-8.296154
27366.666,-6.417308,-8.30641
27383.334,-6.4317307,-8.322436
27400.0,-6.4461536,-8.338462
27416.666,-6.4445515,-8.3657055
27433.334,-6.442949,-8.392949
27450.0,-6.4403844,-8.422596
27466.666,-6.4371796,-8.453846
27483.334,-6.4326925,-8.490224
27500.0,-6.423077,-8.547115
27516.666,-6.4134617,-8.604007
27533.334,-6.4083333,-8.638461
27550.0,-6.404327,-8.667308
27566.666,-6.4028845,-8.695513
27583.334,-6.4052887,-8.722756
27600.0,-6.4076924,-8.75
27616.666,-6.4141026,-8.76282
27633.334,-6.4205127,-8.775641
27650.0,-6.433654,-8.775962
27666.666,-6.451282,-8.767949
27683.334,-6.4701924,-8.761859
27700.0,-6.4942307,-8.763461
27716.666,-6.518269,-8.765064
27733.334,-6.5410256,-8.755128
27750.0,-6.5634613,-8.742308
27766.666,-6.5878205,-8.733974
27783.334,-6.615064,-8.732371
27800.0,-6.6423078,-8.730769
27816.666,-6.659936,-8.730769
27833.334,-6.677564,-8.730769
27850.0,-6.6884613,-8.733654
27866.666,-6.694872,-8.7384615
27883.334,-6.7003207,-8.746474
27900.0,-6.701923,-8.767307
27916.666,-6.7035255,-8.788141
27933.334,-6.7134614,-8.813461
27950.0,-6.7254806,-8.839904
27966.666,-6.816987,-8.955449
27983.334,-7.0277243,-9.204647
28000.0,-7.2384615,-9.453846
28016.666,-7.2384615,-9.455449
28033.334,-7.2384615,-9.457051
28050.0,-7.233173,-9.45048
28066.666,-7.224359,-9.438461
28083.334,-7.2158656,-9.427564
28100.0,-7.208654,-9.421154
28116.666,-7.2014422,-9.414743
28133.334,-7.194872,-9.417949
28150.0,-7.1884613,-9.423557
28166.666,-7.1839743,-9.426282
28183.334,-7.1823716,-9.42468
28200.0,-7.1807694,-9.423077
28216.666,-7.174359,-9.423077
28233.334,-7.1679487,-9.423077
28250.0,-8.6125,-9.474038
28266.666,-11.024359,-9.558974
28283.334,-13.1342945,-9.599359
28300.0,-14.036538,-9.461538
28316.666,-14.938782,-9.323718
28333.334,-15.091666,-9.2987175
28350.0,-15.057212,-9.301923
28366.666,-15.0278845,-9.298077
28383.334,-15.00625,-9.283654
28400.0,-14.984615,-9.269231
28416.666,-14.970192,-9.278846
28433.334,-14.95577,-9.288462
28450.0,-14.9625,-9.290384
28466.666,-14.983334,-9.28718
28483.334,-15.001282,-9.285577
28500.0,-15.007692,-9.290384
28516.666,-15.014103,-9.295193
28533.334,-15.025641,-9.3
28550.0,-15.038462,-9.304808
28566.666,-15.051602,-9.308333
28583.334,-15.065225,-9.309936
28600.0,-15.078846,-9.311539
28616.666,-15.08125,-9.309936
28633.334,-15.083653,-9.308333
28650.0,-15.084616,-9.308654
28666.666,-15.084616,-9.310256
28683.334,-15.085897,-9.3125
28700.0,-15.092308,-9.317307
28716.666,-15.098718,-9.322115
28733.334,-15.1,-9.326923
28750.0,-15.1,-9.331731
28766.666,-15.1,-9.336538
28783.334,-15.1,-9.341346
28800.0,-15.1,-9.346154
28816.666,-15.096795,-9.350962
28833.334,-15.09359,-9.355769
28850.0,-15.0875,-9.345192
28866.666,-15.079487,-9.324359
28883.334,-15.072436,-9.305449
28900.0,-15.069231,-9.29423
28916.666,-15.066026,-9.283012
28933.334,-15.064102,-9.2846155
28950.0,-15.0625,-9.289423
28966.666,-15.058974,-9.286218
28983.334,-15.052564,-9.270993
29000.0,-15.046154,-9.255769
29016.666,-15.047756,-9.261378
29033.334,-15.049359,-9.266987
29050.0,-15.0509615,-9.2875
29066.666,-15.052564,-9.317948
29083.334,-15.051282,-9.340545
29100.0,-15.038462,-9.331731
29116.666,-15.025641,-9.322917
29133.334,-15.014744,-9.320513
29150.0,-15.004327,-9.319712
29166.666,-14.99391,-9.319872
29183.334,-14.983494,-9.321474
29200.0,-14.973077,-9.323077
29216.666,-14.976282,-9.332692
29233.334,-14.979487,-9.342308
29250.0,-14.978847,-9.351923
29266.666,-14.975641,-9.361539
29283.334,-14.973878,-9.369712
29300.0,-14.977884,-9.372115
29316.666,-14.981891,-9.374519
29333.334,-14.989743,-9.374359
29350.0,-14.998558,-9.373558
29366.666,-15.006411,-9.373077
29383.334,-15.01282,-9.373077
29400.0,-15.019231,-9.373077
29416.666,-15.019231,-9.368269
29433.334,-15.019231,-9.3634615
29450.0,-15.025962,-9.359615
29466.666,-15.03718,-9.35641
29483.334,-15.046795,-9.352724
29500.0,-15.05,-9.3471155
29516.666,-15.0532055,-9.341506
29533.334,-15.055128,-9.323718
29550.0,-15.056731,-9.302885
29566.666,-15.058974,-9.285577
29583.334,-15.06218,-9.273558
29600.0,-15.065385,-9.2615385
29616.666,-15.078205,-9.253526
29633.334,-15.091025,-9.245513
29650.0,-15.099038,-9.228847
29666.666,-15.103847,-9.20641
29683.334,-15.104808,-9.184295
29700.0,-15.0903845,-9.163462
29716.666,-15.075961,-9.142629
29733.334,-15.070513,-9.124359
29750.0,-15.067307,-9.10673
29766.666,-15.065705,-9.092949
29783.334,-15.066506,-9.084936
29800.0,-15.067307,-9.076923
29816.666,-15.071314,-9.080129
29833.334,-15.07532,-9.083333
29850.0,-15.064423,-9.072115
29866.666,-15.04359,-9.051282
29883.334,-15.027244,-9.0375
29900.0,-15.028846,-9.051923
29916.666,-15.030449,-9.066346
29933.334,-15.033334,-9.057693
29950.0,-15.036538,-9.043269
29966.666,-15.042308,-9.028846
29983.334,-15.051923,-9.014423
30000.0,-15.061539,-9.0
30016.666,-15.064744,-8.910256
30033.334,-15.067948,-8.820513
30050.0,-14.949519,-8.657211
30066.666,-14.75,-8.444872
30083.334,-14.749544,-8.056702
30100.0,-14.749087,-7.6685314
30116.666,-14.7486315,-7.280361
30133.334,-14.748176,-6.892191
30150.0,-14.74772,-6.504021
30166.666,-14.747263,-6.115851
30183.334,-14.746807,-5.7276807
30200.0,-14.746351,-5.3395104
30216.666,-14.745895,-4.95134
30233.334,-14.745439,-4.56317
30250.0,-14.744983,-4.175
30266.666,-14.744527,-5.700641
30283.334,-14.74407,-6.862019
30300.0,-14.5509615,-6.566346
30316.666,-14.357853,-6.2706733
30333.334,-14.325641,-6.194872
30350.0,-14.333653,-6.1740384
30366.666,-14.345512,-6.155128
30383.334,-14.363141,-6.1391025
30400.0,-14.380769,-6.123077
30416.666,-14.379167,-6.129487
30433.334,-14.377564,-6.1358976
30450.0,-14.45,-6.2528844
30466.666,-14.5717945,-6.4435897
30483.334,-14.672436,-6.653205
30500.0,-14.688461,-6.9384613
30516.666,-14.704487,-7.223718
30533.334,-14.708974,-7.2679486
30550.0,-14.710577,-7.251923
30566.666,-14.713462,-7.235256
30583.334,-14.718269,-7.217628
30600.0,-14.723077,-7.2
30616.666,-14.718269,-7.1807694
30633.334,-14.713462,-7.1615386
30650.0,-14.710577,-7.148077
30666.666,-14.708974,-7.1384616
30683.334,-14.707692,-7.13141
30700.0,-14.707692,-7.1346154
30716.666,-14.707692,-7.1378207
30733.334,-14.710897,-7.1474357
30750.0,-14.714904,-7.1586537
30766.666,-14.536859,-7.245513
30783.334,-14.085737,-7.445833
30800.0,-13.634615,-7.646154
30816.666,-7.168269,-8.364102
30833.334,-0.7019231,-9.082051
30850.0,2.0451922,-9.379807
30866.666,2.3128204,-9.397436
30883.334,2.5115385,-9.408012
30900.0,2.4346154,-9.390385
30916.666,2.3576922,-9.372756
30933.334,2.329487,-9.371795
30950.0,2.3134615,-9.375
30966.666,3.0288463,-9.358974
30983.334,4.8413463,-9.314102
31000.0,6.6538463,-9.269231
31016.666,6.6346154,-9.262019
31033.334,6.6153846,-9.254807
31050.0,6.585577,-9.2466345
31066.666,6.548718,-9.237821
31083.334,6.5169873,-9.229167
31100.0,6.5057693,-9.221154
31116.666,6.494551,-9.213141
31133.334,6.483333,-9.199359
31150.0,6.4721155,-9.1841345
31166.666,6.5852566,-9.085897
31183.334,6.884936,-8.863141
31200.0,7.1846156,-8.640385
31216.666,7.186218,-8.61875
31233.334,7.1878204,-8.5971155
31250.0,7.18125,-8.595192
31266.666,7.169231,-8.60641
31283.334,7.1594553,-8.616667
31300.0,7.1586537,-8.623077
31316.666,7.1578526,-8.629487
31333.334,7.15641,-8.633333
31350.0,7.1548076,-8.6365385
31366.666,7.1493587,-8.640385
31383.334,7.138141,-8.645192
31400.0,7.126923,-8.65
31416.666,7.1221156,-8.654808
31433.334,7.1173077,-8.6596155
31450.0,7.1163464,-8.673077
31466.666,7.1179485,-8.692307
31483.334,7.11859,-8.708333
31500.0,7.1153846,-8.711538
31516.666,7.1121793,-8.714744
31533.334,7.116667,-8.729487
31550.0,7.123077,-8.747115
31566.666,7.126923,-8.754807
31583.334,7.126923,-8.747596
31600.0,7.126923,-8.740385
31616.666,8.360096,-9.043269
31633.334,9.593269,-9.346154
31650.0,12.008173,-9.475481
31666.666,15.210897,-9.489102
31683.334,17.770994,-9.498077
31700.0,17.760576,-9.4884615
31716.666,17.75016,-9.478847
31733.334,17.720512,-9.482051
31750.0,17.686058,-9.4884615
31766.666,17.660898,-9.496795
31783.334,17.64968,-9.508013
31800.0,17.638462,-9.519231
31816.666,17.638462,-9.544871
31833.334,17.638462,-9.570513
31850.0,17.643269,-9.5875
31866.666,17.651281,-9.598718
31883.334,17.648077,-9.614423
31900.0,17.6,-9.648077
31916.666,17.551924,-9.681731
31933.334,13.854487,-9.579487
31950.0,9.244712,-9.443269
31966.666,6.5105767,-9.366667
31983.334,6.589904,-9.379487
32000.0,6.669231,-9.392307
32016.666,6.7349358,-9.390705
32033.334,6.800641,-9.389103
32050.0,6.8375,-9.382692
32066.666,6.8551283,-9.373077
32083.334,6.8682694,-9.367628
32100.0,6.8634615,-9.378846
32116.666,6.858654,-9.390064
32133.334,6.848718,-9.391026
32150.0,6.8375,-9.389423
32166.666,6.8278847,-9.382692
32183.334,6.820673,-9.368269
32200.0,6.8134613,-9.353847
32216.666,6.1684294,-9.401923
32233.334,5.5233974,-9.45
32250.0,0.9288462,-9.180769
32266.666,-6.298718,-8.7
32283.334,-12.336538,-8.235256
32300.0,-13.615385,-7.834615
32316.666,-14.894231,-7.4339743
32333.334,-15.0487175,-7.3641024
32350.0,-14.922115,-7.376923
32366.666,-14.83782,-7.389744
32383.334,-14.816987,-7.402564
32400.0,-14.796154,-7.415385
32416.666,-14.786538,-7.4298077
32433.334,-14.776923,-7.4442306
32450.0,-14.774519,-7.45
32466.666,-14.776923,-7.45
32483.334,-14.779648,-7.4503207
32500.0,-14.783654,-7.451923
32516.666,-14.787661,-7.4535255
32533.334,-14.794871,-7.447436
32550.0,-14.802885,-7.439423
32566.666,-14.9698715,-7.4442306
32583.334,-15.37532,-7.4682693
32600.0,-15.780769,-7.4923077
32616.666,-15.8032055,-7.4602566
32633.334,-15.825641,-7.428205
32650.0,-15.826923,-7.4038463
32666.666,-15.814102,-7.3846154
32683.334,-15.804487,-7.3653846
32700.0,-15.807693,-7.3461537
32716.666,-15.810898,-7.326923
32733.334,-15.816667,-7.3102565
32750.0,-15.823077,-7.294231
32766.666,-15.827564,-7.2833333
32783.332,-15.829166,-7.280128
32800.0,-15.83077,-7.276923
32816.668,-15.827564,-7.2576923
32833.332,-15.824359,-7.2384615
32850.0,-15.825,-7.2413464
32866.668,-15.828205,-7.2589746
32883.332,-15.832372,-7.2791667
32900.0,-15.8403845,-7.3096156
32916.668,-15.848397,-7.340064
32933.332,-15.847436,-7.353846
32950.0,-15.844231,-7.3634615
32966.668,-15.836859,-7.3733974
32983.332,-15.823237,-7.3838143
33000.0,-15.809615,-7.394231
33016.668,-15.797596,-7.4038463
33033.332,-15.785577,-7.4134617
33050.0,-15.779808,-7.420673
33066.668,-15.778205,-7.426282
33083.332,-15.776923,-7.4326925
33100.0,-15.776923,-7.4423075
33116.668,-15.776923,-7.451923
33133.332,-15.760898,-7.4403844
33150.0,-15.740866,-7.4235578
33166.668,-15.728526,-7.415705
33183.332,-15.727724,-7.4213142
33200.0,-15.726923,-7.4269233
33216.668,-15.725321,-7.4341345
33233.332,-15.723718,-7.441346
33250.0,-15.7221155,-7.45625
33266.668,-15.720512,-7.476282
33283.332,-15.714744,-7.492628
33300.0,-15.692307,-7.4942307
33316.668,-15.669871,-7.4958334
33333.332,-15.665384,-7.502564
33350.0,-15.665384,-7.5105767
33366.668,-15.660897,-7.5224357
33383.332,-15.649679,-7.5400643
33400.0,-15.638461,-7.5576925
33416.668,-15.618429,-7.556891
33433.332,-15.598397,-7.55609
33450.0,-15.561058,-7.71875
33466.668,-15.512179,-7.9903846
33483.332,-15.467949,-8.212179
33500.0,-15.442307,-8.234615
33516.668,-15.416667,-8.257051
33533.332,-15.407692,-8.26282
33550.0,-15.4028845,-8.264423
33566.668,-15.397436,-8.266026
33583.332,-15.391026,-8.267629
33600.0,-15.384615,-8.269231
33616.668,-15.395833,-8.274038
33633.332,-15.407051,-8.278846
33650.0,-15.405769,-8.2846155
33666.668,-15.396153,-8.291026
33683.332,-15.387179,-8.297916
33700.0,-15.380769,-8.306731
33716.668,-15.374359,-8.315545
33733.332,-15.358974,-8.305128
33750.0,-15.341346,-8.289904
33766.668,-15.325641,-8.272436
33783.332,-15.31282,-8.251602
33800.0,-15.3,-8.230769
33816.668,-15.3,-8.224359
33833.332,-15.3,-8.217949
33850.0,-15.3,-8.210577
33866.668,-15.3,-8.202564
33883.332,-15.3009615,-8.197436
33900.0,-15.305769,-8.203846
33916.668,-15.310577,-8.210257
33933.332,-15.325641,-8.210257
33950.0,-15.343269,-8.208653
33966.668,-15.351923,-8.207692
33983.332,-15.3471155,-8.207692
34000.0,-15.342308,-8.207692
34016.668,-15.34391,-8.198878
34033.332,-15.345512,-8.190064
34050.0,-15.349038,-8.179327
34066.668,-15.353847,-8.167308
34083.332,-15.358654,-8.153205
34100.0,-15.3634615,-8.130769
34116.668,-15.368269,-8.108334
34133.332,-15.378205,-8.105128
34150.0,-15.389423,-8.10673
34166.668,-15.402564,-8.107051
34183.332,-15.41859,-8.105449
34200.0,-15.434615,-8.103847
34216.668,-15.444231,-8.111859
34233.332,-15.453846,-8.119872
34250.0,-15.460577,-8.125961
34266.668,-15.4653845,-8.130769
34283.332,-15.470192,-8.136699
34300.0,-15.475,-8.147116
34316.668,-15.479808,-8.157532
34333.332,-15.48718,-8.170513
34350.0,-15.495193,-8.1841345
34366.668,-15.498718,-8.2
34383.332,-15.495513,-8.219231
34400.0,-15.492308,-8.2384615
34416.668,-15.4907055,-8.2384615
34433.332,-15.489102,-8.2384615
34450.0,-15.499039,-8.235577
34466.668,-15.516666,-8.230769
34483.332,-15.534295,-8.224359
34500.0,-15.551923,-8.211538
34516.668,-15.569551,-8.198718
34533.332,-15.569551,-8.198718
34550.0,-15.569551,-8.198718
