0.0,-2.0346153,-10.2153845
16.666666,-2.039423,-10.19375
33.333332,-2.0442307,-10.172115
50.0,-2.0528846,-10.165865
66.666664,-2.0641026,-10.169871
83.333336,-2.0711539,-10.170193
100.0,-2.0615385,-10.155769
116.666664,-2.051923,-10.141346
133.33333,-2.055128,-10.142949
150.0,-2.0615385,-10.148558
166.66667,-2.0660257,-10.1573715
183.33333,-2.0676281,-10.170994
200.0,-2.0692308,-10.184615
216.66667,-2.061218,-10.197436
233.33333,-2.053205,-10.210257
250.0,-2.0461538,-10.192307
266.66666,-2.0397437,-10.153846
283.33334,-1.770673,-10.043269
300.0,-0.45096153,-9.644231
316.66666,0.86875,-9.245193
333.33334,2.626923,-8.9
350.0,4.4947114,-8.568269
366.66666,5.601923,-8.371154
383.33334,5.5682693,-8.375961
400.0,5.5346155,-8.380769
416.66666,5.513782,-8.424039
433.33334,5.4929485,-8.467308
450.0,5.480769,-8.5033655
466.66666,5.474359,-8.5346155
483.33334,5.468109,-8.559455
500.0,5.4625,-8.558654
516.6667,5.456891,-8.557853
533.3333,5.4756413,-8.566667
550.0,5.5004807,-8.577885
566.6667,5.5153847,-8.582692
583.3333,5.5153847,-8.577885
600.0,5.5153847,-8.573077
616.6667,5.4865384,-8.547436
633.3333,5.457692,-8.521795
650.0,2.364423,-8.475
666.6667,-2.7717948,-8.414103
683.3333,-6.9261217,-8.380769
700.0,-7.1528845,-8.457692
716.6667,-7.3796473,-8.5346155
733.3333,-7.324359,-8.5717945
750.0,-7.198558,-8.599038
766.6667,-7.1115384,-8.614743
783.3333,-7.082692,-8.613141
800.0,-7.0538464,-8.611539
816.6667,-7.20609,-8.223718
833.3333,-7.358333,-7.8358974
850.0,-7.4346156,-7.641346
866.6667,-7.4602566,-7.575641
883.3333,-7.4766026,-7.5243587
900.0,-7.455769,-7.5307693
916.6667,-7.434936,-7.5371795
933.3333,-7.4179487,-7.5326924
950.0,-7.401923,-7.5254807
966.6667,-7.391667,-7.514423
983.3333,-7.3900642,-7.4975963
1000.0,-7.3884616,-7.480769
1016.6667,-7.3884616,-7.4839745
1033.3334,-7.3884616,-7.4871793
1050.0,-7.395192,-7.495673
1066.6666,-7.40641,-7.5076923
1083.3334,-7.4166665,-7.5206733
1100.0,-7.423077,-7.5375
1116.6666,-7.429487,-7.554327
1133.3334,-7.4333334,-7.5660257
1150.0,-7.4365387,-7.5764422
1166.6666,-7.4371796,-7.592628
1183.3334,-7.4339743,-7.617468
1200.0,-7.4307694,-7.6423078
1216.6666,-7.4259615,-7.6391025
1233.3334,-7.421154,-7.6358976
1250.0,-7.416346,-7.6365385
1266.6666,-7.4115386,-7.639744
1283.3334,-7.409295,-7.641346
1300.0,-7.417308,-7.6365385
1316.6666,-7.4253206,-7.6317306
1333.3334,-7.421795,-7.604487
1350.0,-7.415385,-7.571635
1366.6666,-7.4108973,-7.559936
1383.3334,-7.409295,-7.579968
1400.0,-7.4076924,-7.6
1416.6666,-7.4108973,-7.585577
1433.3334,-7.4141026,-7.5711536
1450.0,-7.428365,-7.5730767
1466.6666,-7.45,-7.5858974
1483.3334,-7.4665065,-7.589423
1500.0,-7.4625,-7.5557694
1516.6666,-7.4584937,-7.522115
1533.3334,-7.457692,-7.50641
1550.0,-7.457692,-7.4951925
1566.6666,-7.451923,-7.4858975
1583.3334,-7.4375,-7.479487
1600.0,-7.423077,-7.473077
1616.6666,-8.219551,-7.546795
1633.3334,-9.016026,-7.620513
1650.0,-11.408654,-7.848077
1666.6666,-14.865385,-8.1782055
1683.3334,-17.621155,-8.459295
1700.0,-17.573076,-8.54423
1716.6666,-17.525,-8.629167
1733.3334,-17.451283,-8.646153
1750.0,-17.371155,-8.646153
1766.6666,-17.316345,-8.661538
1783.3334,-17.299519,-8.7
1800.0,-17.282692,-8.7384615
1816.6666,-17.273077,-8.732051
1833.3334,-17.263462,-8.725641
1850.0,-17.19952,-8.888461
1866.6666,-17.09936,-9.164103
1883.3334,-17.015064,-9.391346
1900.0,-16.99423,-9.425
1916.6666,-16.973398,-9.458653
1933.3334,-16.971794,-9.461538
1950.0,-16.975,-9.456731
1966.6666,-16.96923,-9.4490385
1983.3334,-16.95,-9.437019
2000.0,-16.930769,-9.425
2016.6666,-16.939583,-9.422596
2033.3334,-16.948397,-9.420193
2050.0,-16.949038,-9.427885
2066.6667,-16.944231,-9.442307
2083.3333,-16.941507,-9.452885
2100.0,-16.947115,-9.448077
2116.6667,-16.952724,-9.443269
2133.3333,-16.948717,-9.388461
2150.0,-16.942308,-9.321154
2166.6667,-17.201923,-7.9846153
2183.3333,-17.860577,-4.7442307
2200.0,-18.51923,-1.5038462
2216.6667,-18.11782,-2.4542308
2233.3333,-17.71641,-3.4046154
2250.0,-17.315,-4.355
2266.6667,-16.91359,-5.3053846
2283.3333,-16.51218,-6.2557693
2300.0,-15.476923,-7.6884613
2316.6667,-14.441667,-9.121154
2333.3333,-14.152564,-9.371795
2350.0,-14.05,-9.326923
2366.6667,-13.999039,-9.303526
2383.3333,-14.025481,-9.31234
2400.0,-14.051923,-9.321154
2416.6667,-14.061539,-9.332372
2433.3333,-14.071154,-9.34359
2450.0,-13.76298,-9.335096
2466.6667,-13.242949,-9.313461
2483.3333,-12.8262825,-9.29359
2500.0,-12.823077,-9.280769
2516.6667,-12.819872,-9.267949
2533.3333,-12.825641,-9.267949
2550.0,-12.833653,-9.271153
2566.6667,-12.825641,-9.270513
2583.3333,-12.79359,-9.264103
2600.0,-12.7615385,-9.257692
2616.6667,-12.735897,-9.278525
2633.3333,-12.710257,-9.299359
2650.0,-12.102884,-9.091346
2666.6667,-11.107693,-8.730769
2683.3333,-10.06266,-8.375641
2700.0,-8.818269,-8.042308
2716.6667,-7.5738783,-7.7089744
2733.3333,-7.376282,-7.6493587
2750.0,-7.4403844,-7.658173
2766.6667,-7.4913464,-7.6733975
2783.3333,-7.5225964,-7.698237
2800.0,-7.5538464,-7.723077
2816.6667,-7.545833,-7.7070513
2833.3333,-7.5378203,-7.6910257
2850.0,-7.4086537,-7.4884615
2866.6667,-7.198718,-7.1615386
2883.3333,-7.032372,-6.8993587
2900.0,-7.040385,-6.896154
2916.6667,-7.0483975,-6.8929486
2933.3333,-7.05,-6.9038463
2950.0,-7.05,-6.918269
2966.6667,-7.048077,-6.932051
2983.3333,-7.043269,-6.944872
3000.0,-7.0384617,-6.957692
3016.6667,-7.0328526,-6.956891
3033.3333,-7.0272436,-6.95609
3050.0,-7.0235577,-6.9677887
3066.6667,-7.021154,-6.9878206
3083.3333,-7.0189104,-7.004487
3100.0,-7.0173078,-7.0076923
3116.6667,-7.015705,-7.0108976
3133.3333,-7.0121794,-6.997436
3150.0,-7.008173,-6.979808
3166.6667,-7.032051,-6.0057693
3183.3333,-7.0977564,-3.5971153
3200.0,-7.1634617,-1.1884615
3216.6667,-7.1923075,-0.9136218
3233.3333,-7.2211537,-0.638782
3250.0,-7.2245193,-0.55432695
3266.6667,-7.2108974,-0.59679484
3283.3333,-7.199359,-0.63429487
3300.0,-7.1961536,-0.65192306
3316.6667,-7.192949,-0.66955125
3333.3333,-7.173077,-0.68333334
3350.0,-7.1490383,-0.6961538
3366.6667,-7.1326923,-0.701282
3383.3333,-7.1278844,-0.6948718
3400.0,-7.123077,-0.68846154
3416.6667,-3.3073719,-0.9352564
3433.3333,0.5083333,-1.1820513
3450.0,2.6346154,-1.3538462
3466.6667,3.6346154,-1.475641
3483.3333,4.3990383,-1.5701923
3500.0,4.2211537,-1.5557692
3516.6667,4.043269,-1.5413462
3533.3333,3.9794872,-1.5435897
3550.0,3.9442308,-1.55
3566.6667,3.9211538,-1.5570513
3583.3333,3.916346,-1.5650641
3600.0,3.9115384,-1.573077
3616.6667,3.8915064,-1.573077
3633.3333,3.8714743,-1.573077
3650.0,3.8485577,-1.5846153
3666.6667,3.8237178,-1.6038462
3683.3333,3.8451922,-1.613782
3700.0,4.0519233,-1.5865384
3716.6667,4.2586536,-1.5592948
3733.3333,4.3141026,-1.5769231
3750.0,4.331731,-1.6057693
3766.6667,4.338782,-1.6275641
3783.3333,4.329968,-1.638782
3800.0,4.3211536,-1.65
3816.6667,4.3059297,-1.6179488
3833.3333,4.290705,-1.5858974
3850.0,4.290385,-1.5826923
3866.6667,4.3,-1.5987179
3883.3333,4.3064103,-1.6086539
3900.0,4.3,-1.5942308
3916.6667,4.2935896,-1.5798076
3933.3333,4.282051,-1.5743589
3950.0,4.269231,-1.5711539
3966.6667,4.2660255,-1.5823718
3983.3333,4.2772436,-1.6152244
4000.0,4.2884617,-1.6480769
4016.6667,4.2916665,-1.6248398
4033.3333,4.294872,-1.6016026
4050.0,4.296154,-1.6028847
4066.6667,4.296154,-1.6205128
4083.3333,4.296154,-1.6298077
4100.0,4.296154,-1.6057693
4116.6665,4.296154,-1.5817307
4133.3335,4.2878203,-1.5865384
4150.0,4.277404,-1.5985577
4166.6665,4.2746797,-1.6060897
4183.3335,4.2834935,-1.606891
4200.0,4.292308,-1.6076924
4216.6665,4.2875,-1.6253206
4233.3335,4.2826924,-1.6429487
4250.0,4.28125,-1.6605769
4266.6665,4.282051,-1.6782051
4283.3335,4.2834935,-1.6865385
4300.0,4.2875,-1.6576923
4316.6665,4.2915063,-1.6288462
4333.3335,4.282051,-1.6025641
4350.0,4.269231,-1.5769231
4366.6665,4.2653847,-1.5615385
4383.3335,4.275,-1.5615385
4400.0,4.2846155,-1.5615385
4416.6665,4.2822113,-1.5583333
4433.3335,4.2798076,-1.5551282
4450.0,4.2822113,-1.5596154
4466.6665,4.2878203,-1.5692308
4483.3335,4.2929487,-1.5794872
4500.0,4.296154,-1.5923077
4516.6665,4.299359,-1.6051282
4533.3335,4.3064103,-1.6057693
4550.0,4.314423,-1.6033654
4566.6665,4.325,-1.6041666
4583.3335,4.339423,-1.6097757
4600.0,4.353846,-1.6153846
4616.6665,4.358654,-1.5913461
4633.3335,4.3634615,-1.5673077
4650.0,4.3692307,-1.5625
4666.6665,4.375641,-1.5705128
4683.3335,4.4266024,-2.0477564
4700.0,4.6557693,-4.401923
4716.6665,4.884936,-6.7560897
4733.3335,4.919231,-7.404487
4750.0,4.9048076,-7.6264424
4766.6665,4.8865385,-7.7471156
4783.3335,4.8625,-7.7158656
4800.0,4.8384614,-7.6846156
4816.6665,4.7759614,-8.179007
4833.3335,4.7134614,-8.673397
4850.0,4.6677885,-8.949519
4866.6665,4.633333,-9.080129
4883.3335,4.606891,-9.192468
4900.0,4.6125,-9.23173
4916.6665,4.6181087,-9.270993
4933.3335,4.6217947,-9.251282
4950.0,4.625,-9.216827
4966.6665,4.625641,-9.195513
4983.3335,4.622436,-9.193911
5000.0,4.6192307,-9.192307
5016.6665,4.625641,-9.171474
5033.3335,4.6320515,-9.150641
5050.0,4.6307693,-9.148077
5066.6665,4.624359,-9.157692
5083.3335,4.6217947,-9.162821
5100.0,4.6346154,-9.15
5116.6665,4.6474357,-9.137179
5133.3335,4.6538463,-9.120513
5150.0,4.6586537,-9.102884
5166.6665,5.047756,-8.995193
5183.3335,6.0133014,-8.752404
5200.0,6.978846,-8.509615
5216.6665,10.4572115,-8.350161
5233.3335,13.935577,-8.190705
5250.0,15.304808,-8.153846
5266.6665,15.267949,-8.198718
5283.3335,15.225641,-8.238782
5300.0,15.161538,-8.259615
5316.6665,15.097436,-8.280449
5333.3335,15.076923,-8.296154
5350.0,15.067307,-8.310577
5366.6665,15.051282,-8.322436
5383.3335,15.025641,-8.330449
5400.0,15.0,-8.338462
5416.6665,14.847756,-8.397757
5433.3335,14.695513,-8.457051
5450.0,14.575,-8.504327
5466.6665,14.475641,-8.54359
5483.3335,14.4,-8.579006
5500.0,14.41923,-8.599038
5516.6665,14.438461,-8.61907
5533.3335,14.45,-8.644872
5550.0,14.459616,-8.672115
5566.6665,14.467308,-8.692948
5583.3335,14.4721155,-8.704166
5600.0,14.476923,-8.7153845
5616.6665,14.4721155,-8.723397
5633.3335,14.467308,-8.73141
5650.0,14.4653845,-8.728847
5666.6665,14.4653845,-8.719231
5683.3335,14.458493,-8.714904
5700.0,14.424039,-8.73173
5716.6665,14.389584,-8.748558
5733.3335,9.320513,-8.657692
5750.0,2.9927886,-8.539904
5766.6665,-1.9173077,-8.348077
5783.3335,-4.7009616,-8.045193
5800.0,-7.4846153,-7.7423077
5816.6665,-7.2650642,-7.848077
5833.3335,-7.0455127,-7.953846
5850.0,-6.9269233,-7.9971156
5866.6665,-6.875641,-7.998718
5883.3335,-6.8294873,-8.0
5900.0,-6.8038464,-8.0
5916.6665,-6.778205,-8.0
5933.3335,-6.771795,-7.9897437
5950.0,-6.770192,-7.976923
5966.6665,-6.773718,-7.9647436
5983.3335,-6.784936,-7.9535255
6000.0,-6.796154,-7.9423075
6016.6665,-6.8009615,-7.9423075
6033.3335,-6.8057694,-7.9423075
6050.0,-7.0072117,-7.8826923
6066.6665,-7.3397436,-7.7833333
6083.3335,-7.60641,-7.7118587
6100.0,-7.6096153,-7.751923
6116.6665,-7.6128206,-7.791987
6133.3335,-7.6,-7.796154
6150.0,-7.5831733,-7.791346
6166.6665,-7.5647435,-7.783974
6183.3335,-7.54391,-7.7727566
6200.0,-7.523077,-7.7615385
6216.6665,-7.523077,-7.7551284
6233.3335,-7.523077,-7.748718
6250.0,-7.522115,-7.7466345
6266.6665,-7.520513,-7.747436
6283.3335,-7.5179486,-7.75016
6300.0,-7.5115385,-7.7605767
6316.6665,-7.5051284,-7.7709937
6333.3335,-7.5076923,-7.7628207
6350.0,-7.5125,-7.75
6366.6665,-7.519231,-7.7384615
6383.3335,-7.5288463,-7.728846
6400.0,-7.5384617,-7.7192307
6416.6665,-7.5352564,-7.7072115
6433.3335,-7.532051,-7.6951923
6450.0,-7.5240383,-7.6860576
6466.6665,-7.5128207,-7.6788464
6483.3335,-7.5,-7.670833
6500.0,-7.480769,-7.6596155
6516.6665,-7.4615383,-7.6483974
6533.3335,-7.4615383,-7.6474357
6550.0,-7.4663463,-7.6490383
6566.6665,-7.4663463,-7.65641
6583.3335,-7.4591346,-7.6724358
6600.0,-7.451923,-7.6884613
6616.6665,-7.449519,-7.690064
6633.3335,-7.4471154,-7.6916666
6650.0,-9.200961,-7.916346
6666.6665,-12.125641,-8.289743
6683.3335,-14.714904,-8.6596155
6700.0,-15.9625,-9.015385
6716.6665,-17.210096,-9.371154
6733.3335,-17.332052,-9.470512
6750.0,-17.172596,-9.505769
6766.6665,-17.066025,-9.528846
6783.3335,-17.038782,-9.533654
6800.0,-17.011538,-9.538462
6816.6665,-16.989103,-9.506411
6833.3335,-16.966667,-9.474359
6850.0,-16.95673,-9.468269
6866.6665,-16.955128,-9.479487
6883.3335,-16.954967,-9.490064
6900.0,-16.960577,-9.498077
6916.6665,-16.966187,-9.50609
6933.3335,-16.965385,-9.510257
6950.0,-16.96298,-9.513461
6966.6665,-16.958334,-9.505128
6983.3335,-16.950321,-9.479487
7000.0,-16.942308,-9.453846
7016.6665,-16.967949,-9.468269
7033.3335,-16.99359,-9.482693
7050.0,-17.002884,-9.484615
7066.6665,-17.001282,-9.478205
7083.3335,-16.998077,-9.475
7100.0,-16.988462,-9.484615
7116.6665,-16.978846,-9.494231
7133.3335,-16.98077,-9.494872
7150.0,-16.985577,-9.493269
7166.6665,-16.983974,-9.496154
7183.3335,-16.972757,-9.505769
7200.0,-16.961538,-9.515385
7216.6665,-16.947115,-9.505769
7233.3335,-16.932692,-9.496154
7250.0,-16.924038,-9.475481
7266.6665,-16.919231,-9.447436
7283.3335,-16.294712,-9.342468
7300.0,-13.191346,-8.929808
7316.6665,-10.087981,-8.517147
7333.3335,-8.901282,-8.30641
7350.0,-8.19375,-8.146153
7366.6665,-7.832692,-8.055769
7383.3335,-7.9913464,-8.070192
7400.0,-8.15,-8.084616
7416.6665,-8.185256,-8.084616
7433.3335,-8.220512,-8.084616
7450.0,-8.226923,-8.091346
7466.6665,-8.214103,-8.102564
7483.3335,-8.2,-8.111539
7500.0,-8.180769,-8.111539
7516.6665,-8.161538,-8.111539
7533.3335,-7.8653846,-7.8314104
7550.0,-7.5,-7.48125
7566.6665,-7.2826924,-7.2605767
7583.3335,-7.2875,-7.2341347
7600.0,-7.292308,-7.207692
7616.6665,-7.3115387,-7.220513
7633.3335,-7.330769,-7.233333
7650.0,-7.335577,-7.2394233
7666.6665,-7.330769,-7.2410254
7683.3335,-7.3253207,-7.244391
7700.0,-7.3173075,-7.2548075
7716.6665,-7.3092947,-7.2652245
7733.3335,-7.303205,-7.2743587
7750.0,-7.297596,-7.283173
7766.6665,-7.289423,-7.2983975
7783.3335,-7.277404,-7.323237
7800.0,-7.2653847,-7.348077
7816.6665,-7.2741985,-7.334455
7833.3335,-7.283013,-7.320833
7850.0,-7.3129807,-7.2451925
7866.6665,-7.3570514,-7.1282053
7883.3335,-7.429487,-7.1603436
7900.0,-7.501923,-7.1924825
7916.6665,-7.574359,-7.2246213
7933.3335,-7.646795,-7.25676
7950.0,-7.7192307,-7.2888985
7966.6665,-7.7916665,-7.3210373
7983.3335,-7.8641024,-7.353176
8000.0,-7.9365387,-7.3853145
8016.6665,-8.008974,-7.4174533
8033.3335,-8.08141,-7.449592
8050.0,-8.153846,-7.481731
8066.6665,-8.051282,-7.175641
8083.3335,-7.950641,-6.9391026
8100.0,-7.8576922,-6.980769
8116.6665,-7.764744,-7.0224357
8133.3335,-7.682051,-7.0371795
8150.0,-7.601923,-7.0451922
8166.6665,-7.5346155,-7.078846
8183.3335,-7.4865384,-7.1509614
8200.0,-7.4384613,-7.223077
8216.667,-7.4785256,-6.8721156
8233.333,-7.51859,-6.521154
8250.0,-7.5307693,-6.4009614
8266.667,-7.5243587,-6.4346156
8283.333,-7.5121794,-6.469551
8300.0,-7.476923,-6.5096154
8316.667,-7.4416666,-6.5496793
8333.333,-7.428205,-6.6076922
8350.0,-7.4201922,-6.6701922
8366.667,-7.4102564,-6.7089744
8383.333,-7.3974357,-6.7121797
8400.0,-7.3846154,-6.7153845
8416.667,-7.38141,-6.7570515
8433.333,-7.3782053,-6.798718
8450.0,-7.3644233,-6.829327
8466.667,-7.34359,-6.8525643
8483.333,-7.3314104,-6.8778844
8500.0,-7.353846,-6.9115386
8516.667,-7.376282,-6.9451923
8533.333,-7.3858976,-6.9602566
8550.0,-7.3923078,-6.970673
8566.667,-7.3919873,-6.9858975
8583.333,-7.3815703,-7.008333
8600.0,-7.371154,-7.0307693
8616.667,-7.3647437,-7.035577
8633.333,-7.358333,-7.040385
8650.0,-7.347596,-7.040385
8666.667,-7.3339744,-7.0371795
8683.333,-7.3214746,-7.0334935
8700.0,-7.3134613,-7.0278845
8716.667,-7.3054485,-7.0222754
8733.333,-7.305128,-7.019231
8750.0,-7.3067307,-7.016827
8766.667,-7.3019233,-7.0189104
8783.333,-7.2875,-7.0277243
8800.0,-7.273077,-7.0365386
8816.667,-7.2602563,-7.035737
8833.333,-7.247436,-7.034936
8850.0,-7.2384615,-7.046154
8866.667,-7.2320514,-7.0653844
8883.333,-7.23141,-7.114263
8900.0,-7.253846,-7.2817307
8916.667,-7.276282,-7.4491987
8933.333,-7.2788463,-7.4891024
8950.0,-7.2764425,-7.4971156
8966.667,-7.2708335,-7.490064
8983.333,-7.2604165,-7.460417
9000.0,-7.25,-7.4307694
9016.667,-7.25641,-7.460417
9033.333,-7.2628207,-7.490064
9050.0,-7.2759614,-7.512019
9066.667,-7.2935896,-7.5288463
9083.333,-7.308013,-7.543109
9100.0,-7.3096156,-7.5471153
9116.667,-7.311218,-7.5511217
9133.333,-7.3038464,-7.551282
9150.0,-7.294231,-7.550481
9166.667,-7.2891026,-7.549359
9183.333,-7.290705,-7.547756
9200.0,-7.292308,-7.546154
9216.667,-7.9766026,-7.2320514
9233.333,-8.660897,-6.9179487
9250.0,-9.931731,-6.2740383
9266.667,-11.59359,-5.4102564
9283.333,-11.759985,-5.2577662
9300.0,-11.926381,-5.105276
9316.667,-12.092776,-4.952786
9333.333,-12.2591715,-4.800296
9350.0,-12.425567,-4.6478057
9366.667,-12.591963,-4.4953156
9383.333,-12.758358,-4.3428254
9400.0,-12.924753,-4.1903353
9416.667,-13.091149,-4.037845
9433.333,-13.2575445,-3.885355
9450.0,-13.42394,-3.7328649
9466.667,-13.590335,-3.5803747
9483.333,-13.756731,-3.4278846
9500.0,-13.751923,-3.2211537
9516.667,-13.747115,-3.0144231
9533.333,-13.700641,-3.0346153
9550.0,-13.64375,-3.1115384
9566.667,-13.597756,-3.1339743
9583.333,-13.568109,-3.0746794
9600.0,-13.538462,-3.0153847
9616.667,-13.508013,-3.0434294
9633.333,-13.477564,-3.0714743
9650.0,-13.435577,-3.1264422
9666.667,-13.385898,-3.199359
9683.333,-13.226923,-3.2996795
9700.0,-12.630769,-3.5096154
9716.667,-12.0346155,-3.7195513
9733.333,-10.264103,-5.1346154
9750.0,-8.2,-6.8509617
9766.667,-6.973718,-7.817949
9783.333,-7.0041666,-7.6608973
9800.0,-7.0346155,-7.503846
9816.667,-7.1099358,-7.4445515
9833.333,-7.1852565,-7.3852563
9850.0,-7.2375,-7.391346
9866.667,-7.2743587,-7.4410257
9883.333,-7.2990384,-7.4857373
9900.0,-7.275,-7.5105767
9916.667,-7.2509613,-7.5354166
9933.333,-7.2423077,-7.6096153
9950.0,-7.2375,-7.6961536
9966.667,-7.2448716,-7.761218
9983.333,-7.270513,-7.7940707
10000.0,-7.296154,-7.826923
10016.667,-7.3185897,-7.7844553
10033.333,-7.341026,-7.741987
10050.0,-7.354808,-7.720673
10066.667,-7.3628206,-7.7134614
10083.333,-7.369551,-7.709615
10100.0,-7.371154,-7.7192307
10116.667,-7.3727565,-7.728846
10133.333,-7.3679485,-7.7551284
10150.0,-7.3615384,-7.785577
10166.667,-7.391346,-7.7698717
10183.333,-7.4754806,-7.684936
10200.0,-7.5596156,-7.6
10216.667,-7.573237,-7.580769
10233.333,-7.5868587,-7.5615387
10250.0,-7.5951924,-7.5625
10266.667,-7.6,-7.576923
10283.333,-7.603846,-7.59359
10300.0,-7.603846,-7.6192307
10316.667,-7.603846,-7.6448717
10333.333,-7.6051283,-7.6833334
10350.0,-7.606731,-7.725
10366.667,-7.6134615,-7.7608976
10383.333,-7.6278844,-7.7881413
10400.0,-7.6423078,-7.8153844
10416.667,-7.648718,-7.804167
10433.333,-7.655128,-7.7929487
10450.0,-7.6528845,-7.7759614
10466.667,-7.6448717,-7.7551284
10483.333,-7.641506,-7.738782
10500.0,-7.6567307,-7.7403846
10516.667,-7.671955,-7.741987
10533.333,-7.6679487,-7.75
10550.0,-7.6591344,-7.7596154
10566.667,-7.655449,-7.7641025
10583.333,-7.6594553,-7.7608976
10600.0,-7.6634617,-7.7576923
10616.667,-7.6690707,-7.7641025
10633.333,-7.6746793,-7.770513
10650.0,-7.6649036,-7.793269
10666.667,-7.6448717,-7.826923
10683.333,-7.6283655,-7.859295
10700.0,-7.6259613,-7.8865385
10716.667,-7.6235576,-7.913782
10733.333,-7.6141024,-7.9269233
10750.0,-7.602885,-7.9365387
10766.667,-7.5884614,-7.944872
10783.333,-7.5692306,-7.951282
10800.0,-7.55,-7.957692
10816.667,-7.5291667,-7.9641027
10833.333,-7.508333,-7.970513
10850.0,-7.4932694,-7.9759617
10866.667,-7.4820514,-7.980769
10883.333,-7.469551,-7.978205
10900.0,-7.451923,-7.9461536
10916.667,-7.4342947,-7.9141026
10933.333,-7.551282,-6.978205
10950.0,-7.701923,-5.816346
10966.667,-7.84359,-4.666346
10983.333,-7.971795,-3.5341346
11000.0,-8.1,-2.4019232
11016.667,-8.054327,-2.435577
11033.333,-8.008654,-2.4692307
11050.0,-7.98125,-2.4956732
11066.667,-7.966026,-2.5173078
11083.333,-7.9548078,-2.5371795
11100.0,-7.959615,-2.55
11116.667,-7.964423,-2.5628204
11133.333,-7.9564104,-2.5897436
11150.0,-7.9451923,-2.6201923
11166.667,-7.9371796,-2.6403847
11183.333,-7.9339743,-2.6451924
11200.0,-7.9307694,-2.65
11216.667,-7.9451923,-2.6307693
11233.333,-7.959615,-2.6115384
11250.0,-7.792308,-3.5600963
11266.667,-7.503846,-5.1538463
11283.333,-7.2673078,-6.522917
11300.0,-7.2384615,-6.9932694
11316.667,-7.209615,-7.4636216
11333.333,-7.226923,-7.502564
11350.0,-7.2557693,-7.433654
11366.667,-7.270513,-7.3846154
11383.333,-7.2641025,-7.3653846
11400.0,-7.2576923,-7.3461537
11416.667,-7.235256,-7.3525643
11433.333,-7.2128205,-7.3589745
11450.0,-7.1971154,-7.395192
11466.667,-7.1858974,-7.451282
11483.333,-7.1766024,-7.5697117
11500.0,-7.175,-7.9375
11516.667,-7.1733975,-8.305288
11533.333,-7.1705127,-8.376923
11550.0,-7.167308,-8.374519
11566.667,-7.1608973,-8.368589
11583.333,-7.1496797,-8.357371
11600.0,-7.1384616,-8.346154
11616.667,-7.136859,-8.323718
11633.333,-7.1352563,-8.301282
11650.0,-7.1336536,-8.285096
11666.667,-7.1320515,-8.273077
11683.333,-7.132532,-8.254968
11700.0,-7.141346,-8.2125
11716.667,-7.1501603,-8.1700325
11733.333,-7.1423078,-8.171795
11750.0,-7.1302886,-8.184615
11766.667,-7.123077,-8.161218
11783.333,-7.123077,-8.083493
11800.0,-7.123077,-8.005769
11816.667,-7.116667,-7.845513
11833.333,-7.110256,-7.6852565
11850.0,-7.1153846,-7.6235576
11866.667,-7.1282053,-7.627564
11883.333,-7.1403847,-7.6310897
11900.0,-7.15,-7.6326923
11916.667,-7.1596155,-7.634295
11933.333,-7.151282,-7.6346154
11950.0,-7.1384616,-7.6346154
11966.667,-7.1320515,-7.6378207
11983.333,-7.1352563,-7.6458335
12000.0,-7.1384616,-7.6538463
12016.667,-7.134455,-7.6378207
12033.333,-7.130449,-7.6217947
12050.0,-7.1274037,-7.516346
12066.667,-7.125,-7.351282
12083.333,-7.1246796,-7.215064
12100.0,-7.1326923,-7.1942306
12116.667,-7.140705,-7.1733975
12133.333,-7.1474357,-7.155128
12150.0,-7.1538463,-7.1375
12166.667,-7.157051,-7.1355767
12183.333,-7.155449,-7.1572113
12200.0,-7.1538463,-7.1788464
12216.667,-7.176282,-7.164423
12233.333,-7.198718,-7.15
12250.0,-7.4423075,-7.0639424
12266.667,-7.8333335,-6.930128
12283.333,-7.8379517,-6.966244
12300.0,-7.84257,-7.0023603
12316.667,-7.847188,-7.038476
12333.333,-7.8518066,-7.074592
12350.0,-7.856425,-7.110708
12366.667,-7.861043,-7.146824
12383.333,-7.8656616,-7.18294
12400.0,-7.87028,-7.219056
12416.667,-7.874898,-7.255172
12433.333,-7.879516,-7.291288
12450.0,-7.884135,-7.327404
12466.667,-7.9121795,-7.171154
12483.333,-7.9296474,-7.065545
12500.0,-7.9048076,-7.1625
12516.667,-7.879968,-7.259455
12533.333,-7.8371797,-7.330769
12550.0,-7.7899036,-7.3956733
12566.667,-7.749359,-7.4416666
12583.333,-7.71891,-7.459295
12600.0,-7.6884613,-7.476923
12616.667,-7.6996794,-7.4801283
12633.333,-7.7108974,-7.483333
12650.0,-7.709615,-7.4932694
12666.667,-7.7,-7.5076923
12683.333,-7.6826925,-7.4846153
12700.0,-7.6346154,-7.3115387
12716.667,-7.5865383,-7.1384616
12733.333,-7.574359,-7.1128206
12750.0,-7.5711536,-7.1240387
12766.667,-7.554167,-7.125
12783.333,-7.516506,-7.110577
12800.0,-7.478846,-7.0961537
12816.667,-7.464423,-7.104968
12833.333,-7.45,-7.113782
12850.0,-7.43125,-7.0971155
12866.667,-7.4096155,-7.0634613
12883.333,-7.388782,-7.0347757
12900.0,-7.371154,-7.0259614
12916.667,-7.3535256,-7.0171475
12933.333,-7.347436,-7.0179486
12950.0,-7.3442307,-7.021154
12966.667,-7.3423076,-7.0288463
12983.333,-7.3423076,-7.043269
13000.0,-7.3423076,-7.0576925
13016.667,-7.33109,-7.0496793
13033.333,-7.319872,-7.0416665
13050.0,-7.3125,-7.0538464
13066.667,-7.3076925,-7.0794873
13083.333,-7.303205,-7.111218
13100.0,-7.3,-7.167308
13116.667,-7.296795,-7.2233973
13133.333,-7.3,-7.2615385
13150.0,-7.3048077,-7.2951922
13166.667,-7.3096156,-7.310577
13183.333,-7.314423,-7.2985578
13200.0,-7.3192306,-7.2865386
13216.667,-7.2983975,-7.3258014
13233.333,-7.277564,-7.365064
13250.0,-7.2639422,-7.389423
13266.667,-7.2551284,-7.4038463
13283.333,-7.248878,-7.4166665
13300.0,-7.2528844,-7.423077
13316.667,-7.2568913,-7.429487
13333.333,-7.473077,-7.1833334
13350.0,-7.7423077,-6.8740387
13366.667,-8.757692,-5.8698716
13383.333,-10.892307,-3.8233974
13400.0,-13.026923,-1.7769231
13416.667,-13.0092945,-1.8105769
13433.333,-12.991667,-1.8442308
13450.0,-12.977404,-1.9197116
13466.667,-12.9653845,-2.023077
13483.333,-12.95625,-2.1081731
13500.0,-12.958653,-2.1201923
13516.667,-12.961058,-2.1322114
13533.333,-12.955129,-2.1487179
13550.0,-12.947115,-2.166346
13566.667,-12.942948,-2.1839743
13583.333,-12.944551,-2.2016025
13600.0,-12.946154,-2.2192307
13616.667,-12.939744,-2.2304487
13633.333,-12.933333,-2.2416666
13650.0,-12.928846,-2.2379808
13666.667,-12.925641,-2.224359
13683.333,-12.920193,-2.2116988
13700.0,-12.905769,-2.2028847
13716.667,-12.891346,-2.1940706
13733.333,-12.879487,-2.2102563
13750.0,-12.868269,-2.2326922
13766.667,-13.242308,-2.6519232
13783.333,-14.194231,-3.666346
13800.0,-15.146153,-4.6807694
13816.667,-16.072435,-6.0958333
13833.333,-16.998718,-7.5108976
13850.0,-17.36923,-8.088462
13866.667,-17.36923,-8.107693
13883.333,-17.36923,-8.116987
13900.0,-17.36923,-8.086538
13916.667,-17.36923,-8.056089
13933.333,-17.262821,-8.605128
13950.0,-17.129808,-9.299039
13966.667,-17.034615,-9.739102
13983.333,-16.996155,-9.798397
14000.0,-16.957693,-9.857693
14016.667,-16.964102,-9.846475
14033.333,-16.970512,-9.835257
14050.0,-16.965385,-9.810577
14066.667,-16.952564,-9.776923
14083.333,-16.941025,-9.748077
14100.0,-16.934616,-9.7384615
14116.667,-16.928205,-9.728847
14133.333,-16.93205,-9.729487
14150.0,-16.938461,-9.732693
14166.667,-16.94295,-9.7384615
14183.333,-16.944551,-9.748077
14200.0,-16.946154,-9.757692
14216.667,-16.948557,-9.736859
14233.333,-16.950962,-9.716025
14250.0,-16.94375,-9.706731
14266.667,-16.930128,-9.705129
14283.333,-16.918911,-9.702885
14300.0,-16.917307,-9.698077
14316.667,-16.915705,-9.693269
14333.333,-16.914103,-9.689744
14350.0,-16.9125,-9.686539
14366.667,-16.928526,-9.425641
14383.333,-16.970993,-8.778205
14400.0,-17.013462,-8.130769
14416.667,-17.014263,-8.105128
14433.333,-17.015064,-8.079487
14450.0,-17.016346,-8.067307
14466.667,-17.017948,-8.064102
14483.333,-17.019712,-8.065705
14500.0,-17.022116,-8.086538
14516.667,-17.024519,-8.107371
14533.333,-17.016666,-8.117949
14550.0,-17.00625,-8.125961
14566.667,-17.002243,-8.120513
14583.333,-17.007853,-8.0948715
14600.0,-17.013462,-8.069231
14616.667,-17.229807,-6.8504806
14633.333,-17.446154,-5.6317306
14650.0,-18.205341,-4.46672
14666.667,-18.964529,-3.3017094
14683.333,-19.723719,-2.1366987
14700.0,-20.482906,-0.97168803
14716.667,-21.242094,0.19332264
14733.333,-22.001282,1.3583333
14750.0,-19.392307,-3.7466347
14766.667,-17.765705,-7.098077
14783.333,-17.61266,-7.8192306
14800.0,-17.459616,-8.540384
14816.667,-17.426764,-8.534776
14833.333,-17.39391,-8.529166
14850.0,-17.372116,-8.587019
14866.667,-17.357693,-8.68718
14883.333,-17.341347,-8.770513
14900.0,-17.317308,-8.786538
14916.667,-17.29327,-8.802564
14933.333,-17.265385,-8.817948
14950.0,-17.236538,-8.833173
14966.667,-17.209616,-8.837179
14983.333,-17.185577,-8.824359
15000.0,-17.16154,-8.811539
15016.667,-17.15032,-8.816346
15033.333,-17.139103,-8.821154
15050.0,-15.683654,-9.743269
15066.667,-13.265385,-11.276923
15083.333,-11.251762,-12.588782
15100.0,-10.85673,-13.013461
15116.667,-10.461699,-13.438141
15133.333,-10.424359,-13.521795
15150.0,-10.476442,-13.520192
15166.667,-10.51859,-13.516026
15183.333,-10.545834,-13.508013
15200.0,-10.573077,-13.5
15216.667,-10.571474,-13.51282
15233.333,-10.569872,-13.525641
15250.0,-10.583653,-13.546154
15266.667,-10.607693,-13.5717945
15283.333,-10.628846,-13.595834
15300.0,-10.638461,-13.6134615
15316.667,-10.648077,-13.63109
15333.333,-10.933974,-13.419871
15350.0,-11.288942,-13.151443
15366.667,-12.428526,-12.445833
15383.333,-14.745032,-11.0844555
15400.0,-17.061539,-9.723077
15416.667,-17.106411,-9.785577
15433.333,-17.151281,-9.848077
15450.0,-17.142307,-9.903846
15466.667,-17.097435,-9.955129
15483.333,-17.058655,-10.001282
15500.0,-17.044231,-10.026923
15516.667,-17.029808,-10.052564
15533.333,-17.032051,-10.075641
15550.0,-17.038462,-10.098077
15566.667,-17.024359,-9.992949
15583.333,-16.979486,-9.696474
15600.0,-16.934616,-9.4
15616.667,-16.91859,-9.416026
15633.333,-16.902565,-9.432052
15650.0,-16.88077,-9.463462
15666.667,-16.855127,-9.505128
15683.333,-16.834295,-9.535737
15700.0,-16.832693,-9.522116
15716.667,-16.831089,-9.508493
15733.333,-16.83718,-9.491667
15750.0,-16.845192,-9.474038
15766.667,-16.84359,-9.458013
15783.333,-16.827564,-9.444391
15800.0,-16.811539,-9.430769
15816.667,-15.451763,-9.18718
15833.333,-14.091988,-8.94359
15850.0,-11.522596,-8.736057
15866.667,-8.146795,-8.552564
15883.333,-5.4772434,-8.404327
15900.0,-5.6326923,-8.397116
15916.667,-5.7881413,-8.389904
15933.333,-5.8717947,-8.392307
15950.0,-5.9375,-8.397116
15966.667,-5.972436,-8.399359
15983.333,-5.961218,-8.397757
16000.0,-5.95,-8.396153
16016.667,-5.8746796,-8.397757
16033.333,-5.799359,-8.399359
16050.0,-3.146154,-8.422115
16066.667,1.225641,-8.458974
16083.333,4.705609,-8.492788
16100.0,4.6182694,-8.514423
16116.667,4.5309296,-8.536057
16133.333,4.4269233,-8.517949
16150.0,4.31875,-8.489903
16166.667,4.245513,-8.482051
16183.333,4.2246795,-8.504487
16200.0,4.203846,-8.526923
16216.667,4.197436,-8.5125
16233.333,4.1910257,-8.498077
16250.0,4.1769233,-8.490385
16266.667,4.1576924,-8.48718
16283.333,4.194872,-8.476282
16300.0,4.457692,-8.434615
16316.667,4.720513,-8.392949
16333.333,4.7884617,-8.389744
16350.0,4.8076925,-8.396153
16366.667,4.811218,-8.399359
16383.333,4.791186,-8.397757
16400.0,4.771154,-8.396153
16416.666,4.771955,-8.402564
16433.334,4.7727566,-8.408975
16450.0,4.7778845,-8.423077
16466.666,4.7858973,-8.442307
16483.334,4.7929487,-8.45609
16500.0,4.796154,-8.448077
16516.666,4.799359,-8.440064
16533.334,4.8,-8.426923
16550.0,4.8,-8.4125
16566.666,2.9246795,-8.140385
16583.334,-1.7636218,-7.481731
16600.0,-6.451923,-6.8230767
16616.666,-11.196314,-5.709295
16633.334,-15.940705,-4.595513
16650.0,-17.660095,-4.216827
16666.666,-17.36282,-4.328205
16683.334,-17.107533,-4.4277244
16700.0,-17.020193,-4.479808
16716.666,-16.932852,-4.531891
16733.334,-16.890385,-4.50641
16750.0,-16.859135,-4.4615383
16766.666,-16.84327,-4.435577
16783.334,-16.850481,-4.4379807
16800.0,-16.857693,-4.4403844
16816.666,-16.854486,-4.4427886
16833.334,-16.851282,-4.4451923
16850.0,-16.846153,-4.448558
16866.666,-16.839743,-4.4525642
16883.334,-16.835897,-4.4620194
16900.0,-16.842308,-4.4932694
16916.666,-16.848719,-4.5245194
16933.334,-16.732052,-5.8820515
16950.0,-16.584616,-7.5711536
16966.666,-16.478205,-8.8448715
16983.334,-16.433332,-9.495513
17000.0,-16.388462,-10.146153
17016.666,-16.383654,-10.077244
17033.334,-16.378845,-10.008333
17050.0,-16.382692,-9.975
17066.666,-16.392307,-9.9653845
17083.334,-16.398718,-9.955129
17100.0,-16.392307,-9.942307
17116.666,-16.385897,-9.929487
17133.334,-16.38718,-9.935256
17150.0,-16.390385,-9.945673
17166.666,-16.397436,-9.95032
17183.334,-16.410257,-9.946314
17200.0,-16.423077,-9.942307
17216.666,-16.411058,-9.929487
17233.334,-16.399038,-9.916667
17250.0,-16.379808,-9.910577
17266.666,-16.35577,-9.908975
17283.334,-16.34391,-9.901282
17300.0,-16.38077,-9.869231
17316.666,-16.417627,-9.837179
17333.334,-16.475641,-9.796154
17350.0,-16.538942,-9.752885
17366.666,-16.569231,-9.730769
17383.334,-16.55,-9.740385
17400.0,-16.53077,-9.75
17416.666,-16.524359,-9.76282
17433.334,-16.517948,-9.775641
17450.0,-16.51923,-9.790384
17466.666,-16.52564,-9.80641
17483.334,-16.529167,-9.826923
17500.0,-16.521154,-9.865385
17516.666,-16.513142,-9.903846
17533.334,-16.507692,-9.920513
17550.0,-16.502884,-9.931731
17566.666,-16.491346,-9.942948
17583.334,-16.469711,-9.954166
17600.0,-16.448076,-9.9653845
17616.666,-16.450481,-9.992628
17633.334,-16.452885,-10.019872
17650.0,-16.459616,-10.032692
17666.666,-16.46923,-10.035897
17683.334,-16.476603,-10.041026
17700.0,-16.475,-10.053846
17716.666,-16.473398,-10.066667
17733.334,-16.46282,-10.060256
17750.0,-16.45,-10.049039
17766.666,-16.445513,-10.047436
17783.334,-16.453526,-10.060256
17800.0,-16.461538,-10.073077
17816.666,-16.44391,-10.073077
17833.334,-16.426283,-10.073077
17850.0,-16.435577,-10.070192
17866.666,-16.46282,-10.065385
17883.334,-16.485897,-10.060577
17900.0,-16.492308,-10.055769
17916.666,-16.498718,-10.0509615
17933.334,-16.501282,-10.064102
17950.0,-16.502884,-10.081731
17966.666,-16.496155,-10.092308
17983.334,-16.476923,-10.092308
18000.0,-16.457693,-10.092308
18016.666,-16.470512,-10.0875
18033.334,-16.483334,-10.082692
18050.0,-16.488462,-10.07548
18066.666,-16.488462,-10.066667
18083.334,-16.490705,-10.057052
18100.0,-16.501923,-10.04423
18116.666,-16.513142,-10.03141
18133.334,-16.480127,-10.033334
18150.0,-16.436058,-10.038942
18166.666,-16.408653,-10.044551
18183.334,-16.40625,-10.05016
18200.0,-16.403847,-10.055769
18216.666,-16.403046,-10.079006
18233.334,-16.402243,-10.102243
18250.0,-16.40048,-10.115385
18266.666,-16.398077,-10.121795
18283.334,-16.395193,-10.129807
18300.0,-16.390385,-10.144231
18316.666,-16.385576,-10.158654
18333.334,-16.382051,-10.171795
18350.0,-16.378845,-10.184615
18366.666,-16.375,-10.189744
18383.334,-16.370192,-10.183333
18400.0,-16.365385,-10.176923
18416.666,-15.764423,-10.138461
18433.334,-15.163462,-10.1
18450.0,-10.033173,-10.122115
18466.666,-1.8833333,-10.184615
18483.334,5.272917,-10.164743
18500.0,8.454807,-9.815385
18516.666,11.636699,-9.466025
18533.334,12.074359,-9.442948
18550.0,11.825961,-9.501442
18566.666,11.657692,-9.547756
18583.334,11.609615,-9.575801
18600.0,11.561539,-9.603847
18616.666,12.221795,-9.433974
18633.334,12.882051,-9.264103
18650.0,13.46875,-9.159135
18666.666,14.006411,-9.097436
18683.334,14.435416,-9.055288
18700.0,14.429808,-9.091346
18716.666,14.424199,-9.127404
18733.334,14.407692,-9.149359
18750.0,14.388461,-9.1677885
18766.666,14.374359,-9.181731
18783.334,14.367949,-9.188942
18800.0,14.361539,-9.196154
18816.666,14.361539,-9.180128
18833.334,14.361539,-9.164103
18850.0,14.364423,-9.15
18866.666,14.369231,-9.137179
18883.334,14.3738785,-9.127244
18900.0,14.377885,-9.128846
18916.666,14.381891,-9.130448
18933.334,14.387179,-9.139744
18950.0,14.392789,-9.150962
18966.666,14.392307,-9.163462
18983.334,14.382692,-9.177885
19000.0,14.373077,-9.192307
19016.666,14.368269,-9.1875
19033.334,14.3634615,-9.182693
19050.0,14.36202,-9.185577
19066.666,14.362821,-9.19359
19083.334,14.363622,-9.200641
19100.0,14.364423,-9.203846
19116.666,14.365224,-9.207051
19133.334,12.560256,-9.278205
19150.0,10.303846,-9.366346
19166.666,8.41218,-9.446154
19183.334,7.0676284,-9.513461
19200.0,5.723077,-9.58077
19216.666,5.8160257,-9.609615
19233.334,5.908974,-9.638461
19250.0,5.9615383,-9.632212
19266.666,5.9871793,-9.602564
19283.334,6.0060897,-9.579647
19300.0,5.998077,-9.583653
19316.666,5.990064,-9.58766
19333.334,5.980769,-9.583333
19350.0,5.9711537,-9.576923
19366.666,5.8115387,-9.51859
19383.334,5.4269233,-9.382372
19400.0,5.042308,-9.246154
19416.666,4.9846153,-9.249359
19433.334,4.9269233,-9.252564
19450.0,4.9096155,-9.244712
19466.666,4.919231,-9.229487
19483.334,4.9240384,-9.21875
19500.0,4.9096155,-9.225962
19516.666,4.895192,-9.233173
19533.334,4.8974357,-9.230769
19550.0,4.9038463,-9.225962
19566.666,4.9108973,-9.21859
19583.334,4.91891,-9.207372
19600.0,4.9269233,-9.196154
19616.666,4.9197116,-9.19375
19633.334,4.9125,-9.191346
19650.0,4.9033656,-9.189904
19666.666,4.8929486,-9.189102
19683.334,4.877564,-9.188141
19700.0,4.8423076,-9.186539
19716.666,4.807051,-9.184936
19733.334,4.796795,-9.182052
19750.0,4.7927885,-9.178846
19766.666,4.790385,-9.167308
19783.334,4.790385,-9.14327
19800.0,4.790385,-9.119231
19816.666,4.779968,-9.112821
19833.334,4.7695513,-9.10641
19850.0,4.768269,-9.103847
19866.666,4.773077,-9.103847
19883.334,4.7772436,-9.097436
19900.0,4.7788463,-9.065385
19916.666,4.780449,-9.033334
19933.334,4.78141,-9.035256
19950.0,4.7822113,-9.045673
19966.666,4.7791667,-9.061218
19983.334,4.7703524,-9.0844555
20000.0,4.7615385,-9.107693
20016.666,4.7679486,-9.091666
20033.334,4.7743587,-9.075641
20050.0,4.7826924,-9.076923
20066.666,4.792308,-9.089744
20083.334,4.800641,-9.099519
20100.0,4.8038464,-9.0971155
20116.666,4.807051,-9.094711
20133.334,4.798718,-9.108974
20150.0,4.7875,-9.127404
20166.666,4.7871795,-9.137179
20183.334,4.803205,-9.133974
20200.0,4.8192306,-9.130769
20216.666,4.8240385,-9.133173
20233.334,4.828846,-9.135577
20250.0,4.8211536,-9.15
20266.666,4.805128,-9.172436
20283.334,4.791987,-9.190225
20300.0,4.790385,-9.189423
20316.666,4.788782,-9.1886215
20333.334,4.778205,-9.203205
20350.0,4.7653847,-9.221635
20366.666,4.7576923,-9.228526
20383.334,4.7576923,-9.218109
20400.0,4.7576923,-9.207692
20416.666,4.7673078,-9.208493
20433.334,4.776923,-9.209295
20450.0,4.7817307,-9.214904
20466.666,4.7833333,-9.223718
20483.334,4.7858973,-9.224519
20500.0,4.792308,-9.193269
20516.666,4.798718,-9.162019
20533.334,4.8166666,-9.017949
20550.0,4.8375,-8.845673
20566.666,4.85,-8.746154
20583.334,4.85,-8.755769
20600.0,4.85,-8.765385
20616.666,4.8524036,-8.760577
20633.334,4.854808,-8.755769
20650.0,4.8514423,-8.755769
20666.666,4.8442307,-8.758974
20683.334,4.841827,-8.76282
20700.0,4.858654,-8.769231
20716.666,4.8754807,-8.775641
20733.334,4.875641,-8.782692
20750.0,4.8716345,-8.789904
20766.666,4.8692307,-8.792628
20783.334,4.8692307,-8.788622
20800.0,4.8692307,-8.7846155
20816.666,4.861218,-8.785417
20833.334,4.853205,-8.786218
20850.0,4.858173,-8.791827
20866.666,4.8717947,-8.800641
20883.334,4.8838143,-8.801923
20900.0,4.889423,-8.773077
20916.666,4.895032,-8.744231
20933.334,4.905128,-8.728847
20950.0,4.916346,-8.716827
20966.666,4.9205127,-8.713141
20983.334,4.9141026,-8.721955
21000.0,4.9076924,-8.730769
21016.666,4.909295,-8.865385
21033.334,4.9108973,-9.0
21050.0,4.918269,-9.058654
21066.666,4.929487,-9.066667
21083.334,4.9389424,-9.0717945
21100.0,4.941346,-9.065385
21116.666,4.94375,-9.058974
21133.334,4.9352565,-9.0717945
21150.0,4.9240384,-9.089423
21166.666,4.915705,-9.1
21183.334,4.911699,-9.1
21200.0,4.9076924,-9.1
21216.666,4.9108973,-9.103205
21233.334,4.9141026,-9.10641
21250.0,4.9115386,-9.100481
21266.666,4.905128,-9.088462
21283.334,4.901923,-9.079006
21300.0,4.9115386,-9.079807
21316.666,4.921154,-9.080609
21333.334,4.925641,-9.066667
21350.0,4.9288464,-9.049039
21366.666,4.927564,-9.040384
21383.334,4.9195514,-9.045193
21400.0,4.9115386,-9.05
21416.666,4.910737,-9.057212
21433.334,4.909936,-9.064423
21450.0,4.904327,-9.064904
21466.666,4.895513,-9.060898
21483.334,4.8878207,-9.054808
21500.0,4.8846154,-9.040384
21516.666,4.88141,-9.025962
21533.334,4.875,-9.025
21550.0,4.8677883,-9.027404
21566.666,4.8628206,-9.022116
21583.334,4.861218,-9.005288
21600.0,4.8596153,-8.9884615
21616.666,4.867628,-8.977243
21633.334,4.875641,-8.966025
21650.0,4.8783655,-8.964904
21666.666,4.877564,-8.970512
21683.334,4.8817306,-8.976122
21700.0,4.9057693,-8.98173
21716.666,4.9298077,-8.98734
21733.334,4.9410257,-8.98718
21750.0,4.9490385,-8.985577
21766.666,4.955769,-8.983974
21783.334,4.960577,-8.982371
21800.0,4.9653845,-8.980769
21816.666,4.960577,-8.975962
21833.334,4.955769,-8.971154
21850.0,4.9509616,-8.95577
21866.666,4.9461536,-8.933333
21883.334,4.9423075,-8.916347
21900.0,4.9423075,-8.921154
21916.666,4.9423075,-8.9259615
21933.334,4.9435897,-8.926923
21950.0,4.9451923,-8.926923
21966.666,4.946795,-8.925641
21983.334,4.9483976,-8.922436
22000.0,4.95,-8.91923
22016.666,4.9435897,-8.941667
22033.334,4.9371796,-8.964103
22050.0,4.9326925,-8.98173
22066.666,4.929487,-8.996154
22083.334,4.925,-9.010577
22100.0,4.915385,-9.025
22116.666,4.9057693,-9.039423
22133.334,4.9121795,-9.013461
22150.0,4.922596,-8.977404
22166.666,4.9304485,-8.958013
22183.334,4.934455,-8.963622
22200.0,4.9384613,-8.969231
22216.666,4.933654,-8.958013
22233.334,4.9288464,-8.9467945
22250.0,4.9259615,-8.943269
22266.666,4.924359,-8.944872
22283.334,4.925641,-8.945192
22300.0,4.9384613,-8.940385
22316.666,4.951282,-8.935577
22333.334,4.953205,-8.923077
22350.0,4.952404,-8.908654
22366.666,4.9496794,-8.900962
22383.334,4.9440703,-8.903365
22400.0,4.9384613,-8.905769
22416.666,4.944872,-8.903365
22433.334,4.951282,-8.900962
22450.0,4.960577,-8.898077
22466.666,4.971795,-8.894872
22483.334,4.982372,-8.891346
22500.0,4.9903846,-8.8865385
22516.666,4.9983974,-8.881731
22533.334,5.0076923,-8.907051
22550.0,5.0173078,-8.939904
22566.666,5.0198717,-8.966346
22583.334,5.011859,-8.983173
22600.0,5.003846,-9.0
22616.666,5.0014424,-9.008013
22633.334,4.9990387,-9.016026
22650.0,4.99375,-9.0125
22666.666,4.9865384,-9.001282
22683.334,4.9801283,-8.991987
22700.0,4.976923,-8.990385
22716.666,4.973718,-8.988782
22733.334,4.974359,-8.9698715
22750.0,4.9759617,-8.946634
22766.666,4.976923,-8.936859
22783.334,4.976923,-8.947276
22800.0,4.976923,-8.957692
22816.666,5.0041666,-8.927243
22833.334,5.03141,-8.896795
22850.0,5.0490384,-8.884615
22866.666,5.0602565,-8.884615
22883.334,5.070833,-8.885577
22900.0,5.078846,-8.890385
22916.666,5.0868587,-8.895192
22933.334,5.094872,-8.907692
22950.0,5.102885,-8.922115
22966.666,5.103205,-8.944231
22983.334,5.091987,-8.977884
23000.0,5.080769,-9.0115385
23016.666,5.085577,-9.009936
23033.334,5.0903845,-9.008333
23050.0,5.0923076,-9.000961
23066.666,5.0923076,-8.989743
23083.334,5.0958333,-8.967949
23100.0,5.1134615,-8.903846
23116.666,5.1310897,-8.839744
23133.334,6.3993587,-8.353847
23150.0,7.9802885,-7.7625
23166.666,9.018677,-7.0712705
23183.334,10.057066,-6.3800406
23200.0,11.095454,-5.6888113
23216.666,12.133843,-4.9975815
23233.334,13.172232,-4.306352
23250.0,14.210621,-3.6151223
23266.666,15.249009,-2.9238927
23283.334,16.287397,-2.2326632
23300.0,17.325787,-1.5414336
23316.666,18.364176,-0.850204
23333.334,19.402565,-0.15897436
23350.0,19.470673,-0.1389423
23366.666,19.526281,-0.15192308
23383.334,19.56314,-0.21442308
23400.0,19.6,-0.2769231
23416.666,19.628845,-0.2977564
23433.334,19.657692,-0.31858975
23450.0,19.689423,-0.3298077
23466.666,19.723078,-0.33461538
23483.334,19.746155,-0.336859
23500.0,19.726923,-0.32884616
23516.666,19.707693,-0.32083333
23533.334,19.708334,-0.31474358
23550.0,19.713942,-0.3091346
23566.666,19.536219,-0.34391025
23583.334,19.083494,-0.4392628
23600.0,18.63077,-0.5346154
23616.666,18.241346,-0.6548077
23633.334,17.851923,-0.775
23650.0,17.702885,-0.8326923
23666.666,17.714102,-0.8487179
23683.334,17.721794,-0.86730766
23700.0,17.715385,-0.89615387
23716.666,17.708975,-0.925
23733.334,17.7,-0.9564102
23750.0,17.690384,-0.98846155
23766.666,17.66859,-0.99935895
23783.334,17.628525,-0.97852564
23800.0,17.58846,-0.9576923
23816.666,17.54359,-0.98333335
23833.334,17.498718,-1.0089743
23850.0,17.458654,-1.0221153
23866.666,17.421795,-1.0269231
23883.334,17.389423,-1.0368589
23900.0,17.375,-1.0673077
23916.666,17.360577,-1.0977564
23933.334,17.311539,-1.0788461
23950.0,17.253845,-1.0475961
23966.666,17.106411,-0.9625
23983.334,16.82436,-0.7966346
24000.0,16.542307,-0.63076925
24016.666,16.539904,-0.607532
24033.334,16.5375,-0.58429486
24050.0,16.538942,-0.58221155
24066.666,16.542948,-0.5942308
24083.334,16.541025,-0.60705125
24100.0,16.515385,-0.6230769
24116.666,16.489744,-0.6391026
24133.334,16.460257,-0.65
24150.0,16.429808,-0.6596154
24166.666,16.403206,-0.6666667
24183.334,16.382372,-0.6698718
24200.0,16.361538,-0.6730769
24216.666,16.340706,-0.6666667
24233.334,16.319872,-0.6602564
24250.0,16.305769,-0.6673077
24266.666,16.296154,-0.68333334
24283.334,16.288141,-0.70224357
24300.0,16.28654,-0.7326923
24316.666,16.284935,-0.76314104
24333.334,16.291025,-0.7583333
24350.0,16.299038,-0.7447115
24366.666,16.30705,-0.7349359
24383.334,16.315063,-0.7309295
24400.0,16.323076,-0.72692305
24416.666,16.541025,-0.60833335
24433.334,16.758974,-0.4897436
24450.0,16.85577,-0.45865384
24466.666,16.871796,-0.48589742
24483.334,16.88686,-0.51121795
24500.0,16.898077,-0.52884614
24516.666,16.909294,-0.54647434
24533.334,16.94359,-0.56153846
24550.0,16.983654,-0.57596153
24566.666,17.023077,-0.5897436
24583.334,17.061539,-0.6025641
24600.0,17.1,-0.61538464
24616.666,17.184937,-0.61778843
24633.334,17.269873,-0.6201923
24650.0,17.31827,-0.62067306
24666.666,17.342308,-0.6198718
24683.334,17.36955,-0.6108974
24700.0,17.409615,-0.5692308
24716.666,17.44968,-0.5275641
24733.334,17.509615,-0.5326923
24750.0,17.57452,-0.54951924
24766.666,17.634295,-0.5695513
24783.334,17.686378,-0.59439105
24800.0,17.738462,-0.61923075
24816.666,17.792948,-0.6144231
24833.334,17.847435,-0.6096154
24850.0,17.8875,-0.575
24866.666,17.917948,-0.5205128
24883.334,17.950161,-0.47483975
24900.0,17.989424,-0.4644231
24916.666,18.028687,-0.4540064
24933.334,18.076283,-0.46410257
24950.0,18.125961,-0.47932693
24966.666,18.158012,-0.48846152
24983.334,18.163622,-0.48846152
25000.0,18.169231,-0.48846152
25016.666,18.178846,-0.48205128
25033.334,18.188461,-0.475641
25050.0,18.192308,-0.48076922
25066.666,18.192308,-0.49358973
25083.334,18.19359,-0.5
25100.0,18.2,-0.48076922
25116.666,18.20641,-0.46153846
25133.334,18.20641,-0.4474359
25150.0,18.204807,-0.43461537
25166.666,18.283012,-0.47596154
25183.334,18.48093,-0.5985577
25200.0,18.678846,-0.72115386
25216.666,18.808655,-0.9807692
25233.334,18.938461,-1.2403846
25250.0,18.985577,-1.3524039
25266.666,18.977564,-1.3660257
25283.334,18.973078,-1.3780448
25300.0,18.982693,-1.3836539
25316.666,18.992308,-1.3892628
25333.334,18.983334,-1.3948718
25350.0,18.969711,-1.4004807
25366.666,18.953846,-1.4083333
25383.334,18.934616,-1.4195513
25400.0,18.915384,-1.4307692
25416.666,18.920193,-1.45
25433.334,18.925,-1.4692308
25450.0,18.927885,-1.4721154
25466.666,18.929487,-1.4641025
25483.334,18.926924,-1.4620192
25500.0,18.907692,-1.4836539
25516.666,18.888462,-1.5052885
25533.334,18.726923,-1.5012821
25550.0,18.529808,-1.4908653
25566.666,16.073076,-1.5128205
25583.334,10.226923,-1.5833334
25600.0,4.3807693,-1.6538461
25616.666,3.7766025,-1.7275641
25633.334,3.172436,-1.801282
25650.0,3.00625,-1.8413461
25666.666,3.1320512,-1.8589743
25683.334,3.2387822,-1.8727564
25700.0,3.2692308,-1.8711538
25716.666,3.2996795,-1.8695513
25733.334,3.321795,-1.8794872
25750.0,3.341827,-1.8923076
25766.666,3.3576922,-1.8980769
25783.334,3.3673077,-1.8932692
25800.0,3.376923,-1.8884616
25816.666,3.388141,-1.8748398
25833.334,3.399359,-1.861218
25850.0,3.3990386,-1.854327
25866.666,3.3910255,-1.8519231
25883.334,3.3839743,-1.8480769
25900.0,3.3807693,-1.8384615
25916.666,3.3775642,-1.8288461
25933.334,3.3679488,-1.7641026
25950.0,3.3567307,-1.6855769
25966.666,3.2941773,-1.6561966
25983.334,3.231624,-1.6268163
26000.0,3.1690705,-1.597436
26016.666,3.106517,-1.5680555
26033.334,3.0439637,-1.5386752
26050.0,2.9814103,-1.5092949
26066.666,2.9188569,-1.4799145
26083.334,2.8563035,-1.4505342
26100.0,2.79375,-1.4211539
26116.666,2.7311966,-1.3917735
26133.334,2.6686432,-1.3623931
26150.0,2.6060898,-1.3330128
26166.666,2.5435364,-1.3036325
26183.334,2.480983,-1.2742522
26200.0,2.4184294,-1.2448717
26216.666,2.355876,-1.2154914
26233.334,2.2933226,-1.1861111
26250.0,2.2307692,-1.1567308
26266.666,2.2692308,-1.1166667
26283.334,2.3076923,-1.1016026
26300.0,2.3461537,-1.1865385
26316.666,2.3846154,-1.2714744
26333.334,2.444872,-1.2891026
26350.0,2.510577,-1.2899039
26366.666,2.551923,-1.2753205
26383.334,2.5567307,-1.2376603
26400.0,2.5615385,-1.2
26416.666,2.4870193,-1.4083333
26433.334,2.4125,-1.6166667
26450.0,2.2331731,-1.7730769
26466.666,1.9839743,-1.8948718
26483.334,1.7964743,-1.9855769
26500.0,1.8557693,-1.9519231
26516.666,1.9150641,-1.9182693
26533.334,1.9320513,-1.9967948
26550.0,1.9384615,-2.1033654
26566.666,1.9435897,-2.2266026
26583.334,1.9467949,-2.3748398
26600.0,1.95,-2.523077
26616.666,1.9483974,-2.5246794
26633.334,1.9467949,-2.526282
26650.0,1.9274038,-2.4903846
26666.666,1.8961538,-2.4294872
26683.334,1.8730769,-2.3798077
26700.0,1.8826923,-2.375
26716.666,1.8923076,-2.3701923
26733.334,1.9230769,-2.3705127
26750.0,1.9591346,-2.3721154
26766.666,1.9820513,-2.3833334
26783.334,1.9852564,-2.4089744
26800.0,1.9884615,-2.4346154
26816.666,1.9836539,-2.4346154
26833.334,1.9788462,-2.4346154
26850.0,1.9798077,-2.4403846
26866.666,1.9846153,-2.45
26883.334,1.9855769,-2.4602563
26900.0,1.9711539,-2.4730768
26916.666,1.9567307,-2.4858975
26933.334,1.951282,-2.5038462
26950.0,1.948077,-2.523077
26966.666,1.9448718,-2.5307693
26983.334,1.9416667,-2.521154
27000.0,1.9384615,-2.5115385
27016.666,1.9416667,-2.496314
27033.334,1.9448718,-2.4810898
27050.0,1.9384615,-2.470673
27066.666,1.9256411,-2.4634616
27083.334,1.9128205,-2.461859
27100.0,1.9,-2.4826922
27116.666,1.8871795,-2.5035257
27133.334,2.0858974,-2.3179488
27150.0,2.3375,-2.0807693
27166.666,2.5423076,-1.8894231
27183.334,2.676923,-1.7668269
27200.0,2.8115385,-1.6442307
27216.666,2.7698717,-1.6578525
27233.334,2.7282052,-1.6714743
27250.0,2.6908653,-1.6865385
27266.666,2.6564102,-1.7025641
27283.334,2.6235578,-1.7189102
27300.0,2.5971153,-1.7365384
27316.666,2.570673,-1.7541667
27333.334,2.5564103,-1.7576923
27350.0,2.5451922,-1.7576923
27366.666,2.5301282,-1.7705128
27383.334,2.509295,-1.8025641
27400.0,2.4884615,-1.8346153
27416.666,2.4820514,-1.8410256
27433.334,2.475641,-1.847436
27450.0,2.4658654,-1.8480769
27466.666,2.4538462,-1.8448718
27483.334,2.4399037,-1.8432692
27500.0,2.4182692,-1.8480769
27516.666,2.3966346,-1.8528847
27533.334,2.3935897,-1.8705128
27550.0,2.3951924,-1.8913461
27566.666,2.3955128,-1.9108975
27583.334,2.3939102,-1.9285257
27600.0,2.3923078,-1.9461539
27616.666,2.381891,-1.9621795
27633.334,2.3714743,-1.9782051
27650.0,2.36875,-1.9884615
27666.666,2.3711538,-1.9948717
27683.334,2.3719552,-2.0001602
27700.0,2.3663461,-2.0009615
27716.666,2.360737,-2.0017629
27733.334,2.352564,-1.9801282
27750.0,2.34375,-1.9528847
27766.666,2.3423078,-1.9384615
27783.334,2.351923,-1.9432693
27800.0,2.3615384,-1.948077
27816.666,2.3503206,-1.9584936
27833.334,2.3391025,-1.9689102
27850.0,2.3298078,-1.975
27866.666,2.321795,-1.9782051
27883.334,2.314423,-1.972436
27900.0,2.3096154,-1.9307692
27916.666,2.3048077,-1.8891026
27933.334,2.2980769,-1.8525641
27950.0,2.2908654,-1.8173077
27966.666,2.2820513,-1.7923077
27983.334,2.2708333,-1.7826923
28000.0,2.2596154,-1.7730769
28016.666,2.2459936,-1.7875
28033.334,2.2323718,-1.801923
28050.0,0.56634617,-1.9995192
28066.666,-2.201282,-2.3192308
28083.334,-4.7940707,-2.583654
28100.0,-6.6875,-2.626923
28116.666,-8.58093,-2.6701922
28133.334,-8.9,-2.7128205
28150.0,-8.82548,-2.7552884
28166.666,-8.773077,-2.7782052
28183.334,-8.753846,-2.7717948
28200.0,-8.734615,-2.7653847
28216.666,-8.721795,-2.7589743
28233.334,-8.708974,-2.7525642
28250.0,-8.685577,-2.7442307
28266.666,-8.6551285,-2.7346153
28283.334,-8.630448,-2.7258012
28300.0,-8.628846,-2.7201922
28316.666,-8.627244,-2.7145834
28333.334,-8.620513,-2.7089744
28350.0,-8.6125,-2.7033653
28366.666,-8.607693,-2.7051282
28383.334,-8.607693,-2.7179487
28400.0,-8.607693,-2.7307692
28416.666,-8.580449,-4.230769
28433.334,-8.5532055,-5.730769
28450.0,-8.542308,-6.3644233
28466.666,-8.542308,-6.4205127
28483.334,-8.539743,-6.4602566
28500.0,-8.526923,-6.4346156
28516.666,-8.514103,-6.408974
28533.334,-8.501282,-6.401923
28550.0,-8.4884615,-6.3995194
28566.666,-8.480128,-6.5682693
28583.334,-8.478526,-6.99375
28600.0,-8.476923,-7.419231
28616.666,-8.476923,-7.4288464
28633.334,-8.476923,-7.4384613
28650.0,-8.469231,-7.4278846
28666.666,-8.45641,-7.4038463
28683.334,-8.446474,-7.38141
28700.0,-8.448077,-7.3653846
28716.666,-8.449679,-7.349359
28733.334,-8.486539,-7.3384614
28750.0,-8.532211,-7.328846
28766.666,-9.845192,-7.503846
28783.334,-13.0591345,-7.955769
28800.0,-16.273077,-8.407692
28816.666,-16.282692,-8.475
28833.334,-16.292307,-8.542308
28850.0,-16.254808,-8.5875
28866.666,-16.185898,-8.617949
28883.334,-16.127563,-8.645833
28900.0,-16.111538,-8.663462
28916.666,-16.095512,-8.681089
28933.334,-16.084616,-8.69359
28950.0,-16.075,-8.704807
28966.666,-16.142307,-8.639103
28983.334,-16.325,-8.458013
29000.0,-16.507692,-8.276923
29016.666,-16.611858,-8.153525
29033.334,-16.716026,-8.0301285
29050.0,-16.75,-7.979808
29066.666,-16.737179,-7.978205
29083.334,-16.726122,-7.973077
29100.0,-16.722115,-7.953846
29116.666,-16.71811,-7.9346156
29133.334,-16.734615,-7.932051
29150.0,-16.75625,-7.933654
29166.666,-16.76923,-7.930128
29183.334,-16.76923,-7.91891
29200.0,-16.76923,-7.9076924
29216.666,-16.758013,-7.934936
29233.334,-16.746796,-7.9621797
29250.0,-16.740385,-7.9846153
29266.666,-16.737179,-8.003846
29283.334,-16.735577,-8.016987
29300.0,-16.740385,-8.005769
29316.666,-16.745192,-7.994551
29333.334,-16.74423,-7.9871793
29350.0,-16.741827,-7.980769
29366.666,-16.735577,-7.972436
29383.334,-16.723558,-7.961218
29400.0,-16.711538,-7.95
29416.666,-16.708334,-7.941987
29433.334,-16.705128,-7.9339743
29450.0,-16.705769,-7.935577
29466.666,-16.708975,-7.9435897
29483.334,-16.715546,-7.949359
29500.0,-16.735577,-7.9461536
29516.666,-16.75561,-7.942949
29533.334,-16.776922,-7.9564104
29550.0,-16.798557,-7.9740386
29566.666,-16.813461,-7.973077
29583.334,-16.81827,-7.9442306
29600.0,-16.823076,-7.915385
29616.666,-16.823877,-7.9298077
29633.334,-16.82468,-7.9442306
29650.0,-16.83125,-7.9442306
29666.666,-16.841667,-7.9346156
29683.334,-16.848879,-7.929167
29700.0,-16.84327,-7.9403844
29716.666,-16.83766,-7.9516025
29733.334,-16.839743,-7.9564104
29750.0,-16.84375,-7.959615
29766.666,-16.841026,-7.9608974
29783.334,-16.828205,-7.959295
29800.0,-16.815384,-7.957692
29816.666,-16.833014,-7.9673076
29833.334,-16.850641,-7.976923
29850.0,-16.853846,-7.985577
29866.666,-16.847435,-7.99359
29883.334,-16.841347,-8.002885
29900.0,-16.836538,-8.017307
29916.666,-16.83173,-8.031731
29933.334,-16.815384,-8.040384
29950.0,-16.796154,-8.047596
29966.666,-16.764103,-8.067628
29983.334,-16.71282,-8.106891
30000.0,-16.66154,-8.146153
30016.666,-16.671154,-8.152564
30033.334,-16.680769,-8.158975
30050.0,-16.690384,-8.15
30066.666,-16.7,-8.130769
30083.334,-16.707212,-8.116026
30100.0,-16.704807,-8.119231
30116.666,-16.702404,-8.122436
30133.334,-16.698717,-8.119231
30150.0,-16.694712,-8.114423
30166.666,-16.694231,-8.112821
30183.334,-16.699038,-8.116026
30200.0,-16.703846,-8.119231
30216.666,-16.705448,-8.104808
30233.334,-16.707052,-8.0903845
30250.0,-16.7125,-8.079807
30266.666,-16.720512,-8.0717945
30283.334,-16.725481,-8.0636215
30300.0,-16.71827,-8.054808
30316.666,-16.711058,-8.045994
30333.334,-16.684616,-8.0487175
30350.0,-16.653366,-8.054327
30366.666,-16.635897,-8.061539
30383.334,-16.639103,-8.071154
30400.0,-16.642307,-8.08077
30416.666,-16.635897,-8.074359
30433.334,-16.629488,-8.067948
30450.0,-16.632692,-8.073077
30466.666,-16.642307,-8.085897
30483.334,-16.651602,-8.095192
30500.0,-16.659615,-8.0903845
30516.666,-16.667627,-8.085577
30533.334,-16.68718,-7.957692
30550.0,-16.709616,-7.7990384
30566.666,-16.723078,-7.7016025
30583.334,-16.723078,-7.6959934
30600.0,-16.723078,-7.6903844
30616.666,-16.71827,-7.7072115
30633.334,-16.71346,-7.7240386
30650.0,-16.696154,-7.729808
30666.666,-16.670513,-7.728205
30683.334,-16.65032,-7.73141
30700.0,-16.651922,-7.753846
30716.666,-16.653526,-7.776282
30733.334,-16.665384,-7.7679486
30750.0,-16.679808,-7.751923
30766.666,-16.69295,-7.7451925
30783.334,-16.704166,-7.7524037
30800.0,-16.715385,-7.7596154
30816.666,-16.73782,-7.762019
30833.334,-16.760256,-7.764423
30850.0,-16.765865,-7.766827
30866.666,-16.760256,-7.769231
30883.334,-16.75657,-7.7703524
30900.0,-16.760576,-7.766346
30916.666,-16.764584,-7.7623396
30933.334,-16.767948,-7.764744
30950.0,-16.771154,-7.76875
30966.666,-16.78654,-7.7727566
30983.334,-16.820192,-7.776763
31000.0,-16.853846,-7.7807693
31016.666,-16.86266,-7.782372
31033.334,-16.871475,-7.783974
31050.0,-16.870672,-7.764423
31066.666,-16.863462,-7.730769
31083.334,-16.871155,-7.654487
31100.0,-16.938461,-7.4076924
31116.666,-17.00577,-7.1608973
31133.334,-18.445513,-0.94551283
31150.0,-20.228365,6.762019
31166.666,-20.045273,5.9563303
31183.334,-19.862179,5.150641
31200.0,-19.679087,4.344952
31216.666,-19.495993,3.5392628
31233.334,-19.3129,2.7335737
31250.0,-19.129808,1.9278846
31266.666,-17.98077,-3.2884614
31283.334,-17.064102,-7.4544873
31300.0,-17.076923,-7.419231
31316.666,-17.089743,-7.3839746
31333.334,-17.08718,-7.4141026
31350.0,-17.080769,-7.460577
31366.666,-17.066025,-7.4903846
31383.334,-17.038782,-7.4951925
31400.0,-17.011538,-7.5
31416.666,-16.981892,-7.5641026
31433.334,-16.952244,-7.6282053
31450.0,-16.941345,-7.671154
31466.666,-16.94295,-7.7
31483.334,-16.967789,-7.6759615
31500.0,-17.085577,-7.4403844
31516.666,-17.203365,-7.2048078
31533.334,-17.228205,-7.148718
31550.0,-17.229807,-7.1375
31566.666,-17.233974,-7.1403847
31583.334,-17.241987,-7.164423
31600.0,-17.25,-7.1884613
31616.666,-17.233974,-7.1852565
31633.334,-17.217949,-7.182051
31650.0,-17.209135,-7.191346
31666.666,-17.205128,-7.2089744
31683.334,-17.202724,-7.2290063
31700.0,-17.20673,-7.2586536
31716.666,-17.210737,-7.2883015
31733.334,-17.221794,-7.305128
31750.0,-17.234615,-7.31875
31766.666,-17.241346,-7.330769
31783.334,-17.238943,-7.3403845
31800.0,-17.236538,-7.35
31816.666,-17.237339,-7.3684297
31833.334,-17.23814,-7.386859
31850.0,-17.198557,-7.5072117
31866.666,-17.132051,-7.695513
31883.334,-17.075481,-7.848718
31900.0,-17.058655,-7.8615384
31916.666,-17.041826,-7.874359
31933.334,-17.038462,-7.860256
31950.0,-17.038462,-7.839423
31966.666,-17.041025,-7.828205
31983.334,-17.047436,-7.8314104
32000.0,-17.053846,-7.834615
32016.666,-17.065063,-7.8386216
32033.334,-17.076283,-7.842628
32050.0,-17.084616,-7.8408656
32066.666,-17.091026,-7.8352566
32083.334,-17.091988,-7.8320513
32100.0,-17.071154,-7.8384614
32116.666,-17.05032,-7.844872
32133.334,-17.04359,-7.8525643
32150.0,-17.040384,-7.860577
32166.666,-17.03718,-7.8621793
32183.334,-17.033974,-7.8541665
32200.0,-17.03077,-7.8461537
32216.666,-17.022757,-7.8477564
32233.334,-17.014744,-7.849359
32250.0,-17.014423,-7.8509617
32266.666,-17.01923,-7.8525643
32283.334,-17.023718,-7.8576922
32300.0,-17.026922,-7.876923
32316.666,-17.030128,-7.896154
32333.334,-17.02564,-7.928205
32350.0,-17.01923,-7.9634614
32366.666,-17.011217,-7.9849358
32383.334,-17.000801,-7.9857373
32400.0,-16.990385,-7.9865384
32416.666,-16.979967,-7.9953527
32433.334,-16.969551,-8.004167
32450.0,-16.954807,-8.010577
32466.666,-16.93718,-8.015385
32483.334,-16.921474,-8.022757
32500.0,-16.913462,-8.040384
32516.666,-16.905449,-8.058013
32533.334,-16.90641,-8.058974
32550.0,-16.909615,-8.055769
32566.666,-16.913782,-8.085577
32583.334,-16.919392,-8.164904
32600.0,-16.925,-8.244231
32616.666,-16.914583,-8.469391
32633.334,-16.904167,-8.694551
32650.0,-16.897116,-8.782692
32666.666,-16.892307,-8.779488
32683.334,-16.886538,-8.775962
32700.0,-16.876923,-8.771153
32716.666,-16.867308,-8.766346
32733.334,-16.870512,-8.756411
32750.0,-16.876923,-8.745193
32766.666,-16.880129,-8.737821
32783.332,-16.878525,-8.7362175
32800.0,-16.876923,-8.734615
32816.668,-16.883333,-8.725
32833.332,-16.889744,-8.7153845
32850.0,-16.891346,-8.7125
32866.668,-16.889744,-8.714103
32883.332,-16.889103,-8.71282
32900.0,-16.892307,-8.7
32916.668,-16.895514,-8.68718
32933.332,-16.891666,-8.688461
32950.0,-16.886057,-8.693269
32966.668,-16.884615,-8.695192
32983.332,-16.889423,-8.692788
33000.0,-16.89423,-8.690385
33016.668,-16.94952,-8.447597
33033.332,-17.004808,-8.204807
33050.0,-17.025,-8.1134615
33066.668,-17.021795,-8.123077
33083.332,-17.016987,-8.129167
33100.0,-17.00577,-8.121154
33116.668,-16.99455,-8.113141
33133.332,-16.99359,-8.121795
33150.0,-16.995192,-8.134615
33166.668,-16.995512,-8.141346
33183.332,-16.99391,-8.138943
33200.0,-16.992308,-8.1365385
33216.668,-16.99391,-8.14375
33233.332,-16.995512,-8.150962
33250.0,-16.991827,-8.1625
33266.668,-16.984615,-8.176923
33283.332,-16.979006,-8.191026
33300.0,-16.979807,-8.203846
33316.668,-16.98061,-8.216666
33333.332,-16.973719,-8.210257
33350.0,-16.964905,-8.1990385
33366.668,-16.957693,-8.195192
33383.332,-16.952885,-8.202404
33400.0,-16.948076,-8.209616
33416.668,-17.004969,-8.285737
33433.332,-17.06186,-8.361859
33450.0,-17.080769,-8.392307
33466.668,-17.07436,-8.392307
33483.332,-17.067308,-8.3842945
33500.0,-17.057692,-8.344231
33516.668,-17.048077,-8.304167
33533.332,-17.042307,-8.303846
33550.0,-17.0375,-8.313461
33566.668,-17.026922,-8.304487
33583.332,-17.007692,-8.267629
33600.0,-16.988462,-8.230769
33616.668,-16.983654,-8.221955
33633.332,-16.978846,-8.213141
33650.0,-16.927885,-8.130288
33666.668,-16.846153,-7.998077
33683.332,-16.779167,-7.8923078
33700.0,-16.771154,-7.8923078
33716.668,-16.763142,-7.8923078
33733.332,-16.766666,-7.896154
33750.0,-16.773077,-7.9009614
33766.668,-16.778206,-7.905128
33783.332,-16.78141,-7.9083333
33800.0,-16.784615,-7.9115386
33816.668,-16.773397,-7.8875
33833.332,-16.76218,-7.8634615
33850.0,-16.778847,-7.7048078
33866.668,-16.814102,-7.4564104
33883.332,-16.969551,-6.7878203
33900.0,-17.60577,-4.4384613
33916.668,-18.241987,-2.0891025
33933.332,-18.385897,-1.5910256
33950.0,-18.40673,-1.5557692
33966.668,-18.420193,-1.551282
33983.332,-18.422596,-1.5929487
34000.0,-18.425,-1.6346154
34016.668,-18.420994,-1.6346154
34033.332,-18.416986,-1.6346154
34050.0,-18.414423,-1.6442307
34066.668,-18.41282,-1.6602564
34083.332,-18.407372,-1.6724359
34100.0,-18.386538,-1.6692308
34116.668,-18.365705,-1.6660256
34133.332,-18.378204,-1.6871794
34150.0,-18.399038,-1.7144231
34166.668,-18.416025,-1.7403846
34183.332,-18.427244,-1.7644231
34200.0,-18.438461,-1.7884616
34216.668,-18.428846,-1.7724359
34233.332,-18.419231,-1.7564102
34250.0,-18.428846,-1.7403846
34266.668,-18.451283,-1.7243589
34283.332,-18.46843,-1.7129807
34300.0,-18.464422,-1.7201923
34316.668,-18.460417,-1.7274039
34333.332,-18.455128,-1.7320513
34350.0,-18.44952,-1.7360576
34366.668,-18.446154,-1.7346153
34383.332,-18.446154,-1.725
34400.0,-18.446154,-1.7153846
34416.668,-18.790705,-1.1801282
34433.332,-19.135256,-0.6448718
34450.0,-19.375,-0.26057693
34466.668,-19.544872,0.023076924
34483.332,-19.679007,0.24679486
34500.0,-19.670193,0.23076923
34516.668,-19.661379,0.21474358
34533.332,-19.661379,0.21474358
34550.0,-19.661379,0.21474358
