0.0,-0.54615384,-9.088462
16.666666,-0.5613782,-9.0948715
33.333332,-0.5766026,-9.101282
50.0,-0.5798077,-9.095192
66.666664,-0.575,-9.08077
83.333336,-0.57067305,-9.069231
100.0,-0.56826925,-9.069231
116.666664,-0.5658654,-9.069231
133.33333,-0.673718,-9.045513
150.0,-0.8091346,-9.015865
166.66667,-1.6394231,-8.817948
183.33333,-3.5120192,-8.367628
200.0,-5.3846154,-7.917308
216.66667,-5.4022436,-7.911699
233.33333,-5.419872,-7.90609
250.0,-5.4365387,-7.9048076
266.66666,-5.4525642,-7.90641
283.33334,-5.4583335,-7.807051
300.0,-5.423077,-7.3038464
316.66666,-5.3878207,-6.800641
333.33334,-5.396154,-6.696795
350.0,-5.415385,-6.6927886
366.66666,-5.4314103,-6.6945515
383.33334,-5.4426284,-6.704968
400.0,-5.453846,-6.7153845
416.66666,-5.4490385,-6.7266026
433.33334,-5.4442306,-6.7378206
450.0,-5.4951925,-6.7091346
466.66666,-5.5833335,-6.6538463
483.33334,-5.659936,-6.6008015
500.0,-5.6903844,-6.5567307
516.6667,-5.7208333,-6.51266
533.3333,-5.728205,-6.49359
550.0,-5.729808,-6.480769
566.6667,-5.7253203,-6.4666667
583.3333,-5.7116985,-6.450641
600.0,-5.6980767,-6.4346156
616.6667,-5.700481,-6.4666667
633.3333,-5.7028847,-6.498718
650.0,-5.7052884,-6.496154
666.6667,-5.707692,-6.470513
683.3333,-5.709615,-6.4498396
700.0,-5.709615,-6.4490385
716.6667,-5.709615,-6.448237
733.3333,-5.705128,-6.442949
750.0,-5.699519,-6.4365387
766.6667,-5.692949,-6.435577
783.3333,-5.684936,-6.4427886
800.0,-5.6769233,-6.45
816.6667,-5.684936,-6.4804487
833.3333,-5.692949,-6.5108976
850.0,-5.6971154,-6.523077
866.6667,-5.698718,-6.523077
883.3333,-5.699519,-6.5254807
900.0,-5.6971154,-6.5375
916.6667,-5.6947117,-6.549519
933.3333,-5.7128205,-6.574359
950.0,-5.7360578,-6.6024036
966.6667,-5.75,-6.628846
983.3333,-5.75,-6.6528845
1000.0,-5.75,-6.6769233
1016.6667,-5.741987,-6.66891
1033.3334,-5.7339745,-6.6608973
1050.0,-5.735577,-6.665385
1066.6666,-5.74359,-6.678205
1083.3334,-5.752564,-6.6923075
1100.0,-5.7653847,-6.7115383
1116.6666,-5.778205,-6.730769
1133.3334,-5.769231,-6.7256413
1150.0,-5.7548075,-6.714423
1166.6666,-5.7490387,-6.7173076
1183.3334,-5.75625,-6.7413464
1200.0,-5.7634616,-6.7653847
1216.6666,-5.7770834,-6.775
1233.3334,-5.790705,-6.7846155
1250.0,-5.794231,-6.7826924
1266.6666,-5.7910256,-6.773077
1283.3334,-5.784936,-6.757372
1300.0,-5.7673078,-6.7173076
1316.6666,-5.7496796,-6.6772437
1333.3334,-5.746154,-6.6679487
1350.0,-5.746154,-6.666346
1366.6666,-5.748077,-6.6608973
1383.3334,-5.7528844,-6.6496797
1400.0,-5.7576923,-6.6384616
1416.6666,-5.7697115,-6.641667
1433.3334,-5.7817307,-6.6448717
1450.0,-5.7966347,-6.6557693
1466.6666,-5.8134613,-6.671795
1483.3334,-5.8266025,-6.6822114
1500.0,-5.825,-6.6701922
1516.6666,-5.8233976,-6.658173
1533.3334,-5.8134613,-6.6352563
1550.0,-5.801442,-6.6096153
1566.6666,-5.7971153,-6.586218
1583.3334,-5.804327,-6.566186
1600.0,-5.8115387,-6.546154
1616.6666,-5.8003206,-6.541346
1633.3334,-5.7891026,-6.5365386
1650.0,-5.7879806,-6.5341344
1666.6666,-5.7935896,-6.5333333
1683.3334,-5.795032,-6.533173
1700.0,-5.7798076,-6.535577
1716.6666,-5.764583,-6.5379806
1733.3334,-5.769231,-6.546154
1750.0,-5.7788463,-6.5557694
1766.6666,-5.7858973,-6.578846
1783.3334,-5.7891026,-6.6221156
1800.0,-5.792308,-6.665385
1816.6666,-5.7778845,-6.6365385
1833.3334,-5.7634616,-6.6076922
1850.0,-5.7471156,-6.5990386
1866.6666,-5.729487,-6.603846
1883.3334,-5.7166667,-6.6128206
1900.0,-5.723077,-6.6384616
1916.6666,-5.729487,-6.6641026
1933.3334,-5.720513,-6.6621795
1950.0,-5.707692,-6.6533656
1966.6666,-5.70609,-6.6625
1983.3334,-5.721314,-6.698558
2000.0,-5.7365384,-6.7346153
2016.6666,-5.732532,-6.7514424
2033.3334,-5.7285256,-6.768269
2050.0,-5.7221155,-6.764423
2066.6667,-5.7141027,-6.7467947
2083.3333,-5.7035255,-6.737981
2100.0,-5.6826925,-6.764423
2116.6667,-5.661859,-6.7908654
2133.3333,-5.6538463,-6.8038464
2150.0,-5.6490383,-6.8134613
2166.6667,-5.6448717,-6.825
2183.3333,-5.641667,-6.839423
2200.0,-5.6384616,-6.853846
2216.6667,-5.6528845,-6.8947115
2233.3333,-5.667308,-6.935577
2250.0,-5.668269,-6.9600964
2266.6667,-5.6602564,-6.973718
2283.3333,-5.6496797,-6.9830127
2300.0,-5.628846,-6.975
2316.6667,-5.6080127,-6.966987
2333.3333,-5.5916667,-6.95
2350.0,-5.5764422,-6.9307694
2366.6667,-5.5721154,-6.923718
2383.3333,-5.5841346,-6.934936
2400.0,-5.5961537,-6.9461536
2416.6667,-5.594551,-6.9581733
2433.3333,-5.592949,-6.9701924
2450.0,-5.5875,-6.9629807
2466.6667,-5.5794873,-6.942949
2483.3333,-5.5714746,-6.9246793
2500.0,-5.5634613,-6.9134617
2516.6667,-5.5554485,-6.9022436
2533.3333,-5.5576925,-6.9102564
2550.0,-5.5625,-6.923077
2566.6667,-5.566346,-6.9346156
2583.3333,-5.56875,-6.9442306
2600.0,-5.5711536,-6.953846
2616.6667,-5.5559297,-6.9314103
2633.3333,-5.540705,-6.908974
2650.0,-5.535577,-6.893269
2666.6667,-5.5371795,-6.8820515
2683.3333,-5.538782,-6.870513
2700.0,-5.540385,-6.8576922
2716.6667,-5.541987,-6.844872
2733.3333,-5.540385,-6.8121796
2750.0,-5.5379806,-6.7745194
2766.6667,-5.536218,-6.751282
2783.3333,-5.5354166,-6.7496796
2800.0,-5.5346155,-6.748077
2816.6667,-5.5266027,-6.73125
2833.3333,-5.51859,-6.714423
2850.0,-5.520192,-6.6951923
2866.6667,-5.528205,-6.674359
2883.3333,-5.5365386,-6.6615386
2900.0,-5.546154,-6.6807694
2916.6667,-5.5557694,-6.7
2933.3333,-5.5596156,-6.705128
2950.0,-5.5620193,-6.706731
2966.6667,-5.557051,-6.6961536
2983.3333,-5.5410256,-6.667308
3000.0,-5.525,-6.6384616
3016.6667,-5.5113783,-6.6240387
3033.3333,-5.4977565,-6.6096153
3050.0,-5.4865384,-6.5951924
3066.6667,-5.476923,-6.580769
3083.3333,-5.4692307,-6.5701923
3100.0,-5.4692307,-6.575
3116.6667,-5.4692307,-6.5798078
3133.3333,-5.4641027,-6.5653844
3150.0,-5.457692,-6.546154
3166.6667,-5.455769,-6.5416665
3183.3333,-5.460577,-6.5592947
3200.0,-5.4653845,-6.576923
3216.6667,-5.463782,-6.581731
3233.3333,-5.4621797,-6.5865383
3250.0,-5.4581733,-6.581731
3266.6667,-5.4525642,-6.570513
3283.3333,-5.447596,-6.5589743
3300.0,-5.4451923,-6.546154
3316.6667,-5.4427886,-6.5333333
3333.3333,-5.4391026,-6.5108976
3350.0,-5.4350963,-6.4860578
3366.6667,-5.436859,-6.4701924
3383.3333,-5.4472756,-6.4677887
3400.0,-5.457692,-6.4653845
3416.6667,-5.452083,-6.463782
3433.3333,-5.4464746,-6.4621797
3450.0,-5.449519,-6.4634614
3466.6667,-5.4583335,-6.4666667
3483.3333,-5.4692307,-6.4740386
3500.0,-5.4884615,-6.498077
3516.6667,-5.5076923,-6.522115
3533.3333,-5.520513,-6.5378203
3550.0,-5.5317307,-6.551442
3566.6667,-5.5435896,-6.5583334
3583.3333,-5.5564103,-6.555128
3600.0,-5.5692306,-6.5519233
3616.6667,-5.572436,-6.5415063
3633.3333,-5.575641,-6.53109
3650.0,-5.578846,-6.5288463
3666.6667,-5.5820513,-6.532051
3683.3333,-5.583013,-6.5317307
3700.0,-5.575,-6.5173078
3716.6667,-5.566987,-6.5028844
3733.3333,-5.5628204,-6.5089746
3750.0,-5.5596156,-6.520192
3766.6667,-5.5628204,-6.53141
3783.3333,-5.575641,-6.5426283
3800.0,-5.5884614,-6.5538464
3816.6667,-5.578846,-6.5482373
3833.3333,-5.5692306,-6.5426283
3850.0,-5.566346,-6.5379806
3866.6667,-5.567949,-6.533974
3883.3333,-5.567949,-6.5298076
3900.0,-5.5615387,-6.525
3916.6667,-5.555128,-6.520192
3933.3333,-5.546154,-6.523077
3950.0,-5.5365386,-6.5278845
3966.6667,-5.5326924,-6.532051
3983.3333,-5.5375,-6.5352564
4000.0,-5.542308,-6.5384617
4016.6667,-5.5511217,-6.539263
4033.3333,-5.559936,-6.5400643
4050.0,-5.558173,-6.5197115
4066.6667,-5.549359,-6.485256
4083.3333,-5.543269,-6.459615
4100.0,-5.548077,-6.4692307
4116.6665,-5.5528846,-6.478846
4133.3335,-5.5628204,-6.4891024
4150.0,-5.5740385,-6.4995193
4166.6665,-5.5852566,-6.5041666
4183.3335,-5.596474,-6.50016
4200.0,-5.6076922,-6.496154
4216.6665,-5.602885,-6.5009613
4233.3335,-5.598077,-6.5057693
4250.0,-5.595673,-6.5139422
4266.6665,-5.594872,-6.5243587
4283.3335,-5.5959935,-6.5341344
4300.0,-5.604808,-6.541346
4316.6665,-5.6136217,-6.5485578
4333.3335,-5.616667,-6.5576925
4350.0,-5.6182694,-6.5673075
4366.6665,-5.6173077,-6.574359
4383.3335,-5.6125,-6.5775642
4400.0,-5.6076922,-6.580769
4416.6665,-5.5932693,-6.5903845
4433.3335,-5.578846,-6.6
4450.0,-5.5701923,-6.6144233
4466.6665,-5.5653844,-6.6320515
4483.3335,-5.5625,-6.6490383
4500.0,-5.5673075,-6.6634617
4516.6665,-5.5721154,-6.6778846
4533.3335,-5.5730767,-6.674359
4550.0,-5.5730767,-6.666346
4566.6665,-5.5692306,-6.6634617
4583.3335,-5.5596156,-6.668269
4600.0,-5.55,-6.673077
4616.6665,-5.6060896,-6.6041665
4633.3335,-5.6621795,-6.5352564
4650.0,-5.6971154,-6.51875
4666.6665,-5.717949,-6.5371795
4683.3335,-5.7349358,-6.5527244
4700.0,-5.7365384,-6.5567307
4716.6665,-5.738141,-6.560737
4733.3335,-5.7346153,-6.567949
4750.0,-5.729808,-6.5759616
4766.6665,-5.7256413,-6.572436
4783.3335,-5.722436,-6.5516024
4800.0,-5.7192307,-6.5307693
4816.6665,-5.716026,-6.553205
4833.3335,-5.7128205,-6.575641
4850.0,-5.714423,-6.5903845
4866.6665,-5.7192307,-6.6
4883.3335,-5.726923,-6.6145835
4900.0,-5.746154,-6.6490383
4916.6665,-5.7653847,-6.6834936
4933.3335,-5.7788463,-6.697436
4950.0,-5.7908654,-6.70625
4966.6665,-5.797756,-6.7102566
4983.3335,-5.796955,-6.7070513
5000.0,-5.796154,-6.703846
5016.6665,-5.799359,-6.708654
5033.3335,-5.802564,-6.7134614
5050.0,-5.6884613,-6.7567306
5066.6665,-5.496154,-6.825641
5083.3335,-5.34391,-6.88141
5100.0,-5.351923,-6.8846154
5116.6665,-5.3599358,-6.8878207
5133.3335,-5.3628206,-6.903205
5150.0,-5.3644233,-6.9216347
5166.6665,-5.3679485,-6.936859
5183.3335,-5.374359,-6.9472756
5200.0,-5.3807693,-6.957692
5216.6665,-5.3919873,-6.9865384
5233.3335,-5.403205,-7.0153847
5250.0,-5.416346,-7.0009613
5266.6665,-5.4307694,-6.957692
5283.3335,-5.4435897,-6.9272437
5300.0,-5.45,-6.9480767
5316.6665,-5.4564104,-6.96891
5333.3335,-5.4666667,-6.974359
5350.0,-5.477885,-6.9759617
5366.6665,-5.4891024,-6.98141
5383.3335,-5.5003204,-6.992628
5400.0,-5.5115385,-7.003846
5416.6665,-5.5067306,-7.018269
5433.3335,-5.501923,-7.0326924
5450.0,-5.671154,-7.0634613
5466.6665,-5.9564104,-7.1051283
5483.3335,-6.184455,-7.144231
5500.0,-6.183654,-7.173077
5516.6665,-6.1828527,-7.201923
5533.3335,-6.180128,-7.222436
5550.0,-6.1769233,-7.240865
5566.6665,-6.168269,-7.244551
5583.3335,-6.1514425,-7.226122
5600.0,-6.1346154,-7.207692
5616.6665,-6.11859,-7.2301283
5633.3335,-6.1025643,-7.252564
5650.0,-6.0971155,-7.2706733
5666.6665,-6.098718,-7.2858973
5683.3335,-6.098077,-7.2974358
5700.0,-6.0884614,-7.294231
5716.6665,-6.078846,-7.2910256
5733.3335,-6.0589743,-7.279487
5750.0,-6.0365386,-7.2658653
5766.6665,-6.0179486,-7.247436
5783.3335,-6.0051284,-7.221795
5800.0,-5.9923077,-7.1961536
5816.6665,-6.0051284,-7.213782
5833.3335,-6.0179486,-7.23141
5850.0,-6.022115,-7.2346153
5866.6665,-6.020513,-7.228205
5883.3335,-5.976282,-7.213782
5900.0,-5.7615385,-7.167308
5916.6665,-5.546795,-7.1208334
5933.3335,-5.473077,-7.0730767
5950.0,-5.4346156,-7.025
5966.6665,-5.4083333,-6.998718
5983.3335,-5.4003205,-7.0051284
6000.0,-5.3923078,-7.0115385
6016.6665,-5.395513,-7.0115385
6033.3335,-5.398718,-7.0115385
6050.0,-5.4009614,-7.0125
6066.6665,-5.402564,-7.0141025
6083.3335,-5.4022436,-7.015705
6100.0,-5.394231,-7.0173078
6116.6665,-5.386218,-7.0189104
6133.3335,-5.5615387,-7.021795
6150.0,-5.7826924,-7.025
6166.6665,-5.946795,-7.030128
6183.3335,-6.0253205,-7.0381413
6200.0,-6.103846,-7.046154
6216.6665,-6.091827,-7.0645833
6233.3335,-6.0798078,-7.083013
6250.0,-6.074519,-7.0913463
6266.6665,-6.073718,-7.092949
6283.3335,-6.0733976,-7.095032
6300.0,-6.075,-7.0990386
6316.6665,-6.0766025,-7.103045
6333.3335,-6.080769,-7.1089745
6350.0,-6.085577,-7.1153846
6366.6665,-6.0903845,-7.123077
6383.3335,-6.0951924,-7.1326923
6400.0,-6.1,-7.1423078
6416.6665,-6.0983973,-7.134295
6433.3335,-6.096795,-7.126282
6450.0,-7.419231,-7.6846156
6466.6665,-9.624359,-8.620513
6483.3335,-11.648397,-9.391346
6500.0,-12.948077,-9.501923
6516.6665,-14.247756,-9.6125
6533.3335,-14.492308,-9.55
6550.0,-14.473077,-9.444231
6566.6665,-14.458333,-9.383974
6583.3335,-14.45032,-9.391987
6600.0,-14.442307,-9.4
6616.6665,-14.447115,-9.400802
6633.3335,-14.451923,-9.401603
6650.0,-14.4490385,-9.409135
6666.6665,-14.441026,-9.421154
6683.3335,-14.432693,-9.43141
6700.0,-14.423077,-9.434615
6716.6665,-14.413462,-9.43782
6733.3335,-14.403846,-9.442948
6750.0,-14.394231,-9.448558
6766.6665,-14.39359,-9.445833
6783.3335,-14.40641,-9.430609
6800.0,-14.41923,-9.415384
6816.6665,-14.617949,-9.372115
6833.3335,-14.816667,-9.328846
6850.0,-14.898077,-9.318269
6866.6665,-14.901282,-9.329487
6883.3335,-14.904488,-9.336859
6900.0,-14.907692,-9.328846
6916.6665,-14.910897,-9.320833
6933.3335,-14.916667,-9.311539
6950.0,-14.923077,-9.301923
6966.6665,-13.703205,-9.041987
6983.3335,-10.64391,-8.40657
7000.0,-7.584615,-7.771154
7016.6665,-6.5701923,-7.2927885
7033.3335,-5.5557694,-6.814423
7050.0,-5.141346,-6.5990386
7066.6665,-5.126923,-6.5589743
7083.3335,-5.111218,-6.5259614
7100.0,-5.0903845,-6.521154
7116.6665,-5.0695515,-6.516346
7133.3335,-5.071795,-6.525641
7150.0,-5.0798078,-6.5384617
7166.6665,-5.080128,-6.544872
7183.3335,-5.06891,-6.5416665
7200.0,-5.0576925,-6.5384617
7216.6665,-5.054487,-6.5384617
7233.3335,-5.051282,-6.5384617
7250.0,-5.0466347,-6.535577
7266.6665,-5.0410256,-6.5307693
7283.3335,-5.039583,-6.5317307
7300.0,-5.0548077,-6.5557694
7316.6665,-5.070032,-6.5798078
7333.3335,-5.0641026,-6.5833335
7350.0,-5.0528846,-6.581731
7366.6665,-5.046154,-6.571795
7383.3335,-5.046154,-6.549359
7400.0,-5.046154,-6.526923
7416.6665,-5.0629807,-6.5509615
7433.3335,-5.0798078,-6.575
7450.0,-5.091827,-6.5903845
7466.6665,-5.1006413,-6.6
7483.3335,-5.104808,-6.6003203
7500.0,-5.0903845,-6.5634613
7516.6665,-5.0759616,-6.5266027
7533.3335,-5.0794873,-6.523077
7550.0,-5.0875,-6.5278845
7566.6665,-5.0961537,-6.533974
7583.3335,-5.105769,-6.541987
7600.0,-5.1153846,-6.55
7616.6665,-5.1153846,-6.5596156
7633.3335,-5.1153846,-6.5692306
7650.0,-5.1182694,-6.560577
7666.6665,-5.123077,-6.5397434
7683.3335,-5.1254807,-6.5245194
7700.0,-5.1182694,-6.5317307
7716.6665,-5.1110578,-6.5389423
7733.3335,-5.1179485,-6.5435896
7750.0,-5.1283655,-6.547596
7766.6665,-5.128846,-6.551282
7783.3335,-5.1144233,-6.554487
7800.0,-5.1,-6.5576925
7816.6665,-5.09359,-6.55609
7833.3335,-5.0871797,-6.554487
7850.0,-5.078846,-6.540385
7866.6665,-5.0692306,-6.5179486
7883.3335,-5.0596156,-6.49984
7900.0,-5.05,-6.4990387
7916.6665,-5.040385,-6.498237
7933.3335,-5.055128,-6.5115385
7950.0,-5.0759616,-6.5283656
7966.6665,-5.0916667,-6.5426283
7983.3335,-5.0996795,-6.553045
8000.0,-5.1076922,-6.5634613
8016.6665,-5.0852566,-6.545032
8033.3335,-5.0628204,-6.5266027
8050.0,-5.0509615,-6.5067306
8066.6665,-5.046154,-6.4858975
8083.3335,-5.040705,-6.4722757
8100.0,-5.0326924,-6.4875
8116.6665,-5.0246797,-6.502724
8133.3335,-5.03141,-6.495513
8150.0,-5.0418267,-6.4826922
8166.6665,-5.045833,-6.471795
8183.3335,-5.0402246,-6.463782
8200.0,-5.0346155,-6.455769
8216.667,-5.0378203,-6.43734
8233.333,-5.0410256,-6.41891
8250.0,-5.0451922,-6.4086537
8266.667,-5.05,-6.4038463
8283.333,-5.0548077,-6.4016027
8300.0,-5.0596156,-6.4096155
8316.667,-5.064423,-6.4176283
8333.333,-5.0692306,-6.4166665
8350.0,-5.0740385,-6.4134617
8366.667,-5.080128,-6.414423
8383.333,-5.088141,-6.4216347
8400.0,-5.0961537,-6.4288464
8416.667,-5.0977564,-6.445673
8433.333,-5.099359,-6.4625
8450.0,-5.1052885,-6.4764423
8466.667,-5.1141024,-6.4884615
8483.333,-5.121955,-6.495673
8500.0,-5.1259613,-6.483654
8516.667,-5.129968,-6.4716344
8533.333,-5.124359,-6.4653845
8550.0,-5.1163464,-6.460577
8566.667,-5.1121793,-6.455128
8583.333,-5.113782,-6.448718
8600.0,-5.1153846,-6.4423075
8616.667,-5.1097755,-6.438301
8633.333,-5.1041665,-6.4342947
8650.0,-5.110096,-6.4341345
8666.667,-5.123718,-6.4365387
8683.333,-5.1371794,-6.4384613
8700.0,-5.15,-6.4384613
8716.667,-5.1628203,-6.4384613
8733.333,-5.182051,-6.455128
8750.0,-5.2028847,-6.4759617
8766.667,-5.217949,-6.494551
8783.333,-5.224359,-6.5097756
8800.0,-5.230769,-6.525
8816.667,-5.2291665,-6.5033655
8833.333,-5.2275643,-6.481731
8850.0,-5.2346153,-6.479808
8866.667,-5.247436,-6.4910254
8883.333,-5.258013,-6.498077
8900.0,-5.2596154,-6.4884615
8916.667,-5.261218,-6.478846
8933.333,-5.266667,-6.479487
8950.0,-5.273077,-6.4826922
8966.667,-5.276923,-6.485256
8983.333,-5.276923,-6.486859
9000.0,-5.276923,-6.4884615
9016.667,-5.2865386,-6.4964743
9033.333,-5.296154,-6.504487
9050.0,-5.3019233,-6.5048075
9066.667,-5.305128,-6.5
9083.333,-5.30625,-6.495513
9100.0,-5.2990384,-6.4923077
9116.667,-5.2918267,-6.4891024
9133.333,-5.294231,-6.4967947
9150.0,-5.2990384,-6.5072117
9166.667,-5.297756,-6.5128207
9183.333,-5.2873397,-6.511218
9200.0,-5.276923,-6.5096154
9216.667,-5.278526,-6.5128207
9233.333,-5.280128,-6.5160255
9250.0,-5.2884617,-6.529327
9266.667,-5.301282,-6.549359
9283.333,-5.311218,-6.5645833
9300.0,-5.3096156,-6.560577
9316.667,-5.308013,-6.5565705
9333.333,-5.3173075,-6.5628204
9350.0,-5.329327,-6.571635
9366.667,-5.3375,-6.5798078
9383.333,-5.339904,-6.5870194
9400.0,-5.3423076,-6.5942307
9416.667,-5.340705,-6.577404
9433.333,-5.3391027,-6.560577
9450.0,-5.334615,-6.5519233
9466.667,-5.328205,-6.548718
9483.333,-5.321795,-6.5464745
9500.0,-5.3153844,-6.548077
9516.667,-5.3089743,-6.5496793
9533.333,-5.3108974,-6.5608974
9550.0,-5.3149037,-6.574519
9566.667,-5.3160257,-6.583654
9583.333,-5.3128204,-6.5860577
9600.0,-5.3096156,-6.5884614
9616.667,-5.313622,-6.6060896
9633.333,-5.3176284,-6.623718
9650.0,-5.3182693,-6.6192307
9666.667,-5.3166666,-6.6
9683.333,-5.3173075,-6.5871797
9700.0,-5.326923,-6.6
9716.667,-5.3365383,-6.6128206
9733.333,-5.332692,-6.616667
9750.0,-5.325481,-6.6182694
9766.667,-5.3176284,-6.616667
9783.333,-5.308814,-6.610256
9800.0,-5.3,-6.603846
9816.667,-5.308013,-6.6022434
9833.333,-5.3160257,-6.6006413
9850.0,-5.3192306,-6.5932693
9866.667,-5.3192306,-6.5820513
9883.333,-5.3195515,-6.570513
9900.0,-5.3211536,-6.5576925
9916.667,-5.3227563,-6.544872
9933.333,-5.3230767,-6.5435896
9950.0,-5.3230767,-6.5451922
9966.667,-5.3211536,-6.554487
9983.333,-5.316346,-6.5753207
10000.0,-5.3115387,-6.5961537
10016.667,-5.321955,-6.6225963
10033.333,-5.3323717,-6.6490383
10050.0,-5.3360577,-6.6610575
10066.667,-5.3352566,-6.6634617
10083.333,-5.3320513,-6.6701922
10100.0,-5.3192306,-6.6942306
10116.667,-5.3064103,-6.7182693
10133.333,-5.3166666,-6.748718
10150.0,-5.332692,-6.7807693
10166.667,-5.3461537,-6.799359
10183.333,-5.355769,-6.797756
10200.0,-5.3653846,-6.796154
10216.667,-5.3733974,-6.8185897
10233.333,-5.38141,-6.841026
10250.0,-5.3836536,-6.854808
10266.667,-5.3820515,-6.8628206
10283.333,-5.379487,-6.8698716
10300.0,-5.373077,-6.873077
10316.667,-5.366667,-6.876282
10333.333,-5.379487,-6.9038463
10350.0,-5.397115,-6.9375
10366.667,-5.4038463,-6.9583335
10383.333,-5.394231,-6.9599357
10400.0,-5.3846154,-6.9615383
10416.667,-5.36859,-6.9583335
10433.333,-5.3525643,-6.955128
10450.0,-5.3423076,-6.9461536
10466.667,-5.3358974,-6.9333334
10483.333,-5.330128,-6.9253206
10500.0,-5.326923,-6.9365387
10516.667,-5.323718,-6.9477563
10533.333,-5.302564,-6.9410257
10550.0,-5.276923,-6.9298077
10566.667,-5.258013,-6.9201922
10583.333,-5.249199,-6.9129806
10600.0,-5.2403846,-6.9057693
10616.667,-5.2411857,-6.9354167
10633.333,-5.241987,-6.965064
10650.0,-5.2365384,-6.980769
10666.667,-5.226923,-6.9871793
10683.333,-5.217949,-6.9971156
10700.0,-5.2115383,-7.021154
10716.667,-5.205128,-7.0451922
10733.333,-5.1935897,-7.028205
10750.0,-5.1807694,-7.0009613
10766.667,-5.1705127,-6.9826922
10783.333,-5.1641026,-6.977885
10800.0,-5.1576924,-6.973077
10816.667,-5.1400642,-6.9570513
10833.333,-5.122436,-6.9410257
10850.0,-5.1197114,-6.9346156
10866.667,-5.126923,-6.9346156
10883.333,-5.1322117,-6.933013
10900.0,-5.1298075,-6.925
10916.667,-5.1274037,-6.916987
10933.333,-5.116667,-6.8974357
10950.0,-5.103846,-6.875
10966.667,-5.094872,-6.8641024
10983.333,-5.0916667,-6.870513
11000.0,-5.0884614,-6.876923
11016.667,-5.090064,-6.89375
11033.333,-5.0916667,-6.910577
11050.0,-5.0903845,-6.9149036
11066.667,-5.0871797,-6.9108973
11083.333,-5.0839744,-6.9086537
11100.0,-5.080769,-6.9134617
11116.667,-5.0775642,-6.918269
11133.333,-5.080769,-6.9397435
11150.0,-5.085577,-6.9653845
11166.667,-5.080128,-6.9775643
11183.333,-5.0592947,-6.969551
11200.0,-5.0384617,-6.9615383
11216.667,-5.036859,-6.967949
11233.333,-5.0352564,-6.974359
11250.0,-5.0302887,-6.977885
11266.667,-5.023077,-6.979487
11283.333,-5.021154,-6.9865384
11300.0,-5.040385,-7.0153847
11316.667,-5.0596156,-7.044231
11333.333,-5.067949,-7.0564103
11350.0,-5.073558,-7.064423
11366.667,-5.067949,-7.05609
11383.333,-5.0455127,-7.023237
11400.0,-5.023077,-6.9903846
11416.667,-5.0559297,-6.9927883
11433.333,-5.088782,-6.9951925
11450.0,-5.0995193,-7.0086536
11466.667,-5.095513,-7.029487
11483.333,-5.089423,-7.043109
11500.0,-5.075,-7.0278845
11516.667,-5.060577,-7.01266
11533.333,-5.0615387,-7.020513
11550.0,-5.066346,-7.0341344
11566.667,-5.076923,-7.0509615
11583.333,-5.0961537,-7.072596
11600.0,-5.1153846,-7.0942307
11616.667,-5.11859,-7.080609
11633.333,-5.1217947,-7.066987
11650.0,-5.209615,-7.046154
11666.667,-5.353846,-7.020513
11683.333,-5.5198717,-6.9958334
11700.0,-5.773077,-6.975
11716.667,-6.026282,-6.954167
11733.333,-6.075641,-6.951282
11750.0,-6.0740385,-6.9528847
11766.667,-6.070513,-6.951923
11783.333,-6.0641026,-6.9471154
11800.0,-6.0576925,-6.9423075
11816.667,-6.0576925,-6.9246793
11833.333,-6.0576925,-6.907051
11850.0,-6.0610576,-6.9072113
11866.667,-6.0666666,-6.919231
11883.333,-6.0713143,-6.9306087
11900.0,-6.0721154,-6.939423
11916.667,-6.0729165,-6.948237
11933.333,-6.0628204,-6.853846
11950.0,-6.05,-6.733654
11966.667,-6.0455127,-6.673077
11983.333,-6.0535254,-6.701923
12000.0,-6.0615387,-6.730769
12016.667,-6.057532,-6.71875
12033.333,-6.0535254,-6.706731
12050.0,-6.058173,-6.6961536
12066.667,-6.0685897,-6.6865387
12083.333,-6.077244,-6.6786857
12100.0,-6.078846,-6.6778846
12116.667,-6.0804486,-6.6770835
12133.333,-6.080769,-6.65641
12150.0,-6.080769,-6.6307693
12166.667,-6.0852566,-6.626282
12183.333,-6.096474,-6.653526
12200.0,-6.1076922,-6.6807694
12216.667,-6.1060896,-6.659936
12233.333,-6.104487,-6.6391025
12250.0,-6.103846,-6.6245193
12266.667,-6.103846,-6.6141024
12283.333,-6.13141,-6.60625
12300.0,-6.269231,-6.608654
12316.667,-6.407051,-6.6110578
12333.333,-9.161538,-7.5243587
12350.0,-12.570192,-8.665384
12366.667,-14.628846,-9.321154
12383.333,-14.6625,-9.249039
12400.0,-14.696154,-9.176923
12416.667,-14.689744,-9.128045
12433.333,-14.683333,-9.079166
12450.0,-14.681731,-9.053366
12466.667,-14.683333,-9.042949
12483.333,-14.686218,-9.0278845
12500.0,-14.694231,-8.994231
12516.667,-14.702244,-8.960577
12533.333,-14.773077,-8.917949
12550.0,-14.859615,-8.873077
12566.667,-14.965705,-8.825641
12583.333,-15.101122,-8.774359
12600.0,-15.236539,-8.723077
12616.667,-15.246154,-8.715064
12633.333,-15.255769,-8.707051
12650.0,-15.259615,-8.712019
12666.667,-15.259615,-8.725641
12683.333,-15.260898,-8.7375
12700.0,-15.267307,-8.742308
12716.667,-15.273718,-8.747115
12733.333,-15.275641,-8.756411
12750.0,-15.276443,-8.766827
12766.667,-15.274359,-8.775641
12783.333,-15.267949,-8.782051
12800.0,-15.2615385,-8.788462
12816.667,-15.263141,-8.777244
12833.333,-15.264744,-8.766026
12850.0,-15.2615385,-8.765865
12866.667,-15.255128,-8.773077
12883.333,-14.656891,-8.740866
12900.0,-11.691346,-8.5509615
12916.667,-8.725801,-8.361057
12933.333,-7.3884616,-7.9371796
12950.0,-6.4581733,-7.4548078
12966.667,-5.8852563,-7.1538463
12983.333,-5.8483973,-7.125
13000.0,-5.8115387,-7.0961537
13016.667,-5.7570515,-7.070513
13033.333,-5.7025642,-7.044872
13050.0,-5.6778846,-7.0384617
13066.667,-5.673077,-7.044872
13083.333,-5.66891,-7.051282
13100.0,-5.667308,-7.0576925
13116.667,-5.665705,-7.0641026
13133.333,-5.648077,-7.0576925
13150.0,-5.6264424,-7.048077
13166.667,-5.615705,-7.046154
13183.333,-5.621314,-7.0557694
13200.0,-5.626923,-7.0653844
13216.667,-5.848077,-7.071795
13233.333,-6.0692306,-7.078205
13250.0,-6.160577,-7.0932693
13266.667,-6.165385,-7.1141024
13283.333,-6.1676283,-7.133013
13300.0,-6.1596155,-7.144231
13316.667,-6.1516027,-7.155449
13333.333,-6.1448717,-7.1576924
13350.0,-6.1384616,-7.1576924
13366.667,-6.126282,-7.1516027
13383.333,-6.1054487,-7.1363783
13400.0,-6.084615,-7.121154
13416.667,-6.084615,-7.0979166
13433.333,-6.084615,-7.0746794
13450.0,-6.0677886,-7.0649037
13466.667,-6.0397434,-7.0641026
13483.333,-6.010096,-7.0591345
13500.0,-5.9740386,-7.0375
13516.667,-5.9379807,-7.0158653
13533.333,-5.9134617,-6.9865384
13550.0,-5.891827,-6.9552884
13566.667,-5.8653846,-6.919231
13583.333,-5.831731,-6.8759613
13600.0,-5.798077,-6.832692
13616.667,-5.795673,-6.809455
13633.333,-5.793269,-6.786218
13650.0,-5.779327,-6.7759614
13666.667,-5.7576923,-6.7743587
13683.333,-5.737019,-6.771154
13700.0,-5.7201924,-6.7615385
13716.667,-5.7033653,-6.751923
13733.333,-4.8576922,-6.747436
13750.0,-3.8048077,-6.7442307
13766.667,-2.2217948,-6.888141
13783.333,0.15641026,-7.252724
13800.0,2.5346153,-7.6173077
13816.667,3.6516025,-8.07484
13833.333,4.76859,-8.5323715
13850.0,5.2254806,-8.704327
13866.667,5.2423077,-8.685898
13883.333,5.2588143,-8.666827
13900.0,5.2740383,-8.645192
13916.667,5.289263,-8.623558
13933.333,5.299359,-8.616667
13950.0,5.308173,-8.6134615
13966.667,5.311859,-8.61218
13983.333,5.3078527,-8.613782
14000.0,5.3038464,-8.615385
14016.667,5.4849358,-8.469551
14033.333,5.6660256,-8.323718
14050.0,5.7509613,-8.244231
14066.667,5.771795,-8.208974
14083.333,5.791987,-8.1782055
14100.0,5.8096156,-8.165384
14116.667,5.827244,-8.152564
14133.333,5.844872,-8.15641
14150.0,5.8625,-8.164423
14166.667,5.879487,-8.1782055
14183.333,5.895513,-8.200641
14200.0,5.9115386,-8.223077
14216.667,5.916346,-8.198237
14233.333,5.921154,-8.173397
14250.0,5.8447113,-8.177885
14266.667,5.7141027,-8.201923
14283.333,5.6107373,-8.221475
14300.0,5.6163464,-8.223077
14316.667,5.621955,-8.22468
14333.333,5.626923,-8.2
14350.0,5.6317306,-8.16875
14366.667,5.6403847,-8.155769
14383.333,5.6548076,-8.170193
14400.0,5.669231,-8.184615
14416.667,5.6788464,-8.142949
14433.333,5.6884613,-8.101282
14450.0,5.6903844,-8.1134615
14466.667,5.6871796,-8.161538
14483.333,5.684936,-8.2
14500.0,5.6865387,-8.2
14516.667,5.688141,-8.2
14533.333,5.697436,-8.18718
14550.0,5.708654,-8.171154
14566.667,5.722436,-8.154808
14583.333,5.740064,-8.13798
14600.0,5.7576923,-8.121154
14616.667,5.7576923,-8.120353
14633.333,5.7576923,-8.119552
14650.0,5.7576923,-8.115385
14666.667,5.7576923,-8.108974
14683.333,5.7560897,-8.109615
14700.0,5.748077,-8.138461
14716.667,5.740064,-8.167308
14733.333,5.7410254,-8.16218
14750.0,5.7442307,-8.148558
14766.667,5.7442307,-8.136218
14783.333,5.7394233,-8.125801
14800.0,5.7346153,-8.115385
14816.667,5.725,-8.150641
14833.333,5.7153845,-8.185898
14850.0,5.7009616,-8.211538
14866.667,5.6833334,-8.230769
14883.333,5.6701922,-8.244552
14900.0,5.675,-8.236539
14916.667,5.6798077,-8.228526
14933.333,5.695513,-8.188461
14950.0,5.7139425,-8.140385
14966.667,5.7246795,-8.121154
14983.333,5.7238784,-8.145192
15000.0,5.723077,-8.16923
15016.667,5.7182693,-8.183654
15033.333,5.7134614,-8.198077
15050.0,5.707692,-8.217308
15066.667,5.701282,-8.239743
15083.333,5.69391,-8.255769
15100.0,5.6826925,-8.246154
15116.667,5.6714745,-8.236539
15133.333,5.6679487,-8.217949
15150.0,5.666346,-8.197115
15166.667,5.659936,-8.189102
15183.333,5.646314,-8.20032
15200.0,5.6326923,-8.211538
15216.667,5.6318913,-8.192307
15233.333,5.6310897,-8.173077
15250.0,5.612019,-8.190385
15266.667,5.580769,-8.232051
15283.333,5.5576925,-8.263141
15300.0,5.5673075,-8.251923
15316.667,5.576923,-8.2407055
15333.333,5.576923,-8.235897
15350.0,5.574519,-8.232693
15366.667,5.5701923,-8.23141
15383.333,5.5629807,-8.233013
15400.0,5.5557694,-8.234615
15416.667,5.5453525,-8.241026
15433.333,5.534936,-8.247436
15450.0,5.5259614,-8.247115
15466.667,5.5179486,-8.242308
15483.333,5.512019,-8.238782
15500.0,5.514423,-8.240385
15516.667,5.516827,-8.241987
15533.333,5.523077,-8.214744
15550.0,5.5302887,-8.180288
15566.667,5.533974,-8.171154
15583.333,5.532372,-8.2
15600.0,5.5307693,-8.228847
15616.667,5.540385,-8.216025
15633.333,5.55,-8.203205
15650.0,5.5519233,-8.203365
15666.667,5.548718,-8.212179
15683.333,5.5471153,-8.220512
15700.0,5.5519233,-8.226923
15716.667,5.5567307,-8.233334
15733.333,5.5589743,-8.239743
15750.0,5.560577,-8.246154
15766.667,5.5554485,-8.250641
15783.333,5.5402246,-8.252244
15800.0,5.525,-8.253846
15816.667,5.5177884,-8.273077
15833.333,5.5105767,-8.292308
15850.0,5.5086536,-8.289423
15866.667,5.5102563,-8.271795
15883.333,5.509295,-8.261859
15900.0,5.498077,-8.282692
15916.667,5.486859,-8.303526
15933.333,5.4846153,-8.3
15950.0,5.4846153,-8.290384
15966.667,5.4775643,-8.280769
15983.333,5.4599357,-8.271153
16000.0,5.4423075,-8.2615385
16016.667,5.4326925,-8.275962
16033.333,5.423077,-8.290384
16050.0,5.410577,-8.295193
16066.667,5.396154,-8.29359
16083.333,5.3858976,-8.286218
16100.0,5.3923078,-8.255769
16116.667,5.398718,-8.225321
16133.333,5.40641,-8.185898
16150.0,5.414423,-8.144231
16166.667,5.4160256,-8.117949
16183.333,5.408013,-8.114743
16200.0,5.4,-8.111539
16216.667,5.3919873,-8.140385
16233.333,5.3839746,-8.16923
16250.0,5.378846,-8.168269
16266.667,5.375641,-8.147436
16283.333,5.373718,-8.126923
16300.0,5.376923,-8.107693
16316.667,5.3801284,-8.088462
16333.333,5.373077,-8.092308
16350.0,5.3634615,-8.101923
16366.667,5.3576922,-8.100641
16383.333,5.3576922,-8.083013
16400.0,5.3576922,-8.065385
16416.666,5.3753204,-8.044551
16433.334,5.3929486,-8.023718
16450.0,5.3990383,-8.039423
16466.666,5.3974357,-8.079487
16483.334,5.397115,-8.110096
16500.0,5.401923,-8.102884
16516.666,5.4067307,-8.095673
16533.334,5.407051,-8.101923
16550.0,5.40625,-8.111539
16566.666,5.405449,-8.123077
16583.334,5.4046474,-8.1375
16600.0,5.4038463,-8.151923
16616.666,5.4086537,-8.135898
16633.334,5.4134617,-8.119872
16650.0,5.4259615,-8.100481
16666.666,5.4435897,-8.078846
16683.334,5.4589744,-8.060416
16700.0,5.4653845,-8.054808
16716.666,5.471795,-8.049199
16733.334,5.4666667,-8.074359
16750.0,5.458654,-8.107211
16766.666,5.458013,-8.108974
16783.334,5.4684296,-8.064102
16800.0,5.478846,-8.019231
16816.666,5.489263,-8.038462
16833.334,5.4996796,-8.057693
16850.0,5.5057693,-8.063461
16866.666,5.5089746,-8.060256
16883.334,5.5076923,-8.069231
16900.0,5.4884615,-8.126923
16916.666,5.4692307,-8.184615
16933.334,5.4653845,-8.176923
16950.0,5.4653845,-8.1528845
16966.666,5.4615383,-8.142307
16983.334,5.451923,-8.151923
17000.0,5.4423075,-8.161538
17016.666,5.4471154,-8.156731
17033.334,5.451923,-8.151923
17050.0,5.4548078,-8.134615
17066.666,5.4564104,-8.108974
17083.334,5.4589744,-8.08782
17100.0,5.4653845,-8.084616
17116.666,5.471795,-8.08141
17133.334,5.4692307,-8.082051
17150.0,5.464423,-8.083653
17166.666,5.458013,-8.098397
17183.334,5.4491987,-8.132853
17200.0,5.4403844,-8.167308
17216.666,5.4459934,-8.185738
17233.334,5.4516025,-8.204166
17250.0,5.455769,-8.204807
17266.666,5.4589744,-8.19359
17283.334,5.4610577,-8.189102
17300.0,5.458654,-8.211538
17316.666,5.45625,-8.233974
17333.334,5.4666667,-8.241667
17350.0,5.4802885,-8.245673
17366.666,5.4897437,-8.260898
17383.334,5.4929485,-8.292949
17400.0,5.496154,-8.325
17416.666,5.5169873,-8.298557
17433.334,5.5378203,-8.272116
17450.0,5.5538464,-8.2384615
17466.666,5.5666666,-8.2
17483.334,5.578846,-8.165705
17500.0,5.5884614,-8.148077
17516.666,5.598077,-8.130448
17533.334,5.601282,-8.130769
17550.0,5.602885,-8.135577
17566.666,5.604487,-8.154488
17583.334,5.6060896,-8.194551
17600.0,5.6076922,-8.234615
17616.666,5.601282,-8.247436
17633.334,5.594872,-8.260257
17650.0,5.5913463,-8.2615385
17666.666,5.5897436,-8.255128
17683.334,5.5884614,-8.249039
17700.0,5.5884614,-8.244231
17716.666,5.5884614,-8.239423
17733.334,5.5858974,-8.23718
17750.0,5.582692,-8.235577
17766.666,5.578205,-8.2384615
17783.334,5.571795,-8.248077
17800.0,5.5653844,-8.257692
17816.666,5.571795,-8.252885
17833.334,5.578205,-8.248077
17850.0,5.5831733,-8.245193
17866.666,5.5871797,-8.243589
17883.334,5.588301,-8.239743
17900.0,5.5778847,-8.226923
17916.666,5.567468,-8.214103
17933.334,5.5666666,-8.217949
17950.0,5.5682693,-8.225962
17966.666,5.5641026,-8.2375
17983.334,5.551282,-8.254327
18000.0,5.5384617,-8.271153
18016.666,5.5384617,-8.2719555
18033.334,5.5384617,-8.272757
18050.0,5.5384617,-8.265385
18066.666,5.5384617,-8.252564
18083.334,5.5384617,-8.241346
18100.0,5.5384617,-8.236539
18116.666,5.5384617,-8.23173
18133.334,5.529487,-8.225641
18150.0,5.518269,-8.219231
18166.666,5.5070515,-8.215705
18183.334,5.4958334,-8.216506
18200.0,5.4846153,-8.217308
18216.666,5.480609,-8.205289
18233.334,5.4766026,-8.193269
18250.0,5.4677887,-8.196154
18266.666,5.455769,-8.208974
18283.334,5.4432693,-8.222276
18300.0,5.4288464,-8.2375
18316.666,5.414423,-8.252725
18333.334,5.4141026,-8.2384615
18350.0,5.417308,-8.216827
18366.666,5.4205127,-8.189744
18383.334,5.423718,-8.154488
18400.0,5.4269233,-8.119231
18416.666,5.4221153,-8.127244
18433.334,5.417308,-8.135257
18450.0,5.417308,-8.142307
18466.666,5.4205127,-8.148718
18483.334,5.420994,-8.157051
18500.0,5.410577,-8.173077
18516.666,5.4001603,-8.189102
18533.334,5.3948717,-8.198718
18550.0,5.3908653,-8.206731
18566.666,5.3807693,-8.221154
18583.334,5.3615384,-8.245193
18600.0,5.3423076,-8.269231
18616.666,5.3294873,-8.251602
18633.334,5.3166666,-8.233974
18650.0,5.314423,-8.227884
18666.666,5.3192306,-8.229487
18683.334,5.321795,-8.230449
18700.0,5.3153844,-8.228847
18716.666,5.3089743,-8.227243
18733.334,5.3166666,-8.20641
18750.0,5.3278847,-8.180769
18766.666,5.326282,-8.183333
18783.334,5.3054485,-8.228205
18800.0,5.2846155,-8.273077
18816.666,5.2733974,-8.28109
18833.334,5.2621794,-8.289103
18850.0,5.253846,-8.293269
18866.666,5.247436,-8.294871
18883.334,5.2429485,-8.296795
18900.0,5.246154,-8.3
18916.666,5.249359,-8.3032055
18933.334,5.248718,-8.289103
18950.0,5.2471156,-8.270673
18966.666,5.249359,-8.265705
18983.334,5.257372,-8.28093
19000.0,5.2653847,-8.296154
19016.666,5.275,-8.266506
19033.334,5.2846155,-8.236859
19050.0,5.292308,-8.227404
19066.666,5.298718,-8.23141
19083.334,5.3027244,-8.24375
19100.0,5.2971153,-8.289423
19116.666,5.2915063,-8.335096
19133.334,5.2974358,-8.347436
19150.0,5.30625,-8.351442
19166.666,5.3134613,-8.35609
19183.334,5.3182693,-8.361699
19200.0,5.3230767,-8.367308
19216.666,5.33109,-8.368109
19233.334,5.3391027,-8.36891
19250.0,5.3495193,-8.364903
19266.666,5.3615384,-8.357693
19283.334,5.3697114,-8.362981
19300.0,5.3625,-8.418269
19316.666,5.3552885,-8.473557
19333.334,5.35,-8.493589
19350.0,5.3451924,-8.504807
19366.666,5.3384614,-8.516987
19383.334,5.328846,-8.530609
19400.0,5.3192306,-8.54423
19416.666,5.322436,-8.543429
19433.334,5.325641,-8.542628
19450.0,5.326923,-8.535577
19466.666,5.326923,-8.524359
19483.334,5.3298078,-8.508974
19500.0,5.3442307,-8.476923
19516.666,5.358654,-8.444872
19533.334,5.351282,-8.453846
19550.0,5.3384614,-8.473077
19566.666,5.332692,-8.493589
19583.334,5.3375,-8.516026
19600.0,5.3423076,-8.538462
19616.666,5.3423076,-8.533654
19633.334,5.3423076,-8.528846
19650.0,5.335577,-8.536538
19666.666,5.324359,-8.552564
19683.334,5.314263,-8.566506
19700.0,5.308654,-8.572115
19716.666,5.303045,-8.577724
19733.334,5.2974358,-8.578205
19750.0,5.2918267,-8.577404
19766.666,5.2865386,-8.577564
19783.334,5.2817307,-8.579166
19800.0,5.276923,-8.58077
19816.666,5.278526,-8.583974
19833.334,5.280128,-8.587179
19850.0,5.2899036,-8.567307
19866.666,5.305128,-8.532051
19883.334,5.315224,-8.510898
19900.0,5.3048077,-8.546154
19916.666,5.294391,-8.58141
19933.334,5.2858973,-8.59359
19950.0,5.2778845,-8.6
19966.666,5.270513,-8.607693
19983.334,5.2641025,-8.617308
20000.0,5.2576923,-8.626923
20016.666,5.2496796,-8.614903
20033.334,5.241667,-8.602884
20050.0,5.2375,-8.58077
20066.666,5.2358975,-8.551923
20083.334,5.2328525,-8.527083
20100.0,5.2240386,-8.51827
20116.666,5.2152243,-8.509455
20133.334,5.209615,-8.516666
20150.0,5.2048078,-8.5278845
20166.666,5.20609,-8.51859
20183.334,5.2165065,-8.478526
20200.0,5.226923,-8.438461
20216.666,5.231731,-8.430449
20233.334,5.2365384,-8.422436
20250.0,5.233654,-8.440385
20266.666,5.2256413,-8.475641
20283.334,5.2171474,-8.506731
20300.0,5.206731,-8.521153
20316.666,5.1963143,-8.535577
20333.334,5.194872,-8.538462
20350.0,5.195673,-8.538462
20366.666,5.195513,-8.536538
20383.334,5.19391,-8.531731
20400.0,5.1923075,-8.526923
20416.666,5.1826925,-8.542949
20433.334,5.173077,-8.558974
20450.0,5.183173,-8.5427885
20466.666,5.2064104,-8.505128
20483.334,5.220673,-8.482371
20500.0,5.1990385,-8.519231
20516.666,5.177404,-8.556089
20533.334,5.1628203,-8.5717945
20550.0,5.15,-8.5822115
20566.666,5.148077,-8.5903845
20583.334,5.1625,-8.595192
20600.0,5.1769233,-8.6
20616.666,5.1705127,-8.587179
20633.334,5.1641026,-8.574359
20650.0,5.1615386,-8.569231
20666.666,5.1615386,-8.569231
20683.334,5.1641026,-8.566346
20700.0,5.1769233,-8.551923
20716.666,5.1897435,-8.5375
20733.334,5.1935897,-8.515385
20750.0,5.1951923,-8.491346
20766.666,5.192949,-8.489743
20783.334,5.184936,-8.521795
20800.0,5.1769233,-8.553846
20816.666,5.1753206,-8.539423
20833.334,5.173718,-8.525
20850.0,5.175,-8.523077
20866.666,5.178205,-8.529488
20883.334,5.1807694,-8.536859
20900.0,5.1807694,-8.548077
20916.666,5.1807694,-8.559295
20933.334,5.194872,-8.553846
20950.0,5.2125,-8.54423
20966.666,5.224359,-8.535897
20983.334,5.2275643,-8.529488
21000.0,5.230769,-8.523077
21016.666,5.224359,-8.53109
21033.334,5.217949,-8.539103
21050.0,5.206731,-8.549039
21066.666,5.1923075,-8.560256
21083.334,5.1770835,-8.573558
21100.0,5.1586537,-8.595192
21116.666,5.1402245,-8.616827
21133.334,5.133333,-8.632051
21150.0,5.129327,-8.645673
21166.666,5.120513,-8.649359
21183.334,5.104487,-8.638141
21200.0,5.0884614,-8.626923
21216.666,5.0748396,-8.6261215
21233.334,5.061218,-8.62532
21250.0,5.0408654,-8.642789
21266.666,5.0160255,-8.672436
21283.334,4.9929485,-8.697436
21300.0,4.976923,-8.703846
21316.666,4.9608974,-8.710257
21333.334,4.9410257,-8.704487
21350.0,4.9201922,-8.695673
21366.666,4.9083333,-8.679167
21383.334,4.909936,-8.651122
21400.0,4.9115386,-8.623077
21416.666,4.903526,-8.642307
21433.334,4.895513,-8.661538
21450.0,4.8875,-8.678846
21466.666,4.879487,-8.694872
21483.334,4.8689103,-8.711538
21500.0,4.848077,-8.730769
21516.666,4.827244,-8.75
21533.334,4.820513,-8.773077
21550.0,4.8173075,-8.797115
21566.666,4.8121796,-8.807693
21583.334,4.804167,-8.798077
21600.0,4.796154,-8.788462
21616.666,4.797756,-8.790865
21633.334,4.799359,-8.793269
21650.0,1.9451923,-8.874519
21666.666,-2.8128204,-9.008333
21683.334,-7.3682694,-9.349359
21700.0,-11.1134615,-10.519231
21716.666,-14.858654,-11.689102
21733.334,-15.579487,-11.807693
21750.0,-15.54423,-11.663462
21766.666,-15.512179,-11.366667
21783.334,-15.484936,-10.841025
21800.0,-15.457692,-10.315385
21816.666,-15.4512825,-9.940385
21833.334,-15.444872,-9.565385
21850.0,-15.447115,-9.323077
21866.666,-15.455129,-9.16923
21883.334,-15.458653,-9.030449
21900.0,-15.444231,-8.951923
21916.666,-15.429808,-8.873398
21933.334,-15.416667,-8.814102
21950.0,-15.403846,-8.759615
21966.666,-15.391666,-8.70577
21983.334,-15.380448,-8.6528845
22000.0,-15.369231,-8.6
22016.666,-15.358013,-8.566346
22033.334,-15.346795,-8.532692
22050.0,-15.331731,-8.493269
22066.666,-15.314102,-8.45
22083.334,-15.296154,-8.408012
22100.0,-15.276923,-8.371154
22116.666,-15.257692,-8.334295
22133.334,-15.246795,-8.311539
22150.0,-15.237981,-8.292308
22166.666,-15.225962,-8.271795
22183.334,-15.209135,-8.249359
22200.0,-15.192307,-8.226923
22216.666,-15.189102,-8.213302
22233.334,-15.185898,-8.199679
22250.0,-15.183654,-8.183173
22266.666,-15.182052,-8.164743
22283.334,-15.181891,-8.142789
22300.0,-15.1875,-8.10673
22316.666,-15.193109,-8.070673
22333.334,-15.194872,-8.06218
22350.0,-15.195673,-8.060577
22366.666,-15.198077,-8.044871
22383.334,-15.202885,-8.008013
22400.0,-15.207692,-7.9711537
22416.666,-15.20609,-7.9559293
22433.334,-15.204487,-7.9407053
22450.0,-15.243269,-7.733654
22466.666,-15.308974,-7.398718
22483.334,-15.364102,-7.0961537
22500.0,-15.376923,-6.923077
22516.666,-15.389744,-6.75
22533.334,-15.392307,-6.6942306
22550.0,-15.392307,-6.6677885
22566.666,-15.391026,-6.650641
22583.334,-15.38782,-6.6474357
22600.0,-15.384615,-6.644231
22616.666,-15.386218,-6.625
22633.334,-15.38782,-6.605769
22650.0,-15.394231,-6.589904
22666.666,-15.403846,-6.576282
22683.334,-15.4125,-6.5657053
22700.0,-15.417308,-6.5673075
22716.666,-15.422115,-6.56891
22733.334,-15.433333,-6.580769
22750.0,-15.446154,-6.5951924
22766.666,-15.461538,-6.601282
22783.334,-15.480769,-6.594872
22800.0,-15.5,-6.5884614
22816.666,-15.509615,-6.602885
22833.334,-15.519231,-6.6173077
22850.0,-15.525481,-6.654327
22866.666,-15.529488,-6.7064104
22883.334,-15.533173,-6.7578526
22900.0,-15.535577,-6.8067307
22916.666,-15.537981,-6.855609
22933.334,-15.544871,-6.9115386
22950.0,-15.552885,-6.9692307
22966.666,-15.557052,-7.025
22983.334,-15.555449,-7.0778847
23000.0,-15.553846,-7.1307693
23016.666,-15.553045,-7.18766
23033.334,-15.552243,-7.244551
23050.0,-15.551442,-7.2889423
23066.666,-15.550641,-7.325
23083.334,-15.54968,-7.366827
23100.0,-15.548077,-7.4317307
23116.666,-15.546474,-7.4966345
23133.334,-15.546795,-7.5333333
23150.0,-15.547596,-7.5629807
23166.666,-15.547756,-7.584615
23183.334,-15.546955,-7.5942307
23200.0,-15.546154,-7.603846
23216.666,-15.542949,-7.6190705
23233.334,-15.539743,-7.634295
23250.0,-15.539423,-7.637981
23266.666,-15.541026,-7.6339746
23283.334,-15.541667,-7.6301284
23300.0,-15.538462,-7.626923
23316.666,-15.535256,-7.623718
23333.334,-15.529488,-7.6179485
23350.0,-15.523077,-7.6115384
23366.666,-15.520513,-7.6070514
23383.334,-15.523718,-7.6054487
23400.0,-15.526923,-7.603846
23416.666,-15.523718,-7.5942307
23433.334,-15.520513,-7.584615
23450.0,-15.516346,-7.576923
23466.666,-15.5115385,-7.570513
23483.334,-15.504807,-7.5657053
23500.0,-15.490385,-7.5673075
23516.666,-15.475962,-7.56891
23533.334,-15.4653845,-7.5589743
23550.0,-15.45577,-7.546154
23566.666,-15.445833,-7.5416665
23583.334,-15.435416,-7.5496793
23600.0,-15.425,-7.5576925
23616.666,-15.40016,-7.5592947
23633.334,-15.37532,-7.5608974
23650.0,-15.361539,-7.558654
23666.666,-15.355128,-7.5538464
23683.334,-15.348718,-7.5455127
23700.0,-15.342308,-7.523077
23716.666,-15.335897,-7.500641
23733.334,-15.332051,-7.483333
23750.0,-15.328846,-7.4673076
23766.666,-15.322436,-7.44391
23783.334,-15.311218,-7.4094553
23800.0,-15.3,-7.375
23816.666,-15.295193,-7.3453526
23833.334,-15.290384,-7.3157053
23850.0,-15.292308,-7.2884617
23866.666,-15.2987175,-7.2628207
23883.334,-15.305449,-7.240064
23900.0,-15.313461,-7.228846
23916.666,-15.321474,-7.217628
23933.334,-15.320513,-7.201282
23950.0,-15.317307,-7.183654
23966.666,-15.316026,-7.1666665
23983.334,-15.317628,-7.150641
24000.0,-15.319231,-7.1346154
24016.666,-15.332051,-7.116987
24033.334,-15.3448715,-7.099359
24050.0,-15.351923,-7.0865383
24066.666,-15.355128,-7.076923
24083.334,-15.358334,-7.0641026
24100.0,-15.361539,-7.0384617
24116.666,-15.364743,-7.0128207
24133.334,-15.355128,-7.003846
24150.0,-15.342308,-6.9990387
24166.666,-15.339744,-6.9865384
24183.334,-15.352564,-6.9625
24200.0,-15.365385,-6.9384613
24216.666,-15.36218,-6.9232373
24233.334,-15.358974,-6.908013
24250.0,-15.3634615,-6.89375
24266.666,-15.373077,-6.8801284
24283.334,-15.379968,-6.86859
24300.0,-15.375961,-6.8653846
24316.666,-15.371955,-6.8621793
24333.334,-15.370513,-6.8641024
24350.0,-15.369712,-6.8673077
24366.666,-15.366346,-6.8759613
24383.334,-15.359135,-6.8927884
24400.0,-15.351923,-6.9096155
24416.666,-15.36234,-6.9104166
24433.334,-15.372756,-6.911218
24450.0,-15.376923,-6.914423
24466.666,-15.376923,-6.919231
24483.334,-15.378205,-6.925
24500.0,-15.384615,-6.9346156
24516.666,-15.391026,-6.9442306
24533.334,-15.396153,-6.9641027
24550.0,-15.400962,-6.9865384
24566.666,-15.403846,-7.008333
24583.334,-15.403846,-7.0291667
24600.0,-15.403846,-7.05
24616.666,-15.403846,-7.0884614
24633.334,-15.403846,-7.126923
24650.0,-15.396153,-7.1586537
24666.666,-15.383333,-7.1858974
24683.334,-15.372115,-7.2182693
24700.0,-15.367308,-7.271154
24716.666,-15.3625,-7.3240385
24733.334,-15.35641,-7.370513
24750.0,-15.35,-7.415385
24766.666,-15.342308,-7.459615
24783.334,-15.332692,-7.5028844
24800.0,-15.323077,-7.546154
24816.666,-15.321474,-7.5589743
24833.334,-15.319872,-7.571795
24850.0,-15.322115,-7.589423
24866.666,-15.326923,-7.610256
24883.334,-15.33077,-7.629327
24900.0,-15.33077,-7.641346
24916.666,-15.33077,-7.6533656
24933.334,-15.33077,-7.665385
24950.0,-15.33077,-7.677404
24966.666,-15.329166,-7.688782
24983.334,-15.32516,-7.6991987
25000.0,-15.321154,-7.709615
25016.666,-15.3091345,-7.7136216
25033.334,-15.297115,-7.717628
25050.0,-15.2846155,-7.7240386
25066.666,-15.271795,-7.7320514
25083.334,-15.2592945,-7.7365384
25100.0,-15.248077,-7.726923
25116.666,-15.236859,-7.7173076
25133.334,-15.225641,-7.7128205
25150.0,-15.214423,-7.709615
25166.666,-15.20641,-7.7070513
25183.334,-15.203205,-7.7054486
25200.0,-15.2,-7.703846
25216.666,-15.195192,-7.7046475
25233.334,-15.190385,-7.7054486
25250.0,-15.185577,-7.6947117
25266.666,-15.180769,-7.676282
25283.334,-15.176923,-7.6650643
25300.0,-15.176923,-7.6826925
25316.666,-15.176923,-7.7003207
25333.334,-15.175641,-7.698718
25350.0,-15.174039,-7.6923075
25366.666,-15.171795,-7.6910257
25383.334,-15.16859,-7.697436
25400.0,-15.165384,-7.703846
25416.666,-15.158975,-7.7166667
25433.334,-15.152564,-7.729487
25450.0,-15.150962,-7.7341347
25466.666,-15.152564,-7.733333
25483.334,-15.152564,-7.7360578
25500.0,-15.146153,-7.7528844
25516.666,-15.139744,-7.7697115
25533.334,-15.134615,-7.771795
25550.0,-15.129807,-7.770192
25566.666,-15.127564,-7.776923
25583.334,-15.129167,-7.796154
25600.0,-15.130769,-7.8153844
25616.666,-15.124359,-7.8145833
25633.334,-15.117949,-7.813782
25650.0,-15.118269,-7.8134613
25666.666,-15.123077,-7.8134613
25683.334,-15.126762,-7.8165064
25700.0,-15.125961,-7.831731
25716.666,-15.12516,-7.8469553
25733.334,-15.116667,-7.848718
25750.0,-15.10625,-7.8471155
25766.666,-15.102243,-7.8496795
25783.334,-15.107853,-7.858494
25800.0,-15.1134615,-7.8673077
25816.666,-15.114263,-7.8616986
25833.334,-15.115064,-7.8560896
25850.0,-15.110577,-7.8663464
25866.666,-15.102564,-7.8871794
25883.334,-15.0948715,-7.9046474
25900.0,-15.088462,-7.9086537
25916.666,-15.082051,-7.91266
25933.334,-15.076923,-7.9128203
25950.0,-15.072115,-7.9120193
25966.666,-15.075,-7.9147434
25983.334,-15.089423,-7.922756
26000.0,-15.103847,-7.9307694
26016.666,-15.105449,-7.9115386
26033.334,-15.107051,-7.8923078
26050.0,-15.111539,-7.889904
26066.666,-15.117949,-7.898718
26083.334,-15.1238785,-7.908013
26100.0,-15.127885,-7.919231
26116.666,-15.131891,-7.9304485
26133.334,-15.126923,-7.925641
26150.0,-15.119712,-7.9168267
26166.666,-15.1134615,-7.908974
26183.334,-15.108654,-7.902564
26200.0,-15.103847,-7.896154
26216.666,-15.110256,-7.889744
26233.334,-15.116667,-7.883333
26250.0,-15.119231,-7.878846
26266.666,-15.119231,-7.875641
26283.334,-15.119231,-7.872436
26300.0,-15.119231,-7.8692307
26316.666,-15.119231,-7.8660254
26333.334,-15.123077,-7.8570514
26350.0,-15.127885,-7.8466344
26366.666,-15.130769,-7.839423
26383.334,-15.130769,-7.8370194
26400.0,-15.130769,-7.834615
26416.666,-15.129968,-7.813782
26433.334,-15.129167,-7.7929487
26450.0,-15.127404,-7.7798076
26466.666,-15.125,-7.771795
26483.334,-15.124039,-7.764744
26500.0,-15.128846,-7.7615385
26516.666,-15.133654,-7.758333
26533.334,-15.14359,-7.748718
26550.0,-15.154808,-7.7375
26566.666,-15.160256,-7.733333
26583.334,-15.157051,-7.7397437
26600.0,-15.153846,-7.746154
26616.666,-15.163462,-7.744551
26633.334,-15.173077,-7.7429485
26650.0,-15.180769,-7.731731
26666.666,-15.18718,-7.7141027
26683.334,-15.192948,-7.700641
26700.0,-15.196154,-7.703846
26716.666,-15.199359,-7.7070513
26733.334,-15.198718,-7.694872
26750.0,-15.197115,-7.6788464
26766.666,-15.19359,-7.6666665
26783.334,-15.18718,-7.6602564
26800.0,-15.180769,-7.6538463
26816.666,-15.180769,-7.6538463
26833.334,-15.180769,-7.6538463
26850.0,-15.175,-7.6528845
26866.666,-15.165384,-7.651282
26883.334,-15.158012,-7.6514425
26900.0,-15.1596155,-7.6586537
26916.666,-15.161218,-7.6658654
26933.334,-15.153846,-7.678205
26950.0,-15.144231,-7.691827
26966.666,-15.133333,-7.7044873
26983.334,-15.120513,-7.715705
27000.0,-15.107693,-7.726923
27016.666,-15.101282,-7.7141027
27033.334,-15.0948715,-7.701282
27050.0,-15.088462,-7.704327
27066.666,-15.082051,-7.717949
27083.334,-15.074679,-7.730609
27100.0,-15.063461,-7.7394233
27116.666,-15.052243,-7.748237
27133.334,-15.038462,-7.7602563
27150.0,-15.024038,-7.773077
27166.666,-15.015385,-7.78141
27183.334,-15.015385,-7.783013
27200.0,-15.015385,-7.7846155
27216.666,-15.012179,-7.7766027
27233.334,-15.008974,-7.76859
27250.0,-15.008654,-7.7697115
27266.666,-15.010257,-7.776923
27283.334,-15.014103,-7.7809296
27300.0,-15.026923,-7.772115
27316.666,-15.039743,-7.7633014
27333.334,-15.039743,-7.7628207
27350.0,-15.036538,-7.764423
27366.666,-15.0323715,-7.76859
27383.334,-15.026763,-7.7766027
27400.0,-15.021153,-7.7846155
27416.666,-15.013943,-7.7798076
27433.334,-15.006731,-7.775
27450.0,-15.002885,-7.7625
27466.666,-15.001282,-7.7448716
27483.334,-15.000961,-7.724359
27500.0,-15.005769,-7.6923075
27516.666,-15.010577,-7.6602564
27533.334,-15.01282,-7.648718
27550.0,-15.014423,-7.6423078
27566.666,-15.01827,-7.6352563
27583.334,-15.025481,-7.6272435
27600.0,-15.032692,-7.6192307
27616.666,-15.036698,-7.60641
27633.334,-15.040705,-7.59359
27650.0,-15.040384,-7.5923076
27666.666,-15.03718,-7.598718
27683.334,-15.033173,-7.607372
27700.0,-15.025962,-7.625
27716.666,-15.01875,-7.642628
27733.334,-15.008974,-7.6576924
27750.0,-14.998558,-7.6721153
27766.666,-14.9884615,-7.6852565
27783.334,-14.978847,-7.6964746
27800.0,-14.969231,-7.707692
27816.666,-14.9676285,-7.7044873
27833.334,-14.966025,-7.701282
27850.0,-14.958653,-7.7009616
27866.666,-14.947436,-7.7025642
27883.334,-14.9375,-7.706731
27900.0,-14.932693,-7.7211537
27916.666,-14.927885,-7.735577
27933.334,-14.9282055,-7.7384615
27950.0,-14.929808,-7.7384615
27966.666,-14.928846,-7.7410254
27983.334,-14.924039,-7.747436
28000.0,-14.91923,-7.753846
28016.666,-14.90641,-7.753846
28033.334,-14.89359,-7.753846
28050.0,-14.888461,-7.75
28066.666,-14.888461,-7.74359
28083.334,-14.889423,-7.7366986
28100.0,-14.894231,-7.727885
28116.666,-14.899038,-7.7190704
28133.334,-14.899359,-7.7121797
28150.0,-14.898558,-7.705769
28166.666,-14.895192,-7.7028847
28183.334,-14.88798,-7.7052884
28200.0,-14.880769,-7.707692
28216.666,-14.871154,-7.7253203
28233.334,-14.861539,-7.7429485
28250.0,-14.86202,-7.748077
28266.666,-14.869231,-7.7448716
28283.334,-14.876282,-7.7415066
28300.0,-14.882692,-7.7375
28316.666,-14.889103,-7.733494
28333.334,-14.896153,-7.7320514
28350.0,-14.903365,-7.73125
28366.666,-14.91218,-7.728205
28383.334,-14.923397,-7.721795
28400.0,-14.934615,-7.7153845
28416.666,-14.93782,-7.716987
28433.334,-14.941026,-7.71859
28450.0,-14.946154,-7.726923
28466.666,-14.952564,-7.7397437
28483.334,-14.95609,-7.749199
28500.0,-14.948077,-7.7451925
28516.666,-14.940064,-7.7411857
28533.334,-14.939744,-7.7346153
28550.0,-14.941346,-7.7274036
28566.666,-14.944872,-7.7153845
28583.334,-14.9512825,-7.6961536
28600.0,-14.957692,-7.6769233
28616.666,-14.970512,-7.6817307
28633.334,-14.983334,-7.6865387
28650.0,-14.998077,-7.6798077
28666.666,-15.014103,-7.665385
28683.334,-15.027564,-7.6538463
28700.0,-15.030769,-7.6538463
28716.666,-15.033975,-7.6538463
28733.334,-15.041026,-7.6641026
28750.0,-15.049039,-7.6769233
28766.666,-15.0532055,-7.6858974
28783.334,-15.051602,-7.6891026
28800.0,-15.05,-7.6923075
28816.666,-15.054808,-7.695513
28833.334,-15.059615,-7.698718
28850.0,-15.059615,-7.707692
28866.666,-15.05641,-7.720513
28883.334,-15.0532055,-7.732372
28900.0,-15.05,-7.7403846
28916.666,-15.046795,-7.7483974
28933.334,-15.042308,-7.776923
28950.0,-15.0375,-7.810577
28966.666,-15.03141,-7.833654
28983.334,-15.023397,-7.8408656
29000.0,-15.015385,-7.848077
29016.666,-15.021795,-7.8472757
29033.334,-15.028205,-7.846474
29050.0,-15.033654,-7.851923
29066.666,-15.038462,-7.8615384
29083.334,-15.042308,-7.872436
29100.0,-15.042308,-7.8884616
29116.666,-15.042308,-7.904487
29133.334,-15.046795,-7.9166665
29150.0,-15.052403,-7.9278846
29166.666,-15.058654,-7.9384613
29183.334,-15.0658655,-7.9480767
29200.0,-15.073077,-7.957692
29216.666,-15.071474,-7.982532
29233.334,-15.069872,-8.007372
29250.0,-15.072115,-8.016827
29266.666,-15.076923,-8.016026
29283.334,-15.0799675,-8.020032
29300.0,-15.075961,-8.043269
29316.666,-15.071955,-8.066506
29333.334,-15.070513,-8.078205
29350.0,-15.069712,-8.087019
29366.666,-15.071154,-8.100641
29383.334,-15.075961,-8.121474
29400.0,-15.08077,-8.142307
29416.666,-15.092789,-8.12468
29433.334,-15.104808,-8.107051
29450.0,-15.11202,-8.0903845
29466.666,-15.116026,-8.074359
29483.334,-15.119552,-8.058494
29500.0,-15.121154,-8.043269
29516.666,-15.122756,-8.028045
29533.334,-15.119231,-8.032692
29550.0,-15.114423,-8.042308
29566.666,-15.1134615,-8.046795
29583.334,-15.118269,-8.04359
29600.0,-15.123077,-8.040384
29616.666,-15.116667,-8.033173
29633.334,-15.110256,-8.025962
29650.0,-15.099038,-8.031731
29666.666,-15.084616,-8.046154
29683.334,-15.070513,-8.06218
29700.0,-15.057693,-8.084616
29716.666,-15.044871,-8.107051
29733.334,-15.035256,-8.132051
29750.0,-15.026443,-8.157692
29766.666,-15.017949,-8.172436
29783.334,-15.009936,-8.170834
29800.0,-15.001923,-8.16923
29816.666,-14.981891,-8.180449
29833.334,-14.961859,-8.191667
29850.0,-14.956731,-8.180769
29866.666,-14.961538,-8.1551285
29883.334,-14.9653845,-8.135898
29900.0,-14.9653845,-8.142307
29916.666,-14.9653845,-8.148718
29933.334,-14.960897,-8.145513
29950.0,-14.955289,-8.139904
29966.666,-14.947757,-8.138141
29983.334,-14.93734,-8.142147
30000.0,-14.926923,-8.146153
30016.666,-14.939744,-8.138141
30033.334,-14.952564,-8.130128
30050.0,-14.951923,-8.122115
30066.666,-14.942307,-8.114102
30083.334,-14.936539,-8.103526
30100.0,-14.946154,-8.082692
30116.666,-14.95577,-8.061859
30133.334,-14.953846,-8.036538
30150.0,-14.9490385,-8.010097
30166.666,-14.953846,-7.990064
30183.334,-14.973077,-7.9796476
30200.0,-14.992308,-7.9692307
30216.666,-14.976282,-7.9371796
30233.334,-14.960257,-7.905128
30250.0,-14.938461,-7.873077
30266.666,-14.912821,-7.841026
30283.334,-14.891346,-7.815064
30300.0,-14.8865385,-7.8134613
30316.666,-14.881731,-7.811859
30333.334,-14.861539,-7.7935896
30350.0,-14.8375,-7.771154
30366.666,-14.817948,-7.7621794
30383.334,-14.805128,-7.7733974
30400.0,-14.792308,-7.7846155
30416.666,-14.809936,-7.775
30433.334,-14.827564,-7.7653847
30450.0,-14.834616,-7.7509613
30466.666,-14.834616,-7.733333
30483.334,-14.835257,-7.719872
30500.0,-14.838462,-7.723077
30516.666,-14.841666,-7.726282
30533.334,-14.835897,-7.729487
30550.0,-14.827885,-7.7326922
30566.666,-14.828205,-7.738782
30583.334,-14.841025,-7.749199
30600.0,-14.853847,-7.7596154
30616.666,-14.834616,-7.749199
30633.334,-14.815385,-7.738782
30650.0,-14.804808,-7.7403846
30666.666,-14.8,-7.75
30683.334,-14.796154,-7.7570515
30700.0,-14.796154,-7.753846
30716.666,-14.796154,-7.750641
30733.334,-14.782051,-7.7256413
30750.0,-14.764423,-7.6951923
30766.666,-14.754487,-7.6807694
30783.334,-14.75609,-7.6903844
30800.0,-14.757692,-7.7
30816.666,-14.76891,-7.7016025
30833.334,-14.7801285,-7.703205
30850.0,-14.778846,-7.7009616
30866.666,-14.769231,-7.6961536
30883.334,-14.761859,-7.6942306
30900.0,-14.763461,-7.703846
30916.666,-14.765064,-7.7134614
30933.334,-14.766666,-7.7192307
30950.0,-14.76827,-7.7240386
30966.666,-14.775,-7.729487
30983.334,-14.789423,-7.7358975
31000.0,-14.803846,-7.7423077
31016.666,-14.805449,-7.7615385
31033.334,-14.807052,-7.7807693
31050.0,-14.807693,-7.7875
31066.666,-14.807693,-7.7858973
31083.334,-14.808974,-7.7891026
31100.0,-14.815385,-7.8115387
31116.666,-14.8217945,-7.8339744
31133.334,-14.832051,-7.847436
31150.0,-14.843269,-7.858654
31166.666,-14.848077,-7.8628206
31183.334,-14.843269,-7.85641
31200.0,-14.838462,-7.85
31216.666,-14.8240385,-7.830769
31233.334,-14.809615,-7.8115387
31250.0,-14.8,-7.8009615
31266.666,-14.79359,-7.796154
31283.334,-14.782692,-7.7897434
31300.0,-14.753846,-7.776923
31316.666,-14.725,-7.7641025
31333.334,-14.7153845,-7.7602563
31350.0,-14.710577,-7.7586536
31366.666,-14.703846,-7.7557693
31383.334,-14.694231,-7.7509613
31400.0,-14.684615,-7.746154
31416.666,-14.692628,-7.732532
31433.334,-14.700641,-7.71891
31450.0,-14.699519,-7.707692
31466.666,-14.692307,-7.6980767
31483.334,-14.683494,-7.6834936
31500.0,-14.668269,-7.6490383
31516.666,-14.653045,-7.6145835
31533.334,-14.658975,-7.5833335
31550.0,-14.670193,-7.5528846
31566.666,-14.676282,-7.5326924
31583.334,-14.67468,-7.5278845
31600.0,-14.673077,-7.523077
31616.666,-14.67468,-7.492628
31633.334,-14.676282,-7.4621797
31650.0,-14.677885,-7.4403844
31666.666,-14.679487,-7.424359
31683.334,-14.677885,-7.4027243
31700.0,-14.663462,-7.358654
31716.666,-14.649038,-7.3145833
31733.334,-14.642949,-7.294872
31750.0,-14.638943,-7.28125
31766.666,-14.634936,-7.26859
31783.334,-14.63093,-7.257372
31800.0,-14.626923,-7.246154
31816.666,-14.61891,-7.226923
31833.334,-14.610897,-7.207692
31850.0,-14.616346,-7.2
31866.666,-14.630769,-7.2
31883.334,-14.644551,-7.200641
31900.0,-14.655769,-7.203846
31916.666,-14.666987,-7.2070513
31933.334,-14.667949,-7.203846
31950.0,-14.666347,-7.1990385
31966.666,-14.664103,-7.1910257
31983.334,-14.660897,-7.178205
32000.0,-14.657692,-7.165385
32016.666,-14.665705,-7.1613784
32033.334,-14.6737175,-7.157372
32050.0,-14.666347,-7.1456733
32066.666,-14.648718,-7.128846
32083.334,-14.634615,-7.116987
32100.0,-14.634615,-7.125
32116.666,-14.634615,-7.133013
32133.334,-14.65641,-7.128846
32150.0,-14.683654,-7.1216345
32166.666,-14.699359,-7.1163464
32183.334,-14.697757,-7.113942
32200.0,-14.696154,-7.1115384
32216.666,-14.692948,-7.113141
32233.334,-14.689744,-7.1147437
32250.0,-14.681731,-7.1173077
32266.666,-14.670513,-7.120513
32283.334,-14.65609,-7.1233974
32300.0,-14.628846,-7.125
32316.666,-14.601603,-7.1266026
32333.334,-14.592308,-7.1179485
32350.0,-14.5875,-7.106731
32366.666,-14.581731,-7.0990386
32383.334,-14.574519,-7.0966344
32400.0,-14.567307,-7.0942307
32416.666,-14.557693,-7.0942307
32433.334,-14.548077,-7.0942307
32450.0,-14.544711,-7.0860577
32466.666,-14.545513,-7.072436
32483.334,-14.54968,-7.0592947
32500.0,-14.567307,-7.048077
32516.666,-14.584936,-7.036859
32533.334,-14.584616,-7.032051
32550.0,-14.579807,-7.0288463
32566.666,-14.572436,-7.021154
32583.334,-14.561218,-7.0067306
32600.0,-14.55,-6.9923077
32616.666,-14.559615,-6.9810896
32633.334,-14.569231,-6.969872
32650.0,-14.58077,-6.976923
32666.666,-14.59359,-6.996154
32683.334,-14.602243,-7.0089746
32700.0,-14.594231,-6.996154
32716.666,-14.586218,-6.983333
32733.334,-14.59359,-7.002564
32750.0,-14.604808,-7.0298076
32766.666,-14.605769,-7.0451922
32783.332,-14.591346,-7.0427885
32800.0,-14.576923,-7.040385
32816.668,-14.576923,-7.0347757
32833.332,-14.576923,-7.0291667
32850.0,-14.579807,-7.035096
32866.668,-14.584616,-7.048718
32883.332,-14.590064,-7.0600963
32900.0,-14.598077,-7.0625
32916.668,-14.60609,-7.0649037
32933.332,-14.615385,-7.071795
32950.0,-14.625,-7.0798078
32966.668,-14.622436,-7.0814104
32983.332,-14.601603,-7.0733976
33000.0,-14.58077,-7.0653844
33016.668,-14.561539,-7.084615
33033.332,-14.542308,-7.103846
33050.0,-14.5346155,-7.1192307
33066.668,-14.5346155,-7.1320515
33083.332,-14.534295,-7.145192
33100.0,-14.532692,-7.1596155
33116.668,-14.53109,-7.1740384
33133.332,-14.535897,-7.1961536
33150.0,-14.542308,-7.2201924
33166.668,-14.549359,-7.2346153
33183.332,-14.557372,-7.2346153
33200.0,-14.565385,-7.2346153
33216.668,-14.56218,-7.2434297
33233.332,-14.558974,-7.2522435
33250.0,-14.565385,-7.261058
33266.668,-14.578205,-7.2698717
33283.332,-14.589103,-7.275641
33300.0,-14.592308,-7.269231
33316.668,-14.595512,-7.2628207
33333.332,-14.602564,-7.25641
33350.0,-14.610577,-7.25
33366.668,-14.61218,-7.2442307
33383.332,-14.604167,-7.2394233
33400.0,-14.596154,-7.2346153
33416.668,-14.594551,-7.2089744
33433.332,-14.592949,-7.1833334
33450.0,-14.594231,-7.1701922
33466.668,-14.597436,-7.165385
33483.332,-14.598077,-7.157051
33500.0,-14.588462,-7.1346154
33516.668,-14.578846,-7.1121793
33533.332,-14.583333,-7.0871797
33550.0,-14.591346,-7.0615387
33566.668,-14.587179,-7.044872
33583.332,-14.564744,-7.0416665
33600.0,-14.542308,-7.0384617
33616.668,-14.551923,-7.0352564
33633.332,-14.561539,-7.032051
33650.0,-14.571154,-7.0288463
33666.668,-14.58077,-7.025641
33683.332,-14.584295,-7.0235577
33700.0,-14.563461,-7.0259614
33716.668,-14.542628,-7.0283656
33733.332,-14.53718,-7.026923
33750.0,-14.535577,-7.0245194
33766.668,-14.535897,-7.028205
33783.332,-14.539103,-7.0410256
33800.0,-14.542308,-7.0538464
33816.668,-14.539103,-7.050641
33833.332,-14.535897,-7.0474358
33850.0,-14.533173,-7.0509615
33866.668,-14.530769,-7.0589743
33883.332,-14.529648,-7.0714746
33900.0,-14.533654,-7.101923
33916.668,-14.537661,-7.132372
33933.332,-14.557693,-7.1576924
33950.0,-14.581731,-7.1817307
33966.668,-14.608334,-7.1871796
33983.332,-14.6387825,-7.1647434
34000.0,-14.66923,-7.1423078
34016.668,-14.691667,-7.1735578
34033.332,-14.714103,-7.2048078
34050.0,-14.725962,-7.2254806
34066.668,-14.730769,-7.2391024
34083.332,-14.7362175,-7.2532053
34100.0,-14.744231,-7.269231
34116.668,-14.752244,-7.2852564
34133.332,-14.760257,-7.3
34150.0,-14.76827,-7.314423
34166.668,-14.778846,-7.321795
34183.332,-14.793269,-7.3185897
34200.0,-14.807693,-7.3153844
34216.668,-14.822115,-7.334615
34233.332,-14.836538,-7.353846
34250.0,-14.853847,-7.371154
34266.668,-14.873077,-7.3871794
34283.332,-14.8924675,-7.4057693
34300.0,-14.9125,-7.4346156
34316.668,-14.932532,-7.4634614
34333.332,-14.942307,-7.4884615
34350.0,-14.949519,-7.5125
34366.668,-15.002244,-7.49359
34383.332,-15.123238,-7.4102564
34400.0,-15.244231,-7.326923
34416.668,-15.28109,-7.3621793
34433.332,-15.317948,-7.3974357
34450.0,-15.291827,-8.04423
34466.668,-15.223718,-9.098718
34483.332,-15.182372,-9.917308
34500.0,-15.248077,-9.792308
34516.668,-15.313782,-9.667308
34533.332,-15.313782,-9.667308
34550.0,-15.313782,-9.667308
