0.0,-0.6,-9.407692
16.666666,-0.5775641,-9.394872
33.333332,-0.5551282,-9.382051
50.0,-0.5403846,-9.374039
66.666664,-0.5307692,-9.369231
83.333336,-0.5246795,-9.364423
100.0,-0.5326923,-9.359615
116.666664,-0.54070514,-9.354808
133.33333,-0.5538462,-9.344231
150.0,-0.56826925,-9.3322115
166.66667,-0.576282,-9.322757
183.33333,-0.5746795,-9.317147
200.0,-0.5730769,-9.311539
216.66667,-1.0586538,-9.165705
233.33333,-1.5442308,-9.019872
250.0,-2.4211538,-8.874519
266.66666,-3.5589743,-8.729487
283.33334,-4.449519,-8.603686
300.0,-4.3509617,-8.554808
316.66666,-4.2524037,-8.50593
333.33334,-4.2192307,-8.479487
350.0,-4.202404,-8.458653
366.66666,-4.1983976,-8.442948
383.33334,-4.2136216,-8.434936
400.0,-4.228846,-8.426923
416.66666,-4.2216344,-8.577564
433.33334,-4.214423,-8.728205
450.0,-4.1493893,-8.796739
466.66666,-4.0843554,-8.865272
483.33334,-4.019322,-8.933805
500.0,-3.954288,-9.002338
516.6667,-3.889254,-9.070872
533.3333,-3.8242204,-9.139406
550.0,-3.7591865,-9.207939
566.6667,-3.6941528,-9.276473
583.3333,-3.629119,-9.345006
600.0,-3.5640852,-9.41354
616.6667,-3.4990516,-9.482073
633.3333,-3.4340177,-9.550607
650.0,-3.368984,-9.61914
666.6667,-3.30395,-9.687674
683.3333,-3.2389164,-9.7562065
700.0,-3.1738825,-9.82474
716.6667,-3.1088488,-9.893273
733.3333,-3.043815,-9.961807
750.0,-2.9787812,-10.03034
766.6667,-2.9137473,-10.098874
783.3333,-2.8487136,-10.167407
800.0,-2.7836797,-10.235941
816.6667,-2.718646,-10.304474
833.3333,-2.6536124,-10.373008
850.0,-2.5885785,-10.441541
866.6667,-2.5235448,-10.510075
883.3333,-2.4585109,-10.578608
900.0,-2.3934772,-10.647141
916.6667,-2.3284433,-10.715674
933.3333,-2.2634096,-10.784208
950.0,-2.1983757,-10.852741
966.6667,-2.133342,-10.921275
983.3333,-2.068308,-10.989808
1000.0,-2.0032744,-11.058342
1016.6667,-1.9382406,-11.126876
1033.3334,-1.8732069,-11.195409
1050.0,-1.8081731,-11.263943
1066.6666,-1.5461539,-11.017949
1083.3334,-1.2945513,-10.782211
1100.0,-1.0846153,-10.5875
1116.6666,-0.8746795,-10.392789
1133.3334,-0.75576925,-10.239102
1150.0,-0.6596154,-10.095673
1166.6666,-0.56634617,-9.994552
1183.3334,-0.47740385,-9.956891
1200.0,-0.38846153,-9.91923
1216.6666,0.3022436,-9.755769
1233.3334,0.9929487,-9.592308
1250.0,2.5576923,-9.276443
1266.6666,4.705128,-8.858974
1283.3334,6.426282,-8.51843
1300.0,6.4423075,-8.485577
1316.6666,6.4583335,-8.452724
1333.3334,6.4826922,-8.391666
1350.0,6.509135,-8.323558
1366.6666,6.5365386,-8.2637825
1383.3334,6.5653844,-8.216506
1400.0,6.5942307,-8.16923
1416.6666,6.6126604,-8.15641
1433.3334,6.6310897,-8.14359
1450.0,6.644231,-8.019231
1466.6666,6.6538463,-7.820513
1483.3334,6.6625,-7.648718
1500.0,6.667308,-7.584615
1516.6666,6.6721153,-7.520513
1533.3334,6.6891026,-7.4923077
1550.0,6.7091346,-7.473077
1566.6666,6.7349358,-7.4583335
1583.3334,6.769391,-7.4503207
1600.0,6.8038464,-7.4423075
1616.6666,5.1716347,-7.4078526
1633.3334,3.539423,-7.3733974
1650.0,0.39182693,-7.3697114
1666.6666,-3.7660255,-7.3865385
1683.3334,-7.0839744,-7.378846
1700.0,-7.042308,-7.273077
1716.6666,-7.000641,-7.167308
1733.3334,-6.9846153,-7.1410255
1750.0,-6.975,-7.1346154
1766.6666,-6.9692307,-7.1070514
1783.3334,-6.9692307,-7.047756
1800.0,-6.9692307,-6.9884615
1816.6666,-6.9996796,-6.9740386
1833.3334,-7.030128,-6.959615
1850.0,-6.792308,-6.9990387
1866.6666,-6.375641,-7.074359
1883.3334,-6.0416665,-7.1336536
1900.0,-6.0384617,-7.128846
1916.6666,-6.0352564,-7.1240387
1933.3334,-6.0358973,-7.123077
1950.0,-6.0375,-7.123077
1966.6666,-6.049359,-7.126282
1983.3334,-6.0766025,-7.134295
2000.0,-6.103846,-7.1423078
2016.6666,-6.0733976,-7.1310897
2033.3334,-6.0429487,-7.1198716
2050.0,-6.018269,-7.1317306
2066.6667,-5.997436,-7.158974
2083.3333,-5.98141,-7.1865387
2100.0,-5.9846153,-7.2153845
2116.6667,-5.9878206,-7.2442307
2133.3333,-5.9910254,-7.275641
2150.0,-5.9942307,-7.3076925
2166.6667,-5.9942307,-7.326923
2183.3333,-5.9894233,-7.326923
2200.0,-5.9846153,-7.326923
2216.6667,-5.992628,-7.3253207
2233.3333,-6.000641,-7.323718
2250.0,-6.001923,-7.3278847
2266.6667,-5.998718,-7.3358974
2283.3333,-5.9958334,-7.346795
2300.0,-5.9942307,-7.3692307
2316.6667,-5.992628,-7.391667
2333.3333,-8.757051,-8.564102
2350.0,-12.212981,-10.024038
2366.6667,-14.257051,-10.964423
2383.3333,-14.183333,-11.125481
2400.0,-14.109615,-11.286538
2416.6667,-14.087981,-11.245673
2433.3333,-14.066346,-11.204807
2450.0,-14.070192,-11.179327
2466.6667,-14.091025,-11.164103
2483.3333,-14.113141,-11.154648
2500.0,-14.140385,-11.168269
2516.6667,-14.167628,-11.181891
2533.3333,-14.883333,-10.7801285
2550.0,-15.771153,-10.274519
2566.6667,-16.285257,-9.970192
2583.3333,-16.238783,-9.967789
2600.0,-16.192308,-9.9653845
2616.6667,-16.197115,-9.956571
2633.3333,-16.201923,-9.947757
2650.0,-16.225,-9.9408655
2666.6667,-16.260256,-9.935256
2683.3333,-16.28782,-9.930449
2700.0,-16.284615,-9.928846
2716.6667,-16.28141,-9.927243
2733.3333,-16.28077,-9.91923
2750.0,-16.28077,-9.9096155
2766.6667,-16.277565,-9.904488
2783.3333,-16.269552,-9.90609
2800.0,-16.261538,-9.907692
2816.6667,-12.90016,-9.055128
2833.3333,-9.538782,-8.202564
2850.0,-7.7802887,-7.660577
2866.6667,-7.0903845,-7.325641
2883.3333,-6.5352564,-7.053205
2900.0,-6.519231,-7.0307693
2916.6667,-6.5032053,-7.008333
2933.3333,-6.4711537,-7.001282
2950.0,-6.4350963,-6.998077
2966.6667,-6.4150643,-7.003846
2983.3333,-6.4190707,-7.023077
3000.0,-6.423077,-7.042308
3016.6667,-6.418269,-7.0503206
3033.3333,-6.4134617,-7.0583334
3050.0,-6.401923,-7.0615387
3066.6667,-6.3858976,-7.0615387
3083.3333,-6.3721156,-7.0615387
3100.0,-6.3673077,-7.0615387
3116.6667,-6.3625,-7.0615387
3133.3333,-6.3397436,-7.0666666
3150.0,-6.3125,-7.0730767
3166.6667,-6.280128,-7.080769
3183.3333,-6.240064,-7.0903845
3200.0,-6.2,-7.1
3216.6667,-4.5309296,-6.6817307
3233.3333,-2.861859,-6.2634616
3250.0,-1.0810363,-5.7398505
3266.6667,0.6997863,-5.2162395
3283.3333,2.480609,-4.6926284
3300.0,4.2614317,-4.1690173
3316.6667,6.0422544,-3.645406
3333.3333,7.8230767,-3.121795
3350.0,7.5105767,-4.3461537
3366.6667,7.2653847,-5.551282
3383.3333,7.121154,-6.7275643
3400.0,6.976923,-7.9038463
3416.6667,6.90641,-8.088141
3433.3333,6.8358974,-8.272436
3450.0,6.8057694,-8.353847
3466.6667,6.802564,-8.366667
3483.3333,6.8038464,-8.3887825
3500.0,6.8230767,-8.448077
3516.6667,6.8423076,-8.507372
3533.3333,6.8589745,-8.526282
3550.0,6.875,-8.535096
3566.6667,6.8858976,-8.527244
3583.3333,6.8891025,-8.494391
3600.0,6.8923078,-8.461538
3616.6667,10.087019,-8.426282
3633.3333,13.281731,-8.391026
3650.0,14.634134,-8.39327
3666.6667,14.758333,-8.420513
3683.3333,14.878205,-8.436218
3700.0,14.980769,-8.405769
3716.6667,15.083333,-8.37532
3733.3333,15.142307,-8.347436
3750.0,15.190385,-8.320192
3766.6667,15.232693,-8.305128
3783.3333,15.266346,-8.308333
3800.0,15.3,-8.311539
3816.6667,15.333653,-8.321955
3833.3333,15.367308,-8.332372
3850.0,15.3865385,-8.336058
3866.6667,15.396153,-8.335257
3883.3333,15.401603,-8.339423
3900.0,15.390385,-8.3634615
3916.6667,15.379167,-8.3875
3933.3333,15.361539,-8.402564
3950.0,15.342308,-8.415384
3966.6667,15.294871,-8.415705
3983.3333,15.205129,-8.397276
4000.0,15.115385,-8.378846
4016.6667,11.375,-8.242628
4033.3333,7.6346154,-8.10641
4050.0,6.1076922,-8.013943
4066.6667,6.0564103,-7.950641
4083.3333,6.0070515,-7.896154
4100.0,5.9653845,-7.876923
4116.6665,5.923718,-7.8576922
4133.3335,5.8692307,-7.8384614
4150.0,5.8115387,-7.8192306
4166.6665,5.769231,-7.799359
4183.3335,5.75,-7.778526
4200.0,5.730769,-7.7576923
4216.6665,5.7275643,-7.7272434
4233.3335,5.724359,-7.696795
4250.0,5.7158656,-7.6716347
4266.6665,5.703846,-7.65
4283.3335,5.693109,-7.634135
4300.0,5.6875,-7.641346
4316.6665,5.681891,-7.6485577
4333.3335,5.675641,-7.6685896
4350.0,5.669231,-7.691827
4366.6665,5.665385,-7.709295
4383.3335,5.665385,-7.718109
4400.0,5.665385,-7.726923
4416.6665,5.652564,-7.720513
4433.3335,5.639744,-7.7141027
4450.0,5.628846,-7.7163463
4466.6665,5.6192307,-7.724359
4483.3335,5.6134615,-7.732372
4500.0,5.623077,-7.7403846
4516.6665,5.6326923,-7.7483974
4533.3335,5.6410255,-7.753846
4550.0,5.6490383,-7.7586536
4566.6665,5.650641,-7.7615385
4583.3335,5.642628,-7.7615385
4600.0,5.6346154,-7.7615385
4616.6665,5.6266026,-7.7727566
4633.3335,5.61859,-7.783974
4650.0,5.6033654,-7.7971153
4666.6665,5.5833335,-7.8115387
4683.3335,5.5645833,-7.8221154
4700.0,5.5509615,-7.8173075
4716.6665,5.5373397,-7.8125
4733.3335,5.5128207,-7.7833333
4750.0,5.485577,-7.748077
4766.6665,4.23141,-7.6942306
4783.3335,1.1368589,-7.6125
4800.0,-1.9576923,-7.5307693
4816.6665,-3.9096153,-7.296795
4833.3335,-5.8615384,-7.0628204
4850.0,-6.6322117,-6.9379807
4866.6665,-6.6153846,-6.8858976
4883.3335,-6.5959935,-6.835577
4900.0,-6.566346,-6.792308
4916.6665,-6.536699,-6.7490387
4933.3335,-6.532051,-6.7423077
4950.0,-6.5336537,-6.7447114
4966.6665,-6.5326924,-6.7551284
4983.3335,-6.5278845,-6.777564
5000.0,-6.523077,-6.8
5016.6665,-6.5190706,-6.7927885
5033.3335,-6.5150642,-6.785577
5050.0,-6.5322113,-6.7716346
5066.6665,-6.5634613,-6.7532053
5083.3335,-6.5915065,-6.7423077
5100.0,-6.606731,-6.7615385
5116.6665,-6.621955,-6.7807693
5133.3335,-6.6358976,-6.7974358
5150.0,-6.6495194,-6.8134613
5166.6665,-6.572436,-6.878846
5183.3335,-6.359295,-7.018269
5200.0,-6.146154,-7.1576924
5216.6665,-6.1509614,-7.16891
5233.3335,-6.1557693,-7.180128
5250.0,-6.1528845,-7.2028847
5266.6665,-6.1448717,-7.233333
5283.3335,-6.136859,-7.261218
5300.0,-6.128846,-7.2788463
5316.6665,-6.1208334,-7.2964745
5333.3335,-6.1160254,-7.3166666
5350.0,-6.112019,-7.3375
5366.6665,-6.109295,-7.358333
5383.3335,-6.108494,-7.3791666
5400.0,-6.1076922,-7.4
5416.6665,-6.1133013,-7.4096155
5433.3335,-6.1189103,-7.419231
5450.0,-6.1307693,-7.424519
5466.6665,-6.146795,-7.4269233
5483.3335,-6.1602564,-7.429968
5500.0,-6.1634617,-7.435577
5516.6665,-6.1666665,-7.441186
5533.3335,-6.1641026,-7.4371796
5550.0,-6.160096,-7.4307694
5566.6665,-6.1493587,-7.419872
5583.3335,-6.1285257,-7.4022436
5600.0,-6.1076922,-7.3846154
5616.6665,-6.098077,-7.3782053
5633.3335,-6.0884614,-7.3717947
5650.0,-6.082692,-7.3615384
5666.6665,-6.0794873,-7.348718
5683.3335,-6.078846,-7.3370194
5700.0,-6.0884614,-7.3298078
5716.6665,-6.098077,-7.322596
5733.3335,-6.1,-7.292308
5750.0,-6.1,-7.25625
5766.6665,-6.098077,-7.230769
5783.3335,-6.0932693,-7.2211537
5800.0,-6.0884614,-7.2115383
5816.6665,-6.0852566,-7.1826925
5833.3335,-6.0820513,-7.1538463
5850.0,-6.0875,-7.1423078
5866.6665,-6.098718,-7.1423078
5883.3335,-6.1089745,-7.1403847
5900.0,-6.1153846,-7.1307693
5916.6665,-6.1217947,-7.121154
5933.3335,-6.124359,-7.1153846
5950.0,-6.1259613,-7.110577
5966.6665,-6.125,-7.1076922
5983.3335,-6.1201925,-7.1076922
6000.0,-6.1153846,-7.1076922
6016.6665,-6.1097755,-7.1076922
6033.3335,-6.1041665,-7.1076922
6050.0,-6.0942307,-7.0908656
6066.6665,-6.0814104,-7.0628204
6083.3335,-6.068109,-7.039263
6100.0,-6.0528846,-7.0336537
6116.6665,-6.03766,-7.0280447
6133.3335,-6.023077,-7.026923
6150.0,-6.0086536,-7.026923
6166.6665,-6.002564,-7.027564
6183.3335,-6.0089746,-7.0291667
6200.0,-6.0153847,-7.0307693
6216.6665,-6.0089746,-7.027564
6233.3335,-6.002564,-7.0243587
6250.0,-6.0028844,-7.0240383
6266.6665,-6.0076923,-7.025641
6283.3335,-6.0051284,-7.0195513
6300.0,-5.973077,-6.9826922
6316.6665,-5.9410257,-6.945833
6333.3335,-5.9397435,-6.9346156
6350.0,-5.9461536,-6.9298077
6366.6665,-5.948718,-6.928205
6383.3335,-5.945513,-6.9314103
6400.0,-5.9423075,-6.9346156
6416.6665,-5.9447117,-6.9298077
6433.3335,-5.9471154,-6.925
6450.0,-5.9528847,-6.9326925
6466.6665,-5.9608974,-6.948718
6483.3335,-5.9658656,-6.965705
6500.0,-5.958654,-6.9865384
6516.6665,-5.9514422,-7.007372
6533.3335,-5.932051,-7.00641
6550.0,-5.9096155,-7.0
6566.6665,-5.889744,-6.9903846
6583.3335,-5.873718,-6.9759617
6600.0,-5.8576922,-6.9615383
6616.6665,-5.8560896,-6.945513
6633.3335,-5.854487,-6.929487
6650.0,-5.8461537,-6.9009614
6666.6665,-5.8333335,-6.8641024
6683.3335,-5.8185897,-6.838141
6700.0,-5.796154,-6.855769
6716.6665,-5.773718,-6.8733974
6733.3335,-5.7602563,-6.889744
6750.0,-5.7490387,-6.9057693
6766.6665,-5.7365384,-6.9147434
6783.3335,-5.7221155,-6.9131413
6800.0,-5.707692,-6.9115386
6816.6665,-5.6788464,-6.9027243
6833.3335,-5.65,-6.8939104
6850.0,-5.629327,-6.8908653
6866.6665,-5.6141024,-6.891667
6883.3335,-5.599199,-6.890705
6900.0,-5.585577,-6.8826923
6916.6665,-5.571955,-6.8746796
6933.3335,-5.580769,-6.8692307
6950.0,-5.5951924,-6.8644233
6966.6665,-5.6121793,-6.871154
6983.3335,-5.633013,-6.895192
7000.0,-5.6538463,-6.919231
7016.6665,-5.6522436,-6.9048076
7033.3335,-5.650641,-6.8903847
7050.0,-5.6538463,-6.884135
7066.6665,-5.6602564,-6.883333
7083.3335,-5.665385,-6.8828526
7100.0,-5.665385,-6.8836536
7116.6665,-5.665385,-6.884455
7133.3335,-5.6576924,-6.879487
7150.0,-5.648077,-6.873077
7166.6665,-5.646154,-6.876923
7183.3335,-5.6557693,-6.896154
7200.0,-5.665385,-6.915385
7216.6665,-5.665385,-6.901763
7233.3335,-5.665385,-6.888141
7250.0,-5.671154,-6.884135
7266.6665,-5.6807694,-6.8865385
7283.3335,-5.688622,-6.889744
7300.0,-5.689423,-6.896154
7316.6665,-5.690224,-6.902564
7333.3335,-5.6858974,-6.879487
7350.0,-5.6802883,-6.8490386
7366.6665,-5.6788464,-6.8333335
7383.3335,-5.683654,-6.8397436
7400.0,-5.6884613,-6.8461537
7416.6665,-5.6996794,-6.855769
7433.3335,-5.7108974,-6.8653846
7450.0,-5.7182693,-6.8663464
7466.6665,-5.723077,-6.8615384
7483.3335,-5.726282,-6.857372
7500.0,-5.723077,-6.855769
7516.6665,-5.719872,-6.8541665
7533.3335,-5.722436,-6.853846
7550.0,-5.7264423,-6.853846
7566.6665,-5.733654,-6.855769
7583.3335,-5.745673,-6.860577
7600.0,-5.7576923,-6.8653846
7616.6665,-5.765705,-6.8621793
7633.3335,-5.773718,-6.8589745
7650.0,-5.776923,-6.8576922
7666.6665,-5.776923,-6.8576922
7683.3335,-5.777564,-6.8576922
7700.0,-5.7807693,-6.8576922
7716.6665,-5.783974,-6.8576922
7733.3335,-5.7871795,-6.8641024
7750.0,-5.790385,-6.8721156
7766.6665,-5.7878203,-6.8692307
7783.3335,-5.7766027,-6.85
7800.0,-5.7653847,-6.830769
7816.6665,-5.7541666,-6.824359
7833.3335,-5.7429485,-6.817949
7850.0,-5.751923,-6.8125
7866.6665,-5.7743587,-6.8076925
7883.3335,-5.794231,-6.805128
7900.0,-5.8038464,-6.8115387
7916.6665,-5.8134613,-6.817949
7933.3335,-5.828205,-6.821795
7950.0,-5.8442307,-6.825
7966.6665,-5.8865385,-6.826282
7983.3335,-5.9682693,-6.8246794
8000.0,-6.05,-6.8230767
8016.6665,-6.245513,-6.932051
8033.3335,-6.4410257,-7.0410256
8050.0,-6.5153847,-7.0865383
8066.6665,-6.5089746,-7.0897436
8083.3335,-6.491827,-7.0971155
8100.0,-6.4317307,-7.121154
8116.6665,-6.3716345,-7.145192
8133.3335,-6.2371793,-7.15641
8150.0,-6.0841346,-7.164423
8166.6665,-5.9923077,-7.1753206
8183.3335,-5.9923077,-7.190545
8200.0,-5.9923077,-7.205769
8216.667,-5.9891024,-7.2266026
8233.333,-5.9858975,-7.247436
8250.0,-5.959615,-7.2495193
8266.667,-5.9179487,-7.2391024
8283.333,-5.8801284,-7.2358975
8300.0,-5.8576922,-7.2615385
8316.667,-5.8352566,-7.2871795
8333.333,-5.8173075,-7.3115387
8350.0,-5.800481,-7.335577
8366.667,-5.7759614,-7.35
8383.333,-5.739904,-7.35
8400.0,-5.703846,-7.35
8416.667,-5.689423,-7.3708334
8433.333,-5.675,-7.391667
8450.0,-5.6701922,-7.396154
8466.667,-5.671795,-7.389744
8483.333,-5.671154,-7.384135
8500.0,-5.6615386,-7.3817306
8516.667,-5.651923,-7.379327
8533.333,-5.6346154,-7.3653846
8550.0,-5.6153846,-7.3485575
8566.667,-5.603846,-7.3391027
8583.333,-5.603846,-7.340705
8600.0,-5.603846,-7.3423076
8616.667,-5.597436,-7.358333
8633.333,-5.591026,-7.374359
8650.0,-5.5860577,-7.3774037
8666.667,-5.5820513,-7.3717947
8683.333,-5.573718,-7.3677883
8700.0,-5.548077,-7.3701925
8716.667,-5.5224357,-7.3725963
8733.333,-5.520513,-7.3884616
8750.0,-5.5245194,-7.4076924
8766.667,-5.5333333,-7.4121795
8783.333,-5.549359,-7.3945513
8800.0,-5.5653844,-7.376923
8816.667,-5.5701923,-7.3641024
8833.333,-5.575,-7.351282
8850.0,-5.3067307,-7.285577
8866.667,-4.85641,-7.1846156
8883.333,-4.5492716,-6.9159093
8900.0,-4.2421327,-6.647203
8916.667,-3.9349942,-6.3784966
8933.333,-3.6278555,-6.1097903
8950.0,-3.3207169,-5.841084
8966.667,-3.0135782,-5.5723777
8983.333,-2.7064395,-5.3036714
9000.0,-2.3993008,-5.034965
9016.667,-2.092162,-4.7662587
9033.333,-1.7850233,-4.4975524
9050.0,-1.4778847,-4.228846
9066.667,-1.4282051,-5.9179487
9083.333,-1.3564103,-7.365705
9100.0,-1.1961539,-7.848077
9116.667,-1.0358975,-8.330449
9133.333,-0.9461538,-8.357051
9150.0,-0.87403846,-8.2697115
9166.667,-0.5801282,-8.201923
9183.333,0.04647436,-8.163462
9200.0,0.6730769,-8.125
9216.667,3.0328526,-8.204327
9233.333,5.392628,-8.283654
9250.0,6.3322115,-8.313461
9266.667,6.325,-8.310256
9283.333,6.3211536,-8.305449
9300.0,6.330769,-8.29423
9316.667,6.3403845,-8.283012
9333.333,6.34359,-8.292949
9350.0,6.3451924,-8.308173
9366.667,6.3490386,-8.317307
9383.333,6.35625,-8.317307
9400.0,6.3634615,-8.317307
9416.667,6.370673,-8.293269
9433.333,6.3778844,-8.269231
9450.0,6.3884616,-8.239903
9466.667,6.401282,-8.207051
9483.333,6.4134617,-8.181089
9500.0,6.423077,-8.182693
9516.667,6.4326925,-8.184295
9533.333,6.4358974,-8.182052
9550.0,6.4375,-8.178846
9566.667,6.447436,-8.1759615
9583.333,6.469872,-8.173557
9600.0,6.4923077,-8.171154
9616.667,6.4618587,-8.184775
9633.333,6.4314103,-8.198398
9650.0,4.3759613,-8.126923
9666.667,0.9705128,-7.998718
9683.333,-2.0048077,-7.8740387
9700.0,-3.2596154,-7.7634616
9716.667,-4.514423,-7.6528845
9733.333,-4.599359,-7.5711536
9750.0,-4.391827,-7.4966345
9766.667,-4.244551,-7.463141
9783.333,-4.18766,-7.4911857
9800.0,-4.1307693,-7.519231
9816.667,-4.107532,-7.5088143
9833.333,-4.084295,-7.4983974
9850.0,-4.071635,-7.483173
9866.667,-4.0660257,-7.4647436
9883.333,-4.0695515,-7.4496794
9900.0,-4.1096153,-7.4480767
9916.667,-4.1496797,-7.4464746
9933.333,-4.1891026,-7.4358974
9950.0,-4.2283654,-7.423077
9966.667,-4.2602563,-7.4121795
9983.333,-4.28109,-7.4041667
10000.0,-4.3019233,-7.396154
10016.667,-4.3347754,-7.3977566
10033.333,-4.367628,-7.3993587
10050.0,-4.398077,-7.398077
10066.667,-4.4269233,-7.3948717
10083.333,-4.450641,-7.3964744
10100.0,-4.453846,-7.417308
10116.667,-4.4570513,-7.438141
10133.333,-5.1192307,-7.466026
10150.0,-5.9461536,-7.495673
10166.667,-6.6160254,-7.563782
10183.333,-7.0503206,-7.6895833
10200.0,-7.4846153,-7.8153844
10216.667,-7.398077,-7.8578525
10233.333,-7.3115387,-7.9003205
10250.0,-7.098077,-7.9235578
10266.667,-6.8,-7.9339743
10283.333,-6.5384617,-7.938782
10300.0,-6.423077,-7.921154
10316.667,-6.3076925,-7.903526
10333.333,-6.3397436,-7.915385
10350.0,-6.4086537,-7.9346156
10366.667,-6.5057693,-7.9435897
10383.333,-6.645192,-7.9371796
10400.0,-6.7846155,-7.9307694
10416.667,-6.78141,-7.916346
10433.333,-6.778205,-7.901923
10450.0,-6.770192,-7.894231
10466.667,-6.7589746,-7.8910255
10483.333,-6.7016025,-7.877564
10500.0,-6.459615,-7.8230767
10516.667,-6.217628,-7.76859
10533.333,-6.1858974,-7.7589746
10550.0,-6.206731,-7.7605767
10566.667,-6.235256,-7.771795
10583.333,-6.2753205,-7.7974358
10600.0,-6.3153844,-7.8230767
10616.667,-6.316186,-7.8358974
10633.333,-6.316987,-7.848718
10650.0,-6.324519,-7.8461537
10666.667,-6.3365383,-7.8333335
10683.333,-6.349199,-7.8185897
10700.0,-6.3644233,-7.796154
10716.667,-6.3796473,-7.773718
10733.333,-6.3858976,-7.752564
10750.0,-6.389904,-7.731731
10766.667,-6.398077,-7.7173076
10783.333,-6.4125,-7.7125
10800.0,-6.4269233,-7.707692
10816.667,-6.4317307,-7.6932693
10833.333,-6.4365387,-7.6788464
10850.0,-6.445673,-7.6567307
10866.667,-6.457692,-7.629487
10883.333,-6.469391,-7.603846
10900.0,-6.479808,-7.584615
10916.667,-6.4902244,-7.5653844
10933.333,-6.503846,-7.570513
10950.0,-6.518269,-7.581731
10966.667,-6.530128,-7.5942307
10983.333,-6.5381413,-7.608654
11000.0,-6.546154,-7.623077
11016.667,-6.5573716,-7.615865
11033.333,-6.5685897,-7.608654
11050.0,-6.581731,-7.615865
11066.667,-6.5961537,-7.6326923
11083.333,-6.613141,-7.6458335
11100.0,-6.6403847,-7.644231
11116.667,-6.6676283,-7.642628
11133.333,-6.6935897,-7.64359
11150.0,-6.7192307,-7.645192
11166.667,-6.741667,-7.6493587
11183.333,-6.759295,-7.657372
11200.0,-6.776923,-7.665385
11216.667,-6.7777243,-7.6557693
11233.333,-6.778526,-7.646154
11250.0,-6.78125,-7.639423
11266.667,-6.7852564,-7.6346154
11283.333,-6.7641025,-7.6346154
11300.0,-6.6423078,-7.6538463
11316.667,-6.520513,-7.673077
11333.333,-6.5,-7.671795
11350.0,-6.5048075,-7.665385
11366.667,-6.5108976,-7.6615386
11383.333,-6.5189104,-7.6615386
11400.0,-6.526923,-7.6615386
11416.667,-6.532532,-7.6679487
11433.333,-6.5381413,-7.674359
11450.0,-6.5447116,-7.674519
11466.667,-6.5519233,-7.6705127
11483.333,-6.525641,-7.6639423
11500.0,-6.3653846,-7.647115
11516.667,-6.205128,-7.6302886
11533.333,-6.1602564,-7.626923
11550.0,-6.144231,-7.626923
11566.667,-6.13141,-7.6307693
11583.333,-6.1233974,-7.6403847
11600.0,-6.1153846,-7.65
11616.667,-6.1121793,-7.669231
11633.333,-6.1089745,-7.6884613
11650.0,-6.10625,-7.6971154
11666.667,-6.103846,-7.698718
11683.333,-6.0897436,-7.6897435
11700.0,-6.0288463,-7.6384616
11716.667,-5.967949,-7.5871797
11733.333,-5.905128,-7.5628204
11750.0,-5.841827,-7.5451922
11766.667,-5.771154,-7.5397434
11783.333,-5.689423,-7.552564
11800.0,-5.6076922,-7.5653844
11816.667,-5.521154,-7.5878205
11833.333,-5.4346156,-7.610256
11850.0,-5.348077,-7.5711536
11866.667,-5.2615385,-7.4910254
11883.333,-5.1753206,-7.418269
11900.0,-5.0903845,-7.375
11916.667,-5.005449,-7.331731
11933.333,-4.9525642,-7.2871795
11950.0,-4.9076924,-7.2423077
11966.667,-4.949359,-7.1846156
11983.333,-5.1208334,-7.1076922
12000.0,-5.292308,-7.0307693
12016.667,-5.242628,-7.0259614
12033.333,-5.192949,-7.021154
12050.0,-5.1466346,-7.0139422
12066.667,-5.1025643,-7.0051284
12083.333,-5.065224,-6.9947114
12100.0,-5.0548077,-6.977885
12116.667,-5.044391,-6.9610577
12133.333,-5.044872,-6.9756413
12150.0,-5.048077,-6.998077
12166.667,-5.051282,-7.0179486
12183.333,-5.054487,-7.033974
12200.0,-5.0576925,-7.05
12216.667,-5.0625,-7.094872
12233.333,-5.0673075,-7.139744
12250.0,-5.0653844,-7.166346
12266.667,-5.0589743,-7.1807694
12283.333,-5.054167,-7.1971154
12300.0,-5.0557694,-7.2211537
12316.667,-5.0573716,-7.2451925
12333.333,-2.2217948,-7.448718
12350.0,1.323077,-7.6971154
12366.667,3.8397436,-7.895513
12383.333,4.8141026,-8.01891
12400.0,5.7884617,-8.142307
12416.667,5.7532053,-8.147116
12433.333,5.717949,-8.151923
12450.0,5.701923,-8.134615
12466.667,5.698718,-8.102564
12483.333,5.7,-8.069872
12500.0,5.7192307,-8.0346155
12516.667,5.7384615,-7.999359
12533.333,6.253846,-8.021795
12550.0,6.893269,-8.058654
12566.667,8.457051,-8.276923
12583.333,11.4073715,-8.767307
12600.0,14.357693,-9.257692
12616.667,14.411378,-9.30016
12633.333,14.465064,-9.3426285
12650.0,14.501923,-9.375481
12666.667,14.527564,-9.401923
12683.333,14.551442,-9.417308
12700.0,14.568269,-9.388461
12716.667,14.585096,-9.359615
12733.333,14.589744,-9.339744
12750.0,14.591346,-9.322115
12766.667,14.703846,-9.211218
12783.333,14.982693,-8.960417
12800.0,15.2615385,-8.709616
12816.667,15.274359,-8.676763
12833.333,15.28718,-8.64391
12850.0,15.287981,-8.6
12866.667,15.280769,-8.5487175
12883.333,14.087099,-8.413942
12900.0,12.89343,-8.279166
12916.667,11.6997595,-8.144391
12933.333,10.50609,-8.009615
12950.0,9.31242,-7.87484
12966.667,8.11875,-7.740064
12983.333,6.9250803,-7.6052885
13000.0,5.73141,-7.470513
13016.667,4.53774,-7.335737
13033.333,3.3440704,-7.2009616
13050.0,2.1504006,-7.066186
13066.667,0.9567308,-6.9314103
13083.333,-0.2369391,-6.7966347
13100.0,-1.430609,-6.661859
13116.667,-2.6242788,-6.5270834
13133.333,-3.8179488,-6.3923078
13150.0,-3.5927885,-6.8322115
13166.667,-3.4570513,-7.0711536
13183.333,-3.4554486,-7.0086536
13200.0,-3.4538462,-6.9461536
13216.667,-3.4891026,-6.891667
13233.333,-3.524359,-6.8371797
13250.0,-4.0471153,-6.8596153
13266.667,-4.8948717,-6.9333334
13283.333,-5.5676284,-6.986218
13300.0,-5.540385,-6.955769
13316.667,-5.513141,-6.9253206
13333.333,-5.5115385,-6.9128203
13350.0,-5.516346,-6.9048076
13366.667,-5.5128207,-6.901923
13383.333,-5.4967947,-6.9067307
13400.0,-5.480769,-6.9115386
13416.667,-5.456731,-6.9115386
13433.333,-5.4326925,-6.9115386
13450.0,-5.416346,-6.9288464
13466.667,-5.405128,-6.957692
13483.333,-5.391667,-6.986859
13500.0,-5.3692307,-7.0173078
13516.667,-5.346795,-7.047756
13533.333,-7.822436,-7.6641026
13550.0,-10.922596,-8.426923
13566.667,-13.304167,-9.008333
13583.333,-14.607853,-9.317628
13600.0,-15.911538,-9.626923
13616.667,-15.834616,-9.604487
13633.333,-15.757692,-9.582051
13650.0,-15.716346,-9.563461
13666.667,-15.698718,-9.547436
13683.333,-15.68141,-9.535256
13700.0,-15.665384,-9.538462
13716.667,-15.649359,-9.541667
13733.333,-15.6551285,-9.541026
13750.0,-15.666347,-9.539423
13766.667,-15.667308,-9.538462
13783.333,-15.6528845,-9.538462
13800.0,-15.638461,-9.538462
13816.667,-15.635257,-9.543269
13833.333,-15.632051,-9.548077
13850.0,-15.620193,-9.54423
13866.667,-15.602564,-9.5346155
13883.333,-14.770513,-9.321474
13900.0,-10.680769,-8.29423
13916.667,-6.591026,-7.2669873
13933.333,-5.6884613,-7.0128207
13950.0,-5.582692,-6.951923
13966.667,-5.503846,-6.9141026
13983.333,-5.4653845,-6.9108973
14000.0,-5.4269233,-6.9076924
14016.667,-5.4205127,-6.917308
14033.333,-5.4141026,-6.9269233
14050.0,-5.4201922,-6.941346
14066.667,-5.4346156,-6.9589744
14083.333,-5.451923,-6.9772434
14100.0,-5.480769,-6.998077
14116.667,-5.5096154,-7.0189104
14133.333,-5.525641,-7.0455127
14150.0,-5.5384617,-7.073558
14166.667,-3.7541666,-7.3333335
14183.333,0.7258013,-7.9407053
14200.0,5.205769,-8.548077
14216.667,5.3259616,-8.609776
14233.333,5.4461536,-8.671474
14250.0,5.5004807,-8.693269
14266.667,5.5108976,-8.688461
14283.333,5.5134616,-8.686539
14300.0,5.4846153,-8.696154
14316.667,5.455769,-8.70577
14333.333,5.444872,-8.719231
14350.0,5.4384613,-8.733654
14366.667,5.4333334,-8.746795
14383.333,5.430128,-8.758013
14400.0,5.4269233,-8.769231
14416.667,5.417308,-8.772436
14433.333,5.4076924,-8.775641
14450.0,5.4038463,-8.788462
14466.667,5.4038463,-8.807693
14483.333,5.401923,-8.825641
14500.0,5.3923078,-8.838462
14516.667,5.3826923,-8.851282
14533.333,5.376923,-8.829487
14550.0,5.3721156,-8.799039
14566.667,5.3692307,-8.786859
14583.333,5.3692307,-8.802083
14600.0,5.3692307,-8.817307
14616.667,5.3708334,-8.798879
14633.333,5.372436,-8.780449
14650.0,5.5240383,-8.657692
14666.667,5.775641,-8.4653845
14683.333,5.978045,-8.307853
14700.0,5.983654,-8.289423
14716.667,5.989263,-8.270993
14733.333,5.9871793,-8.269231
14750.0,5.983173,-8.271635
14766.667,5.9826922,-8.273718
14783.333,5.9875,-8.27532
14800.0,5.9923077,-8.276923
14816.667,5.9939103,-8.325
14833.333,5.995513,-8.373077
14850.0,5.9903846,-8.4028845
14866.667,5.980769,-8.420513
14883.333,5.9708333,-8.434936
14900.0,5.959615,-8.436539
14916.667,5.9483976,-8.438141
14933.333,5.95,-8.460257
14950.0,5.9548078,-8.4875
14966.667,5.9435897,-8.513461
14983.333,5.9083333,-8.5375
15000.0,5.873077,-8.561539
15016.667,5.8826923,-8.560738
15033.333,5.8923078,-8.559936
15050.0,5.8875,-8.578365
15066.667,5.873077,-8.609615
15083.333,5.8389425,-8.622436
15100.0,5.7259617,-8.561539
15116.667,5.612981,-8.500641
15133.333,5.5765867,-8.094311
15150.0,5.540192,-7.6879807
15166.667,5.503798,-7.2816505
15183.333,5.467404,-6.8753204
15200.0,5.43101,-6.4689903
15216.667,5.394615,-6.06266
15233.333,5.358221,-5.65633
15250.0,5.321827,-5.25
15266.667,5.285433,-4.84367
15283.333,5.2490387,-4.43734
15300.0,5.1961536,-6.4509616
15316.667,5.143269,-8.464583
15333.333,5.203846,-8.911538
15350.0,5.2927885,-8.966827
15366.667,5.353205,-9.022436
15383.333,5.3708334,-9.078526
15400.0,5.3884616,-9.134615
15416.667,5.4205127,-9.121795
15433.333,5.4525642,-9.108974
15450.0,5.479808,-9.0903845
15466.667,5.503846,-9.067948
15483.333,5.5214744,-9.052083
15500.0,5.5134616,-9.0625
15516.667,5.505449,-9.072917
15533.333,5.4846153,-9.072436
15550.0,5.460577,-9.069231
15566.667,5.449359,-9.064423
15583.333,5.4573717,-9.057212
15600.0,5.4653845,-9.05
15616.667,5.454167,-9.009134
15633.333,5.442949,-8.968269
15650.0,5.451923,-8.966346
15666.667,5.474359,-8.990385
15683.333,5.4932694,-9.010097
15700.0,5.498077,-9.0125
15716.667,5.5028844,-9.014904
15733.333,5.5115385,-8.983334
15750.0,5.521154,-8.943269
15766.667,6.4166665,-8.901603
15783.333,8.641026,-8.8575325
15800.0,10.865385,-8.813461
15816.667,11.379807,-8.833493
15833.333,11.894231,-8.853526
15850.0,12.103847,-8.851923
15866.667,12.110256,-8.835897
15883.333,12.114102,-8.817307
15900.0,12.107693,-8.788462
15916.667,12.101282,-8.759615
15933.333,12.01282,-8.751282
15950.0,11.903846,-8.748077
15966.667,10.855769,-8.770192
15983.333,8.399038,-8.830289
16000.0,5.9423075,-8.890385
16016.667,5.955128,-8.822276
16033.333,5.967949,-8.754167
16050.0,5.9548078,-8.714423
16066.667,5.924359,-8.69359
16083.333,5.893269,-8.673397
16100.0,5.8596153,-8.655769
16116.667,5.8259616,-8.638141
16133.333,5.8320513,-8.605128
16150.0,5.848077,-8.568269
16166.667,5.8647437,-8.54391
16183.333,5.882372,-8.538301
16200.0,5.9,-8.532692
16216.667,5.9160256,-8.538301
16233.333,5.932051,-8.54391
16250.0,5.6807694,-8.541827
16266.667,5.251282,-8.5346155
16283.333,4.9083333,-8.5278845
16300.0,4.9115386,-8.523077
16316.667,4.9147434,-8.51827
16333.333,4.908974,-8.508974
16350.0,4.9009614,-8.498558
16366.667,4.894231,-8.501282
16383.333,4.889423,-8.523718
16400.0,4.8846154,-8.546154
16416.666,5.1514425,-8.590224
16433.334,5.418269,-8.6342945
16450.0,5.5283656,-8.638943
16466.666,5.533974,-8.617308
16483.334,5.5384617,-8.599038
16500.0,5.5384617,-8.594231
16516.666,5.5384617,-8.589423
16533.334,5.5391026,-8.5717945
16550.0,5.5399036,-8.5509615
16566.666,5.54391,-8.539103
16583.334,5.5527244,-8.540705
16600.0,5.5615387,-8.542308
16616.666,5.5711536,-8.5487175
16633.334,5.580769,-8.555128
16650.0,5.582692,-8.573558
16666.666,5.5794873,-8.6
16683.334,5.5766025,-8.624519
16700.0,5.575,-8.641346
16716.666,5.5733976,-8.658173
16733.334,4.6660256,-8.631411
16750.0,3.5322115,-8.59375
16766.666,1.5589744,-8.571474
16783.334,-1.6733974,-8.572276
16800.0,-4.9057693,-8.573077
16816.666,-5.0932693,-8.488141
16833.334,-5.2807693,-8.403205
16850.0,-5.3524036,-8.3471155
16866.666,-5.346795,-8.310256
16883.334,-5.3477564,-8.274679
16900.0,-5.375,-8.244231
16916.666,-5.4022436,-8.213782
16933.334,-5.4076924,-8.180769
16950.0,-5.4076924,-8.147116
16966.666,-5.508013,-8.053846
16983.334,-5.7588143,-7.871154
17000.0,-6.0096154,-7.6884613
17016.666,-6.1282053,-7.46891
17033.334,-6.2467947,-7.249359
17050.0,-6.2908654,-7.1615386
17066.666,-6.2852564,-7.1615386
17083.334,-6.282372,-7.163782
17100.0,-6.290385,-7.175
17116.666,-6.2983975,-7.186218
17133.334,-6.2974358,-7.1858974
17150.0,-6.294231,-7.1826925
17166.666,-6.2891026,-7.1826925
17183.334,-6.28109,-7.1875
17200.0,-6.273077,-7.1923075
17216.666,-5.0671473,-7.483173
17233.334,-3.861218,-7.7740383
17250.0,-1.4783654,-8.177403
17266.666,1.6891025,-8.655769
17283.334,2.122567,-8.523208
17300.0,2.5560315,-8.390647
17316.666,2.989496,-8.258085
17333.334,3.4229603,-8.1255245
17350.0,3.8564248,-7.9929633
17366.666,4.2898893,-7.860402
17383.334,4.723354,-7.727841
17400.0,5.1568184,-7.5952797
17416.666,5.5902824,-7.4627185
17433.334,6.023747,-7.3301573
17450.0,6.4572115,-7.197596
17466.666,6.4371796,-8.46282
17483.334,6.422596,-9.484776
17500.0,6.4298077,-9.533654
17516.666,6.4370193,-9.582532
17533.334,6.4525642,-9.535897
17550.0,6.4701924,-9.4653845
17566.666,6.4897437,-9.424359
17583.334,6.5121794,-9.427564
17600.0,6.5346155,-9.430769
17616.666,6.33109,-9.215224
17633.334,6.127564,-8.99968
17650.0,6.039423,-8.897596
17666.666,6.028205,-8.871154
17683.334,6.0208335,-8.841988
17700.0,6.0288463,-8.801923
17716.666,6.036859,-8.761859
17733.334,6.048718,-8.71282
17750.0,6.0615387,-8.661538
17766.666,6.0759616,-8.636859
17783.334,6.0927887,-8.652083
17800.0,6.1096153,-8.667308
17816.666,6.1440706,-8.63766
17833.334,6.1785254,-8.608013
17850.0,6.1980767,-8.595673
17866.666,6.207692,-8.5948715
17883.334,5.955769,-8.584776
17900.0,4.6576924,-8.5375
17916.666,3.3596153,-8.490224
17933.334,0.32179487,-8.217949
17950.0,-3.1509616,-7.889423
17966.666,-5.21859,-7.6871796
17983.334,-5.1785254,-7.674359
18000.0,-5.1384616,-7.6615386
18016.666,-5.128846,-7.6439104
18033.334,-5.1192307,-7.626282
18050.0,-5.1153846,-7.608654
18066.666,-5.1153846,-7.591026
18083.334,-5.1189103,-7.5804486
18100.0,-5.1365385,-7.598077
18116.666,-5.1541667,-7.615705
18133.334,-4.0653844,-7.6846156
18150.0,-2.7,-7.766346
18166.666,-0.63141024,-7.9333334
18183.334,2.4919872,-8.228205
18200.0,5.6153846,-8.523077
18216.666,5.6225963,-8.522276
18233.334,5.6298075,-8.521474
18250.0,5.6495194,-8.526443
18266.666,5.677564,-8.535256
18283.334,5.7016025,-8.55
18300.0,5.709615,-8.588462
18316.666,5.717628,-8.626923
18333.334,5.723077,-8.642307
18350.0,5.727885,-8.651923
18366.666,5.730769,-8.65641
18383.334,5.730769,-8.653205
18400.0,5.730769,-8.65
18416.666,5.7339745,-8.635577
18433.334,5.7371793,-8.621154
18450.0,5.7384615,-8.620193
18466.666,5.7384615,-8.628205
18483.334,5.740064,-8.638461
18500.0,5.748077,-8.657692
18516.666,5.7560897,-8.676923
18533.334,5.7615385,-8.68718
18550.0,5.766346,-8.695192
18566.666,5.773077,-8.703205
18583.334,5.7826924,-8.711218
18600.0,5.792308,-8.719231
18616.666,5.793109,-8.725641
18633.334,5.79391,-8.732051
18650.0,5.7990384,-8.727884
18666.666,5.807051,-8.716666
18683.334,5.8129807,-8.708974
18700.0,5.810577,-8.7153845
18716.666,5.808173,-8.721795
18733.334,5.817949,-8.725641
18750.0,5.830769,-8.728847
18766.666,5.8423076,-8.730449
18783.334,5.851923,-8.729648
18800.0,5.8615384,-8.728847
18816.666,5.851923,-8.734455
18833.334,5.8423076,-8.740064
18850.0,5.8442307,-8.733173
18866.666,5.853846,-8.717949
18883.334,5.8625,-8.7072115
18900.0,5.8673077,-8.714423
18916.666,5.8721156,-8.721635
18933.334,5.876923,-8.720512
18950.0,5.8817306,-8.717308
18966.666,5.8858976,-8.708333
18983.334,5.8891025,-8.690705
19000.0,5.8923078,-8.673077
19016.666,5.898718,-8.663462
19033.334,5.905128,-8.653846
19050.0,5.9134617,-8.651923
19066.666,5.923077,-8.6551285
19083.334,5.933654,-8.654808
19100.0,5.9480767,-8.640385
19116.666,5.9625,-8.625961
19133.334,5.970513,-8.632051
19150.0,5.976923,-8.64327
19166.666,4.8599358,-8.567628
19183.334,2.0578525,-8.361699
19200.0,-0.74423075,-8.155769
19216.666,-2.8459935,-7.733494
19233.334,-4.9477563,-7.311218
19250.0,-5.7259617,-7.1221156
19266.666,-5.6217947,-7.0884614
19283.334,-5.534936,-7.0567307
19300.0,-5.5173078,-7.0326924
19316.666,-5.4996796,-7.0086536
19333.334,-5.49359,-6.99359
19350.0,-5.4903846,-6.980769
19366.666,-5.5346155,-6.970513
19383.334,-5.65,-6.9641027
19400.0,-5.7653847,-6.957692
19416.666,-5.877564,-6.9384613
19433.334,-5.9897437,-6.919231
19450.0,-6.0509615,-6.9269233
19466.666,-6.078205,-6.9525642
19483.334,-6.1041665,-6.9775643
19500.0,-6.125,-7.0
19516.666,-6.1458335,-7.0224357
19533.334,-6.148718,-7.040385
19550.0,-6.147115,-7.0572114
19566.666,-6.1378207,-7.0695515
19583.334,-6.116987,-7.07516
19600.0,-6.0961537,-7.080769
19616.666,-6.073718,-7.066346
19633.334,-6.051282,-7.0519233
19650.0,-6.0490384,-7.045673
19666.666,-6.0602565,-7.044872
19683.334,-6.0701923,-7.0370193
19700.0,-6.075,-7.0009613
19716.666,-6.0798078,-6.964904
19733.334,-6.0858974,-6.9602566
19750.0,-6.0923076,-6.9634614
19766.666,-6.094872,-6.951282
19783.334,-6.0916667,-6.9160256
19800.0,-6.0884614,-6.8807693
19816.666,-6.1141024,-6.896795
19833.334,-6.139744,-6.9128203
19850.0,-6.1490383,-6.933654
19866.666,-6.1474357,-6.957692
19883.334,-6.141346,-6.9783654
19900.0,-6.1173077,-6.985577
19916.666,-6.0932693,-6.9927883
19933.334,-6.0897436,-6.9865384
19950.0,-6.0913463,-6.976923
19966.666,-6.101282,-6.961218
19983.334,-6.123718,-6.936378
20000.0,-6.146154,-6.9115386
20016.666,-7.364904,-7.1270833
20033.334,-8.583653,-7.342628
20050.0,-10.693269,-8.033173
20066.666,-13.396795,-9.040384
20083.334,-15.549359,-9.850321
20100.0,-15.498077,-9.871154
20116.666,-15.4467945,-9.891987
20133.334,-15.408975,-9.900641
20150.0,-15.374519,-9.90625
20166.666,-15.35,-9.911218
20183.334,-15.3403845,-9.915224
20200.0,-15.33077,-9.91923
20216.666,-15.2987175,-9.920834
20233.334,-15.266666,-9.922436
20250.0,-15.3875,-10.008654
20266.666,-15.610256,-10.151282
20283.334,-15.785897,-10.26827
20300.0,-15.773077,-10.282692
20316.666,-15.760257,-10.297115
20333.334,-15.76282,-10.305128
20350.0,-15.769231,-10.311539
20366.666,-15.774359,-10.319231
20383.334,-15.777564,-10.328846
20400.0,-15.780769,-10.338462
20416.666,-15.780769,-10.341666
20433.334,-15.780769,-10.3448715
20450.0,-15.7778845,-10.3471155
20466.666,-15.773077,-10.348718
20483.334,-15.814102,-10.351603
20500.0,-16.038462,-10.359615
20516.666,-16.262821,-10.367628
20533.334,-16.279488,-10.390385
20550.0,-16.24423,-10.416827
20566.666,-16.21859,-10.431089
20583.334,-16.207373,-10.427083
20600.0,-16.196154,-10.423077
20616.666,-16.196154,-10.421474
20633.334,-16.196154,-10.419871
20650.0,-16.197115,-10.416347
20666.666,-16.198717,-10.411538
20683.334,-16.197756,-10.405769
20700.0,-16.186539,-10.396153
20716.666,-16.17532,-10.3865385
20733.334,-16.164743,-10.385898
20750.0,-16.154327,-10.3875
20766.666,-16.146475,-10.389103
20783.334,-16.142467,-10.390705
20800.0,-16.138462,-10.392307
20816.666,-16.148077,-10.379487
20833.334,-16.157692,-10.366667
20850.0,-16.148077,-10.364423
20866.666,-16.12564,-10.369231
20883.334,-16.10577,-10.374039
20900.0,-16.096153,-10.378846
20916.666,-16.086538,-10.383654
20933.334,-16.083334,-10.4
20950.0,-16.08173,-10.41923
20966.666,-16.07436,-10.426923
20983.334,-16.058332,-10.417308
21000.0,-16.042307,-10.407692
21016.666,-15.208974,-10.682532
21033.334,-14.375641,-10.957372
21050.0,-13.736057,-11.278846
21066.666,-13.225641,-11.631411
21083.334,-12.814262,-11.906731
21100.0,-12.799039,-11.873077
21116.666,-12.783814,-11.839423
21133.334,-12.774359,-11.823077
21150.0,-12.766346,-11.811058
21166.666,-12.758974,-11.8032055
21183.334,-12.752564,-11.801602
21200.0,-12.746154,-11.8
21216.666,-12.760577,-12.7719555
21233.334,-12.775,-13.74391
21250.0,-12.679808,-14.318269
21266.666,-12.5115385,-14.627564
21283.334,-12.370833,-14.863622
21300.0,-12.3403845,-14.806731
21316.666,-12.309936,-14.74984
21333.334,-12.3,-14.716666
21350.0,-12.295193,-14.689423
21366.666,-12.291026,-14.673077
21383.334,-12.287821,-14.673077
21400.0,-12.2846155,-14.673077
21416.666,-12.291026,-14.689102
21433.334,-12.297436,-14.705129
21450.0,-12.301923,-14.782692
21466.666,-12.305128,-14.901282
21483.334,-12.303366,-15.034936
21500.0,-12.281731,-15.228847
21516.666,-12.260097,-15.422756
21533.334,-12.252564,-15.450641
21550.0,-12.248558,-15.437019
21566.666,-12.246795,-15.427243
21583.334,-12.248398,-15.423237
21600.0,-12.25,-15.41923
21616.666,-12.244391,-15.425641
21633.334,-12.238782,-15.432052
21650.0,-12.233173,-15.441346
21666.666,-12.227564,-15.452564
21683.334,-12.2221155,-15.463462
21700.0,-12.217308,-15.473077
21716.666,-12.2125,-15.482693
21733.334,-12.20641,-15.497436
21750.0,-12.2,-15.513461
21766.666,-12.195513,-15.530769
21783.334,-12.193911,-15.55
21800.0,-12.192307,-15.569231
21816.666,-12.193911,-15.569231
21833.334,-12.195513,-15.569231
21850.0,-12.190385,-15.570192
21866.666,-12.180769,-15.5717945
21883.334,-12.171474,-15.570833
21900.0,-12.163462,-15.559615
21916.666,-12.155449,-15.548397
21933.334,-12.752564,-14.524359
21950.0,-13.500961,-13.247115
21966.666,-14.275641,-11.383974
21983.334,-15.089744,-8.641987
22000.0,-15.903846,-5.9
22016.666,-15.870193,-5.925641
22033.334,-15.836538,-5.951282
22050.0,-15.815385,-5.9932694
22066.666,-15.802564,-6.046154
22083.334,-15.789583,-6.096795
22100.0,-15.775962,-6.1384616
22116.666,-15.76234,-6.180128
22133.334,-15.75,-6.2192307
22150.0,-15.737981,-6.2576923
22166.666,-15.728847,-6.2865386
22183.334,-15.724038,-6.3009615
22200.0,-15.719231,-6.3153844
22216.666,-15.716025,-6.321795
22233.334,-15.71282,-6.328205
22250.0,-15.258173,-7.672596
22266.666,-14.502564,-9.908975
22283.334,-13.860416,-11.791186
22300.0,-13.672115,-12.256731
22316.666,-13.483814,-12.722276
22333.334,-13.389103,-12.730769
22350.0,-13.317788,-12.625
22366.666,-13.258654,-12.546795
22383.334,-13.217789,-12.509936
22400.0,-13.176923,-12.473077
22416.666,-13.164103,-12.466666
22433.334,-13.151282,-12.460257
22450.0,-13.700961,-11.8634615
22466.666,-14.625641,-10.873077
22483.334,-15.435898,-9.920673
22500.0,-15.788462,-9.120193
22516.666,-16.141026,-8.319712
22533.334,-16.201283,-8.171795
22550.0,-16.188461,-8.187019
22566.666,-16.184296,-8.198718
22583.334,-16.19311,-8.205129
22600.0,-16.201923,-8.211538
22616.666,-16.204327,-8.209936
22633.334,-16.20673,-8.208333
22650.0,-16.217308,-8.209616
22666.666,-16.233334,-8.21282
22683.334,-16.245672,-8.214904
22700.0,-16.243269,-8.2125
22716.666,-16.240866,-8.210096
22733.334,-16.228205,-8.2
22750.0,-16.21298,-8.187981
22766.666,-16.205769,-8.184615
22783.334,-16.210577,-8.194231
22800.0,-16.215385,-8.203846
22816.666,-16.225,-8.2198715
22833.334,-16.234615,-8.235897
22850.0,-16.242308,-8.245193
22866.666,-16.248718,-8.25
22883.334,-16.252563,-8.255128
22900.0,-16.246155,-8.2615385
22916.666,-16.239744,-8.267949
22933.334,-16.239744,-8.275641
22950.0,-16.241346,-8.283654
22966.666,-16.242308,-8.291667
22983.334,-16.242308,-8.29968
23000.0,-16.242308,-8.307693
23016.666,-16.255129,-8.326923
23033.334,-16.267948,-8.346154
23050.0,-16.274038,-8.370193
23066.666,-16.27564,-8.397436
23083.334,-16.27596,-8.42468
23100.0,-16.271154,-8.451923
23116.666,-16.266346,-8.479167
23133.334,-16.265385,-8.489743
23150.0,-16.265385,-8.496154
23166.666,-16.266026,-8.5
23183.334,-16.267628,-8.5
23200.0,-16.26923,-8.5
23216.666,-16.294872,-8.457532
23233.334,-16.320513,-8.415064
23250.0,-16.292307,-8.280289
23266.666,-16.228205,-8.083974
23283.334,-16.179167,-7.9246793
23300.0,-16.190384,-7.9134617
23316.666,-16.201603,-7.9022436
23333.334,-16.211538,-7.8858976
23350.0,-16.221153,-7.8682694
23366.666,-16.236538,-7.858333
23383.334,-16.260576,-7.8599358
23400.0,-16.284615,-7.8615384
23416.666,-16.30064,-7.856731
23433.334,-16.316668,-7.851923
23450.0,-16.324038,-7.8471155
23466.666,-16.325642,-7.8423076
23483.334,-16.329166,-7.8365383
23500.0,-16.340385,-7.826923
23516.666,-16.351603,-7.8173075
23533.334,-16.361538,-7.8089743
23550.0,-16.371155,-7.8009615
23566.666,-16.37564,-7.7926283
23583.334,-16.372437,-7.783814
23600.0,-16.36923,-7.775
23616.666,-16.348398,-7.780609
23633.334,-16.327564,-7.786218
23650.0,-16.311539,-7.789423
23666.666,-16.298717,-7.7910256
23683.334,-16.286219,-7.789423
23700.0,-16.275,-7.775
23716.666,-16.263783,-7.7605767
23733.334,-16.25,-7.745513
23750.0,-16.235577,-7.7302885
23766.666,-16.222435,-7.7125
23783.334,-16.211218,-7.6908655
23800.0,-16.2,-7.669231
23816.666,-16.180769,-7.6540065
23833.334,-16.16154,-7.638782
23850.0,-16.143269,-7.6245193
23866.666,-16.12564,-7.6108975
23883.334,-16.108334,-7.5996795
23900.0,-16.092308,-7.598077
23916.666,-16.076283,-7.596474
23933.334,-16.071795,-7.5923076
23950.0,-16.070192,-7.5875
23966.666,-16.064102,-7.582692
23983.334,-16.051283,-7.5778847
24000.0,-16.038462,-7.5730767
24016.666,-16.02564,-7.576282
24033.334,-16.012821,-7.5794873
24050.0,-15.725962,-7.5913463
24066.666,-15.256411,-7.6089745
24083.334,-15.454879,-6.951353
24100.0,-15.653348,-6.293732
24116.666,-15.851816,-5.6361113
24133.334,-16.050285,-4.97849
24150.0,-16.248755,-4.320869
24166.666,-16.447222,-3.6632478
24183.334,-16.64569,-3.0056267
24200.0,-16.84416,-2.3480058
24216.666,-17.042627,-1.6903846
24233.334,-17.241096,-1.0327635
24250.0,-17.439566,-0.37514246
24266.666,-17.638035,0.28247863
24283.334,-17.836502,0.9400997
24300.0,-18.034971,1.5977207
24316.666,-18.23344,2.2553418
24333.334,-18.43191,2.912963
24350.0,-18.630377,3.570584
24366.666,-18.828846,4.228205
24383.334,-18.458654,2.9044871
24400.0,-18.08846,1.5807692
24416.666,-18.493109,0.31714743
24433.334,-18.897757,-0.9464744
24450.0,-19.069712,-2.0264423
24466.666,-19.086538,-2.9839745
24483.334,-19.023397,-3.909936
24500.0,-18.640385,-4.709615
24516.666,-18.257372,-5.509295
24533.334,-17.973719,-6.3076925
24550.0,-17.714905,-7.105769
24566.666,-17.455448,-7.8028846
24583.334,-17.195032,-8.348557
24600.0,-16.934616,-8.894231
24616.666,-16.867308,-9.045673
24633.334,-16.8,-9.197115
24650.0,-16.827885,-9.220192
24666.666,-16.919231,-9.157692
24683.334,-16.998077,-9.054327
24700.0,-17.026922,-8.7875
24716.666,-17.055769,-8.520673
24733.334,-16.997437,-8.551282
24750.0,-16.917307,-8.65625
24766.666,-16.829487,-8.684615
24783.334,-16.730127,-8.598077
24800.0,-16.63077,-8.5115385
24816.666,-16.582693,-8.475481
24833.334,-16.534615,-8.439423
24850.0,-16.49423,-8.403365
24866.666,-16.458975,-8.367308
24883.334,-16.43173,-8.336538
24900.0,-16.436539,-8.326923
24916.666,-16.441345,-8.317307
24933.334,-16.460257,-8.517949
24950.0,-16.482693,-8.771153
24966.666,-16.49423,-8.925
24983.334,-16.489424,-8.929808
25000.0,-16.484615,-8.934615
25016.666,-16.492628,-8.902564
25033.334,-16.50064,-8.870513
25050.0,-16.522116,-8.848077
25066.666,-16.552565,-8.832051
25083.334,-16.583654,-8.81859
25100.0,-16.617308,-8.815385
25116.666,-16.65096,-8.81218
25133.334,-16.673077,-8.808974
25150.0,-16.692308,-8.805769
25166.666,-16.71218,-8.808654
25183.334,-16.733013,-8.820673
25200.0,-16.753845,-8.832692
25216.666,-16.766666,-8.839904
25233.334,-16.779488,-8.8471155
25250.0,-16.801924,-8.851923
25266.666,-16.830769,-8.855128
25283.334,-16.853205,-8.857051
25300.0,-16.85,-8.853847
25316.666,-16.846794,-8.850641
25333.334,-16.841026,-8.848718
25350.0,-16.834616,-8.8471155
25366.666,-16.783653,-8.8448715
25383.334,-16.665865,-8.841666
25400.0,-16.548077,-8.838462
25416.666,-16.483173,-8.81282
25433.334,-16.41827,-8.78718
25450.0,-16.3625,-8.773558
25466.666,-16.31282,-8.767949
25483.334,-16.266026,-8.764584
25500.0,-16.23077,-8.770192
25516.666,-16.195513,-8.775802
25533.334,-16.165384,-8.779488
25550.0,-16.136538,-8.782692
25566.666,-16.110897,-8.782692
25583.334,-16.090065,-8.7778845
25600.0,-16.069231,-8.773077
25616.666,-16.145353,-8.841186
25633.334,-16.221474,-8.909295
25650.0,-16.22452,-8.925481
25666.666,-16.178846,-8.907051
25683.334,-16.135256,-8.8865385
25700.0,-16.1,-8.857693
25716.666,-16.064743,-8.828846
25733.334,-16.039743,-8.816667
25750.0,-16.017307,-8.808654
25766.666,-15.997436,-8.801923
25783.334,-15.98141,-8.797115
25800.0,-15.9653845,-8.792308
25816.666,-16.148077,-8.878846
25833.334,-16.330769,-8.9653845
25850.0,-16.394712,-8.998077
25866.666,-16.379488,-8.994872
25883.334,-16.359776,-8.991026
25900.0,-16.322115,-8.984615
25916.666,-16.284454,-8.978205
25933.334,-16.26923,-8.966666
25950.0,-16.259615,-8.953846
25966.666,-16.25577,-8.941026
25983.334,-16.260576,-8.9282055
26000.0,-16.265385,-8.915384
26016.666,-16.265385,-8.905769
26033.334,-16.265385,-8.896153
26050.0,-16.267307,-8.8865385
26066.666,-16.270514,-8.876923
26083.334,-16.274038,-8.868589
26100.0,-16.278847,-8.865385
26116.666,-16.283653,-8.86218
26133.334,-16.260256,-8.85641
26150.0,-16.229807,-8.85
26166.666,-16.285898,-8.8448715
26183.334,-16.471794,-8.841666
26200.0,-16.657692,-8.838462
26216.666,-16.640064,-8.84968
26233.334,-16.622437,-8.860897
26250.0,-16.607693,-8.8625
26266.666,-16.594872,-8.857693
26283.334,-16.583975,-8.849359
26300.0,-16.580769,-8.826923
26316.666,-16.577564,-8.804487
26333.334,-16.576923,-8.789103
26350.0,-16.576923,-8.775481
26366.666,-16.572115,-8.755448
26383.334,-16.560097,-8.725801
26400.0,-16.548077,-8.696154
26416.666,-16.548878,-8.686539
26433.334,-16.549679,-8.676923
26450.0,-16.538462,-8.673077
26466.666,-16.51923,-8.673077
26483.334,-16.502563,-8.670834
26500.0,-16.496155,-8.6596155
26516.666,-16.489744,-8.648397
26533.334,-16.479486,-8.647436
26550.0,-16.46827,-8.649038
26566.666,-16.460257,-8.648718
26583.334,-16.457052,-8.645513
26600.0,-16.453846,-8.642307
26616.666,-16.449038,-8.639103
26633.334,-16.444231,-8.635898
26650.0,-16.439423,-8.627885
26666.666,-16.434616,-8.616667
26683.334,-16.427244,-8.605929
26700.0,-16.409615,-8.5971155
26716.666,-16.391987,-8.588302
26733.334,-16.383333,-8.573077
26750.0,-16.376923,-8.55625
26766.666,-16.376282,-8.54359
26783.334,-16.384295,-8.53718
26800.0,-16.392307,-8.530769
26816.666,-16.3875,-8.53718
26833.334,-16.382692,-8.54359
26850.0,-16.373558,-8.5375
26866.666,-16.361538,-8.523077
26883.334,-16.346634,-8.510097
26900.0,-16.320192,-8.502885
26916.666,-16.29375,-8.495673
26933.334,-16.288462,-8.497436
26950.0,-16.288462,-8.501442
26966.666,-16.28782,-8.499039
26983.334,-16.286219,-8.48702
27000.0,-16.284615,-8.475
27016.666,-16.30064,-8.456571
27033.334,-16.316668,-8.438141
27050.0,-16.324038,-8.423077
27066.666,-16.325642,-8.410256
27083.334,-16.326283,-8.398077
27100.0,-16.323076,-8.388461
27116.666,-16.319872,-8.378846
27133.334,-16.320513,-8.379487
27150.0,-16.322115,-8.382692
27166.666,-16.323717,-8.384615
27183.334,-16.325321,-8.384615
27200.0,-16.326923,-8.384615
27216.666,-16.326122,-8.388621
27233.334,-16.325321,-8.392629
27250.0,-16.32452,-8.391346
27266.666,-16.323717,-8.3865385
27283.334,-16.322435,-8.382692
27300.0,-16.319231,-8.382692
27316.666,-16.316025,-8.382692
27333.334,-16.319231,-8.39359
27350.0,-16.324038,-8.407211
27366.666,-16.325642,-8.416026
27383.334,-16.322435,-8.417628
27400.0,-16.319231,-8.41923
27416.666,-16.30641,-8.428846
27433.334,-16.29359,-8.438461
27450.0,-16.279808,-8.444231
27466.666,-16.265385,-8.447436
27483.334,-16.253204,-8.450801
27500.0,-16.25,-8.454807
27516.666,-16.246796,-8.458814
27533.334,-16.238462,-8.46282
27550.0,-16.228846,-8.466827
27566.666,-16.221153,-8.46891
27583.334,-16.216347,-8.468109
27600.0,-16.211538,-8.467308
27616.666,-16.203526,-8.474519
27633.334,-16.195513,-8.48173
27650.0,-16.188461,-8.480769
27666.666,-16.18205,-8.474359
27683.334,-16.174679,-8.465865
27700.0,-16.163462,-8.4490385
27716.666,-16.152243,-8.432212
27733.334,-16.148718,-8.430769
27750.0,-16.147116,-8.433173
27766.666,-16.14423,-8.432693
27783.334,-16.139423,-8.427885
27800.0,-16.134615,-8.423077
27816.666,-16.129808,-8.419871
27833.334,-16.125,-8.416667
27850.0,-16.118269,-8.410577
27866.666,-16.110256,-8.402564
27883.334,-16.102243,-8.395833
27900.0,-16.09423,-8.394231
27916.666,-16.086218,-8.392629
27933.334,-16.083334,-8.392307
27950.0,-16.08173,-8.392307
27966.666,-16.060898,-8.390385
27983.334,-16.011217,-8.385577
28000.0,-15.961538,-8.380769
28016.666,-15.764423,-8.371154
28033.334,-15.567307,-8.361539
28050.0,-15.499039,-8.352884
28066.666,-15.516666,-8.3448715
28083.334,-15.528846,-8.337179
28100.0,-15.519231,-8.33077
28116.666,-15.509615,-8.324359
28133.334,-14.135257,-8.31859
28150.0,-12.419711,-8.312981
28166.666,-10.728205,-8.236859
28183.334,-9.072757,-8.054968
28200.0,-7.417308,-7.873077
28216.666,-7.398878,-7.8378205
28233.334,-7.380449,-7.802564
28250.0,-7.379327,-7.7759614
28266.666,-7.389744,-7.7551284
28283.334,-7.395192,-7.7341347
28300.0,-7.3807693,-7.7125
28316.666,-7.3663464,-7.6908655
28333.334,-7.360256,-7.677564
28350.0,-7.35625,-7.666346
28366.666,-7.3535256,-7.6548076
28383.334,-7.3527246,-7.6427884
28400.0,-7.351923,-7.6307693
28416.666,-7.3447113,-7.627564
28433.334,-7.3375,-7.624359
28450.0,-5.240865,-7.6971154
28466.666,-1.7512821,-7.820513
28483.334,1.5032052,-7.9490385
28500.0,3.8173077,-8.098077
28516.666,6.13141,-8.247115
28533.334,6.64359,-8.2615385
28550.0,6.7052884,-8.242308
28566.666,6.7551284,-8.21859
28583.334,6.7871795,-8.188141
28600.0,6.8192306,-8.157692
28616.666,6.840064,-8.133654
28633.334,6.8608975,-8.109615
28650.0,6.8653846,-8.088462
28666.666,6.8589745,-8.069231
28683.334,6.851923,-8.048077
28700.0,6.8423076,-8.019231
28716.666,6.832692,-7.9903846
28733.334,6.8333335,-7.983333
28750.0,6.8365383,-7.981731
28766.666,6.849359,-7.9756413
28783.334,6.8766026,-7.9628205
28800.0,6.9038463,-7.95
28816.666,9.238782,-7.9948716
28833.334,11.573718,-8.039743
28850.0,12.963462,-8.081731
28866.666,13.723077,-8.121795
28883.334,14.345834,-8.157051
28900.0,14.421154,-8.173077
28916.666,14.496474,-8.189102
28933.334,14.520513,-8.171795
28950.0,14.531731,-8.146153
28966.666,14.54359,-8.135898
28983.334,14.55641,-8.148718
29000.0,14.569231,-8.161538
29016.666,14.74391,-8.203205
29033.334,14.91859,-8.244872
29050.0,15.060577,-8.283654
29066.666,15.180769,-8.320513
29083.334,15.275962,-8.348397
29100.0,15.271153,-8.3403845
29116.666,15.266346,-8.332372
29133.334,15.267949,-8.325641
29150.0,15.271153,-8.319231
29166.666,15.269551,-8.311859
29183.334,15.260737,-8.303045
29200.0,15.251923,-8.29423
29216.666,15.234295,-8.285417
29233.334,15.216666,-8.276603
29250.0,15.19375,-8.271153
29266.666,15.167308,-8.267949
29283.334,15.141827,-8.264423
29300.0,15.120193,-8.259615
29316.666,15.098557,-8.254807
29333.334,15.085897,-8.239743
29350.0,15.07548,-8.2221155
29366.666,15.066667,-8.207051
29383.334,15.060256,-8.195833
29400.0,15.053846,-8.184615
29416.666,15.04984,-8.183814
29433.334,15.045834,-8.183013
29450.0,15.03125,-8.180288
29466.666,15.009615,-8.176282
29483.334,14.991346,-8.16891
29500.0,14.986539,-8.148077
29516.666,14.98173,-8.127244
29533.334,14.973077,-8.11218
29550.0,14.963462,-8.098557
29566.666,14.955129,-8.091025
29583.334,14.948718,-8.0926285
29600.0,14.942307,-8.094231
29616.666,14.940705,-8.095032
29633.334,14.939102,-8.095834
29650.0,14.9341345,-8.089423
29666.666,14.926923,-8.078205
29683.334,14.918109,-8.068269
29700.0,14.9028845,-8.063461
29716.666,14.88766,-8.058654
29733.334,14.876923,-8.0717945
29750.0,14.867308,-8.089423
29766.666,13.553846,-8.152564
29783.334,10.2846155,-8.283975
29800.0,7.0153847,-8.415384
29816.666,6.9673076,-8.388141
29833.334,6.919231,-8.360897
29850.0,6.8884616,-8.329807
29866.666,6.8692307,-8.296154
29883.334,6.8461537,-8.267629
29900.0,6.8076925,-8.259615
29916.666,6.769231,-8.251602
29933.334,6.7358975,-8.280769
29950.0,6.703846,-8.319231
29966.666,6.6660256,-8.353205
29983.334,6.619551,-8.380448
30000.0,6.5730767,-8.407692
30016.666,6.5378203,-8.398077
30033.334,6.502564,-8.388461
30050.0,3.3350961,-8.285577
30066.666,-1.9205128,-8.120513
30083.334,-6.315545,-7.9397435
30100.0,-7.268269,-7.6961536
30116.666,-8.220994,-7.4525642
30133.334,-8.373077,-7.370513
30150.0,-8.325,-7.328846
30166.666,-8.291667,-7.3076925
30183.334,-8.280449,-7.3173075
30200.0,-8.269231,-7.326923
30216.666,-8.25,-7.3253207
30233.334,-8.230769,-7.323718
30250.0,-8.21875,-7.3230767
30266.666,-8.211538,-7.3230767
30283.334,-8.268109,-7.317949
30300.0,-8.579807,-7.292308
30316.666,-8.891506,-7.266667
30333.334,-9.485552,-7.140237
30350.0,-10.079598,-7.013807
30366.666,-10.673644,-6.887377
30383.334,-11.26769,-6.7609468
30400.0,-11.861735,-6.6345167
30416.666,-12.455782,-6.5080867
30433.334,-13.049828,-6.3816566
30450.0,-13.643873,-6.2552266
30466.666,-14.237919,-6.128797
30483.334,-14.831965,-6.002367
30500.0,-15.426011,-5.875937
30516.666,-16.020056,-5.749507
30533.334,-16.614103,-5.623077
30550.0,-16.064423,-7.791346
30566.666,-15.698718,-9.239102
30583.334,-15.608974,-9.60609
30600.0,-15.519231,-9.973077
30616.666,-15.522436,-9.415384
30633.334,-15.525641,-8.857693
30650.0,-15.532692,-8.596154
30666.666,-15.542308,-8.532051
30683.334,-15.551282,-8.46859
30700.0,-15.557693,-8.407692
30716.666,-15.564102,-8.346795
30733.334,-15.573077,-8.286538
30750.0,-15.582692,-8.226442
30766.666,-15.588462,-8.181731
30783.334,-15.588462,-8.160096
30800.0,-15.588462,-8.138461
30816.666,-15.571634,-8.120833
30833.334,-15.554808,-8.103205
30850.0,-15.536057,-8.087019
30866.666,-15.516026,-8.0717945
30883.334,-15.498077,-8.057853
30900.0,-15.4884615,-8.049039
30916.666,-15.478847,-8.040224
30933.334,-15.4698715,-8.038462
30950.0,-15.461058,-8.038462
30966.666,-15.451603,-8.04423
30983.334,-15.441186,-8.058654
31000.0,-15.430769,-8.073077
31016.666,-15.421154,-8.090705
31033.334,-15.411538,-8.108334
31050.0,-15.405769,-8.121154
31066.666,-15.402564,-8.130769
31083.334,-15.399038,-8.140064
31100.0,-15.394231,-8.148077
31116.666,-15.389423,-8.15609
31133.334,-15.383974,-8.162821
31150.0,-15.3783655,-8.16923
31166.666,-15.37532,-8.173077
31183.334,-15.3761215,-8.173077
31200.0,-15.376923,-8.173077
31216.666,-15.37532,-8.169871
31233.334,-15.373718,-8.166667
31250.0,-15.369712,-8.1625
31266.666,-15.364102,-8.157692
31283.334,-15.359455,-8.153205
31300.0,-15.358654,-8.15
31316.666,-15.357853,-8.146795
31333.334,-15.353847,-8.14359
31350.0,-15.349038,-8.140385
31366.666,-15.344231,-8.135898
31383.334,-15.339423,-8.129487
31400.0,-15.334616,-8.123077
31416.666,-15.325801,-8.126282
31433.334,-15.316987,-8.129487
31450.0,-15.311058,-8.130769
31466.666,-15.307052,-8.130769
31483.334,-15.302564,-8.129167
31500.0,-15.296154,-8.121154
31516.666,-15.289743,-8.113141
31533.334,-15.278205,-8.110256
31550.0,-15.265385,-8.108654
31566.666,-15.253205,-8.100962
31583.334,-15.241987,-8.084135
31600.0,-15.230769,-8.067307
31616.666,-15.225962,-8.058494
31633.334,-15.221154,-8.04968
31650.0,-14.070673,-7.9740386
31666.666,-12.15641,-7.853846
31683.334,-10.42468,-7.7116985
31700.0,-9.423077,-7.481731
31716.666,-8.421474,-7.251763
31733.334,-8.19359,-7.194872
31750.0,-8.159135,-7.18125
31766.666,-8.126602,-7.171154
31783.334,-8.096955,-7.166346
31800.0,-8.067307,-7.1615386
31816.666,-8.032852,-7.1751604
31833.334,-7.9983974,-7.188782
31850.0,-7.9697113,-7.2
31866.666,-7.944872,-7.209615
31883.334,-7.9222755,-7.2209935
31900.0,-7.9086537,-7.2394233
31916.666,-7.895032,-7.2578526
31933.334,-7.8884616,-7.2602563
31950.0,-7.8836536,-7.2586536
31966.666,-7.874359,-7.250641
31983.334,-7.858333,-7.2330127
32000.0,-7.8423076,-7.2153845
32016.666,-7.8278847,-7.2121797
32033.334,-7.8134613,-7.2089744
32050.0,-7.808654,-7.203846
32066.666,-7.8102565,-7.197436
32083.334,-7.810577,-7.1971154
32100.0,-7.8057694,-7.2211537
32116.666,-7.8009615,-7.2451925
32133.334,-8.944872,-7.2891026
32150.0,-10.375961,-7.3379807
32166.666,-11.827244,-7.5608974
32183.334,-13.308814,-8.044871
32200.0,-14.790384,-8.528846
32216.666,-14.722276,-8.555288
32233.334,-14.654166,-8.581731
32250.0,-14.692307,-8.701923
32266.666,-14.801282,-8.884615
32283.334,-14.995833,-8.211451
32300.0,-15.190385,-7.5382867
32316.666,-15.384936,-6.8651223
32333.334,-15.579487,-6.191958
32350.0,-15.774038,-5.5187936
32366.666,-15.96859,-4.845629
32383.334,-16.163141,-4.172465
32400.0,-16.357693,-3.4993007
32416.666,-16.552244,-2.8261364
32433.334,-16.746796,-2.152972
32450.0,-16.941345,-1.4798077
32466.666,-16.388462,-3.702564
32483.334,-15.85,-5.8701925
32500.0,-15.369231,-7.8173075
32516.666,-14.888461,-9.764423
32533.334,-14.730769,-10.314102
32550.0,-14.653846,-10.514423
32566.666,-14.605128,-10.410256
32583.334,-14.598718,-9.849359
32600.0,-14.592308,-9.288462
32616.666,-14.596314,-9.240385
32633.334,-14.600321,-9.192307
32650.0,-14.611057,-9.156731
32666.666,-14.626282,-9.129487
32683.334,-14.640705,-9.102884
32700.0,-14.651923,-9.078846
32716.666,-14.663141,-9.054808
32733.334,-14.6737175,-9.0346155
32750.0,-14.6841345,-9.015385
32766.666,-14.690705,-9.007692
32783.332,-14.691506,-9.017307
32800.0,-14.692307,-9.026923
32816.668,-14.673077,-9.022116
32833.332,-14.653846,-9.017307
32850.0,-14.644231,-9.016346
32866.668,-14.641026,-9.017949
32883.332,-14.635898,-9.019872
32900.0,-14.623077,-9.023077
32916.668,-14.610256,-9.026282
32933.332,-14.616026,-9.025641
32950.0,-14.626442,-9.024038
32966.668,-14.633654,-9.026282
32983.332,-14.636058,-9.034295
33000.0,-14.638461,-9.042308
33016.668,-14.644872,-9.0278845
33033.332,-14.651282,-9.013461
33050.0,-14.979327,-8.978365
33066.668,-15.521795,-8.929487
33083.332,-15.946634,-8.890545
33100.0,-15.900962,-8.891346
33116.668,-15.8552885,-8.892147
33133.332,-15.847436,-8.901282
33150.0,-15.849038,-8.9125
33166.668,-15.8448715,-8.919871
33183.332,-15.832051,-8.921474
33200.0,-15.819231,-8.923077
33216.668,-15.8240385,-8.939102
33233.332,-15.828846,-8.955129
33250.0,-15.817307,-8.967308
33266.668,-15.794871,-8.976923
33283.332,-15.7778845,-8.985577
33300.0,-15.782692,-8.990385
33316.668,-15.7875,-8.995193
33333.332,-15.8,-8.995513
33350.0,-15.814423,-8.994712
33366.668,-15.825,-8.990385
33383.332,-15.829807,-8.980769
33400.0,-15.834616,-8.971154
33416.668,-16.055769,-8.930288
33433.332,-16.276922,-8.889423
33450.0,-16.347115,-8.868269
33466.668,-16.316668,-8.860256
33483.332,-16.293911,-8.852243
33500.0,-16.301924,-8.844231
33516.668,-16.309937,-8.836218
33533.332,-16.305128,-8.842308
33550.0,-16.297115,-8.851923
33566.668,-16.289743,-8.857051
33583.332,-16.283333,-8.855449
33600.0,-16.276922,-8.853847
33616.668,-16.284935,-8.845834
33633.332,-16.292948,-8.83782
33650.0,-16.289423,-8.834616
33666.668,-16.278206,-8.834616
33683.332,-16.267948,-8.835257
33700.0,-16.261538,-8.838462
33716.668,-16.255129,-8.841666
33733.332,-16.246155,-8.837179
33750.0,-16.236538,-8.83077
33766.668,-16.228846,-8.829487
33783.332,-16.22404,-8.835897
33800.0,-16.21923,-8.842308
33816.668,-16.220833,-8.840705
33833.332,-16.222435,-8.839103
33850.0,-16.21923,-8.842308
33866.668,-16.21282,-8.848718
33883.332,-16.20673,-8.853365
33900.0,-16.201923,-8.850962
33916.668,-16.197115,-8.848557
33933.332,-16.197435,-8.853847
33950.0,-16.199038,-8.861057
33966.668,-16.198717,-8.867308
33983.332,-16.195513,-8.872115
34000.0,-16.192308,-8.876923
34016.668,-16.192308,-8.878526
34033.332,-16.192308,-8.880128
34050.0,-16.19327,-8.879807
34066.668,-16.194872,-8.878205
34083.332,-16.195513,-8.879167
34100.0,-16.192308,-8.890385
34116.668,-16.189102,-8.901603
34133.332,-16.085897,-8.802564
34150.0,-15.957692,-8.6759615
34166.668,-15.874359,-8.591025
34183.332,-15.858334,-8.56859
34200.0,-15.842308,-8.546154
34216.668,-15.858334,-8.541347
34233.332,-15.874359,-8.536538
34250.0,-15.889423,-8.532692
34266.668,-15.903846,-8.529488
34283.332,-15.917949,-8.526923
34300.0,-15.930769,-8.526923
34316.668,-15.94359,-8.526923
34333.332,-15.974359,-8.533334
34350.0,-16.009615,-8.541347
34366.668,-16.040384,-8.541667
34383.332,-16.064423,-8.530449
34400.0,-16.08846,-8.519231
34416.668,-16.110897,-8.503205
34433.332,-16.133333,-8.48718
34450.0,-16.15,-8.477884
34466.668,-16.16282,-8.473077
34483.332,-16.174038,-8.46859
34500.0,-16.178846,-8.4653845
34516.668,-16.183655,-8.462179
34533.332,-16.183655,-8.462179
34550.0,-16.183655,-8.462179
