0.0,-0.46923077,-9.757692
16.666666,-0.4772436,-9.735256
33.333332,-0.4852564,-9.71282
50.0,-0.4923077,-9.70577
66.666664,-0.49871793,-9.708974
83.333336,-0.5035256,-9.716025
100.0,-0.5019231,-9.7384615
116.666664,-0.5003205,-9.760898
133.33333,-0.5051282,-9.756411
150.0,-0.51153845,-9.745193
166.66667,-0.5198718,-9.73718
183.33333,-0.5310897,-9.733974
200.0,-0.5423077,-9.730769
216.66667,-0.5423077,-9.730769
233.33333,-0.5423077,-9.730769
250.0,1.4836539,-10.23702
266.66666,4.860256,-11.08077
283.33334,7.573718,-11.790224
300.0,7.6346154,-11.9625
316.66666,7.695513,-12.134776
333.33334,7.697436,-12.170513
350.0,7.6846156,-12.172115
366.66666,7.675,-12.170193
383.33334,7.6701922,-12.162981
400.0,7.665385,-12.155769
416.66666,7.6766024,-12.140545
433.33334,7.6878204,-12.12532
450.0,8.251442,-12.13798
466.66666,9.183333,-12.16923
483.33334,10.386218,-12.249199
500.0,12.673077,-12.524038
516.6667,14.959936,-12.798879
533.3333,15.379487,-12.84359
550.0,15.3322115,-12.83077
566.6667,15.289103,-12.8262825
583.3333,15.252244,-12.834295
600.0,15.2153845,-12.842308
616.6667,15.208173,-12.866346
633.3333,15.200961,-12.890385
650.0,15.194712,-12.9028845
666.6667,15.189102,-12.907692
683.3333,15.184295,-12.910577
700.0,15.182693,-12.905769
716.6667,15.181089,-12.900962
733.3333,15.174359,-12.892307
750.0,15.166347,-12.882692
766.6667,15.240618,-12.454895
783.3333,15.314889,-12.027098
800.0,15.389161,-11.5993
816.6667,15.463432,-11.171503
833.3333,15.5377035,-10.743707
850.0,15.611976,-10.315909
866.6667,15.686247,-9.888112
883.3333,15.760519,-9.460315
900.0,15.83479,-9.032517
916.6667,15.909061,-8.60472
933.3333,15.983334,-8.176923
950.0,15.904808,-8.126442
966.6667,15.860256,-8.098718
983.3333,15.866667,-8.105128
1000.0,15.873077,-8.111539
1016.6667,15.879487,-8.122756
1033.3334,15.885898,-8.133974
1050.0,15.118269,-8.147116
1066.6666,13.834616,-8.161538
1083.3334,12.361859,-8.171795
1100.0,10.132692,-8.165384
1116.6666,7.903526,-8.158975
1133.3334,7.4461536,-8.18718
1150.0,7.4317307,-8.224038
1166.6666,7.4339743,-8.248077
1183.3334,7.461218,-8.252885
1200.0,7.4884615,-8.257692
1216.6666,7.4932694,-8.25609
1233.3334,7.498077,-8.254487
1250.0,7.478846,-8.254807
1266.6666,7.4435897,-8.256411
1283.3334,7.4150643,-8.255128
1300.0,7.4134617,-8.242308
1316.6666,7.411859,-8.229487
1333.3334,7.177564,-8.169871
1350.0,6.885096,-8.098557
1366.6666,6.710577,-8.063141
1383.3334,6.7129807,-8.081571
1400.0,6.7153845,-8.1
1416.6666,6.7201924,-8.098397
1433.3334,6.725,-8.096795
1450.0,8.165384,-8.189423
1466.6666,10.56282,-8.3448715
1483.3334,12.834616,-8.516666
1500.0,14.603847,-8.753846
1516.6666,16.373077,-8.991026
1533.3334,16.678205,-8.999359
1550.0,16.617308,-8.95048
1566.6666,16.579487,-8.909295
1583.3334,16.576283,-8.879647
1600.0,16.573076,-8.85
1616.6666,16.55705,-8.837179
1633.3334,16.541025,-8.824359
1650.0,16.532692,-8.808654
1666.6666,16.529488,-8.791026
1683.3334,16.506731,-8.774038
1700.0,16.40577,-8.759615
1716.6666,16.304808,-8.745193
1733.3334,16.17564,-8.760898
1750.0,16.039423,-8.784135
1766.6666,15.959616,-8.801923
1783.3334,15.964423,-8.811539
1800.0,15.969231,-8.821154
1816.6666,15.962019,-8.833173
1833.3334,15.954807,-8.845192
1850.0,15.946634,-8.853365
1866.6666,15.93782,-8.858974
1883.3334,15.927243,-8.873558
1900.0,15.9096155,-8.924039
1916.6666,15.891987,-8.974519
1933.3334,15.882692,-8.991026
1950.0,15.875481,-8.999039
1966.6666,15.86891,-9.014103
1983.3334,15.863301,-9.039743
2000.0,15.857693,-9.065385
2016.6666,15.840064,-9.054167
2033.3334,15.822436,-9.042949
2050.0,15.80625,-9.063461
2066.6667,15.791026,-9.105128
2083.3333,15.774199,-9.139423
2100.0,15.750961,-9.144231
2116.6667,15.727724,-9.149038
2133.3333,15.711538,-9.152564
2150.0,15.697115,-9.155769
2166.6667,15.682052,-9.161538
2183.3333,15.666026,-9.171154
2200.0,15.65,-9.180769
2216.6667,15.637179,-9.169551
2233.3333,15.624359,-9.158334
2250.0,15.623077,-9.144231
2266.6667,15.629487,-9.128205
2283.3333,15.569391,-9.1052885
2300.0,15.243269,-9.054808
2316.6667,14.917148,-9.004327
2333.3333,8.5487175,-8.521795
2350.0,0.66971153,-7.93125
2366.6667,-4.2272434,-7.5692306
2383.3333,-4.6511216,-7.55
2400.0,-5.075,-7.5307693
2416.6667,-5.079006,-7.5227566
2433.3333,-5.083013,-7.514744
2450.0,-5.0913463,-7.5067306
2466.6667,-5.1025643,-7.498718
2483.3333,-5.1141024,-7.4929485
2500.0,-5.126923,-7.496154
2516.6667,-5.139744,-7.499359
2533.3333,-5.1358976,-7.476923
2550.0,-5.1278844,-7.4480767
2566.6667,-5.124359,-7.4272437
2583.3333,-5.127564,-7.4184294
2600.0,-5.1307693,-7.4096155
2616.6667,-5.138782,-7.452083
2633.3333,-5.146795,-7.494551
2650.0,-5.1504807,-7.5072117
2666.6667,-5.151282,-7.5
2683.3333,-5.1613784,-7.4953527
2700.0,-5.208654,-7.5009613
2716.6667,-5.2559295,-7.5065703
2733.3333,-8.645513,-8.384615
2750.0,-12.870673,-9.480769
2766.6667,-15.434295,-10.175
2783.3333,-15.505609,-10.266346
2800.0,-15.576923,-10.357693
2816.6667,-15.599359,-10.351282
2833.3333,-15.621795,-10.3448715
2850.0,-15.619231,-10.3403845
2866.6667,-15.6,-10.337179
2883.3333,-15.583013,-10.333013
2900.0,-15.575,-10.325
2916.6667,-15.566987,-10.316987
2933.3333,-15.561539,-10.324359
2950.0,-15.556731,-10.335577
2966.6667,-15.55,-10.336538
2983.3333,-15.540384,-10.322115
3000.0,-15.530769,-10.307693
3016.6667,-15.52516,-10.314102
3033.3333,-15.519551,-10.320513
3050.0,-15.51298,-10.3240385
3066.6667,-15.505769,-10.325641
3083.3333,-15.500641,-10.327244
3100.0,-15.503846,-10.328846
3116.6667,-15.507051,-10.330449
3133.3333,-15.5115385,-10.330129
3150.0,-15.516346,-10.329327
3166.6667,-15.513461,-10.328846
3183.3333,-15.499039,-10.328846
3200.0,-15.484615,-10.328846
3216.6667,-15.480609,-10.316827
3233.3333,-15.476603,-10.304808
3250.0,-15.485096,-10.306731
3266.6667,-15.501923,-10.317948
3283.3333,-15.514423,-10.32532
3300.0,-15.509615,-10.317307
3316.6667,-15.504807,-10.309295
3333.3333,-15.5,-10.308974
3350.0,-15.495193,-10.310577
3366.6667,-15.482371,-10.317307
3383.3333,-15.457532,-10.331731
3400.0,-15.432693,-10.346154
3416.6667,-15.438301,-10.339744
3433.3333,-15.443911,-10.333333
3450.0,-15.450961,-10.327885
3466.6667,-15.458974,-10.323077
3483.3333,-15.467148,-10.3158655
3500.0,-15.475962,-10.299039
3516.6667,-15.484776,-10.282211
3533.3333,-15.498718,-10.266666
3550.0,-15.513943,-10.251442
3566.6667,-15.524359,-10.234295
3583.3333,-15.527564,-10.214263
3600.0,-15.530769,-10.194231
3616.6667,-15.544391,-10.190225
3633.3333,-15.558013,-10.186218
3650.0,-15.566346,-10.174039
3666.6667,-15.571154,-10.15641
3683.3333,-14.890224,-9.857693
3700.0,-11.466346,-8.434615
3716.6667,-8.042468,-7.0115385
3733.3333,-3.3705127,-5.6320515
3750.0,1.6134615,-4.2634616
3766.6667,4.6660256,-3.4185898
3783.3333,4.8214746,-3.359295
3800.0,4.976923,-3.3
3816.6667,4.976923,-3.2887821
3833.3333,4.976923,-3.277564
3850.0,4.9653845,-3.260577
3866.6667,4.9461536,-3.2397435
3883.3333,5.0076923,-3.2205129
3900.0,5.3923078,-3.2076924
3916.6667,5.776923,-3.194872
3933.3333,8.1551285,-2.952564
3950.0,11.031731,-2.6528847
3966.6667,12.767949,-2.4721153
3983.3333,12.79359,-2.4697115
4000.0,12.819231,-2.4673078
4016.6667,12.830449,-2.4713142
4033.3333,12.841666,-2.4753206
4050.0,12.841346,-2.478846
4066.6667,12.833333,-2.4820514
4083.3333,12.823398,-2.4932692
4100.0,12.805769,-2.5365384
4116.6665,12.788141,-2.5798078
4133.3335,12.796795,-2.5692308
4150.0,12.812019,-2.5451922
4166.6665,12.820833,-2.5314102
4183.3335,12.820032,-2.5330129
4200.0,12.819231,-2.5346153
4216.6665,12.811218,-2.576282
4233.3335,12.8032055,-2.6179488
4250.0,12.793269,-2.6288462
4266.6665,12.782051,-2.6192307
4283.3335,12.76891,-2.6054487
4300.0,12.748077,-2.575
4316.6665,12.727243,-2.5445514
4333.3335,12.728205,-2.5384614
4350.0,12.734615,-2.5384614
4366.6665,12.742308,-2.5391026
4383.3335,12.751923,-2.5407052
4400.0,12.7615385,-2.5423076
4416.6665,11.735096,-2.5375
4433.3335,10.708653,-2.5326922
4450.0,9.311058,-2.5557692
4466.6665,7.6660256,-2.597436
4483.3335,6.3483973,-2.6362178
4500.0,6.3403845,-2.6634614
4516.6665,6.3323717,-2.690705
4533.3335,6.3294873,-2.6974359
4550.0,6.3278847,-2.6990385
4566.6665,6.3339744,-2.6903846
4583.3335,6.3516026,-2.666346
4600.0,6.3692307,-2.6423078
4616.6665,6.375641,-2.6375
4633.3335,6.3820515,-2.6326923
4650.0,7.4514422,-2.3533654
4666.6665,9.229487,-1.8910257
4683.3335,10.91875,-1.507532
4700.0,12.252885,-1.4394231
4716.6665,13.587019,-1.371314
4733.3335,13.844231,-1.3910257
4750.0,13.8322115,-1.4326923
4766.6665,13.824679,-1.4602565
4783.3335,13.823878,-1.4666667
4800.0,13.823077,-1.4730769
4816.6665,13.828686,-1.4314103
4833.3335,13.834295,-1.3897436
4850.0,13.836058,-1.3634615
4866.6665,13.835257,-1.347436
4883.3335,13.833333,-1.3448718
4900.0,13.826923,-1.3961538
4916.6665,13.820513,-1.4474359
4933.3335,13.829487,-1.4641025
4950.0,13.842308,-1.4721154
4966.6665,13.850962,-1.438141
4983.3335,13.853365,-1.3411859
5000.0,13.855769,-1.2442307
5016.6665,11.710737,-1.2738782
5033.3335,9.565705,-1.3035257
5050.0,4.976923,-1.5009615
5066.6665,-1.2410257,-1.8102564
5083.3335,-6.2285256,-2.059295
5100.0,-6.294231,-2.0673077
5116.6665,-6.3599358,-2.0753205
5133.3335,-6.366667,-2.073077
5150.0,-6.358654,-2.0682693
5166.6665,-6.3615384,-2.0602565
5183.3335,-6.3807693,-2.047436
5200.0,-6.4,-2.0346153
5216.6665,-6.4240384,-2.0346153
5233.3335,-6.4480767,-2.0346153
5250.0,-6.449519,-2.0288463
5266.6665,-6.4358974,-2.0192308
5283.3335,-6.4270835,-2.016987
5300.0,-6.4375,-2.0442307
5316.6665,-6.4479165,-2.0714743
5333.3335,-7.63141,-1.8467948
5350.0,-9.108173,-1.5591346
5366.6665,-10.127885,-1.3714744
5383.3335,-10.462019,-1.3338141
5400.0,-10.796154,-1.2961539
5416.6665,-10.802564,-1.2785256
5433.3335,-10.808974,-1.2608974
5450.0,-10.804808,-1.260577
5466.6665,-10.79359,-1.2717949
5483.3335,-10.788301,-1.2852564
5500.0,-10.806731,-1.3076923
5516.6665,-10.82516,-1.3301282
5533.3335,-10.832051,-1.3435898
5550.0,-10.836058,-1.3548077
5566.6665,-10.833333,-1.35
5583.3335,-10.820513,-1.3211539
5600.0,-10.807693,-1.2923077
5616.6665,-10.818109,-1.2802885
5633.3335,-10.828526,-1.2682692
5650.0,-10.842789,-1.2764423
5666.6665,-10.859615,-1.2980769
5683.3335,-11.31282,-1.3910257
5700.0,-13.5115385,-1.7692307
5716.6665,-15.710257,-2.147436
5733.3335,-16.557692,-2.2923076
5750.0,-17.067308,-2.3788462
5766.6665,-17.36859,-2.430128
5783.3335,-17.357372,-2.4285257
5800.0,-17.346153,-2.426923
5816.6665,-17.354166,-2.4157052
5833.3335,-17.362179,-2.4044871
5850.0,-17.368269,-2.3947115
5866.6665,-17.373077,-2.3858974
5883.3335,-17.376923,-2.3764422
5900.0,-17.376923,-2.364423
5916.6665,-17.376923,-2.3524039
5933.3335,-17.37436,-2.3358974
5950.0,-17.371155,-2.3182693
5966.6665,-17.366667,-2.3099358
5983.3335,-17.360256,-2.3155448
6000.0,-17.353846,-2.3211539
6016.6665,-18.1375,-2.3027244
6033.3335,-18.921154,-2.2842948
6050.0,-19.225,-2.2769232
6066.6665,-19.208975,-2.2769232
6083.3335,-19.195192,-2.2767627
6100.0,-19.190384,-2.2759616
6116.6665,-19.185577,-2.2751603
6133.3335,-19.185898,-2.274359
6150.0,-19.1875,-2.2735577
6166.6665,-19.189743,-2.272436
6183.3335,-19.19295,-2.2708333
6200.0,-19.196154,-2.2692308
6216.6665,-19.19295,-2.2620192
6233.3335,-19.189743,-2.2548077
6250.0,-19.189423,-2.2504807
6266.6665,-19.191025,-2.248077
6283.3335,-19.190865,-2.2456732
6300.0,-19.183655,-2.2432692
6316.6665,-19.176443,-2.2408655
6333.3335,-19.166666,-2.25
6350.0,-19.15625,-2.2620192
6366.6665,-19.151922,-2.2692308
6383.3335,-19.15673,-2.2692308
6400.0,-19.16154,-2.2692308
6416.6665,-19.158333,-2.2628205
6433.3335,-19.155128,-2.2564104
6450.0,-19.151922,-2.2432692
6466.6665,-19.148718,-2.225641
6483.3335,-19.258333,-2.2115386
6500.0,-19.819231,-2.2115386
6516.6665,-20.380129,-2.2115386
6533.3335,-20.488462,-2.2102563
6550.0,-20.483654,-2.208654
6566.6665,-20.482693,-2.2115386
6583.3335,-20.4875,-2.2211537
6600.0,-20.492308,-2.2307692
6616.6665,-20.476282,-2.2307692
6633.3335,-20.460257,-2.2307692
6650.0,-20.45673,-2.2298076
6666.6665,-20.461538,-2.2282052
6683.3335,-20.467308,-2.2259614
6700.0,-20.476923,-2.2211537
6716.6665,-20.486538,-2.2163463
6733.3335,-20.484615,-2.2128205
6750.0,-20.479807,-2.2096155
6766.6665,-20.476282,-2.2083333
6783.3335,-20.47468,-2.209936
6800.0,-20.473078,-2.2115386
6816.6665,-20.477884,-2.213141
6833.3335,-20.482693,-2.2147436
6850.0,-20.483654,-2.2144232
6866.6665,-20.482052,-2.2128205
6883.3335,-20.480448,-2.2125
6900.0,-20.478846,-2.2173078
6916.6665,-20.477243,-2.2221153
6933.3335,-20.460257,-2.2192307
6950.0,-20.439423,-2.2144232
6966.6665,-20.426283,-2.2038462
6983.3335,-20.424679,-2.1846154
7000.0,-20.423077,-2.1653845
7016.6665,-20.416666,-2.178205
7033.3335,-20.410257,-2.1910257
7050.0,-20.40577,-2.2076924
7066.6665,-20.402565,-2.226923
7083.3335,-20.403526,-2.2419872
7100.0,-20.421154,-2.2403846
7116.6665,-20.438782,-2.2387822
7133.3335,-19.723078,-2.1974359
7150.0,-18.824038,-2.146154
7166.6665,-18.166666,-2.1423078
7183.3335,-17.871796,-2.2096155
7200.0,-17.576923,-2.2769232
7216.6665,-17.596153,-2.2817307
7233.3335,-17.615385,-2.2865384
7250.0,-17.634134,-2.2875
7266.6665,-17.652565,-2.2858975
7283.3335,-17.669392,-2.2846153
7300.0,-17.679808,-2.2846153
7316.6665,-17.690224,-2.2846153
7333.3335,-17.698076,-2.2923076
7350.0,-17.705288,-2.301923
7366.6665,-17.236217,-2.3698719
7383.3335,-16.052725,-2.5253205
7400.0,-14.869231,-2.6807692
7416.6665,-14.880448,-2.6799679
7433.3335,-14.891666,-2.6791666
7450.0,-14.909135,-2.6730769
7466.6665,-14.930769,-2.6634614
7483.3335,-14.945032,-2.655609
7500.0,-14.929808,-2.6548078
7516.6665,-14.914583,-2.6540065
7533.3335,-14.9051285,-2.6487179
7550.0,-14.897116,-2.6423078
7566.6665,-14.885257,-2.625
7583.3335,-14.867628,-2.5913463
7600.0,-14.85,-2.5576923
7616.6665,-14.862821,-2.5769231
7633.3335,-14.875641,-2.5961537
7650.0,-14.875961,-2.6048076
7666.6665,-14.867949,-2.6064103
7683.3335,-14.774519,-2.585577
7700.0,-14.339423,-2.475
7716.6665,-13.904327,-2.364423
7733.3335,-13.81282,-2.323077
7750.0,-13.807212,-2.2990384
7766.6665,-13.80641,-2.2858975
7783.3335,-13.81282,-2.2891026
7800.0,-13.819231,-2.2923076
7816.6665,-13.838462,-2.3083334
7833.3335,-13.857693,-2.324359
7850.0,-13.867308,-2.335577
7866.6665,-13.870513,-2.3435898
7883.3335,-13.87468,-2.3488781
7900.0,-13.882692,-2.3432693
7916.6665,-13.890705,-2.3376603
7933.3335,-13.135898,-2.2333333
7950.0,-12.190385,-2.104327
7966.6665,-10.592308,-1.9666667
7983.3335,-8.015385,-1.8160256
8000.0,-5.4384613,-1.6653847
8016.6665,-5.440064,-1.6557692
8033.3335,-5.4416666,-1.6461538
8050.0,-5.4480767,-1.6408653
8066.6665,-5.457692,-1.6384616
8083.3335,-5.468109,-1.6363782
8100.0,-5.481731,-1.635577
8116.6665,-5.4953527,-1.6347756
8133.3335,-5.498718,-1.6346154
8150.0,-5.4995193,-1.6346154
8166.6665,-5.5,-1.6346154
8183.3335,-5.5,-1.6346154
8200.0,-5.5,-1.6346154
8216.667,-5.480769,-1.6105769
8233.333,-5.4615383,-1.5865384
8250.0,-5.45,-1.5528846
8266.667,-5.4435897,-1.5128205
8283.333,-5.4391026,-1.4785256
8300.0,-5.4423075,-1.4673077
8316.667,-5.445513,-1.4560897
8333.333,-2.7320514,-1.6102564
8350.0,0.66057694,-1.8057692
8366.667,3.8419871,-1.9352564
8383.333,6.7065706,-1.9657052
8400.0,9.571154,-1.9961538
8416.667,9.514263,-1.9576923
8433.333,9.457372,-1.9192308
8450.0,9.447115,-1.8817308
8466.667,9.467949,-1.8448718
8483.333,9.4862175,-1.8027244
8500.0,9.494231,-1.739423
8516.667,9.502244,-1.6761218
8533.333,9.5,-1.7089744
8550.0,9.495193,-1.7658653
8566.667,9.376282,-1.7977564
8583.333,9.086218,-1.7921474
8600.0,8.796154,-1.7865385
8616.667,7.4772434,-1.7456731
8633.333,6.1583333,-1.7048076
8650.0,5.6326923,-1.6826923
8666.667,5.6358976,-1.6730769
8683.333,5.6352563,-1.6759615
8700.0,5.6192307,-1.7288462
8716.667,5.603205,-1.7817308
8733.333,5.5884614,-1.8025641
8750.0,5.5740385,-1.8153846
8766.667,5.5657053,-1.823077
8783.333,5.5665064,-1.823077
8800.0,5.5673075,-1.823077
8816.667,5.5600963,-1.8166667
8833.333,5.5528846,-1.8102564
8850.0,5.5576925,-1.8221154
8866.667,5.570513,-1.8461539
8883.333,5.5875,-1.8538462
8900.0,5.621154,-1.7961539
8916.667,5.6548076,-1.7384615
8933.333,5.6448717,-1.7467948
8950.0,5.6240387,-1.7716346
8966.667,5.6096153,-1.7868589
8983.333,5.604808,-1.7876602
9000.0,5.6,-1.7884616
9016.667,5.5871797,-1.7980769
9033.333,5.574359,-1.8076923
9050.0,5.5596156,-1.8269231
9066.667,5.5435896,-1.8525641
9083.333,5.529487,-1.8740385
9100.0,5.523077,-1.8788462
9116.667,5.516667,-1.8836539
9133.333,5.5153847,-1.874359
9150.0,5.5153847,-1.8615384
9166.667,5.5141025,-1.8509616
9183.333,5.5108976,-1.84375
9200.0,5.5076923,-1.8365384
9216.667,5.501282,-1.84375
9233.333,5.4948716,-1.8509616
9250.0,5.4951925,-1.8528847
9266.667,5.5,-1.851282
9283.333,5.5048075,-1.8519231
9300.0,5.5096154,-1.8615384
9316.667,5.514423,-1.8711538
9333.333,5.5141025,-1.8692307
9350.0,5.5125,-1.864423
9366.667,5.508333,-1.8596153
9383.333,5.5003204,-1.8548077
9400.0,5.4923077,-1.85
9416.667,5.4971156,-1.8724359
9433.333,5.501923,-1.8948718
9450.0,5.503846,-1.8980769
9466.667,5.503846,-1.8884616
9483.333,5.5035257,-1.8804487
9500.0,5.501923,-1.8788462
9516.667,5.5003204,-1.8772436
9533.333,5.503846,-1.8564103
9550.0,5.5086536,-1.8307692
9566.667,5.5115385,-1.8179487
9583.333,5.5115385,-1.8243589
9600.0,5.5115385,-1.8307692
9616.667,5.5179486,-1.8451923
9633.333,5.5243587,-1.8596153
9650.0,5.522115,-1.8625
9666.667,5.5141025,-1.8576924
9683.333,5.505449,-1.8503205
9700.0,5.4942307,-1.8326923
9716.667,5.4830127,-1.8150641
9733.333,5.480769,-1.8166667
9750.0,5.480769,-1.823077
9766.667,5.4820514,-1.8365384
9783.333,5.485256,-1.8605769
9800.0,5.4884615,-1.8846154
9816.667,5.484455,-1.8814102
9833.333,5.4804487,-1.8782052
9850.0,5.454327,-2.101923
9866.667,5.4134617,-2.476923
9883.333,5.3692307,-2.784455
9900.0,5.3115387,-2.8221154
9916.667,5.253846,-2.8597755
9933.333,5.233333,-2.8705127
9950.0,5.2221155,-2.8745193
9966.667,5.2275643,-2.8884616
9983.333,5.258013,-2.9173076
10000.0,5.2884617,-2.9461539
10016.667,5.2884617,-2.9060898
10033.333,5.2884617,-2.8660257
10050.0,5.2759614,-2.876923
10066.667,5.2551284,-2.921795
10083.333,5.2346153,-2.9554486
10100.0,5.2153845,-2.9442308
10116.667,5.1961536,-2.9330127
10133.333,5.1846156,-2.9339743
10150.0,5.175,-2.9379807
10166.667,5.15641,-2.9439104
10183.333,5.124359,-2.9527245
10200.0,5.0923076,-2.9615386
10216.667,4.8615384,-2.9711537
10233.333,4.6307693,-2.9807692
10250.0,4.539423,-2.9817307
10266.667,4.5410256,-2.976923
10283.333,4.5416665,-2.9758012
10300.0,4.5384617,-2.989423
10316.667,4.5352564,-3.0030448
10333.333,4.5307693,-2.9923077
10350.0,4.5259614,-2.9754808
10366.667,4.5134616,-2.9641025
10383.333,4.4894233,-2.9608974
10400.0,4.4653845,-2.9576924
10416.667,4.460577,-2.9528847
10433.333,4.455769,-2.948077
10450.0,4.4451923,-2.935577
10466.667,4.4307694,-2.9179487
10483.333,4.416346,-2.8983974
10500.0,4.401923,-2.8711538
10516.667,4.3875,-2.8439102
10533.333,4.366667,-2.8358974
10550.0,4.3442307,-2.8326924
10566.667,4.328205,-2.8352563
10583.333,4.321795,-2.8464744
10600.0,4.3153844,-2.8576922
10616.667,7.7120194,-2.1830127
10633.333,11.108654,-1.5083333
10650.0,12.882692,-1.135577
10666.667,13.575,-0.96410257
10683.333,14.122275,-0.82916665
10700.0,14.089423,-0.8403846
10716.667,14.05657,-0.85160255
10733.333,14.06282,-0.8923077
10750.0,14.078846,-0.9403846
10766.667,14.095834,-0.9567308
10783.333,14.114263,-0.9254808
10800.0,14.132692,-0.8942308
10816.667,14.096635,-0.85496795
10833.333,14.060577,-0.8157051
10850.0,14.0509615,-0.7923077
10866.667,14.058974,-0.7794872
10883.333,14.069551,-0.7826923
10900.0,14.0903845,-0.85
10916.667,14.1112175,-0.9173077
10933.333,14.116026,-0.9371795
10950.0,14.116827,-0.94519234
10966.667,14.088782,-0.9272436
10983.333,14.0174675,-0.87035257
11000.0,13.946154,-0.81346154
11016.667,13.946955,-0.8190705
11033.333,13.947757,-0.8246795
11050.0,13.947597,-0.8658654
11066.667,13.9467945,-0.9307692
11083.333,13.945833,-0.9828526
11100.0,13.944231,-0.98365384
11116.667,13.942628,-0.9844551
11133.333,13.926923,-0.9371795
11150.0,13.907692,-0.8778846
11166.667,13.901603,-0.84070516
11183.333,13.915224,-0.8366987
11200.0,13.928846,-0.8326923
11216.667,13.958493,-0.8607372
11233.333,13.988141,-0.888782
11250.0,14.529808,-2.9052885
11266.667,15.412821,-6.247436
11283.333,16.122437,-8.930288
11300.0,16.138462,-8.975962
11316.667,16.154488,-9.021635
11333.333,16.15641,-8.996154
11350.0,16.154808,-8.952885
11366.667,16.15577,-8.925321
11383.333,16.160578,-8.921314
11400.0,16.165384,-8.917308
11416.667,16.15096,-8.908494
11433.333,16.136538,-8.899679
11450.0,16.121155,-8.888943
11466.667,16.105127,-8.876923
11483.333,16.091347,-8.865064
11500.0,16.086538,-8.853847
11516.667,16.08173,-8.8426285
11533.333,16.07436,-8.837179
11550.0,16.066345,-8.833173
11566.667,16.058975,-8.830129
11583.333,16.052565,-8.828526
11600.0,16.046154,-8.826923
11616.667,16.020514,-8.849359
11633.333,15.994872,-8.871795
11650.0,15.977884,-8.866827
11666.667,15.966666,-8.84359
11683.333,15.958013,-8.819391
11700.0,15.959616,-8.791347
11716.667,15.961218,-8.763301
11733.333,15.955129,-8.769231
11750.0,15.947115,-8.783654
11766.667,15.930769,-8.780769
11783.333,15.901923,-8.751923
11800.0,15.873077,-8.723077
11816.667,15.866667,-8.721475
11833.333,15.860256,-8.7198715
11850.0,15.861539,-8.726923
11866.667,15.867949,-8.739743
11883.333,15.873718,-8.742468
11900.0,15.876923,-8.704807
11916.667,15.880128,-8.667148
11933.333,15.226923,-8.657692
11950.0,14.4096155,-8.655289
11966.667,10.665064,-8.242949
11983.333,2.5296474,-7.215705
12000.0,-5.605769,-6.1884613
12016.667,-5.8934293,-6.1427884
12033.333,-6.18109,-6.0971155
12050.0,-6.293269,-6.0408654
12066.667,-6.2884617,-5.9775643
12083.333,-6.286218,-5.927564
12100.0,-6.294231,-5.9307694
12116.667,-6.3022437,-5.9339743
12133.333,-6.298718,-5.9410257
12150.0,-6.292308,-5.9490385
12166.667,-6.2852564,-5.9666667
12183.333,-6.2772436,-5.998718
12200.0,-6.269231,-6.0307693
12216.667,-5.9975963,-6.415385
12233.333,-5.7259617,-6.8
12250.0,-5.6216345,-6.9692307
12266.667,-5.628846,-6.9948716
12283.333,-5.6358976,-7.0189104
12300.0,-5.6423078,-7.0365386
12316.667,-5.648718,-7.054167
12333.333,-5.6641026,-7.0615387
12350.0,-5.6817307,-7.066346
12366.667,-5.7044873,-7.069872
12383.333,-5.7349358,-7.0714746
12400.0,-5.7653847,-7.0730767
12416.667,-5.7878203,-7.0666666
12433.333,-5.8102565,-7.0602565
12450.0,-5.8076925,-7.0490384
12466.667,-5.7884617,-7.0346155
12483.333,-5.7724357,-7.0233974
12500.0,-5.769231,-7.025
12516.667,-5.7660255,-7.0266027
12533.333,-5.7641025,-7.0333333
12550.0,-5.7625,-7.041346
12566.667,-5.7589746,-7.044872
12583.333,-5.752564,-7.0416665
12600.0,-5.746154,-7.0384617
12616.667,-5.7934294,-7.0472755
12633.333,-5.840705,-7.05609
12650.0,-7.095673,-8.847596
12666.667,-9.155769,-11.827564
12683.333,-10.817468,-14.236539
12700.0,-10.885577,-14.361539
12716.667,-10.953686,-14.486539
12733.333,-10.96282,-14.513461
12750.0,-10.9572115,-14.515865
12766.667,-10.954487,-14.526603
12783.333,-10.95609,-14.54984
12800.0,-10.957692,-14.573077
12816.667,-10.967308,-14.58109
12833.333,-10.976923,-14.589103
12850.0,-10.985577,-14.598077
12866.667,-10.993589,-14.607693
12883.333,-11.000641,-14.6134615
12900.0,-11.003846,-14.603847
12916.667,-11.007051,-14.594231
12933.333,-11.0,-14.602564
12950.0,-10.990385,-14.615385
12966.667,-10.976603,-14.629807
12983.333,-10.956571,-14.646635
13000.0,-10.936539,-14.663462
13016.667,-10.93734,-14.649038
13033.333,-10.938141,-14.634615
13050.0,-10.952885,-14.63125
13066.667,-10.976923,-14.635257
13083.333,-10.997275,-14.6365385
13100.0,-11.002885,-14.626923
13116.667,-11.008493,-14.617308
13133.333,-12.608974,-14.753846
13150.0,-14.608173,-14.926923
13166.667,-16.319872,-15.116667
13183.333,-17.60032,-15.33141
13200.0,-18.88077,-15.546154
13216.667,-18.872757,-15.531731
13233.333,-18.864744,-15.517307
13250.0,-18.860577,-15.50625
13266.667,-18.858974,-15.497436
13283.333,-18.857372,-15.488942
13300.0,-18.85577,-15.48173
13316.667,-18.854166,-15.474519
13333.333,-18.853846,-15.478205
13350.0,-18.853846,-15.484615
13366.667,-18.856411,-15.486539
13383.333,-18.86282,-15.48173
13400.0,-18.86923,-15.476923
13416.667,-18.864424,-15.48173
13433.333,-18.859615,-15.486539
13450.0,-18.847595,-15.511058
13466.667,-18.830769,-15.5487175
13483.333,-18.78125,-15.765224
13500.0,-18.600962,-16.697115
13516.667,-18.420673,-17.629007
13533.333,-18.379488,-17.797436
13550.0,-18.373077,-17.775
13566.667,-18.376923,-17.746155
13583.333,-18.396154,-17.707693
13600.0,-18.415384,-17.669231
13616.667,-18.399359,-17.658012
13633.333,-18.383333,-17.646795
13650.0,-18.366346,-17.641346
13666.667,-18.348719,-17.639744
13683.333,-18.37516,-17.0125
13700.0,-18.577885,-13.882692
13716.667,-18.78061,-10.752885
13733.333,-18.788462,-10.108974
13750.0,-18.747597,-10.086538
13766.667,-18.72436,-10.061539
13783.333,-18.727564,-10.032692
13800.0,-18.73077,-10.003846
13816.667,-18.725962,-10.003846
13833.333,-18.721153,-10.003846
13850.0,-18.717308,-9.990385
13866.667,-18.714102,-9.967949
13883.333,-18.709616,-9.9490385
13900.0,-18.7,-9.944231
13916.667,-18.690384,-9.939423
13933.333,-18.682692,-9.934615
13950.0,-18.67548,-9.929808
13966.667,-18.66827,-9.9237175
13983.333,-18.661058,-9.915705
14000.0,-18.653847,-9.907692
14016.667,-18.658653,-9.399679
14033.333,-18.663462,-8.891666
14050.0,-18.660578,-8.680769
14066.667,-18.652565,-8.667949
14083.333,-18.645514,-8.658334
14100.0,-18.642307,-8.661538
14116.667,-18.639103,-8.664743
14133.333,-18.633333,-8.65641
14150.0,-18.626923,-8.645192
14166.667,-18.625,-8.644231
14183.333,-18.629808,-8.658654
14200.0,-18.634615,-8.673077
14216.667,-18.625,-8.668269
14233.333,-18.615385,-8.663462
14250.0,-18.607693,-8.655769
14266.667,-18.601282,-8.646153
14283.333,-18.594551,-8.637179
14300.0,-18.586538,-8.630769
14316.667,-18.578526,-8.624359
14333.333,-18.46346,-8.623718
14350.0,-18.321634,-8.624519
14366.667,-17.096153,-8.741346
14383.333,-14.245193,-9.032211
14400.0,-11.394231,-9.323077
14416.667,-11.438301,-9.327885
14433.333,-11.482371,-9.332692
14450.0,-11.513943,-9.332692
14466.667,-11.53718,-9.329487
14483.333,-11.557212,-9.3125
14500.0,-11.564423,-9.240385
14516.667,-11.571634,-9.168269
14533.333,-11.569231,-9.1551285
14550.0,-11.564423,-9.156731
14566.667,-11.567307,-9.146153
14583.333,-11.581731,-9.117308
14600.0,-11.596154,-9.088462
14616.667,-11.613782,-9.0948715
14633.333,-11.631411,-9.101282
14650.0,-11.655769,-9.132692
14666.667,-11.684615,-9.180769
14683.333,-11.708493,-9.221795
14700.0,-11.7125,-9.234615
14716.667,-11.716506,-9.247436
14733.333,-11.727564,-9.248718
14750.0,-11.740385,-9.247115
14766.667,-11.491987,-9.728205
14783.333,-10.851763,-10.933333
14800.0,-10.211538,-12.138461
14816.667,-10.136218,-13.055128
14833.333,-10.060898,-13.971795
14850.0,-10.033654,-14.336538
14866.667,-10.038462,-14.333333
14883.333,-10.042308,-14.327404
14900.0,-10.042308,-14.310577
14916.667,-10.042308,-14.29375
14933.333,-10.044871,-14.307693
14950.0,-10.048077,-14.329327
14966.667,-10.058974,-14.347436
14983.333,-10.08141,-14.360256
15000.0,-10.103847,-14.373077
15016.667,-10.097436,-14.376282
15033.333,-10.091025,-14.379487
15050.0,-10.0875,-14.380769
15066.667,-10.085897,-14.380769
15083.333,-10.084936,-14.380128
15100.0,-10.086538,-14.376923
15116.667,-10.088141,-14.373718
15133.333,-10.087179,-14.360256
15150.0,-10.085577,-14.344231
15166.667,-10.0875,-14.334616
15183.333,-10.094711,-14.334616
15200.0,-10.101923,-14.334616
15216.667,-10.81266,-14.788141
15233.333,-11.523397,-15.241667
15250.0,-11.807693,-15.427885
15266.667,-11.807693,-15.435898
15283.333,-11.809455,-15.443109
15300.0,-11.818269,-15.447115
15316.667,-11.827084,-15.451121
15333.333,-11.8262825,-15.473077
15350.0,-11.823077,-15.499519
15366.667,-11.822757,-15.522436
15383.333,-11.826763,-15.540064
15400.0,-11.83077,-15.557693
15416.667,-11.85,-15.554487
15433.333,-11.869231,-15.551282
15450.0,-11.8634615,-15.548077
15466.667,-11.841025,-15.544871
15483.333,-11.822115,-15.60641
15500.0,-11.817307,-15.926923
15516.667,-11.8125,-16.247437
15533.333,-11.807693,-16.328846
15550.0,-11.802885,-16.350481
15566.667,-11.790384,-16.36955
15583.333,-11.766346,-16.384775
15600.0,-11.742308,-16.4
15616.667,-11.727884,-16.404808
15633.333,-11.713462,-16.409615
15650.0,-11.704807,-16.414423
15666.667,-11.7,-16.419231
15683.333,-11.695833,-16.456089
15700.0,-11.694231,-16.621155
15716.667,-11.692628,-16.786219
15733.333,-11.688461,-16.823076
15750.0,-11.683654,-16.827885
15766.667,-11.685898,-16.827564
15783.333,-11.698718,-16.819551
15800.0,-11.711538,-16.811539
15816.667,-11.711538,-16.811539
15833.333,-11.711538,-16.811539
15850.0,-10.641346,-16.798077
15866.667,-8.857693,-16.77564
15883.333,-5.96891,-16.635256
15900.0,1.3403846,-16.023077
15916.667,8.649679,-15.410897
15933.333,10.8403845,-15.314744
15950.0,11.751442,-15.347596
15966.667,12.290064,-15.339423
15983.333,12.270032,-15.2697115
16000.0,12.25,-15.2
16016.667,12.241987,-15.243269
16033.333,12.233974,-15.286538
16050.0,12.225,-15.267307
16066.667,12.2153845,-15.20641
16083.333,12.209936,-15.157051
16100.0,12.221154,-15.153846
16116.667,12.232371,-15.150641
16133.333,12.484615,-15.098718
16150.0,12.797115,-15.0346155
16166.667,13.414743,-14.803526
16183.333,14.490064,-14.321955
16200.0,15.565385,-13.8403845
16216.667,15.566987,-13.86202
16233.333,15.56859,-13.883654
16250.0,15.561539,-13.877885
16266.667,15.5487175,-13.853847
16283.333,15.537821,-13.828526
16300.0,15.5346155,-13.798077
16316.667,15.53141,-13.767629
16333.333,15.533334,-13.764103
16350.0,15.536538,-13.767307
16366.667,15.539103,-13.767307
16383.333,15.540705,-13.7625
16400.0,15.542308,-13.757692
16416.666,15.545513,-13.740866
16433.334,15.5487175,-13.724038
16450.0,15.554808,-13.714904
16466.666,15.56282,-13.710897
16483.334,15.56859,-13.70577
16500.0,15.565385,-13.696154
16516.666,15.56218,-13.686539
16533.334,15.5717945,-13.6967945
16550.0,15.584616,-13.712019
16566.666,15.597436,-13.735256
16583.334,15.610256,-13.770513
16600.0,15.623077,-13.805769
16616.666,15.619872,-13.736859
16633.334,15.616667,-13.667949
16650.0,15.6134615,-13.630288
16666.666,15.610256,-13.6134615
16683.334,15.381731,-13.374039
16700.0,14.251923,-12.244231
16716.666,13.122115,-11.114423
16733.334,12.337179,-10.297436
16750.0,11.638461,-9.558654
16766.666,11.210257,-9.102564
16783.334,11.18782,-9.070513
16800.0,11.165384,-9.038462
16816.666,11.174199,-9.060898
16833.334,11.183013,-9.083333
16850.0,11.185096,-9.083653
16866.666,11.182693,-9.069231
16883.334,11.179808,-9.048397
16900.0,11.175,-9.001923
16916.666,11.170193,-8.955449
16933.334,11.172436,-8.944872
16950.0,11.176442,-8.943269
16966.666,10.389423,-8.9
16983.334,8.415865,-8.79423
17000.0,6.4423075,-8.688461
17016.666,6.414263,-8.697276
17033.334,6.386218,-8.70609
17050.0,6.3822117,-8.704327
17066.666,6.394231,-8.695513
17083.334,6.403526,-8.685256
17100.0,6.401923,-8.66923
17116.666,6.4003205,-8.653205
17133.334,6.401282,-8.626923
17150.0,6.4028845,-8.598077
17166.666,6.4102564,-8.582692
17183.334,6.426282,-8.5875
17200.0,6.4423075,-8.592308
17216.666,6.4350963,-8.621154
17233.334,6.4278846,-8.65
17250.0,6.424519,-8.656731
17266.666,6.423718,-8.648718
17283.334,6.440224,-8.62516
17300.0,6.5259614,-8.539423
17316.666,6.6116986,-8.453686
17333.334,6.6576924,-8.366667
17350.0,6.69375,-8.279327
17366.666,6.721795,-8.218269
17383.334,6.7378206,-8.196634
17400.0,6.753846,-8.175
17416.666,6.761859,-8.175801
17433.334,6.7698717,-8.176602
17450.0,6.769231,-8.2153845
17466.666,6.7628207,-8.279488
17483.334,6.761859,-8.33109
17500.0,6.7826924,-8.332692
17516.666,6.8035254,-8.334295
17533.334,6.7753844,-8.359038
17550.0,6.7472434,-8.383782
17566.666,6.7191024,-8.408525
17583.334,6.6909614,-8.4332695
17600.0,6.6628203,-8.458013
17616.666,6.6346793,-8.482757
17633.334,6.6065383,-8.5075
17650.0,6.5783973,-8.532244
17666.666,6.5502563,-8.556987
17683.334,6.522115,-8.581731
17700.0,6.493974,-8.606474
17716.666,6.465833,-8.631218
17733.334,6.437692,-8.655962
17750.0,6.409551,-8.680705
17766.666,6.38141,-8.705449
17783.334,6.363782,-8.6469555
17800.0,6.3461537,-8.588462
17816.666,6.3653846,-8.609295
17833.334,6.3846154,-8.630128
17850.0,6.4307694,-8.632692
17866.666,6.4948716,-8.623077
17883.334,6.548718,-8.617308
17900.0,6.5615387,-8.626923
17916.666,6.574359,-8.6365385
17933.334,6.5608974,-8.646153
17950.0,6.5408654,-8.655769
17966.666,6.5246797,-8.6737175
17983.334,6.5142627,-8.704166
18000.0,6.503846,-8.734615
18016.666,6.523077,-8.734615
18033.334,6.542308,-8.734615
18050.0,6.544231,-8.739423
18066.666,6.5346155,-8.747436
18083.334,6.5259614,-8.753526
18100.0,6.521154,-8.751923
18116.666,6.516346,-8.75032
18133.334,6.5089746,-8.752564
18150.0,6.5009613,-8.755769
18166.666,6.501282,-8.755128
18183.334,6.5141025,-8.748718
18200.0,6.526923,-8.742308
18216.666,6.5189104,-8.713462
18233.334,6.5108976,-8.684615
18250.0,6.5009613,-8.682693
18266.666,6.4897437,-8.698718
18283.334,6.4804487,-8.708013
18300.0,6.478846,-8.690385
18316.666,6.4772434,-8.672756
18333.334,6.4653845,-8.658975
18350.0,6.4509616,-8.646153
18366.666,6.4423075,-8.637179
18383.334,6.4423075,-8.633974
18400.0,6.4423075,-8.630769
18416.666,6.44391,-8.625961
18433.334,6.445513,-8.621154
18450.0,6.4572115,-8.623077
18466.666,6.4756413,-8.629487
18483.334,6.4927883,-8.633173
18500.0,6.5048075,-8.625961
18516.666,6.516827,-8.61875
18533.334,6.5102563,-8.623077
18550.0,6.4990387,-8.630288
18566.666,6.48141,-8.635898
18583.334,6.454167,-8.639103
18600.0,6.4269233,-8.642307
18616.666,6.430128,-8.627885
18633.334,6.4333334,-8.6134615
18650.0,6.4307694,-8.6134615
18666.666,6.424359,-8.623077
18683.334,6.41875,-8.629647
18700.0,6.416346,-8.624039
18716.666,6.4139423,-8.618429
18733.334,6.4179487,-8.641026
18750.0,6.4235578,-8.670673
18766.666,6.4333334,-8.673077
18783.334,6.449359,-8.634615
18800.0,6.4653845,-8.596154
18816.666,6.478205,-8.624199
18833.334,6.4910254,-8.652244
18850.0,6.501923,-8.662981
18866.666,6.5115385,-8.66218
18883.334,6.51859,-8.65609
18900.0,6.5153847,-8.628846
18916.666,6.5121794,-8.601603
18933.334,6.48141,-8.615385
18950.0,6.44375,-8.639423
18966.666,6.41891,-8.654488
18983.334,6.4133015,-8.65609
19000.0,6.4076924,-8.657692
19016.666,6.4108973,-8.638461
19033.334,6.4141026,-8.619231
19050.0,6.423077,-8.625961
19066.666,6.4358974,-8.65
19083.334,6.4451923,-8.666347
19100.0,6.4403844,-8.651923
19116.666,6.435577,-8.6375
19133.334,6.4461536,-8.64359
19150.0,6.460577,-8.654808
19166.666,6.4756413,-8.664103
19183.334,6.491667,-8.670513
19200.0,6.5076923,-8.676923
19216.666,6.5028844,-8.681731
19233.334,6.498077,-8.686539
19250.0,6.4913464,-8.685577
19266.666,6.483333,-8.680769
19283.334,6.472436,-8.677885
19300.0,6.45,-8.682693
19316.666,6.427564,-8.6875
19333.334,6.4269233,-8.707692
19350.0,6.4317307,-8.73173
19366.666,6.4346156,-8.753205
19383.334,6.4346156,-8.770833
19400.0,6.4346156,-8.788462
19416.666,6.4314103,-8.79407
19433.334,6.428205,-8.79968
19450.0,6.421154,-8.803366
19466.666,6.4115386,-8.805769
19483.334,6.404487,-8.8009615
19500.0,6.4076924,-8.767307
19516.666,6.4108973,-8.733654
19533.334,6.39359,-8.673077
19550.0,6.371154,-8.605769
19566.666,6.3570514,-8.564744
19583.334,6.3554487,-8.563141
19600.0,6.353846,-8.561539
19616.666,6.3570514,-8.561539
19633.334,6.360256,-8.561539
19650.0,6.3644233,-8.546635
19666.666,6.3692307,-8.521795
19683.334,6.3717947,-8.507532
19700.0,6.3653846,-8.535577
19716.666,6.3589745,-8.5636215
19733.334,6.3525643,-8.54423
19750.0,6.3461537,-8.51298
19766.666,6.3391027,-8.493269
19783.334,6.33109,-8.490866
19800.0,6.3230767,-8.4884615
19816.666,6.332692,-8.477243
19833.334,6.3423076,-8.466025
19850.0,6.3509617,-8.456731
19866.666,6.3589745,-8.448718
19883.334,6.365064,-8.440705
19900.0,6.3634615,-8.432693
19916.666,6.361859,-8.42468
19933.334,6.3692307,-8.435898
19950.0,6.378846,-8.451923
19966.666,6.3878207,-8.457051
19983.334,6.3958335,-8.445833
20000.0,6.4038463,-8.434615
20016.666,6.4022436,-8.433013
20033.334,6.400641,-8.43141
20050.0,6.3908653,-8.422115
20066.666,6.375641,-8.407692
20083.334,6.365865,-8.400802
20100.0,6.3778844,-8.424039
20116.666,6.389904,-8.447276
20133.334,6.3923078,-8.467949
20150.0,6.3923078,-8.487981
20166.666,6.390705,-8.501282
20183.334,6.3866987,-8.504487
20200.0,6.3826923,-8.507692
20216.666,6.384295,-8.514103
20233.334,6.3858976,-8.520513
20250.0,6.3855767,-8.527404
20266.666,6.3839746,-8.5346155
20283.334,6.38766,-8.532532
20300.0,6.4125,-8.493269
20316.666,6.43734,-8.454006
20333.334,6.4442306,-8.448718
20350.0,6.446635,-8.451923
20366.666,6.438141,-8.467949
20383.334,6.4133015,-8.503205
20400.0,6.3884616,-8.538462
20416.666,6.380449,-8.541667
20433.334,6.372436,-8.544871
20450.0,6.3836536,-8.520673
20466.666,6.4076924,-8.478205
20483.334,6.4253206,-8.45593
20500.0,6.417308,-8.514423
20516.666,6.409295,-8.572917
20533.334,6.415385,-8.589744
20550.0,6.425,-8.596154
20566.666,6.445513,-8.582692
20583.334,6.482372,-8.539423
20600.0,6.519231,-8.496154
20616.666,6.514423,-8.507372
20633.334,6.5096154,-8.51859
20650.0,6.5067306,-8.522116
20666.666,6.5051284,-8.520513
20683.334,6.5032053,-8.5174675
20700.0,6.5,-8.508654
20716.666,6.4967947,-8.49984
20733.334,6.4858975,-8.475641
20750.0,6.473077,-8.447597
20766.666,6.4602566,-8.438461
20783.334,6.447436,-8.457692
20800.0,6.4346156,-8.476923
20816.666,6.420994,-8.526603
20833.334,6.407372,-8.5762825
20850.0,6.3966346,-8.617308
20866.666,6.3878207,-8.652564
20883.334,6.383013,-8.672436
20900.0,6.394231,-8.630769
20916.666,6.405449,-8.589103
20933.334,6.4038463,-8.561539
20950.0,6.3990383,-8.5375
20966.666,6.3974357,-8.53141
20983.334,6.400641,-8.552243
21000.0,6.4038463,-8.573077
21016.666,6.383013,-8.582692
21033.334,6.3621793,-8.592308
21050.0,6.3490386,-8.617308
21066.666,6.341026,-8.652564
21083.334,6.3371797,-8.675321
21100.0,6.35,-8.648077
21116.666,6.3628206,-8.620833
21133.334,6.348718,-8.651282
21150.0,6.3278847,-8.696154
21166.666,6.3128204,-8.735256
21183.334,6.3064103,-8.765705
21200.0,6.3,-8.796154
21216.666,6.3064103,-8.794551
21233.334,6.3128204,-8.792949
21250.0,6.3149037,-8.791347
21266.666,6.3141026,-8.789743
21283.334,6.3120193,-8.790384
21300.0,6.3048077,-8.8
21316.666,6.297596,-8.809615
21333.334,6.298077,-8.787821
21350.0,6.300481,-8.758173
21366.666,6.297756,-8.74391
21383.334,6.2873397,-8.752725
21400.0,6.276923,-8.7615385
21416.666,6.270513,-8.766346
21433.334,6.2641025,-8.771153
21450.0,6.2605767,-8.76875
21466.666,6.2589746,-8.7615385
21483.334,6.2557693,-8.759134
21500.0,6.246154,-8.775962
21516.666,6.2365384,-8.7927885
21533.334,6.228205,-8.789743
21550.0,6.2201924,-8.781731
21566.666,6.2153845,-8.778846
21583.334,6.2153845,-8.783654
21600.0,6.2153845,-8.788462
21616.666,6.2153845,-8.772436
21633.334,6.2153845,-8.756411
21650.0,6.2192307,-8.751923
21666.666,6.2256413,-8.755128
21683.334,6.231731,-8.753846
21700.0,6.2365384,-8.734615
21716.666,6.2413464,-8.7153845
21733.334,6.2423077,-8.716666
21750.0,6.2423077,-8.723077
21766.666,6.2391024,-8.726923
21783.334,6.2310896,-8.726923
21800.0,6.223077,-8.726923
21816.666,6.2310896,-8.694872
21833.334,6.2391024,-8.662821
21850.0,6.2509613,-8.6375
21866.666,6.2653847,-8.616667
21883.334,6.2778845,-8.603205
21900.0,6.2826924,-8.619231
21916.666,6.2875,-8.635257
21933.334,6.275641,-8.646153
21950.0,6.2596154,-8.655769
21966.666,6.2384615,-8.655769
21983.334,6.209615,-8.641346
22000.0,6.1807694,-8.626923
22016.666,6.172756,-8.601282
22033.334,6.1647434,-8.575641
22050.0,6.1567307,-8.587981
22066.666,6.148718,-8.625641
22083.334,6.141506,-8.649839
22100.0,6.1375,-8.620193
22116.666,6.1334934,-8.590545
22133.334,6.15,-8.601282
22150.0,6.1716347,-8.622115
22166.666,6.1788464,-8.623718
22183.334,6.164423,-8.596475
22200.0,6.15,-8.569231
22216.666,6.146795,-8.579647
22233.334,6.14359,-8.590064
22250.0,6.1596155,-8.57548
22266.666,6.1884613,-8.54423
22283.334,6.2125,-8.5174675
22300.0,6.2173076,-8.508654
22316.666,6.2221155,-8.49984
22333.334,6.2147436,-8.496154
22350.0,6.204327,-8.49375
22366.666,6.1983976,-8.485897
22383.334,6.1991987,-8.4698715
22400.0,6.2,-8.453846
22416.666,6.2,-8.41218
22433.334,6.2,-8.370513
22450.0,6.1971154,-8.360577
22466.666,6.1923075,-8.371795
22483.334,6.188141,-8.383013
22500.0,6.1865387,-8.394231
22516.666,6.184936,-8.405449
22533.334,6.165385,-8.425641
22550.0,6.141346,-8.448077
22566.666,6.127564,-8.458974
22583.334,6.1291666,-8.452564
22600.0,6.1307693,-8.446154
22616.666,6.1291666,-8.421314
22633.334,6.127564,-8.396474
22650.0,6.1298075,-8.389904
22666.666,6.1346154,-8.395513
22683.334,6.1429486,-8.4
22700.0,6.165385,-8.4
22716.666,6.1878204,-8.4
22733.334,6.1788464,-8.398077
22750.0,6.1620193,-8.395673
22766.666,6.1445513,-8.397757
22783.334,6.126122,-8.40657
22800.0,6.1076922,-8.415384
22816.666,6.1125,-8.410577
22833.334,6.1173077,-8.405769
22850.0,6.1153846,-8.397116
22866.666,6.1089745,-8.385898
22883.334,6.102885,-8.380448
22900.0,6.098077,-8.398077
22916.666,6.0932693,-8.415705
22933.334,6.0961537,-8.408975
22950.0,6.1009617,-8.396153
22966.666,6.1022434,-8.396153
22983.334,6.098237,-8.415384
23000.0,6.0942307,-8.434615
23016.666,6.0886216,-8.436218
23033.334,6.083013,-8.43782
23050.0,6.0721154,-8.432693
23066.666,6.0576925,-8.423077
23083.334,6.048718,-8.416987
23100.0,6.0615387,-8.425
23116.666,6.074359,-8.433013
23133.334,6.071795,-8.446154
23150.0,6.0653844,-8.460577
23166.666,6.0602565,-8.467949
23183.334,6.057051,-8.464744
23200.0,6.0538464,-8.461538
23216.666,6.061859,-8.466346
23233.334,6.069872,-8.471154
23250.0,6.0730767,-8.479808
23266.666,6.0730767,-8.491026
23283.334,6.0730767,-8.499359
23300.0,6.0730767,-8.496154
23316.666,6.0730767,-8.492949
23333.334,6.072436,-8.502564
23350.0,6.071635,-8.515385
23366.666,6.0721154,-8.522116
23383.334,6.074519,-8.5197115
23400.0,6.076923,-8.517307
23416.666,6.0641026,-8.510097
23433.334,6.051282,-8.502885
23450.0,6.040385,-8.507692
23466.666,6.0307693,-8.520513
23483.334,6.0224357,-8.529166
23500.0,6.019231,-8.521153
23516.666,6.0160255,-8.513141
23533.334,6.0153847,-8.513461
23550.0,6.0153847,-8.515865
23566.666,6.0121794,-8.526923
23583.334,6.0041666,-8.5509615
23600.0,5.996154,-8.575
23616.666,5.982532,-8.575801
23633.334,5.96891,-8.576603
23650.0,5.9639425,-8.592308
23666.666,5.9647436,-8.617949
23683.334,5.9666667,-8.632372
23700.0,5.973077,-8.601923
23716.666,5.979487,-8.571474
23733.334,5.9884615,-8.5717945
23750.0,5.998077,-8.579807
23766.666,6.0057693,-8.580449
23783.334,6.0105767,-8.570032
23800.0,6.0153847,-8.559615
23816.666,6.0241985,-8.559615
23833.334,6.033013,-8.559615
23850.0,6.049519,-8.561058
23866.666,6.0711536,-8.563461
23883.334,6.0871797,-8.565705
23900.0,6.080769,-8.567307
23916.666,6.074359,-8.568911
23933.334,6.0576925,-8.5487175
23950.0,6.0384617,-8.523077
23966.666,6.040385,-8.51859
23983.334,6.0740385,-8.545834
24000.0,6.1076922,-8.573077
24016.666,6.0804486,-8.589103
24033.334,6.053205,-8.605128
24050.0,6.0538464,-8.628846
24066.666,6.0730767,-8.657692
24083.334,6.091026,-8.681731
24100.0,6.103846,-8.686539
24116.666,6.116667,-8.691346
24133.334,6.1192307,-8.696154
24150.0,6.1192307,-8.700961
24166.666,6.1099358,-8.701923
24183.334,6.0866985,-8.697115
24200.0,6.0634613,-8.692307
24216.666,6.06266,-8.663462
24233.334,6.061859,-8.634615
24250.0,6.0548077,-8.642307
24266.666,6.0435896,-8.674359
24283.334,6.0352564,-8.6967945
24300.0,6.0384617,-8.680769
24316.666,6.0416665,-8.664743
24333.334,6.05,-8.682693
24350.0,6.0596156,-8.709135
24366.666,6.078205,-8.728526
24383.334,6.110256,-8.73734
24400.0,6.1423078,-8.746154
24416.666,6.1439104,-8.744552
24433.334,6.145513,-8.742949
24450.0,6.144231,-8.745193
24466.666,6.1410255,-8.75
24483.334,6.138141,-8.754807
24500.0,6.1365385,-8.759615
24516.666,6.134936,-8.764423
24533.334,6.1198716,-8.801282
24550.0,6.1014423,-8.846154
24566.666,6.0849357,-8.874039
24583.334,6.0713143,-8.876442
24600.0,6.0576925,-8.878846
24616.666,6.043269,-8.865224
24633.334,6.0288463,-8.851603
24650.0,6.0259614,-8.845192
24666.666,6.0307693,-8.84359
24683.334,6.0346155,-8.83782
24700.0,6.0346155,-8.815385
24716.666,6.0346155,-8.792949
24733.334,6.0333333,-8.796154
24750.0,6.0317307,-8.805769
24766.666,6.032051,-8.814744
24783.334,6.0352564,-8.822757
24800.0,6.0384617,-8.83077
24816.666,6.044872,-8.83077
24833.334,6.051282,-8.83077
24850.0,6.046154,-8.829807
24866.666,6.0333333,-8.828205
24883.334,6.0195513,-8.824679
24900.0,6.001923,-8.813461
24916.666,5.984295,-8.802243
24933.334,5.99359,-8.785256
24950.0,6.0096154,-8.766827
24966.666,6.0243587,-8.767629
24983.334,6.0371795,-8.797276
25000.0,6.05,-8.826923
25016.666,6.0564103,-8.842148
25033.334,6.0628204,-8.857371
25050.0,6.0634613,-8.851442
25066.666,6.0602565,-8.83141
25083.334,6.112733,-8.645164
25100.0,6.16521,-8.458916
25116.666,6.2176867,-8.272669
25133.334,6.270163,-8.086422
25150.0,6.32264,-7.9001746
25166.666,6.3751163,-7.7139277
25183.334,6.427593,-7.527681
25200.0,6.48007,-7.3414335
25216.666,6.5325465,-7.1551867
25233.334,6.5850234,-6.9689393
25250.0,6.6375,-6.7826924
25266.666,6.4179487,-7.8948717
25283.334,6.2415066,-8.776282
25300.0,6.2375,-8.734615
25316.666,6.233494,-8.692948
25333.334,6.2384615,-8.703846
25350.0,6.245673,-8.727884
25366.666,6.2557693,-8.7198715
25383.334,6.270192,-8.663782
25400.0,6.2846155,-8.607693
25416.666,6.2926283,-8.588462
25433.334,6.300641,-8.569231
25450.0,6.310577,-8.57548
25466.666,6.321795,-8.598718
25483.334,6.334455,-8.618429
25500.0,6.352885,-8.624039
25516.666,6.371314,-8.629647
25533.334,6.3641024,-8.628205
25550.0,6.3504806,-8.625
25566.666,6.3320513,-8.6365385
25583.334,6.3064103,-8.670193
25600.0,6.2807693,-8.703846
25616.666,6.2807693,-8.723077
25633.334,6.2807693,-8.742308
25650.0,6.289423,-8.738942
25666.666,6.3038464,-8.720512
25683.334,6.315064,-8.70593
25700.0,6.3134613,-8.706731
25716.666,6.311859,-8.707532
25733.334,6.302564,-8.682052
25750.0,6.291346,-8.65
25766.666,6.2826924,-8.62468
25783.334,6.2778845,-8.609455
25800.0,6.273077,-8.594231
25816.666,6.28109,-8.569391
25833.334,6.2891026,-8.544551
25850.0,6.2884617,-8.530769
25866.666,6.282051,-8.524359
25883.334,6.2759614,-8.520513
25900.0,6.271154,-8.526923
25916.666,6.266346,-8.533334
25933.334,6.251282,-8.528205
25950.0,6.233654,-8.520192
25966.666,6.219872,-8.51282
25983.334,6.2118587,-8.506411
26000.0,6.203846,-8.5
26016.666,6.2134614,-8.496795
26033.334,6.223077,-8.493589
26050.0,6.2346153,-8.4875
26066.666,6.247436,-8.479487
26083.334,6.258013,-8.471475
26100.0,6.2596154,-8.463462
26116.666,6.261218,-8.455449
26133.334,6.2576923,-8.435898
26150.0,6.2528844,-8.413462
26166.666,6.250641,-8.404488
26183.334,6.2522435,-8.415705
26200.0,6.253846,-8.426923
26216.666,6.2570515,-8.40609
26233.334,6.2602563,-8.385257
26250.0,6.2625,-8.36875
26266.666,6.2641025,-8.355128
26283.334,6.260737,-8.349038
26300.0,6.2375,-8.373077
26316.666,6.214263,-8.397116
26333.334,6.226923,-8.392307
26350.0,6.2485576,-8.380288
26366.666,6.2615385,-8.377885
26383.334,6.2615385,-8.389904
26400.0,6.2615385,-8.401923
26416.666,6.2927885,-8.37468
26433.334,6.3240385,-8.347436
26450.0,6.3447113,-8.326443
26466.666,6.358333,-8.309615
26483.334,6.369551,-8.29968
26500.0,6.371154,-8.317307
26516.666,6.3727565,-8.334936
26533.334,6.379487,-8.335897
26550.0,6.3875,-8.332692
26566.666,6.3948717,-8.326923
26583.334,6.401282,-8.317307
26600.0,6.4076924,-8.307693
26616.666,6.4108973,-8.309295
26633.334,6.4141026,-8.310898
26650.0,6.4125,-8.318269
26666.666,6.4076924,-8.329487
26683.334,6.4033656,-8.3375
26700.0,6.4009614,-8.332692
26716.666,6.3985577,-8.327885
26733.334,6.3974357,-8.339744
26750.0,6.3966346,-8.355769
26766.666,6.398718,-8.3634615
26783.334,6.405128,-8.358654
26800.0,6.4115386,-8.353847
26816.666,6.4003205,-8.353847
26833.334,6.3891025,-8.353847
26850.0,6.3778844,-8.350962
26866.666,6.366667,-8.346154
26883.334,6.35625,-8.341346
26900.0,6.3490386,-8.336538
26916.666,6.341827,-8.331731
26933.334,6.326923,-8.342308
26950.0,6.3100963,-8.35673
26966.666,6.294872,-8.372436
26983.334,6.282051,-8.390064
27000.0,6.269231,-8.407692
27016.666,6.261218,-8.4028845
27033.334,6.2532053,-8.398077
27050.0,6.2576923,-8.392307
27066.666,6.270513,-8.385898
27083.334,6.2798076,-8.381571
27100.0,6.275,-8.385577
27116.666,6.270192,-8.389584
27133.334,6.2570515,-8.384615
27150.0,6.241827,-8.377404
27166.666,6.2266026,-8.366667
27183.334,6.211378,-8.350641
27200.0,6.1961536,-8.334616
27216.666,6.2089744,-8.313782
27233.334,6.221795,-8.292949
27250.0,6.225,-8.285577
27266.666,6.221795,-8.28718
27283.334,6.2184296,-8.290865
27300.0,6.214423,-8.302885
27316.666,6.210417,-8.314904
27333.334,6.2134614,-8.316667
27350.0,6.2182693,-8.3158655
27366.666,6.211218,-8.314744
27383.334,6.186378,-8.313141
27400.0,6.1615386,-8.311539
27416.666,6.1567307,-8.311539
27433.334,6.151923,-8.311539
27450.0,6.148077,-8.305769
27466.666,6.1448717,-8.296154
27483.334,6.1403847,-8.28109
27500.0,6.1307693,-8.244231
27516.666,6.121154,-8.207372
27533.334,6.1128206,-8.205129
27550.0,6.104808,-8.211538
27566.666,6.098718,-8.216666
27583.334,6.095513,-8.2198715
27600.0,6.0923076,-8.223077
27616.666,6.0923076,-8.216666
27633.334,6.0923076,-8.210257
27650.0,6.0932693,-8.197115
27666.666,6.094872,-8.179487
27683.334,6.0961537,-8.161378
27700.0,6.0961537,-8.141346
27716.666,6.0961537,-8.121314
27733.334,6.0923076,-8.116667
27750.0,6.0875,-8.115866
27766.666,6.0891027,-8.121154
27783.334,6.1003203,-8.135577
27800.0,6.1115384,-8.15
27816.666,6.106731,-8.193269
27833.334,6.101923,-8.236539
27850.0,6.0971155,-8.285577
27866.666,6.0923076,-8.338462
27883.334,6.089423,-8.380609
27900.0,6.0942307,-8.379807
27916.666,6.0990386,-8.379006
27933.334,6.120513,-8.357693
27950.0,6.146154,-8.33125
27966.666,6.1628203,-8.31218
27983.334,6.1660256,-8.304167
28000.0,6.169231,-8.296154
28016.666,6.1884613,-8.283334
28033.334,6.207692,-8.270513
28050.0,6.205769,-8.282692
28066.666,6.1897435,-8.311539
28083.334,6.1772437,-8.337339
28100.0,6.1788464,-8.350962
28116.666,6.1804485,-8.364583
28133.334,6.1961536,-8.352564
28150.0,6.2153845,-8.334135
28166.666,6.219551,-8.327564
28183.334,6.201122,-8.338782
28200.0,6.1826925,-8.35
28216.666,6.2091346,-8.34359
28233.334,6.235577,-8.337179
28250.0,6.2471156,-8.3375
28266.666,6.248718,-8.342308
28283.334,6.249359,-8.34359
28300.0,6.246154,-8.33077
28316.666,6.2429485,-8.317948
28333.334,6.229487,-8.324359
28350.0,6.2134614,-8.335577
28366.666,6.2070513,-8.334616
28383.334,6.215064,-8.315385
28400.0,6.223077,-8.296154
28416.666,6.2118587,-8.304167
28433.334,6.200641,-8.31218
28450.0,6.1971154,-8.317307
28466.666,6.198718,-8.320513
28483.334,6.201923,-8.332372
28500.0,6.2115383,-8.378846
28516.666,6.2211537,-8.425321
28533.334,6.223077,-8.426923
28550.0,6.223077,-8.417308
28566.666,6.221474,-8.392949
28583.334,6.217468,-8.346475
28600.0,6.2134614,-8.3
28616.666,6.2222757,-8.30641
28633.334,6.2310896,-8.31282
28650.0,6.2375,-8.314904
28666.666,6.2423077,-8.314102
28683.334,6.2477565,-8.317948
28700.0,6.2557693,-8.3403845
28716.666,6.263782,-8.362821
28733.334,6.279487,-8.385898
28750.0,6.2971153,-8.409135
28766.666,6.303205,-8.416026
28783.334,6.291987,-8.398397
28800.0,6.2807693,-8.380769
28816.666,6.2759614,-8.39359
28833.334,6.271154,-8.40641
28850.0,6.273077,-8.4096155
28866.666,6.279487,-8.40641
28883.334,6.286218,-8.4028845
28900.0,6.294231,-8.398077
28916.666,6.3022437,-8.39327
28933.334,6.3064103,-8.398718
28950.0,6.3096156,-8.406731
28966.666,6.3134613,-8.422115
28983.334,6.3182693,-8.448558
29000.0,6.3230767,-8.475
29016.666,6.3391027,-8.472596
29033.334,6.3551283,-8.470192
29050.0,6.356731,-8.478847
29066.666,6.348718,-8.494872
29083.334,6.3423076,-8.5092945
29100.0,6.3423076,-8.517307
29116.666,6.3423076,-8.52532
29133.334,6.3628206,-8.517949
29150.0,6.3884616,-8.506731
29166.666,6.4057693,-8.498718
29183.334,6.410577,-8.495513
29200.0,6.415385,-8.492308
29216.666,6.4097757,-8.513141
29233.334,6.4041667,-8.533975
29250.0,6.402404,-8.547115
29266.666,6.403205,-8.555128
29283.334,6.40609,-8.558173
29300.0,6.417308,-8.541347
29316.666,6.4285254,-8.524519
29333.334,6.4346156,-8.521795
29350.0,6.439423,-8.522596
29366.666,6.4435897,-8.513141
29383.334,6.446795,-8.488301
29400.0,6.45,-8.463462
29416.666,6.4564104,-8.461058
29433.334,6.4628205,-8.458653
29450.0,6.464423,-8.453846
29466.666,6.4628205,-8.447436
29483.334,6.4610577,-8.445993
29500.0,6.458654,-8.464423
29516.666,6.45625,-8.482853
29533.334,6.447436,-8.493589
29550.0,6.4370193,-8.502404
29566.666,6.4410257,-8.505128
29583.334,6.4666667,-8.498718
29600.0,6.4923077,-8.492308
29616.666,6.4866986,-8.4907055
29633.334,6.4810896,-8.489102
29650.0,6.4697113,-8.489423
29666.666,6.4544873,-8.491026
29683.334,6.4423075,-8.493429
29700.0,6.4423075,-8.499039
29716.666,6.4423075,-8.504647
29733.334,6.4346156,-8.515385
29750.0,6.425,-8.527404
29766.666,6.4179487,-8.53141
29783.334,6.4147434,-8.523397
29800.0,6.4115386,-8.515385
29816.666,6.409936,-8.539423
29833.334,6.4083333,-8.563461
29850.0,6.4134617,-8.557693
29866.666,6.423077,-8.532051
29883.334,6.435577,-8.513141
29900.0,6.459615,-8.521153
29916.666,6.483654,-8.529166
29933.334,6.4846153,-8.54359
29950.0,6.479808,-8.559615
29966.666,6.4673076,-8.573077
29983.334,6.4432693,-8.582692
30000.0,6.419231,-8.592308
30016.666,6.4224358,-8.589904
30033.334,6.425641,-8.5875
30050.0,6.421154,-8.589904
30066.666,6.4115386,-8.595512
30083.334,6.402564,-8.597596
30100.0,6.396154,-8.585577
30116.666,6.389744,-8.573558
30133.334,6.376282,-8.578205
30150.0,6.3610578,-8.587019
30166.666,6.3503203,-8.591025
30183.334,6.346314,-8.58782
30200.0,6.3423076,-8.584616
30216.666,6.3423076,-8.586218
30233.334,6.3423076,-8.58782
30250.0,6.339423,-8.595192
30266.666,6.334615,-8.60641
30283.334,6.327404,-8.608974
30300.0,6.310577,-8.576923
30316.666,6.29375,-8.544871
30333.334,6.292308,-8.542949
30350.0,6.2947116,-8.548557
30366.666,6.2974358,-8.567307
30383.334,6.300641,-8.605769
30400.0,6.3038464,-8.644231
30416.666,6.3134613,-8.604968
30433.334,6.3230767,-8.565705
30450.0,6.314423,-8.557693
30466.666,6.2935896,-8.570513
30483.334,6.2740383,-8.58109
30500.0,6.2596154,-8.582692
30516.666,6.2451925,-8.584295
30533.334,6.24359,-8.589744
30550.0,6.2451925,-8.596154
30566.666,6.2458334,-8.597436
30583.334,6.245032,-8.591025
30600.0,6.2442307,-8.584616
30616.666,6.245032,-8.594231
30633.334,6.2458334,-8.603847
30650.0,6.2524037,-8.6
30666.666,6.2628207,-8.587179
30683.334,6.2716346,-8.580449
30700.0,6.2740383,-8.598077
30716.666,6.2764425,-8.6157055
30733.334,6.2653847,-8.612821
30750.0,6.2509613,-8.604808
30766.666,6.235256,-8.604487
30783.334,6.217628,-8.6157055
30800.0,6.2,-8.626923
30816.666,6.211218,-8.66218
30833.334,6.222436,-8.697436
30850.0,6.2326922,-8.712019
30866.666,6.2423077,-8.71282
30883.334,6.2477565,-8.713302
30900.0,6.2365384,-8.7125
30916.666,6.2253203,-8.711699
30933.334,6.2128205,-8.710257
30950.0,6.2,-8.708653
30966.666,6.1916666,-8.710897
30983.334,6.190064,-8.71891
31000.0,6.1884613,-8.726923
31016.666,6.1932693,-8.736539
31033.334,6.1980767,-8.746154
31050.0,6.1942306,-8.745193
31066.666,6.1846156,-8.73718
31083.334,6.1746793,-8.73766
31100.0,6.1634617,-8.772116
31116.666,6.1522436,-8.80657
31133.334,6.158974,-8.802564
31150.0,6.1701922,-8.788942
31166.666,6.1772437,-8.785897
31183.334,6.178045,-8.7987175
31200.0,6.1788464,-8.811539
31216.666,6.1732373,-8.817948
31233.334,6.1676283,-8.824359
31250.0,6.1548076,-8.846154
31266.666,6.1371794,-8.878205
31283.334,6.128045,-8.901763
31300.0,6.1528845,-8.891346
31316.666,6.1777244,-8.88093
31333.334,6.1961536,-8.871795
31350.0,6.2129807,-8.862981
31366.666,6.221795,-8.860256
31383.334,6.21859,-8.866667
31400.0,6.2153845,-8.873077
31416.666,6.2017627,-8.881891
31433.334,6.188141,-8.890705
31450.0,6.1802883,-8.905289
31466.666,6.176282,-8.9237175
31483.334,6.1740384,-8.9375
31500.0,6.1788464,-8.932693
31516.666,6.183654,-8.927885
31533.334,6.1858974,-8.933974
31550.0,6.1875,-8.942788
31566.666,6.1910257,-8.954807
31583.334,6.197436,-8.971635
31600.0,6.203846,-8.9884615
31616.666,6.215064,-8.96282
31633.334,6.226282,-8.93718
31650.0,6.237019,-8.914904
31666.666,6.247436,-8.894872
31683.334,6.257532,-8.87468
31700.0,6.266346,-8.853847
31716.666,6.2751603,-8.833013
31733.334,6.275641,-8.816026
31750.0,6.2740383,-8.8
31766.666,6.276923,-8.789423
31783.334,6.2865386,-8.787019
31800.0,6.296154,-8.7846155
31816.666,6.3009615,-8.787821
31833.334,6.3057694,-8.791026
31850.0,6.3057694,-8.7875
31866.666,6.302564,-8.779488
31883.334,6.3016024,-8.770513
31900.0,6.3096156,-8.757692
31916.666,6.3176284,-8.744872
31933.334,6.3192306,-8.744872
31950.0,6.3192306,-8.748077
31966.666,6.3221154,-8.742628
31983.334,6.329327,-8.724198
32000.0,6.3365383,-8.70577
32016.666,6.335737,-8.704166
32033.334,6.3349357,-8.702564
32050.0,6.331731,-8.686058
32066.666,6.326923,-8.6596155
32083.334,6.3221154,-8.640064
32100.0,6.3173075,-8.648077
32116.666,6.3125,-8.65609
32133.334,6.3102565,-8.64359
32150.0,6.308654,-8.625961
32166.666,6.304487,-8.615385
32183.334,6.2964745,-8.615385
32200.0,6.2884617,-8.615385
32216.666,6.2884617,-8.621795
32233.334,6.2884617,-8.628205
32250.0,6.293269,-8.626923
32266.666,6.301282,-8.620513
32283.334,6.3048077,-8.616346
32300.0,6.290385,-8.621154
32316.666,6.2759614,-8.625961
32333.334,6.279487,-8.60641
32350.0,6.2875,-8.58077
32366.666,6.292308,-8.564423
32383.334,6.292308,-8.562019
32400.0,6.292308,-8.559615
32416.666,6.31234,-8.586859
32433.334,6.3323717,-8.614102
32450.0,6.3389425,-8.629327
32466.666,6.3365383,-8.6365385
32483.334,6.3349357,-8.640705
32500.0,6.3365383,-8.632692
32516.666,6.338141,-8.62468
32533.334,6.334615,-8.628205
32550.0,6.3298078,-8.634615
32566.666,6.3352566,-8.628846
32583.334,6.3560896,-8.604808
32600.0,6.376923,-8.58077
32616.666,6.376923,-8.587179
32633.334,6.376923,-8.59359
32650.0,6.3807693,-8.5903845
32666.666,6.3871794,-8.58077
32683.334,6.389423,-8.572115
32700.0,6.375,-8.567307
32716.666,6.360577,-8.5625
32733.334,6.3461537,-8.570513
32750.0,6.331731,-8.581731
32766.666,6.330128,-8.583013
32783.332,6.3477564,-8.569391
32800.0,6.3653846,-8.555769
32816.668,6.3589745,-8.596635
32833.332,6.3525643,-8.6375
32850.0,6.35625,-8.61875
32866.668,6.366667,-8.560256
32883.332,6.374199,-8.515545
32900.0,6.3701925,-8.525962
32916.668,6.3661857,-8.536378
32933.332,6.3621793,-8.539103
32950.0,6.358173,-8.539904
32966.668,6.3522434,-8.543269
32983.332,6.3434296,-8.550481
33000.0,6.334615,-8.557693
33016.668,6.339423,-8.581731
33033.332,6.3442307,-8.605769
33050.0,6.3413463,-8.61202
33066.668,6.3333335,-8.60641
33083.332,6.327244,-8.609135
33100.0,6.328846,-8.645192
33116.668,6.3304486,-8.68125
33133.332,6.326923,-8.68718
33150.0,6.3221154,-8.685577
33166.668,6.3211536,-8.6737175
33183.332,6.3259616,-8.646474
33200.0,6.330769,-8.619231
33216.668,6.3516026,-8.6112175
33233.332,6.372436,-8.603205
33250.0,6.3740387,-8.607693
33266.668,6.3628206,-8.620513
33283.332,6.3506413,-8.633654
33300.0,6.334615,-8.648077
33316.668,6.3185897,-8.6625
33333.332,6.294872,-8.6782055
33350.0,6.269231,-8.694231
33366.668,6.2589746,-8.699359
33383.332,6.271795,-8.688141
33400.0,6.2846155,-8.676923
33416.668,6.263782,-8.6737175
33433.332,6.2429485,-8.670513
33450.0,6.2403846,-8.686539
33466.668,6.25,-8.7153845
33483.332,6.2836537,-8.77532
33500.0,6.4134617,-8.959616
33516.668,6.543269,-9.14391
33533.332,6.5871797,-9.152564
33550.0,6.6096153,-9.117308
33566.668,6.623077,-9.089103
33583.332,6.623077,-9.071474
33600.0,6.623077,-9.053846
33616.668,5.240064,-8.89359
33633.332,3.8570514,-8.733334
33650.0,-0.60673076,-8.670193
33666.668,-7.124359,-8.671795
33683.332,-12.370193,-8.672756
33700.0,-12.528846,-8.671154
33716.668,-12.6875,-8.669551
33733.332,-12.716666,-8.639744
33750.0,-12.713462,-8.602884
33766.668,-12.716025,-8.587179
33783.332,-12.727243,-8.603205
33800.0,-12.7384615,-8.619231
33816.668,-13.901122,-8.774679
33833.332,-15.063782,-8.930128
33850.0,-15.53125,-9.005769
33866.668,-15.535256,-9.028205
33883.332,-15.538141,-9.0487175
33900.0,-15.536538,-9.061539
33916.668,-15.534936,-9.074359
33933.332,-15.517949,-9.075641
33950.0,-15.497115,-9.0740385
33966.668,-15.48141,-9.075641
33983.332,-15.473397,-9.082051
34000.0,-15.4653845,-9.088462
34016.668,-15.489423,-9.080449
34033.332,-15.513461,-9.072436
34050.0,-15.5278845,-9.061539
34066.668,-15.535897,-9.0487175
34083.332,-15.542308,-9.03718
34100.0,-15.542308,-9.030769
34116.668,-15.542308,-9.024359
34133.332,-15.547436,-9.0115385
34150.0,-15.553846,-8.997115
34166.668,-15.56218,-8.980769
34183.332,-15.573398,-8.961538
34200.0,-15.584616,-8.942307
34216.668,-15.595834,-8.9375
34233.332,-15.607051,-8.932693
34250.0,-15.620193,-8.916347
34266.668,-15.634615,-8.892307
34283.332,-15.661859,-8.861539
34300.0,-15.740385,-8.803846
34316.668,-15.818911,-8.746154
34333.332,-15.84359,-8.723718
34350.0,-15.854808,-8.710096
34366.668,-15.864743,-8.697115
34383.332,-15.872756,-8.685096
34400.0,-15.880769,-8.673077
34416.668,-15.879167,-8.660256
34433.332,-15.877564,-8.647436
34450.0,-15.881731,-8.630769
34466.668,-15.889744,-8.611539
34483.332,-15.890064,-8.595512
34500.0,-15.859615,-8.592308
34516.668,-15.829166,-8.589103
34533.332,-15.829166,-8.589103
34550.0,-15.829166,-8.589103
