0.0,17.66491857576594,14.131934860612754
16.666666666666668,0.19321004692243998,-4.278222467568314
33.333333333333336,0.19321004692243998,-4.278222467568314
50.0,0.19321004692243998,-4.278222467568314
66.66666666666667,0.19321004692243998,-4.278222467568314
83.33333333333334,0.19321004692243998,-4.278222467568314
100.0,0.19321004692243998,-4.278222467568314
116.66666666666667,0.19321004692243998,-4.278222467568314
133.33333333333334,0.19321004692243998,-4.278222467568314
150.0,0.19321004692243998,-4.278222467568314
166.66666666666669,0.19321004692243998,-4.278222467568314
183.33333333333334,0.19321004692243998,-4.278222467568314
200.0,0.19321004692243998,-4.278222467568314
216.66666666666669,0.19321004692243998,-4.278222467568314
233.33333333333334,0.19321004692243998,-4.278222467568314
250.00000000000003,0.19321004692243998,-4.278222467568314
266.6666666666667,0.19321004692243998,-4.278222467568314
283.33333333333337,0.19321004692243998,-4.278222467568314
300.0,0.19321004692243998,-4.278222467568314
316.6666666666667,0.19321004692243998,-4.278222467568314
333.33333333333337,0.19321004692243998,-4.278222467568314
350.0,0.19321004692243998,-4.278222467568314
366.6666666666667,0.19321004692243998,-4.278222467568314
383.33333333333337,0.19321004692243998,-4.278222467568314
400.0,0.19321004692243998,-4.278222467568314
416.6666666666667,0.19321004692243998,-4.278222467568314
433.33333333333337,0.19321004692243998,-4.278222467568314
450.00000000000006,0.19321004692243998,-4.278222467568314
466.6666666666667,0.19321004692243998,-4.278222467568314
483.33333333333337,0.19321004692243998,-4.278222467568314
500.00000000000006,0.19321004692243998,-4.278222467568314
516.6666666666667,0.19321004692243998,-4.278222467568314
533.3333333333334,0.19321004692243998,-4.278222467568314
550.0,0.19321004692243998,-4.278222467568314
566.6666666666667,0.19321004692243998,-4.278222467568314
583.3333333333334,0.19321004692243998,-4.278222467568314
600.0,0.19321004692243998,-4.278222467568314
616.6666666666667,0.19321004692243998,-4.278222467568314
633.3333333333334,0.19321004692243998,-4.278222467568314
650.0,0.19321004692243998,-4.278222467568314
666.6666666666667,0.19321004692243998,-4.278222467568314
683.3333333333334,0.19321004692243998,-4.278222467568314
700.0,0.19321004692243998,-4.278222467568314
716.6666666666667,0.19321004692243998,-4.278222467568314
733.3333333333334,0.19321004692243998,-4.278222467568314
750.0,0.19321004692243998,-4.278222467568314
766.6666666666667,0.19321004692243998,-4.278222467568314
783.3333333333334,0.19321004692243998,-4.278222467568314
800.0,0.19321004692243998,-4.278222467568314
816.6666666666667,0.19321004692243998,-4.278222467568314
833.3333333333334,0.19321004692243998,-4.278222467568314
850.0000000000001,0.19321004692243998,-4.278222467568314
866.6666666666667,0.19321004692243998,-4.278222467568314
883.3333333333334,0.19321004692243998,-4.278222467568314
900.0000000000001,0.19321004692243998,-4.278222467568314
916.6666666666667,0.19321004692243998,-4.278222467568314
933.3333333333334,0.19321004692243998,-4.278222467568314
950.0000000000001,0.19321004692243998,-4.278222467568314
966.6666666666667,0.19321004692243998,-4.278222467568314
983.3333333333334,0.19321004692243998,-4.278222467568314
1000.0000000000001,0.19321004692243998,-4.278222467568314
1016.6666666666667,0.19321004692243998,-4.278222467568314
1033.3333333333335,1.3589106633544994,-3.6406293127242595
1050.0,2.5484010882851584,-2.9900240526793134
1066.6666666666667,3.7378915132158337,-2.3394187926343584
1083.3333333333335,4.927381938146509,-1.6888135325894038
1100.0,5.189069831631246,-1.5456803753795199
1116.6666666666667,5.189069831631246,-1.5456803753795199
1133.3333333333335,5.189069831631246,-1.5456803753795199
1150.0,5.189069831631246,-1.5456803753795199
1166.6666666666667,5.189069831631246,-1.5456803753795199
1183.3333333333335,5.189069831631246,-1.5456803753795199
1200.0,5.189069831631246,-1.5456803753795199
1216.6666666666667,5.189069831631246,-1.5456803753795199
1233.3333333333335,5.189069831631246,-1.5456803753795199
1250.0,5.189069831631246,-1.5456803753795199
1266.6666666666667,5.189069831631246,-1.5456803753795199
1283.3333333333335,5.189069831631246,-1.5456803753795199
1300.0,5.189069831631246,-1.5456803753795199
1316.6666666666667,5.189069831631246,-1.5456803753795199
1333.3333333333335,5.189069831631246,-1.5456803753795199
1350.0,5.189069831631246,-1.5456803753795199
1366.6666666666667,5.189069831631246,-1.5456803753795199
1383.3333333333335,5.189069831631246,-1.5456803753795199
1400.0,5.189069831631246,-1.5456803753795199
1416.6666666666667,5.189069831631246,-1.5456803753795199
1433.3333333333335,5.189069831631246,-1.5456803753795199
1450.0,5.189069831631246,-1.5456803753795199
1466.6666666666667,5.189069831631246,-1.5456803753795199
1483.3333333333335,5.189069831631246,-1.5456803753795199
1500.0,5.189069831631246,-1.5456803753795199
1516.6666666666667,5.189069831631246,-1.5456803753795199
1533.3333333333335,5.189069831631246,-1.5456803753795199
1550.0,5.189069831631246,-1.5456803753795199
1566.6666666666667,5.189069831631246,-1.5456803753795199
1583.3333333333335,5.189069831631246,-1.5456803753795199
1600.0,5.189069831631246,-1.5456803753795199
1616.6666666666667,5.189069831631246,-1.5456803753795199
1633.3333333333335,5.189069831631246,-1.5456803753795199
1650.0000000000002,5.189069831631223,-1.5456803753795203
1666.6666666666667,3.5652247079241217,-1.5732031740864203
1683.3333333333335,1.9413795842169974,-1.6007259727933207
1700.0000000000002,0.3175344605098731,-1.6282487715002212
1716.6666666666667,-1.3063106631972285,-1.6557715702071212
1733.3333333333335,-2.9301557869043524,-1.6832943689140216
1750.0000000000002,-4.554000910611476,-1.710817167620922
1766.6666666666667,-6.177846034318579,-1.738339966327822
1783.3333333333335,-6.210322936792714,-1.73889042230196
1800.0000000000002,-6.210322936792714,-1.73889042230196
1816.6666666666667,-6.210322936792714,-1.73889042230196
1833.3333333333335,-6.210322936792714,-1.73889042230196
1850.0000000000002,-6.210322936792714,-1.73889042230196
1866.6666666666667,-6.210322936792714,-1.73889042230196
1883.3333333333335,-6.210322936792714,-1.73889042230196
1900.0000000000002,-6.210322936792714,-1.73889042230196
1916.6666666666667,-6.210322936792714,-1.73889042230196
1933.3333333333335,-6.210322936792714,-1.73889042230196
1950.0000000000002,-6.210322936792714,-1.73889042230196
1966.6666666666667,-6.210322936792714,-1.73889042230196
1983.3333333333335,-6.210322936792714,-1.73889042230196
2000.0000000000002,-6.210322936792714,-1.73889042230196
2016.6666666666667,-6.210322936792714,-1.73889042230196
2033.3333333333335,-6.210322936792714,-1.73889042230196
2050.0,-6.210322936792714,-1.73889042230196
2066.666666666667,-6.210322936792714,-1.73889042230196
2083.3333333333335,-6.210322936792714,-1.73889042230196
2100.0,-6.524247694615059,-1.8226923703647044
2116.666666666667,-7.832267518874853,-2.17186715395948
2133.3333333333335,-9.140287343134611,-2.521041937554246
2150.0,-10.44830716739437,-2.8702167211490117
2166.666666666667,-11.756326991654163,-3.2193915047437875
2183.3333333333335,-12.724261661606405,-3.47778084460392
2200.0,-12.724261661606405,-3.47778084460392
2216.666666666667,-12.724261661606405,-3.47778084460392
2233.3333333333335,-12.724261661606405,-3.47778084460392
2250.0,-12.724261661606405,-3.47778084460392
2266.666666666667,-12.724261661606405,-3.47778084460392
2283.3333333333335,-12.724261661606405,-3.47778084460392
2300.0,-12.724261661606405,-3.47778084460392
2316.666666666667,-12.724261661606405,-3.47778084460392
2333.3333333333335,-12.724261661606405,-3.47778084460392
2350.0,-12.724261661606405,-3.47778084460392
2366.666666666667,-12.724261661606405,-3.47778084460392
2383.3333333333335,-12.724261661606405,-3.47778084460392
2400.0,-12.724261661606405,-3.47778084460392
2416.666666666667,-12.724261661606405,-3.47778084460392
2433.3333333333335,-12.724261661606405,-3.47778084460392
2450.0,-12.724261661606405,-3.47778084460392
2466.666666666667,-12.724261661606405,-3.47778084460392
2483.3333333333335,-12.724261661606405,-3.47778084460392
2500.0,-12.724261661606405,-3.47778084460392
2516.666666666667,-12.724261661606405,-3.47778084460392
2533.3333333333335,-12.724261661606405,-3.47778084460392
2550.0,-12.724261661606405,-3.47778084460392
2566.666666666667,-12.724261661606405,-3.47778084460392
2583.3333333333335,-12.724261661606405,-3.47778084460392
2600.0,-12.724261661606405,-3.47778084460392
2616.666666666667,-11.203115895359867,-3.1588309258748066
2633.3333333333335,-9.681970129113369,-2.8398810071457024
2650.0,-8.16082436286687,-2.5209310884165976
2666.666666666667,-6.639678596620331,-2.2019811696874845
2683.3333333333335,-5.879105713497102,-2.0425062103229368
2700.0,-5.879105713497102,-2.0425062103229368
2716.666666666667,-5.879105713497102,-2.0425062103229368
2733.3333333333335,-5.879105713497102,-2.0425062103229368
2750.0,-5.879105713497102,-2.0425062103229368
2766.666666666667,-5.879105713497102,-2.0425062103229368
2783.3333333333335,-5.879105713497102,-2.0425062103229368
2800.0,-5.879105713497102,-2.0425062103229368
2816.666666666667,-5.879105713497102,-2.0425062103229368
2833.3333333333335,-5.879105713497102,-2.0425062103229368
2850.0,-5.879105713497102,-2.0425062103229368
2866.666666666667,-5.879105713497102,-2.0425062103229368
2883.3333333333335,-5.879105713497102,-2.0425062103229368
2900.0,-5.879105713497102,-2.0425062103229368
2916.666666666667,-5.879105713497102,-2.0425062103229368
2933.3333333333335,-5.879105713497102,-2.0425062103229368
2950.0,-5.879105713497102,-2.0425062103229368
2966.666666666667,-5.879105713497102,-2.0425062103229368
2983.3333333333335,-5.879105713497102,-2.0425062103229368
3000.0,-5.879105713497102,-2.0425062103229368
3016.666666666667,-5.879105713497102,-2.0425062103229368
