0.0,17.66491857576594,14.131934860612754
16.666666666666668,-3.422577974054651,-3.8365995031741655
33.333333333333336,-3.422577974054651,-3.8365995031741655
50.0,-3.422577974054651,-3.8365995031741655
66.66666666666667,-3.422577974054651,-3.8365995031741655
83.33333333333334,-3.422577974054651,-3.8365995031741655
100.0,-3.422577974054651,-3.8365995031741655
116.66666666666667,-3.422577974054651,-3.8365995031741655
133.33333333333334,-3.422577974054651,-3.8365995031741655
150.0,-3.422577974054651,-3.8365995031741655
166.66666666666669,-3.422577974054651,-3.8365995031741655
183.33333333333334,-3.422577974054651,-3.8365995031741655
200.0,-3.422577974054651,-3.8365995031741655
216.66666666666669,-3.422577974054651,-3.8365995031741655
233.33333333333334,-3.422577974054651,-3.8365995031741655
250.00000000000003,-3.422577974054651,-3.8365995031741655
266.6666666666667,-3.422577974054651,-3.8365995031741655
283.33333333333337,-3.422577974054651,-3.8365995031741655
300.0,-3.184661377039497,-3.8163843674800675
316.6666666666667,-2.1933422228096733,-3.7321546354213244
333.33333333333337,-1.202023068579849,-3.647924903362581
350.0,-0.21070391435002822,-3.563695171303838
366.6666666666667,0.7806152398797956,-3.4794654392450948
383.33333333333337,0.8004416229643943,-3.47778084460392
400.0,0.8004416229643943,-3.47778084460392
416.6666666666667,0.8004416229643943,-3.47778084460392
433.33333333333337,0.8004416229643943,-3.47778084460392
450.00000000000006,0.8004416229643943,-3.47778084460392
466.6666666666667,0.8004416229643943,-3.47778084460392
483.33333333333337,0.8004416229643943,-3.47778084460392
500.00000000000006,0.8004416229643943,-3.47778084460392
516.6666666666667,0.8004416229643943,-3.47778084460392
533.3333333333334,0.8004416229643943,-3.47778084460392
550.0,0.8004416229643943,-3.47778084460392
566.6666666666667,0.8004416229643943,-3.47778084460392
583.3333333333334,0.8004416229643943,-3.47778084460392
600.0,-0.4964932875304713,-3.0268465526472434
616.6666666666667,-2.2977917743289034,-2.4005489249296343
633.3333333333334,-4.099090261127324,-1.7742512972120297
650.0,-5.900388747925744,-1.147953669494425
666.6666666666667,-7.701687234724178,-0.5216560417768163
683.3333333333334,-8.170024841291747,-0.3588186585702457
700.0,-8.170024841291747,-0.3588186585702457
716.6666666666667,-8.170024841291747,-0.3588186585702457
733.3333333333334,-8.170024841291747,-0.3588186585702457
750.0,-8.170024841291747,-0.3588186585702457
766.6666666666667,-8.170024841291747,-0.3588186585702457
783.3333333333334,-8.170024841291747,-0.3588186585702457
800.0,-8.170024841291747,-0.3588186585702457
816.6666666666667,-8.170024841291747,-0.3588186585702457
833.3333333333334,-8.170024841291747,-0.3588186585702457
850.0000000000001,-8.170024841291747,-0.3588186585702457
866.6666666666667,-8.170024841291747,-0.3588186585702457
883.3333333333334,-8.170024841291747,-0.3588186585702457
900.0000000000001,-8.170024841291747,-0.3588186585702457
916.6666666666667,-8.170024841291747,-0.3588186585702457
933.3333333333334,-8.170024841291747,-0.3588186585702457
950.0000000000001,-8.170024841291747,-0.3588186585702457
966.6666666666667,-8.170024841291747,-0.3588186585702457
983.3333333333334,-8.932368708524958,-0.4307378913280958
1000.0000000000001,-9.962563123704975,-0.5279260437035691
1016.6666666666667,-10.992757538884986,-0.6251141960790416
1033.3333333333335,-12.022951954065002,-0.7223023484545149
1050.0,-12.558653049958599,-0.7728401876897599
1066.6666666666667,-12.558653049958599,-0.7728401876897599
1083.3333333333335,-12.558653049958599,-0.7728401876897599
1100.0,-12.558653049958599,-0.7728401876897599
1116.6666666666667,-12.558653049958599,-0.7728401876897599
1133.3333333333335,-12.558653049958599,-0.7728401876897599
1150.0,-12.558653049958599,-0.7728401876897599
1166.6666666666667,-12.558653049958599,-0.7728401876897599
1183.3333333333335,-12.558653049958599,-0.7728401876897599
1200.0,-12.558653049958599,-0.7728401876897599
1216.6666666666667,-12.558653049958599,-0.7728401876897599
1233.3333333333335,-12.558653049958599,-0.7728401876897599
1250.0,-12.558653049958599,-0.7728401876897599
1266.6666666666667,-12.558653049958599,-0.7728401876897599
1283.3333333333335,-12.558653049958599,-0.7728401876897599
1300.0,-12.558653049958599,-0.7728401876897599
1316.6666666666667,-12.558653049958599,-0.7728401876897599
1333.3333333333335,-12.558653049958599,-0.7728401876897599
1350.0,-12.558653049958599,-0.7728401876897599
1366.6666666666667,-12.558653049958599,-0.7728401876897599
1383.3333333333335,-10.778006610189863,-0.7728401876897599
1400.0,-8.37172763752946,-0.7728401876897599
1416.6666666666667,-5.965448664869024,-0.7728401876897599
1433.3333333333335,-3.55916969220859,-0.7728401876897599
1450.0,-1.1528907195481857,-0.7728401876897599
1466.6666666666667,0.57963014076732,-0.7728401876897599
1483.3333333333335,0.57963014076732,-0.7728401876897599
1500.0,0.57963014076732,-0.7728401876897599
1516.6666666666667,0.57963014076732,-0.7728401876897599
1533.3333333333335,0.57963014076732,-0.7728401876897599
1550.0,0.57963014076732,-0.7728401876897599
1566.6666666666667,0.57963014076732,-0.7728401876897599
1583.3333333333335,0.57963014076732,-0.7728401876897599
1600.0,0.57963014076732,-0.7728401876897599
1616.6666666666667,0.57963014076732,-0.7728401876897599
1633.3333333333335,0.57963014076732,-0.7728401876897599
1650.0000000000002,0.57963014076732,-0.7728401876897599
1666.6666666666667,0.57963014076732,-0.7728401876897599
1683.3333333333335,0.57963014076732,-0.7728401876897599
1700.0000000000002,0.57963014076732,-0.7728401876897599
1716.6666666666667,0.57963014076732,-0.7728401876897599
1733.3333333333335,0.57963014076732,-0.7728401876897599
1750.0000000000002,0.57963014076732,-0.7728401876897599
1766.6666666666667,0.57963014076732,-0.7728401876897599
1783.3333333333335,0.57963014076732,-0.7728401876897599
1800.0000000000002,0.57963014076732,-0.7728401876897599
1816.6666666666667,0.57963014076732,-0.7728401876897599
1833.3333333333335,0.57963014076732,-0.7728401876897599
1850.0000000000002,0.57963014076732,-0.7728401876897599
1866.6666666666667,0.57963014076732,-0.7728401876897599
1883.3333333333335,0.57963014076732,-0.7728401876897599
1900.0000000000002,0.57963014076732,-0.7728401876897599
1916.6666666666667,0.57963014076732,-0.7728401876897599
1933.3333333333335,0.57963014076732,-0.7728401876897599
1950.0000000000002,0.57963014076732,-0.7728401876897599
1966.6666666666667,0.57963014076732,-0.7728401876897599
1983.3333333333335,0.57963014076732,-0.7728401876897599
2000.0000000000002,0.57963014076732,-0.7728401876897599
2016.6666666666667,0.57963014076732,-0.7728401876897599
2033.3333333333335,0.57963014076732,-0.7728401876897599
2050.0,0.57963014076732,-0.7728401876897599
2066.666666666667,0.57963014076732,-0.7728401876897599
2083.3333333333335,0.57963014076732,-0.7728401876897599
2100.0,0.57963014076732,-0.7728401876897599
2116.666666666667,0.57963014076732,-0.7728401876897599
2133.3333333333335,-0.42869570989844596,-0.6823494062197553
2150.0,-1.791298210798101,-0.5600645663954273
2166.666666666667,-3.153900711697793,-0.437779726571096
2183.3333333333335,-4.516503212597447,-0.315494886746768
2200.0,-5.879105713497102,-0.19321004692243998
2216.666666666667,-5.879105713497102,-0.19321004692243998
2233.3333333333335,-5.879105713497102,-0.19321004692243998
2250.0,-5.879105713497102,-0.19321004692243998
2266.666666666667,-5.879105713497102,-0.19321004692243998
2283.3333333333335,-5.879105713497102,-0.19321004692243998
2300.0,-5.879105713497102,-0.19321004692243998
2316.666666666667,-5.879105713497102,-0.19321004692243998
2333.3333333333335,-6.252163207724909,-0.15618907421281036
2350.0,-7.686999723985638,-0.013800717637318133
2366.666666666667,-9.121836240246406,0.12858763893817798
2383.3333333333335,-10.556672756507137,0.27097599551367024
2400.0,-11.991509272767866,0.4133643520891625
2416.666666666667,-13.110681755451285,0.5244272702180514
2433.3333333333335,-13.110681755451285,0.5244272702180514
2450.0,-13.110681755451285,0.5244272702180514
2466.666666666667,-13.110681755451285,0.5244272702180514
2483.3333333333335,-13.110681755451285,0.5244272702180514
2500.0,-13.110681755451285,0.5244272702180514
2516.666666666667,-13.110681755451285,0.5244272702180514
2533.3333333333335,-13.110681755451285,0.5244272702180514
2550.0,-13.110681755451285,0.5244272702180514
2566.666666666667,-13.110681755451285,0.5244272702180514
2583.3333333333335,-13.110681755451285,0.5244272702180514
2600.0,-13.110681755451285,0.5244272702180514
2616.666666666667,-13.110681755451285,0.5244272702180514
2633.3333333333335,-13.0758596915394,0.15955260053264708
2650.0,-12.941928676493708,-1.2438115136417758
2666.666666666667,-12.807997661448013,-2.6471756278162366
2683.3333333333335,-12.67406664640232,-4.050539741990659
2700.0,-12.540135631356629,-5.453903856165081
2716.666666666667,-12.475848744134696,-6.127518630968811
2733.3333333333335,-12.475848744134696,-6.127518630968811
2750.0,-12.475848744134696,-6.127518630968811
2766.666666666667,-12.475848744134696,-6.127518630968811
2783.3333333333335,-12.475848744134696,-6.127518630968811
2800.0,-12.475848744134696,-6.127518630968811
2816.666666666667,-12.475848744134696,-6.127518630968811
2833.3333333333335,-12.475848744134696,-6.127518630968811
2850.0,-12.475848744134696,-6.127518630968811
2866.666666666667,-12.475848744134696,-6.127518630968811
2883.3333333333335,-12.475848744134696,-6.127518630968811
