0.0,17.66491857576594,14.131934860612754
16.666666666666668,-2.428926304167817,-2.1805133866961084
33.333333333333336,-2.428926304167817,-2.1805133866961084
50.0,-2.428926304167817,-2.1805133866961084
66.66666666666667,-2.428926304167817,-2.1805133866961084
83.33333333333334,-2.428926304167817,-2.1805133866961084
100.0,-2.428926304167817,-2.1805133866961084
116.66666666666667,-2.428926304167817,-2.1805133866961084
133.33333333333334,-2.428926304167817,-2.1805133866961084
150.0,-2.428926304167817,-2.1805133866961084
166.66666666666669,-2.428926304167817,-2.1805133866961084
183.33333333333334,-2.428926304167817,-2.1805133866961084
200.0,-2.428926304167817,-2.1805133866961084
216.66666666666669,-2.428926304167817,-2.1805133866961084
233.33333333333334,-2.1715458317756555,-2.3213156451224086
250.00000000000003,-1.181620937959657,-2.862862792915866
266.6666666666667,-0.19169604414366015,-3.404409940709323
283.33333333333337,0.7982288496723382,-3.945957088502781
300.0,1.7881537434883334,-4.487504236296237
316.6666666666667,2.2633176925200114,-4.747446867237096
333.33333333333337,2.2633176925200114,-4.747446867237096
350.0,2.2633176925200114,-4.747446867237096
366.6666666666667,2.2633176925200114,-4.747446867237096
383.33333333333337,2.2633176925200114,-4.747446867237096
400.0,2.2633176925200114,-4.747446867237096
416.6666666666667,2.2633176925200114,-4.747446867237096
433.33333333333337,2.2633176925200114,-4.747446867237096
450.00000000000006,2.2633176925200114,-4.747446867237096
466.6666666666667,2.2633176925200114,-4.747446867237096
483.33333333333337,2.2633176925200114,-4.747446867237096
500.00000000000006,2.229715945229152,-4.656242124590477
516.6666666666667,2.089708664850572,-4.276222363562904
533.3333333333334,1.9497013844719924,-3.896202602535331
550.0,1.8768975986751313,-3.698592326800994
566.6666666666667,1.8768975986751313,-3.698592326800994
583.3333333333334,1.8768975986751313,-3.698592326800994
600.0,1.8768975986751313,-3.698592326800994
616.6666666666667,1.8768975986751313,-3.698592326800994
633.3333333333334,1.8768975986751313,-3.698592326800994
650.0,1.8768975986751313,-3.698592326800994
666.6666666666667,1.8768975986751313,-3.698592326800994
683.3333333333334,1.8768975986751313,-3.698592326800994
700.0,1.8768975986751313,-3.698592326800994
716.6666666666667,1.8768975986751313,-3.698592326800994
733.3333333333334,1.8768975986751313,-3.698592326800994
750.0,2.9418238609167155,-4.017231680857531
766.6666666666667,4.420888114030034,-4.459786339269391
783.3333333333334,5.899952367143342,-4.902340997681247
800.0,7.3790166202566505,-5.344895656093103
816.6666666666667,8.858080873369968,-5.787450314504961
833.3333333333334,8.887662158432239,-5.7963014076732
850.0000000000001,8.887662158432239,-5.7963014076732
866.6666666666667,8.887662158432239,-5.7963014076732
883.3333333333334,8.887662158432239,-5.7963014076732
900.0000000000001,8.887662158432239,-5.7963014076732
916.6666666666667,8.887662158432239,-5.7963014076732
933.3333333333334,8.887662158432239,-5.7963014076732
950.0000000000001,8.887662158432239,-5.7963014076732
966.6666666666667,8.887662158432239,-5.7963014076732
983.3333333333334,8.887662158432239,-5.7963014076732
1000.0000000000001,8.887662158432239,-5.7963014076732
1016.6666666666667,8.887662158432239,-5.7963014076732
1033.3333333333335,8.887662158432239,-5.7963014076732
1050.0,8.887662158432239,-5.7963014076732
1066.6666666666667,8.887662158432239,-5.7963014076732
1083.3333333333335,8.887662158432239,-5.7963014076732
1100.0,8.887662158432239,-5.7963014076732
1116.6666666666667,8.887662158432239,-5.7963014076732
1133.3333333333335,8.887662158432239,-5.7963014076732
1150.0,8.887662158432239,-5.7963014076732
1166.6666666666667,8.887662158432239,-5.7963014076732
1183.3333333333335,8.887662158432239,-5.7963014076732
1200.0,8.887662158432239,-5.7963014076732
1216.6666666666667,8.887662158432239,-5.7963014076732
1233.3333333333335,8.887662158432239,-5.7963014076732
1250.0,8.887662158432239,-5.7963014076732
1266.6666666666667,8.887662158432239,-5.7963014076732
1283.3333333333335,8.887662158432239,-5.7963014076732
1300.0,8.522903950499098,-5.27641614579148
1316.6666666666667,8.016295328369731,-4.5543532820668675
1333.3333333333335,7.509686706240366,-3.8322904183422537
1350.0,7.003078084111007,-3.1102275546176505
1366.6666666666667,6.496469461981642,-2.388164690893037
1383.3333333333335,6.4863372895390565,-2.373723433618548
1400.0,6.4863372895390565,-2.373723433618548
1416.6666666666667,6.4863372895390565,-2.373723433618548
1433.3333333333335,6.4863372895390565,-2.373723433618548
1450.0,6.4863372895390565,-2.373723433618548
1466.6666666666667,6.4863372895390565,-2.373723433618548
1483.3333333333335,6.4694913431273005,-2.3678921444760173
1500.0,5.627194022539877,-2.0763276873496013
1516.6666666666667,4.784896701952442,-1.7847632302231817
1533.3333333333335,3.942599381365007,-1.4931987730967617
1550.0,3.1003020607775835,-1.2016343159703462
1566.6666666666667,2.8981507038366,-1.1316588462600057
1583.3333333333335,2.8981507038366,-1.1316588462600057
1600.0,2.8981507038366,-1.1316588462600057
1616.6666666666667,2.8981507038366,-1.1316588462600057
1633.3333333333335,2.8981507038366,-1.1316588462600057
1650.0000000000002,2.8981507038366,-1.1316588462600057
1666.6666666666667,2.8981507038366,-1.1316588462600057
1683.3333333333335,2.8981507038366,-1.1316588462600057
1700.0000000000002,1.822011986002555,-1.1748059174939178
1716.6666666666667,-0.41994367615162087,-1.2646956492312316
1733.3333333333335,-2.661899338305828,-1.3545853809685464
1750.0000000000002,-4.903855000460034,-1.4444751127058613
1766.6666666666667,-7.145810662614211,-1.534364844443175
1783.3333333333335,-8.804857852608336,-1.6008832459287885
1800.0000000000002,-8.804857852608336,-1.6008832459287885
1816.6666666666667,-8.804857852608336,-1.6008832459287885
1833.3333333333335,-8.804857852608336,-1.6008832459287885
1850.0000000000002,-8.804857852608336,-1.6008832459287885
1866.6666666666667,-8.804857852608336,-1.6008832459287885
1883.3333333333335,-8.804857852608336,-1.6008832459287885
1900.0000000000002,-8.804857852608336,-1.6008832459287885
1916.6666666666667,-8.804857852608336,-1.6008832459287885
1933.3333333333335,-8.804857852608336,-1.6008832459287885
1950.0000000000002,-8.804857852608336,-1.6008832459287885
1966.6666666666667,-8.804857852608336,-1.6008832459287885
1983.3333333333335,-8.804857852608336,-1.6008832459287885
2000.0000000000002,-8.804857852608336,-1.6008832459287885
2016.6666666666667,-8.804857852608336,-1.6008832459287885
2033.3333333333335,-8.804857852608336,-1.6008832459287885
2050.0,-8.804857852608336,-1.6008832459287885
2066.666666666667,-7.77396615100177,-1.6379042186384165
2083.3333333333335,-5.791482109450664,-1.7090983969261635
2100.0,-3.8089980678995587,-1.7802925752139103
2116.666666666667,-1.8265140263483985,-1.851486753501659
2133.3333333333335,0.1559700152027066,-1.922680931789406
2150.0,1.186861716809274,-1.959701904499034
2166.666666666667,1.186861716809274,-1.959701904499034
2183.3333333333335,1.186861716809274,-1.959701904499034
2200.0,1.186861716809274,-1.959701904499034
2216.666666666667,1.186861716809274,-1.959701904499034
2233.3333333333335,1.186861716809274,-1.959701904499034
2250.0,1.186861716809274,-1.959701904499034
2266.666666666667,1.186861716809274,-1.959701904499034
2283.3333333333335,1.186861716809274,-1.959701904499034
2300.0,1.186861716809274,-1.959701904499034
2316.666666666667,1.186861716809274,-1.959701904499034
2333.3333333333335,1.2083678351274363,-1.9450961449995334
2350.0,2.2836737510350478,-1.2148081700248454
2366.666666666667,3.3589796669426883,-0.48452019505013744
2383.3333333333335,4.4342855828503,0.24576777992455034
2400.0,5.50959149875791,0.9760557548992386
2416.666666666667,6.348330113165885,1.5456803753795199
2433.3333333333335,6.348330113165885,1.5456803753795199
2450.0,6.348330113165885,1.5456803753795199
2466.666666666667,6.348330113165885,1.5456803753795199
2483.3333333333335,6.348330113165885,1.5456803753795199
2500.0,6.348330113165885,1.5456803753795199
2516.666666666667,6.348330113165885,1.5456803753795199
2533.3333333333335,6.348330113165885,1.5456803753795199
2550.0,6.348330113165885,1.5456803753795199
2566.666666666667,6.348330113165885,1.5456803753795199
2583.3333333333335,6.348330113165885,1.5456803753795199
2600.0,6.348330113165885,1.5456803753795199
2616.666666666667,6.348330113165885,1.5456803753795199
2633.3333333333335,6.348330113165885,1.5456803753795199
2650.0,6.348330113165885,1.5456803753795199
2666.666666666667,6.348330113165885,1.5456803753795199
2683.3333333333335,6.348330113165885,1.5456803753795199
2700.0,6.348330113165885,1.5456803753795199
2716.666666666667,6.348330113165885,1.5456803753795199
2733.3333333333335,6.348330113165885,1.5456803753795199
2750.0,6.348330113165885,1.5456803753795199
2766.666666666667,6.348330113165885,1.5456803753795199
2783.3333333333335,5.655650415660682,1.0142734318736202
2800.0,4.2702910206503155,-0.04854045513814964
2816.666666666667,2.8849316256399105,-1.1113543421499488
2833.3333333333335,1.4995722306295436,-2.174168229161719
2850.0,0.11421283561917583,-3.2369821161734893
2866.666666666667,-0.8832459287882971,-4.002208114821971
2883.3333333333335,-0.8832459287882971,-4.002208114821971
2900.0,-0.8832459287882971,-4.002208114821971
2916.666666666667,-0.8832459287882971,-4.002208114821971
2933.3333333333335,-0.8832459287882971,-4.002208114821971
2950.0,-0.8832459287882971,-4.002208114821971
2966.666666666667,-0.8832459287882971,-4.002208114821971
2983.3333333333335,-0.8832459287882971,-4.002208114821971
3000.0,-0.8832459287882971,-4.002208114821971
3016.666666666667,-0.8832459287882971,-4.002208114821971
