0.0,17.66491857576594,14.131934860612754
16.666666666666668,-2.2633176925200114,-3.118962186033674
33.333333333333336,-2.2633176925200114,-3.118962186033674
50.0,-2.2633176925200114,-3.118962186033674
66.66666666666667,-2.2633176925200114,-3.118962186033674
83.33333333333334,-2.2633176925200114,-3.118962186033674
100.0,-2.2633176925200114,-3.118962186033674
116.66666666666667,-2.2633176925200114,-3.118962186033674
133.33333333333334,-2.2633176925200114,-3.118962186033674
150.0,-2.2633176925200114,-3.118962186033674
166.66666666666669,-2.2633176925200114,-3.118962186033674
183.33333333333334,-2.2633176925200114,-3.118962186033674
200.0,-2.2633176925200114,-3.118962186033674
216.66666666666669,-2.2633176925200114,-3.118962186033674
233.33333333333334,-2.2633176925200114,-3.118962186033674
250.00000000000003,-2.2633176925200114,-3.118962186033674
266.6666666666667,-2.2633176925200114,-3.118962186033674
283.33333333333337,-2.2633176925200114,-3.118962186033674
300.0,-2.2633176925200114,-3.118962186033674
316.6666666666667,-2.2633176925200114,-3.118962186033674
333.33333333333337,-2.2633176925200114,-3.118962186033674
350.0,-2.2633176925200114,-3.118962186033674
366.6666666666667,-2.2633176925200114,-3.118962186033674
383.33333333333337,-2.2633176925200114,-3.118962186033674
400.0,-2.2633176925200114,-3.118962186033674
416.6666666666667,-2.2633176925200114,-3.118962186033674
433.33333333333337,-1.952246344396116,-2.825498650067735
450.00000000000006,-1.531879657742202,-2.4289263041678164
466.6666666666667,-1.1115129710882896,-2.032353958267899
483.33333333333337,-0.8004416229643943,-1.73889042230196
500.00000000000006,-0.8004416229643943,-1.73889042230196
516.6666666666667,-0.8004416229643943,-1.73889042230196
533.3333333333334,-0.8004416229643943,-1.73889042230196
550.0,-0.8004416229643943,-1.73889042230196
566.6666666666667,-0.8004416229643943,-1.73889042230196
583.3333333333334,-0.8004416229643943,-1.73889042230196
600.0,-0.8004416229643943,-1.73889042230196
616.6666666666667,-0.8004416229643943,-1.73889042230196
633.3333333333334,-0.8004416229643943,-1.73889042230196
650.0,-0.8004416229643943,-1.73889042230196
666.6666666666667,-0.8004416229643943,-1.73889042230196
683.3333333333334,-0.8004416229643943,-1.73889042230196
700.0,-0.8004416229643943,-1.73889042230196
716.6666666666667,-0.8004416229643943,-1.73889042230196
733.3333333333334,-0.8004416229643943,-1.73889042230196
750.0,-0.8004416229643943,-1.73889042230196
766.6666666666667,-0.8004416229643943,-1.73889042230196
783.3333333333334,-0.8004416229643943,-1.73889042230196
800.0,-0.8965355087353457,-1.828850655789659
816.6666666666667,-1.296926699447634,-2.2036849619883974
833.3333333333334,-1.6973178901599197,-2.578519268187133
850.0000000000001,-2.0977090808722054,-2.9533535743858685
866.6666666666667,-2.0977090808722054,-2.9533535743858685
883.3333333333334,-2.0977090808722054,-2.9533535743858685
900.0000000000001,-2.0977090808722054,-2.9533535743858685
916.6666666666667,-2.0977090808722054,-2.9533535743858685
933.3333333333334,-2.0977090808722054,-2.9533535743858685
950.0000000000001,-2.0977090808722054,-2.9533535743858685
966.6666666666667,-2.0977090808722054,-2.9533535743858685
983.3333333333334,-2.0977090808722054,-2.9533535743858685
1000.0000000000001,-2.0977090808722054,-2.9533535743858685
1016.6666666666667,-2.0977090808722054,-2.9533535743858685
1033.3333333333335,-2.0977090808722054,-2.9533535743858685
1050.0,-2.0977090808722054,-2.9533535743858685
1066.6666666666667,-2.0977090808722054,-2.9533535743858685
1083.3333333333335,-2.0977090808722054,-2.9533535743858685
1100.0,-2.0977090808722054,-2.9533535743858685
1116.6666666666667,-2.0977090808722054,-2.9533535743858685
1133.3333333333335,-2.0977090808722054,-2.9533535743858685
1150.0,-2.0977090808722054,-2.9533535743858685
1166.6666666666667,-2.0977090808722054,-2.9533535743858685
1183.3333333333335,-2.0977090808722054,-2.9533535743858685
1200.0,-2.0977090808722054,-2.9533535743858685
1216.6666666666667,-2.0977090808722054,-2.9533535743858685
1233.3333333333335,-2.0977090808722054,-2.9533535743858685
1250.0,-2.0977090808722054,-2.9533535743858685
1266.6666666666667,-2.0977090808722054,-2.9533535743858685
1283.3333333333335,-2.0977090808722054,-2.9533535743858685
1300.0,-2.0977090808722054,-2.9533535743858685
1316.6666666666667,-2.0977090808722054,-2.9533535743858685
1333.3333333333335,-2.0977090808722054,-2.9533535743858685
1350.0,-2.0977090808722054,-2.9533535743858685
1366.6666666666667,-2.0977090808722054,-2.9533535743858685
1383.3333333333335,-2.0977090808722054,-2.9533535743858685
1400.0,-2.0977090808722054,-2.9533535743858685
1416.6666666666667,-2.0977090808722054,-2.9533535743858685
1433.3333333333335,-2.0977090808722054,-2.9533535743858685
1450.0,-2.0977090808722054,-2.9533535743858685
1466.6666666666667,-2.0977090808722054,-2.9533535743858685
1483.3333333333335,-2.0977090808722054,-2.9533535743858685
1500.0,-2.0977090808722054,-2.9533535743858685
1516.6666666666667,-2.0977090808722054,-2.9533535743858685
1533.3333333333335,-2.0977090808722054,-2.9533535743858685
1550.0,-2.0977090808722054,-2.9533535743858685
1566.6666666666667,-2.0977090808722054,-2.9533535743858685
1583.3333333333335,-2.0977090808722054,-2.9533535743858685
1600.0,-2.0977090808722054,-2.9533535743858685
1616.6666666666667,-2.0977090808722054,-2.9533535743858685
1633.3333333333335,-2.0977090808722054,-2.9533535743858685
1650.0000000000002,-2.0977090808722054,-2.9533535743858685
1666.6666666666667,-2.0977090808722054,-2.9533535743858685
1683.3333333333335,-2.0977090808722054,-2.9533535743858685
1700.0000000000002,-2.0977090808722054,-2.9533535743858685
1716.6666666666667,-2.0977090808722054,-2.9533535743858685
1733.3333333333335,-2.2087493377241842,-3.1357768534998334
1750.0000000000002,-2.4308298514281383,-3.500623411727758
1766.6666666666667,-2.6529103651320893,-3.8654699699556776
1783.3333333333335,-2.8705492685619656,-4.223019597019046
1800.0000000000002,-2.8705492685619656,-4.223019597019046
1816.6666666666667,-2.8705492685619656,-4.223019597019046
1833.3333333333335,-2.8705492685619656,-4.223019597019046
1850.0000000000002,-2.8705492685619656,-4.223019597019046
1866.6666666666667,-2.8705492685619656,-4.223019597019046
1883.3333333333335,-2.8705492685619656,-4.223019597019046
1900.0000000000002,-2.8705492685619656,-4.223019597019046
1916.6666666666667,-2.8705492685619656,-4.223019597019046
1933.3333333333335,-2.8705492685619656,-4.223019597019046
1950.0000000000002,-2.8705492685619656,-4.223019597019046
1966.6666666666667,-2.8705492685619656,-4.223019597019046
1983.3333333333335,-2.8705492685619656,-4.223019597019046
2000.0000000000002,-2.8705492685619656,-4.223019597019046
2016.6666666666667,-2.8705492685619656,-4.223019597019046
2033.3333333333335,-2.8705492685619656,-4.223019597019046
2050.0,-2.8705492685619656,-4.223019597019046
2066.666666666667,-2.8705492685619656,-4.223019597019046
2083.3333333333335,-2.8705492685619656,-4.223019597019046
2100.0,-2.8705492685619656,-4.223019597019046
2116.666666666667,-2.8705492685619656,-4.223019597019046
2133.3333333333335,-2.8705492685619656,-4.223019597019046
2150.0,-2.8705492685619656,-4.223019597019046
2166.666666666667,-2.8705492685619656,-4.223019597019046
2183.3333333333335,-2.8705492685619656,-4.223019597019046
2200.0,-2.8705492685619656,-4.223019597019046
2216.666666666667,-2.8705492685619656,-4.223019597019046
2233.3333333333335,-2.8705492685619656,-4.223019597019046
2250.0,-2.8705492685619656,-4.223019597019046
2266.666666666667,-2.8705492685619656,-4.223019597019046
2283.3333333333335,-2.8705492685619656,-4.223019597019046
2300.0,-2.8705492685619656,-4.223019597019046
2316.666666666667,-2.8705492685619656,-4.223019597019046
2333.3333333333335,-2.8705492685619656,-4.223019597019046
2350.0,-2.8705492685619656,-4.223019597019046
2366.666666666667,-2.8705492685619656,-4.223019597019046
2383.3333333333335,-2.8705492685619656,-4.223019597019046
2400.0,-2.8705492685619656,-4.223019597019046
2416.666666666667,-2.8705492685619656,-4.223019597019046
2433.3333333333335,-2.8705492685619656,-4.223019597019046
2450.0,-2.8705492685619656,-4.223019597019046
2466.666666666667,-2.8705492685619656,-4.223019597019046
2483.3333333333335,-2.8705492685619656,-4.223019597019046
2500.0,-2.8705492685619656,-4.223019597019046
2516.666666666667,-2.8705492685619656,-4.223019597019046
2533.3333333333335,-2.8705492685619656,-4.223019597019046
2550.0,-2.8705492685619656,-4.223019597019046
2566.666666666667,-2.8705492685619656,-4.223019597019046
2583.3333333333335,-2.8705492685619656,-4.223019597019046
2600.0,-2.8705492685619656,-4.223019597019046
2616.666666666667,-2.8705492685619656,-4.223019597019046
2633.3333333333335,-2.8705492685619656,-4.223019597019046
2650.0,-2.8705492685619656,-4.223019597019046
2666.666666666667,-2.8705492685619656,-4.223019597019046
2683.3333333333335,-2.8705492685619656,-4.223019597019046
2700.0,-2.8705492685619656,-4.223019597019046
2716.666666666667,-2.8705492685619656,-4.223019597019046
2733.3333333333335,-2.8705492685619656,-4.223019597019046
2750.0,-2.8705492685619656,-4.223019597019046
2766.666666666667,-2.8705492685619656,-4.223019597019046
2783.3333333333335,-2.8705492685619656,-4.223019597019046
2800.0,-2.8705492685619656,-4.223019597019046
2816.666666666667,-2.8705492685619656,-4.223019597019046
2833.3333333333335,-2.8705492685619656,-4.223019597019046
2850.0,-2.8705492685619656,-4.223019597019046
2866.666666666667,-2.8705492685619656,-4.223019597019046
2883.3333333333335,-2.8705492685619656,-4.223019597019046
2900.0,-2.8705492685619656,-4.223019597019046
2916.666666666667,-2.8705492685619656,-4.223019597019046
2933.3333333333335,-2.8705492685619656,-4.223019597019046
2950.0,-2.8705492685619656,-4.223019597019046
2966.666666666667,-2.8705492685619656,-4.223019597019046
2983.3333333333335,-2.8705492685619656,-4.223019597019046
3000.0,-2.8705492685619656,-4.223019597019046
3016.666666666667,-2.8705492685619656,-4.223019597019046
