0.0,17.66491857576594,14.131934860612754
16.666666666666668,-3.339773668230748,-3.394976538780017
33.333333333333336,-3.339773668230748,-3.394976538780017
50.0,-3.339773668230748,-3.394976538780017
66.66666666666667,-3.339773668230748,-3.394976538780017
83.33333333333334,-3.339773668230748,-3.394976538780017
100.0,-3.339773668230748,-3.394976538780017
116.66666666666667,-3.339773668230748,-3.394976538780017
133.33333333333334,-3.339773668230748,-3.394976538780017
150.0,-3.339773668230748,-3.394976538780017
166.66666666666669,-3.339773668230748,-3.394976538780017
183.33333333333334,-3.339773668230748,-3.394976538780017
200.0,-3.339773668230748,-3.394976538780017
216.66666666666669,-3.339773668230748,-3.394976538780017
233.33333333333334,-3.323446058631668,-3.4026220067668875
250.00000000000003,-2.5070655786776954,-3.7848954061104143
266.6666666666667,-1.690685098723724,-4.167168805453941
283.33333333333337,-0.8743046187697514,-4.549442204797468
300.0,-0.0579241388157814,-4.931715604140994
316.6666666666667,0.13800717637317142,-5.02346121998344
333.33333333333337,0.13800717637317142,-5.02346121998344
350.0,0.13800717637317142,-5.02346121998344
366.6666666666667,0.13800717637317142,-5.02346121998344
383.33333333333337,0.13800717637317142,-5.02346121998344
400.0,0.13800717637317142,-5.02346121998344
416.6666666666667,0.13800717637317142,-5.02346121998344
433.33333333333337,0.13800717637317142,-5.02346121998344
450.00000000000006,0.13800717637317142,-5.02346121998344
466.6666666666667,0.13800717637317142,-5.02346121998344
483.33333333333337,0.13800717637317142,-5.02346121998344
500.00000000000006,0.13800717637317142,-5.02346121998344
516.6666666666667,0.13800717637317142,-5.02346121998344
533.3333333333334,0.13800717637317142,-5.02346121998344
550.0,0.13800717637317142,-5.02346121998344
566.6666666666667,0.13800717637317142,-5.02346121998344
583.3333333333334,0.13800717637317142,-5.02346121998344
600.0,0.13800717637317142,-5.02346121998344
616.6666666666667,0.13800717637317142,-5.02346121998344
633.3333333333334,0.13800717637317142,-5.02346121998344
650.0,0.13800717637317142,-5.02346121998344
666.6666666666667,0.13800717637317142,-5.02346121998344
683.3333333333334,0.13800717637317142,-5.02346121998344
700.0,0.8004416229643856,-5.102141173409982
716.6666666666667,2.180513386696108,-5.266057743048616
733.3333333333334,3.560585150427821,-5.429974312687248
750.0,4.940656914159533,-5.593890882325881
766.6666666666667,6.320728677891255,-5.757807451964514
783.3333333333334,7.341981783052719,-5.879105713497102
800.0,7.341981783052719,-5.879105713497102
816.6666666666667,7.341981783052719,-5.879105713497102
833.3333333333334,7.341981783052719,-5.879105713497102
850.0000000000001,7.341981783052719,-5.879105713497102
866.6666666666667,7.341981783052719,-5.879105713497102
883.3333333333334,7.341981783052719,-5.879105713497102
900.0000000000001,7.341981783052719,-5.879105713497102
916.6666666666667,7.341981783052719,-5.879105713497102
933.3333333333334,7.341981783052719,-5.879105713497102
950.0000000000001,7.341981783052719,-5.879105713497102
966.6666666666667,7.341981783052719,-5.879105713497102
983.3333333333334,7.341981783052719,-5.879105713497102
1000.0000000000001,7.341981783052719,-5.879105713497102
1016.6666666666667,7.341981783052719,-5.879105713497102
1033.3333333333335,7.341981783052719,-5.879105713497102
1050.0,7.341981783052719,-5.879105713497102
1066.6666666666667,7.341981783052719,-5.879105713497102
1083.3333333333335,7.341981783052719,-5.879105713497102
1100.0,5.206833131560465,-5.633972174473866
1116.6666666666667,2.4694630655447423,-5.3196984064953545
1133.3333333333335,-0.2679070004709807,-5.005424638516844
1150.0,-3.0052770664866673,-4.691150870538338
1166.6666666666667,-5.74264713250239,-4.376877102559827
1183.3333333333335,-8.480017198518112,-4.062603334581317
1200.0,-9.246480817002485,-3.9746066795473367
1216.6666666666667,-9.246480817002485,-3.9746066795473367
1233.3333333333335,-9.246480817002485,-3.9746066795473367
1250.0,-9.246480817002485,-3.9746066795473367
1266.6666666666667,-9.246480817002485,-3.9746066795473367
1283.3333333333335,-9.246480817002485,-3.9746066795473367
1300.0,-9.246480817002485,-3.9746066795473367
1316.6666666666667,-9.246480817002485,-3.9746066795473367
1333.3333333333335,-9.246480817002485,-3.9746066795473367
1350.0,-9.246480817002485,-3.9746066795473367
1366.6666666666667,-9.246480817002485,-3.9746066795473367
1383.3333333333335,-9.246480817002485,-3.9746066795473367
1400.0,-9.246480817002485,-3.9746066795473367
1416.6666666666667,-9.246480817002485,-3.9746066795473367
1433.3333333333335,-9.246480817002485,-3.9746066795473367
1450.0,-9.246480817002485,-3.9746066795473367
1466.6666666666667,-9.246480817002485,-3.9746066795473367
1483.3333333333335,-9.246480817002485,-3.9746066795473367
1500.0,-9.246480817002485,-3.9746066795473367
1516.6666666666667,-9.104725297567324,-4.258117718417658
1533.3333333333335,-8.832118529422786,-4.803331254706735
1550.0,-8.559511761278252,-5.348544790995804
1566.6666666666667,-8.363234888214189,-5.741098537123931
1583.3333333333335,-8.363234888214189,-5.741098537123931
1600.0,-8.363234888214189,-5.741098537123931
1616.6666666666667,-8.363234888214189,-5.741098537123931
1633.3333333333335,-8.363234888214189,-5.741098537123931
1650.0000000000002,-8.363234888214189,-5.741098537123931
1666.6666666666667,-8.363234888214189,-5.741098537123931
1683.3333333333335,-7.005332952012274,-4.730819496589707
1700.0000000000002,-5.6197187313981,-3.699922516452761
1716.6666666666667,-4.234104510783945,-2.66902553631583
1733.3333333333335,-2.8484902901697717,-1.6381285561788852
1750.0000000000002,-1.462876069555617,-0.6072315760419542
1766.6666666666667,-1.462876069555617,-0.6072315760419542
1783.3333333333335,-1.462876069555617,-0.6072315760419542
1800.0000000000002,-1.462876069555617,-0.6072315760419542
1816.6666666666667,-1.462876069555617,-0.6072315760419542
1833.3333333333335,-1.462876069555617,-0.6072315760419542
1850.0000000000002,-1.462876069555617,-0.6072315760419542
1866.6666666666667,-1.462876069555617,-0.6072315760419542
1883.3333333333335,-1.462876069555617,-0.6072315760419542
1900.0000000000002,-1.462876069555617,-0.6072315760419542
1916.6666666666667,-1.462876069555617,-0.6072315760419542
1933.3333333333335,-1.462876069555617,-0.6072315760419542
1950.0000000000002,-1.462876069555617,-0.6072315760419542
1966.6666666666667,-1.2236636305087902,-1.063329959824571
1983.3333333333335,-0.763639709264882,-1.9404422363296225
2000.0000000000002,-0.3036157880209738,-2.817554512834674
2016.6666666666667,0.15640813322292813,-3.694666789339714
2033.3333333333335,0.6072315760419542,-4.554236820314657
2050.0,0.6072315760419542,-4.554236820314657
2066.666666666667,0.6072315760419542,-4.554236820314657
2083.3333333333335,0.6072315760419542,-4.554236820314657
2100.0,0.6072315760419542,-4.554236820314657
2116.666666666667,0.6072315760419542,-4.554236820314657
2133.3333333333335,0.6072315760419542,-4.554236820314657
2150.0,0.6072315760419542,-4.554236820314657
2166.666666666667,0.6072315760419542,-4.554236820314657
2183.3333333333335,0.6072315760419542,-4.554236820314657
2200.0,0.6072315760419542,-4.554236820314657
2216.666666666667,0.6072315760419542,-4.554236820314657
2233.3333333333335,0.6072315760419542,-4.554236820314657
2250.0,0.6072315760419542,-4.554236820314657
2266.666666666667,0.6072315760419542,-4.554236820314657
2283.3333333333335,0.6072315760419542,-4.554236820314657
2300.0,0.6072315760419542,-4.554236820314657
2316.666666666667,0.6072315760419542,-4.554236820314657
2333.3333333333335,0.6072315760419542,-4.554236820314657
2350.0,0.6072315760419542,-4.554236820314657
2366.666666666667,0.6072315760419542,-4.554236820314657
2383.3333333333335,0.6072315760419542,-4.554236820314657
2400.0,0.6072315760419542,-4.554236820314657
2416.666666666667,0.6072315760419542,-4.554236820314657
2433.3333333333335,0.6072315760419542,-4.554236820314657
2450.0,0.6072315760419542,-4.554236820314657
2466.666666666667,0.6072315760419542,-4.554236820314657
2483.3333333333335,0.6072315760419542,-4.566037433946571
2500.0,0.6072315760419542,-5.156068115542008
2516.666666666667,0.6072315760419542,-5.746098797137462
2533.3333333333335,0.6072315760419542,-6.182721501518079
2550.0,0.6072315760419542,-6.182721501518079
2566.666666666667,0.6072315760419542,-6.182721501518079
2583.3333333333335,0.6072315760419542,-6.182721501518079
2600.0,0.6072315760419542,-6.182721501518079
2616.666666666667,0.6072315760419542,-6.182721501518079
2633.3333333333335,0.6072315760419542,-6.182721501518079
2650.0,0.6072315760419542,-6.182721501518079
2666.666666666667,0.6072315760419542,-6.182721501518079
2683.3333333333335,0.6072315760419542,-6.182721501518079
2700.0,0.6072315760419542,-6.182721501518079
2716.666666666667,0.6072315760419542,-6.182721501518079
2733.3333333333335,0.6072315760419542,-6.182721501518079
2750.0,0.6072315760419542,-6.182721501518079
2766.666666666667,0.5383059580115086,-5.813766722649223
2783.3333333333335,0.4057566925683498,-5.104238301747609
2800.0,0.27320742712519097,-4.394709880845994
2816.666666666667,0.14065816168202855,-3.68518145994436
2833.3333333333335,0.13800717637317142,-3.6709908915263596
2850.0,0.13800717637317142,-3.6709908915263596
2866.666666666667,0.13800717637317142,-3.6709908915263596
2883.3333333333335,0.13800717637317142,-3.6709908915263596
2900.0,0.13800717637317142,-3.6709908915263596
2916.666666666667,0.13800717637317142,-3.6709908915263596
2933.3333333333335,0.13800717637317142,-3.6709908915263596
2950.0,0.13800717637317142,-3.6709908915263596
2966.666666666667,0.13800717637317142,-3.6709908915263596
2983.3333333333335,0.13800717637317142,-3.6709908915263596
3000.0,0.13800717637317142,-3.6709908915263596
3016.666666666667,0.13800717637317142,-3.6709908915263596
