0.0,17.66491857576594,14.131934860612754
16.666666666666668,-3.422577974054651,-3.6433894562517253
33.333333333333336,-3.422577974054651,-3.6433894562517253
50.0,-3.422577974054651,-3.6433894562517253
66.66666666666667,-3.422577974054651,-3.6433894562517253
83.33333333333334,-3.422577974054651,-3.6433894562517253
100.0,-3.422577974054651,-3.6433894562517253
116.66666666666667,-3.422577974054651,-3.6433894562517253
133.33333333333334,-3.422577974054651,-3.6433894562517253
150.0,-3.422577974054651,-3.6433894562517253
166.66666666666669,-3.422577974054651,-3.6433894562517253
183.33333333333334,-3.422577974054651,-3.6433894562517253
200.0,-3.422577974054651,-3.6433894562517253
216.66666666666669,-3.422577974054651,-3.6433894562517253
233.33333333333334,-3.422577974054651,-3.6433894562517253
250.00000000000003,-3.422577974054651,-3.6433894562517253
266.6666666666667,-3.422577974054651,-3.6433894562517253
283.33333333333337,-2.9012175299782235,-3.812064894041158
300.0,-1.858496641825375,-4.1494157696200205
316.6666666666667,-0.815775753672523,-4.486766645198884
333.33333333333337,0.22694513448032883,-4.824117520777748
350.0,1.269666022633177,-5.161468396356611
366.6666666666667,1.269666022633177,-5.161468396356611
383.33333333333337,1.269666022633177,-5.161468396356611
400.0,1.269666022633177,-5.161468396356611
416.6666666666667,1.269666022633177,-5.161468396356611
433.33333333333337,1.269666022633177,-5.161468396356611
450.00000000000006,1.269666022633177,-5.161468396356611
466.6666666666667,1.269666022633177,-5.161468396356611
483.33333333333337,1.269666022633177,-5.161468396356611
500.00000000000006,1.269666022633177,-5.161468396356611
516.6666666666667,1.269666022633177,-5.161468396356611
533.3333333333334,1.269666022633177,-5.161468396356611
550.0,1.269666022633177,-5.161468396356611
566.6666666666667,1.269666022633177,-5.161468396356611
583.3333333333334,1.269666022633177,-5.161468396356611
600.0,1.269666022633177,-5.161468396356611
616.6666666666667,1.269666022633177,-5.161468396356611
633.3333333333334,1.269666022633177,-5.161468396356611
650.0,1.269666022633177,-5.161468396356611
666.6666666666667,1.269666022633177,-5.161468396356611
683.3333333333334,1.269666022633177,-5.161468396356611
700.0,1.269666022633177,-5.161468396356611
716.6666666666667,1.269666022633177,-5.161468396356611
733.3333333333334,1.269666022633177,-5.161468396356611
750.0,1.269666022633177,-5.161468396356611
766.6666666666667,1.4797436133345636,-4.905388413530833
783.3333333333334,2.230020722982359,-3.9908170462959296
800.0,2.980297832630154,-3.0762456790610258
816.6666666666667,3.730574942277954,-2.1616743118261157
833.3333333333334,4.4808520519257495,-1.2471029445912118
850.0000000000001,5.0510626552580735,-0.5520287054926857
866.6666666666667,5.0510626552580735,-0.5520287054926857
883.3333333333334,5.0510626552580735,-0.5520287054926857
900.0000000000001,5.0510626552580735,-0.5520287054926857
916.6666666666667,5.0510626552580735,-0.5520287054926857
933.3333333333334,5.0510626552580735,-0.5520287054926857
950.0000000000001,5.0510626552580735,-0.5520287054926857
966.6666666666667,5.0510626552580735,-0.5520287054926857
983.3333333333334,5.0510626552580735,-0.5520287054926857
1000.0000000000001,5.0510626552580735,-0.5520287054926857
1016.6666666666667,5.0510626552580735,-0.5520287054926857
1033.3333333333335,5.863910983977231,-1.6790873125402568
1050.0,6.693348054098811,-2.82914711565001
1066.6666666666667,7.522785124220402,-3.9792069187597785
1083.3333333333335,8.335633452939554,-5.106265525807342
1100.0,8.335633452939554,-5.106265525807342
1116.6666666666667,8.335633452939554,-5.106265525807342
1133.3333333333335,8.335633452939554,-5.106265525807342
1150.0,8.335633452939554,-5.106265525807342
1166.6666666666667,8.335633452939554,-5.106265525807342
1183.3333333333335,8.335633452939554,-5.106265525807342
1200.0,8.335633452939554,-5.106265525807342
1216.6666666666667,8.335633452939554,-5.106265525807342
1233.3333333333335,8.335633452939554,-5.106265525807342
1250.0,8.335633452939554,-5.106265525807342
1266.6666666666667,8.335633452939554,-5.106265525807342
1283.3333333333335,8.335633452939554,-5.106265525807342
1300.0,8.335633452939554,-5.106265525807342
1316.6666666666667,8.335633452939554,-5.106265525807342
1333.3333333333335,8.309716612306094,-5.4269864286464085
1350.0,8.257882931039175,-6.068428234324523
1366.6666666666667,8.206049249772256,-6.709870040002647
1383.3333333333335,8.154215568505338,-7.351311845680771
1400.0,8.11482197074248,-7.838807617996136
1416.6666666666667,8.11482197074248,-7.838807617996136
1433.3333333333335,8.11482197074248,-7.838807617996136
1450.0,8.11482197074248,-7.838807617996136
1466.6666666666667,8.11482197074248,-7.838807617996136
1483.3333333333335,8.11482197074248,-7.838807617996136
1500.0,8.004416229643944,-8.325596567385134
1516.6666666666667,7.851074922562641,-9.001692330425422
1533.3333333333335,7.697733615481338,-9.677788093465711
1550.0,7.544392308400037,-10.353883856505993
1566.6666666666667,7.507590394700525,-10.516146839635661
1583.3333333333335,7.507590394700525,-10.516146839635661
1600.0,7.507590394700525,-10.516146839635661
1616.6666666666667,7.507590394700525,-10.516146839635661
1633.3333333333335,7.507590394700525,-10.516146839635661
1650.0000000000002,7.507590394700525,-10.516146839635661
1666.6666666666667,7.507590394700525,-10.516146839635661
1683.3333333333335,7.507590394700525,-10.516146839635661
1700.0000000000002,7.507590394700525,-10.516146839635661
1716.6666666666667,7.507590394700525,-10.516146839635661
1733.3333333333335,7.507590394700525,-10.516146839635661
1750.0000000000002,7.507590394700525,-10.516146839635661
1766.6666666666667,7.507590394700525,-10.516146839635661
1783.3333333333335,7.507590394700525,-10.516146839635661
1800.0000000000002,7.507590394700525,-10.516146839635661
1816.6666666666667,7.507590394700525,-10.516146839635661
1833.3333333333335,4.2932192474008275,-10.223111601803291
1850.0000000000002,1.013248688931765,-9.92409605299475
1866.6666666666667,-2.2667218695372533,-9.625080504186215
1883.3333333333335,-5.546692428006317,-9.326064955377674
1900.0000000000002,-8.82666298647538,-9.027049406569136
1916.6666666666667,-12.106633544944401,-8.728033857760598
1933.3333333333335,-12.172232956113719,-8.722053546784434
1950.0000000000002,-12.172232956113719,-8.722053546784434
1966.6666666666667,-12.172232956113719,-8.722053546784434
1983.3333333333335,-12.172232956113719,-8.722053546784434
2000.0000000000002,-12.172232956113719,-8.722053546784434
2016.6666666666667,-12.172232956113719,-8.722053546784434
2033.3333333333335,-12.172232956113719,-8.722053546784434
2050.0,-12.172232956113719,-8.722053546784434
2066.666666666667,-12.172232956113719,-8.722053546784434
2083.3333333333335,-12.172232956113719,-8.722053546784434
2100.0,-12.172232956113719,-8.722053546784434
2116.666666666667,-12.172232956113719,-8.722053546784434
2133.3333333333335,-12.172232956113719,-8.722053546784434
2150.0,-12.172232956113719,-8.722053546784434
2166.666666666667,-12.172232956113719,-8.722053546784434
2183.3333333333335,-12.172232956113719,-8.722053546784434
2200.0,-12.172232956113719,-8.722053546784434
2216.666666666667,-12.172232956113719,-8.722053546784434
2233.3333333333335,-12.172232956113719,-8.722053546784434
2250.0,-12.172232956113719,-8.722053546784434
2266.666666666667,-12.172232956113719,-8.722053546784434
2283.3333333333335,-12.172232956113719,-8.722053546784434
2300.0,-12.172232956113719,-8.722053546784434
2316.666666666667,-12.172232956113719,-8.722053546784434
2333.3333333333335,-12.172232956113719,-8.722053546784434
2350.0,-12.172232956113719,-8.722053546784434
2366.666666666667,-12.172232956113719,-8.722053546784434
2383.3333333333335,-12.172232956113719,-8.722053546784434
2400.0,-12.172232956113719,-8.722053546784434
2416.666666666667,-12.172232956113719,-8.722053546784434
2433.3333333333335,-12.172232956113719,-8.722053546784434
2450.0,-11.76041954181613,-8.539884073971827
2466.666666666667,-10.044530315576342,-7.780844603919374
2483.3333333333335,-8.328641089336601,-7.021805133866942
2500.0,-6.61275186309686,-6.262765663814509
2516.666666666667,-4.896862636857072,-5.503726193762056
2533.3333333333335,-3.18097341061733,-4.7446867237096235
2550.0,-1.8768975986751313,-4.167816726469777
2566.666666666667,-1.8768975986751313,-4.167816726469777
2583.3333333333335,-1.8768975986751313,-4.167816726469777
2600.0,-1.8768975986751313,-4.167816726469777
2616.666666666667,-1.8768975986751313,-4.167816726469777
2633.3333333333335,-1.8768975986751313,-4.167816726469777
2650.0,-1.8768975986751313,-4.167816726469777
2666.666666666667,-1.2089703291436669,-4.016489454466554
2683.3333333333335,-0.3301186587075584,-3.8173746228833734
2700.0,0.54873301172855,-3.6182597913001926
2716.666666666667,1.4275846821646825,-3.4191449597170065
2733.3333333333335,1.656086116478057,-3.3673751035053825
2750.0,1.656086116478057,-3.3673751035053825
2766.666666666667,1.656086116478057,-3.3673751035053825
2783.3333333333335,1.656086116478057,-3.3673751035053825
2800.0,1.656086116478057,-3.3673751035053825
2816.666666666667,1.656086116478057,-3.3673751035053825
2833.3333333333335,1.656086116478057,-3.3673751035053825
2850.0,1.656086116478057,-3.3673751035053825
2866.666666666667,1.656086116478057,-3.3673751035053825
2883.3333333333335,1.656086116478057,-3.3673751035053825
2900.0,1.656086116478057,-3.3673751035053825
2916.666666666667,1.656086116478057,-3.3673751035053825
2933.3333333333335,1.656086116478057,-3.3673751035053825
