0.0,17.66491857576594,14.131934860612754
16.666666666666668,-3.9470052442727024,-4.305823902842948
33.333333333333336,-3.9470052442727024,-4.305823902842948
50.0,-3.9470052442727024,-4.305823902842948
66.66666666666667,-3.9470052442727024,-4.305823902842948
83.33333333333334,-3.9470052442727024,-4.305823902842948
100.0,-3.9470052442727024,-4.305823902842948
116.66666666666667,-3.9470052442727024,-4.305823902842948
133.33333333333334,-3.9470052442727024,-4.305823902842948
150.0,-3.9470052442727024,-4.305823902842948
166.66666666666669,-3.9470052442727024,-4.305823902842948
183.33333333333334,-3.9470052442727024,-4.305823902842948
200.0,-3.9470052442727024,-4.305823902842948
216.66666666666669,-3.63496648304585,-4.358435089328871
233.33333333333334,-2.5205423358070966,-4.546332183921452
250.00000000000003,-1.4061181885683411,-4.734229278514032
266.6666666666667,-0.29169404132958787,-4.922126373106613
283.33333333333337,0.8004416229643943,-5.106265525807342
300.0,0.8004416229643943,-5.106265525807342
316.6666666666667,0.8004416229643943,-5.106265525807342
333.33333333333337,0.8004416229643943,-5.106265525807342
350.0,0.8004416229643943,-5.106265525807342
366.6666666666667,0.8004416229643943,-5.106265525807342
383.33333333333337,0.8004416229643943,-5.106265525807342
400.0,0.8004416229643943,-5.106265525807342
416.6666666666667,0.8004416229643943,-5.106265525807342
433.33333333333337,0.8004416229643943,-5.106265525807342
450.00000000000006,0.8004416229643943,-5.106265525807342
466.6666666666667,0.8004416229643943,-5.106265525807342
483.33333333333337,0.8004416229643943,-5.106265525807342
500.00000000000006,0.8004416229643943,-5.106265525807342
516.6666666666667,0.8004416229643943,-5.106265525807342
533.3333333333334,0.8004416229643943,-5.106265525807342
550.0,0.8004416229643943,-5.106265525807342
566.6666666666667,0.8004416229643943,-5.106265525807342
583.3333333333334,0.8004416229643943,-5.106265525807342
600.0,0.8004416229643943,-5.106265525807342
616.6666666666667,0.8004416229643943,-5.106265525807342
633.3333333333334,0.8004416229643943,-5.106265525807342
650.0,0.8004416229643943,-5.106265525807342
666.6666666666667,0.8004416229643943,-5.106265525807342
683.3333333333334,0.8004416229643943,-5.106265525807342
700.0,0.8004416229643943,-5.106265525807342
716.6666666666667,0.8004416229643943,-5.106265525807342
733.3333333333334,0.8004416229643943,-5.106265525807342
750.0,0.8004416229643943,-5.106265525807342
766.6666666666667,0.8004416229643943,-5.106265525807342
783.3333333333334,0.8004416229643943,-5.106265525807342
800.0,0.8004416229643943,-5.106265525807342
816.6666666666667,0.8004416229643943,-5.106265525807342
833.3333333333334,0.8004416229643943,-5.106265525807342
850.0000000000001,0.8004416229643943,-5.106265525807342
866.6666666666667,0.8004416229643943,-5.106265525807342
883.3333333333334,0.8004416229643943,-5.106265525807342
900.0000000000001,0.8004416229643943,-5.106265525807342
916.6666666666667,0.8004416229643943,-5.106265525807342
933.3333333333334,0.8004416229643943,-5.106265525807342
950.0000000000001,0.8004416229643943,-5.106265525807342
966.6666666666667,0.8004416229643943,-5.106265525807342
983.3333333333334,0.8004416229643943,-5.106265525807342
1000.0000000000001,0.8004416229643943,-5.106265525807342
1016.6666666666667,0.8004416229643943,-5.106265525807342
1033.3333333333335,0.8004416229643943,-5.106265525807342
1050.0,0.8004416229643943,-5.106265525807342
1066.6666666666667,0.8004416229643943,-5.106265525807342
1083.3333333333335,0.8004416229643943,-5.106265525807342
1100.0,0.8004416229643943,-5.106265525807342
1116.6666666666667,0.8004416229643943,-5.106265525807342
1133.3333333333335,0.8004416229643943,-5.106265525807342
1150.0,0.8004416229643943,-5.106265525807342
1166.6666666666667,0.8004416229643943,-5.106265525807342
1183.3333333333335,0.8004416229643943,-5.106265525807342
1200.0,0.8004416229643943,-5.106265525807342
1216.6666666666667,0.8004416229643943,-5.106265525807342
1233.3333333333335,0.8004416229643943,-5.106265525807342
1250.0,0.8004416229643943,-5.106265525807342
1266.6666666666667,0.8004416229643943,-5.106265525807342
1283.3333333333335,0.8004416229643943,-5.106265525807342
1300.0,0.8004416229643943,-5.106265525807342
1316.6666666666667,0.8004416229643943,-5.106265525807342
1333.3333333333335,-0.19447907842932877,-5.075174253888788
1350.0,-1.2097042839331091,-5.043448466216795
1366.6666666666667,-2.224929489436904,-5.0117226785448015
1383.3333333333335,-2.732542092188794,-4.995859784708805
1400.0,-2.732542092188794,-4.995859784708805
1416.6666666666667,-2.732542092188794,-4.995859784708805
1433.3333333333335,-2.732542092188794,-4.995859784708805
1450.0,-2.732542092188794,-4.995859784708805
1466.6666666666667,-2.732542092188794,-4.995859784708805
1483.3333333333335,-2.732542092188794,-4.995859784708805
1500.0,-2.732542092188794,-4.995859784708805
1516.6666666666667,-2.732542092188794,-4.995859784708805
1533.3333333333335,-2.732542092188794,-4.995859784708805
1550.0,-2.732542092188794,-4.995859784708805
1566.6666666666667,-2.4041757213628427,-4.749131461878256
1583.3333333333335,-1.2314386826988022,-3.867958880340635
1600.0,-0.05870164403477762,-2.9867862988030254
1616.6666666666667,1.114035394629263,-2.105613717265404
1633.3333333333335,2.2633176925200114,-1.2420645873585427
1650.0000000000002,2.2633176925200114,-1.2420645873585427
1666.6666666666667,2.2633176925200114,-1.2420645873585427
1683.3333333333335,2.2633176925200114,-1.2420645873585427
1700.0000000000002,2.2633176925200114,-1.2420645873585427
1716.6666666666667,2.2633176925200114,-1.2420645873585427
1733.3333333333335,2.2633176925200114,-1.2420645873585427
1750.0000000000002,2.2633176925200114,-1.2420645873585427
1766.6666666666667,2.2633176925200114,-1.2420645873585427
1783.3333333333335,2.2633176925200114,-1.2420645873585427
1800.0000000000002,2.2633176925200114,-1.2420645873585427
1816.6666666666667,2.2633176925200114,-1.2420645873585427
1833.3333333333335,2.2633176925200114,-1.2420645873585427
1850.0000000000002,2.6707897285235176,-1.2663912760751699
1866.6666666666667,3.1931897746818456,-1.2975793385323835
1883.3333333333335,3.7155898208401803,-1.3287674009895976
1900.0000000000002,4.112613855920508,-1.3524703284570798
1916.6666666666667,4.112613855920508,-1.3524703284570798
1933.3333333333335,4.112613855920508,-1.3524703284570798
1950.0000000000002,4.112613855920508,-1.35247032845708
1966.6666666666667,4.136204826240709,-1.3681976420038802
1983.3333333333335,4.15979579656091,-1.3839249555506805
2000.0000000000002,4.183386766881109,-1.3996522690974809
2016.6666666666667,4.20697773720131,-1.415379582644281
2033.3333333333335,4.230568707521511,-1.4311068961910811
2050.0,4.25415967784171,-1.4468342097378812
2066.666666666667,4.277750648161911,-1.4625615232846818
2083.3333333333335,4.278222467568314,-1.462876069555617
2100.0,4.278222467568314,-1.462876069555617
2116.666666666667,4.278222467568314,-1.462876069555617
2133.3333333333335,4.278222467568314,-1.462876069555617
2150.0,4.278222467568314,-1.462876069555617
2166.666666666667,4.128970262009176,-1.4730988233610376
2183.3333333333335,3.841946789780075,-1.4927579652945375
2200.0,3.554923317550975,-1.5124171072280377
2216.666666666667,3.2678998453218666,-1.532076249161538
2233.3333333333335,2.9808763730927663,-1.5517353910950382
2250.0,2.693852900863666,-1.5713945330285382
2266.666666666667,2.4068294286345577,-1.5910536749620388
2283.3333333333335,2.2633176925200114,-1.6008832459287885
2300.0,2.2633176925200114,-1.6008832459287885
2316.666666666667,2.2633176925200114,-1.6008832459287885
2333.3333333333335,2.2633176925200114,-1.6008832459287885
2350.0,2.2633176925200114,-1.6008832459287885
2366.666666666667,2.2633176925200114,-1.6008832459287885
2383.3333333333335,2.2633176925200114,-1.6008832459287885
2400.0,2.2633176925200114,-1.6008832459287885
2416.666666666667,2.2633176925200114,-1.6008832459287885
2433.3333333333335,2.2633176925200114,-1.6008832459287885
2450.0,2.2633176925200114,-1.6008832459287885
2466.666666666667,2.2633176925200114,-1.6008832459287885
2483.3333333333335,2.2633176925200114,-1.6008832459287885
2500.0,2.2633176925200114,-1.6008832459287885
2516.666666666667,2.2633176925200114,-1.6008832459287885
2533.3333333333335,2.2633176925200114,-1.6008832459287885
2550.0,2.2633176925200114,-1.6008832459287885
2566.666666666667,2.2633176925200114,-1.6008832459287885
2583.3333333333335,1.0124413793460538,-2.0834548185238178
2600.0,-0.263963021851803,-2.575874790559539
2616.666666666667,-1.5403674230496947,-3.068294762595274
2633.3333333333335,-2.8167718242475517,-3.560714734630995
2650.0,-3.1741650565829427,-3.698592326800994
2666.666666666667,-3.1741650565829427,-3.698592326800994
2683.3333333333335,-3.1741650565829427,-3.698592326800994
2700.0,-3.1741650565829427,-3.698592326800994
2716.666666666667,-3.1741650565829427,-3.698592326800994
2733.3333333333335,-3.1741650565829427,-3.698592326800994
2750.0,-3.1741650565829427,-3.698592326800994
2766.666666666667,-3.1741650565829427,-3.698592326800994
2783.3333333333335,-3.1741650565829427,-3.698592326800994
2800.0,-3.1741650565829427,-3.698592326800994
2816.666666666667,-2.9148568357133353,-3.7714698006401646
2833.3333333333335,-1.9887560468933776,-4.031746492922898
2850.0,-1.0626552580734199,-4.292023185205631
2866.666666666667,-0.13655446925343684,-4.552299877488371
2883.3333333333335,0.7895463195665209,-4.812576569771105
2900.0,1.0488545404361027,-4.8854540436102685
2916.666666666667,1.0488545404361027,-4.8854540436102685
2933.3333333333335,1.0488545404361027,-4.8854540436102685
2950.0,1.0488545404361027,-4.8854540436102685
2966.666666666667,1.0488545404361027,-4.8854540436102685
2983.3333333333335,1.0488545404361027,-4.8854540436102685
3000.0,1.0488545404361027,-4.8854540436102685
3016.666666666667,1.0488545404361027,-4.8854540436102685
