0.0,17.66491857576594,14.131934860612754
16.666666666666668,-4.223019597019046,-3.505382279878554
33.333333333333336,-4.223019597019046,-3.505382279878554
50.0,-4.223019597019046,-3.505382279878554
66.66666666666667,-4.223019597019046,-3.505382279878554
83.33333333333334,-4.223019597019046,-3.505382279878554
100.0,-4.223019597019046,-3.505382279878554
116.66666666666667,-4.223019597019046,-3.505382279878554
133.33333333333334,-4.223019597019046,-3.505382279878554
150.0,-4.223019597019046,-3.505382279878554
166.66666666666669,-4.223019597019046,-3.505382279878554
183.33333333333334,-4.223019597019046,-3.505382279878554
200.0,-4.223019597019046,-3.505382279878554
216.66666666666669,-4.223019597019046,-3.505382279878554
233.33333333333334,-4.223019597019046,-3.505382279878554
250.00000000000003,-4.223019597019046,-3.505382279878554
266.6666666666667,-4.896003925537464,-3.2438433465206855
283.33333333333337,-6.190204557303652,-2.7408838592940152
300.0,-7.484405189069835,-2.2379243720673467
316.6666666666667,-8.778605820836024,-1.7349648848406767
333.33333333333337,-10.04692243996688,-1.2420645873585427
350.0,-10.04692243996688,-1.2420645873585427
366.6666666666667,-10.04692243996688,-1.2420645873585427
383.33333333333337,-10.04692243996688,-1.2420645873585427
400.0,-10.04692243996688,-1.2420645873585427
416.6666666666667,-10.04692243996688,-1.2420645873585427
433.33333333333337,-10.04692243996688,-1.2420645873585427
450.00000000000006,-10.04692243996688,-1.2420645873585427
466.6666666666667,-10.04692243996688,-1.2420645873585427
483.33333333333337,-10.04692243996688,-1.2420645873585427
500.00000000000006,-10.04692243996688,-1.2420645873585427
516.6666666666667,-10.04692243996688,-1.2420645873585427
533.3333333333334,-8.672725680530567,-1.7689305386048764
550.0,-7.270484089269028,-2.3065488562031735
566.6666666666667,-5.868242498007481,-2.844167173801474
583.3333333333334,-4.466000906745943,-3.381785491399771
600.0,-3.0637593154844054,-3.919403808998068
616.6666666666667,-3.0637593154844054,-3.919403808998068
633.3333333333334,-3.0637593154844054,-3.919403808998068
650.0,-3.0637593154844054,-3.919403808998068
666.6666666666667,-3.0637593154844054,-3.919403808998068
683.3333333333334,-3.0637593154844054,-3.919403808998068
700.0,-3.0637593154844054,-3.919403808998068
716.6666666666667,-3.0637593154844054,-3.919403808998068
733.3333333333334,-3.0637593154844054,-3.919403808998068
750.0,-3.0637593154844054,-3.919403808998068
766.6666666666667,-3.0637593154844054,-3.919403808998068
783.3333333333334,-2.2203821265372428,-3.739624345523438
800.0,-0.5336277486429295,-3.38006541857418
816.6666666666667,1.1531266292513958,-3.020506491624919
833.3333333333334,2.8398810071457086,-2.660947564675661
850.0000000000001,4.526635385040034,-2.301388637726401
866.6666666666667,5.741098537123931,-2.0425062103229368
883.3333333333334,5.741098537123931,-2.0425062103229368
900.0000000000001,5.741098537123931,-2.0425062103229368
916.6666666666667,5.741098537123931,-2.0425062103229368
933.3333333333334,5.741098537123931,-2.0425062103229368
950.0000000000001,5.741098537123931,-2.0425062103229368
966.6666666666667,5.741098537123931,-2.0425062103229368
983.3333333333334,5.741098537123931,-2.0425062103229368
1000.0000000000001,5.741098537123931,-2.0425062103229368
1016.6666666666667,5.741098537123931,-2.0425062103229368
1033.3333333333335,5.741098537123931,-2.0425062103229368
1050.0,5.741098537123931,-2.0425062103229368
1066.6666666666667,5.741098537123931,-2.0425062103229368
1083.3333333333335,5.741098537123931,-2.0425062103229368
1100.0,5.741098537123931,-2.0425062103229368
1116.6666666666667,5.741098537123931,-2.0425062103229368
1133.3333333333335,5.741098537123931,-2.0425062103229368
1150.0,5.741098537123931,-2.0425062103229368
1166.6666666666667,5.741098537123931,-2.0425062103229368
1183.3333333333335,5.741098537123931,-2.0425062103229368
1200.0,5.741098537123931,-2.0425062103229368
1216.6666666666667,5.741098537123931,-2.0425062103229368
1233.3333333333335,5.741098537123931,-2.0425062103229368
1250.0,5.741098537123931,-2.0425062103229368
1266.6666666666667,5.741098537123931,-2.0425062103229368
1283.3333333333335,5.741098537123931,-2.0425062103229368
1300.0,5.741098537123931,-2.0425062103229368
1316.6666666666667,5.741098537123931,-2.0425062103229368
1333.3333333333335,5.741098537123931,-2.0425062103229368
1350.0,5.741098537123931,-2.0425062103229368
1366.6666666666667,5.741098537123931,-2.0425062103229368
1383.3333333333335,5.741098537123931,-2.0425062103229368
1400.0,5.741098537123931,-2.0425062103229368
1416.6666666666667,5.741098537123931,-2.0425062103229368
1433.3333333333335,5.741098537123931,-2.0425062103229368
1450.0,5.741098537123931,-2.0425062103229368
1466.6666666666667,5.741098537123931,-2.0425062103229368
1483.3333333333335,5.741098537123931,-2.0425062103229368
1500.0,5.741098537123931,-2.0425062103229368
1516.6666666666667,4.557495323090127,-2.894700524427275
1533.3333333333335,3.000122673045651,-4.016008832459298
1550.0,1.4427500230011958,-5.137317140491305
1566.6666666666667,-0.11462262704328019,-6.258625448523329
1583.3333333333335,-1.671995277087757,-7.379933756555351
1600.0,-3.2293679271322113,-8.501242064587359
1616.6666666666667,-3.2293679271322113,-8.501242064587359
1633.3333333333335,-3.2293679271322113,-8.501242064587359
1650.0000000000002,-3.2293679271322113,-8.501242064587359
1666.6666666666667,-3.2293679271322113,-8.501242064587359
1683.3333333333335,-3.2293679271322113,-8.501242064587359
1700.0000000000002,-3.2293679271322113,-8.501242064587359
1716.6666666666667,-3.2293679271322113,-8.501242064587359
1733.3333333333335,-3.2293679271322113,-8.501242064587359
1750.0000000000002,-3.2293679271322113,-8.501242064587359
1766.6666666666667,-3.2293679271322113,-8.501242064587359
1783.3333333333335,-3.2293679271322113,-8.501242064587359
1800.0000000000002,-3.2293679271322113,-8.501242064587359
1816.6666666666667,-3.2293679271322113,-8.501242064587359
1833.3333333333335,-3.2280185236298964,-8.518784310117455
1850.0000000000002,-3.1605483485141233,-9.395896586622506
1866.6666666666667,-3.093078173398351,-10.273008863127542
1883.3333333333335,-3.0256079982825783,-11.15012113963259
1900.0000000000002,-2.958137823166805,-12.02723341613764
1916.6666666666667,-2.925752139111234,-12.448247308860061
1933.3333333333335,-2.925752139111234,-12.448247308860061
1950.0000000000002,-2.925752139111234,-12.448247308860061
1966.6666666666667,-2.925752139111234,-12.448247308860061
1983.3333333333335,-2.925752139111234,-12.448247308860061
2000.0000000000002,-2.925752139111234,-12.448247308860061
2016.6666666666667,-2.925752139111234,-12.448247308860061
2033.3333333333335,-2.925752139111234,-12.448247308860061
2050.0,-2.925752139111234,-12.448247308860061
2066.666666666667,-2.925752139111234,-12.448247308860061
2083.3333333333335,-2.925752139111234,-12.448247308860061
2100.0,-2.925752139111234,-12.448247308860061
2116.666666666667,-2.925752139111234,-12.448247308860061
2133.3333333333335,-2.925752139111234,-12.448247308860061
2150.0,-2.925752139111234,-12.448247308860061
2166.666666666667,-2.925752139111234,-12.448247308860061
2183.3333333333335,-2.3433507699026785,-10.67233327458327
2200.0,-1.5563218925938367,-8.272449444479546
2216.666666666667,-0.7692930152849735,-5.872565614375759
2233.3333333333335,0.017735862023868343,-3.472681784272037
2250.0,0.8047647393327106,-1.0727979541683155
2266.666666666667,0.9936516698868342,-0.4968258349434171
2283.3333333333335,0.9936516698868342,-0.4968258349434171
2300.0,0.9936516698868342,-0.4968258349434171
2316.666666666667,0.9936516698868342,-0.4968258349434171
2333.3333333333335,0.9936516698868342,-0.4968258349434171
2350.0,0.9936516698868342,-0.4968258349434171
2366.666666666667,0.9936516698868342,-0.4968258349434171
2383.3333333333335,0.9936516698868342,-0.4968258349434171
2400.0,0.9936516698868342,-0.4968258349434171
2416.666666666667,0.9936516698868342,-0.4968258349434171
2433.3333333333335,0.9936516698868342,-0.4968258349434171
2450.0,0.9936516698868342,-0.4968258349434171
2466.666666666667,0.9936516698868342,-0.4968258349434171
2483.3333333333335,0.9936516698868342,-0.4968258349434171
2500.0,0.9936516698868342,-0.4968258349434171
2516.666666666667,-1.0956236390959377,-0.6645428895635938
2533.3333333333335,-3.184898948078653,-0.8322599441837659
2550.0,-5.274174257061368,-0.999976998803938
2566.666666666667,-7.363449566044141,-1.1676940534241147
2583.3333333333335,-9.452724875026854,-1.3354111080442868
2600.0,-11.040574109853713,-1.462876069555617
2616.666666666667,-11.040574109853713,-1.462876069555617
2633.3333333333335,-11.040574109853713,-1.462876069555617
2650.0,-11.040574109853713,-1.462876069555617
2666.666666666667,-11.040574109853713,-1.462876069555617
2683.3333333333335,-11.040574109853713,-1.462876069555617
2700.0,-11.040574109853713,-1.462876069555617
2716.666666666667,-11.040574109853713,-1.462876069555617
2733.3333333333335,-11.040574109853713,-1.462876069555617
2750.0,-11.040574109853713,-1.462876069555617
2766.666666666667,-11.040574109853713,-1.462876069555617
2783.3333333333335,-11.040574109853713,-1.462876069555617
2800.0,-11.040574109853713,-1.462876069555617
2816.666666666667,-11.040574109853713,-1.462876069555617
2833.3333333333335,-11.040574109853713,-1.462876069555617
2850.0,-11.040574109853713,-1.462876069555617
2866.666666666667,-11.040574109853713,-1.462876069555617
2883.3333333333335,-11.040574109853713,-1.462876069555617
2900.0,-11.040574109853713,-1.462876069555617
2916.666666666667,-11.040574109853713,-1.462876069555617
