0.0,17.66491857576594,14.131934860612754
16.666666666666668,-2.0977090808722054,-4.526635385040023
33.333333333333336,-2.0977090808722054,-4.526635385040023
50.0,-2.0977090808722054,-4.526635385040023
66.66666666666667,-2.0977090808722054,-4.526635385040023
83.33333333333334,-2.0977090808722054,-4.526635385040023
100.0,-2.0977090808722054,-4.526635385040023
116.66666666666667,-2.0977090808722054,-4.526635385040023
133.33333333333334,-2.0977090808722054,-4.526635385040023
150.0,-2.0977090808722054,-4.526635385040023
166.66666666666669,-2.0977090808722054,-4.526635385040023
183.33333333333334,-2.0977090808722054,-4.526635385040023
200.0,-2.0977090808722054,-4.526635385040023
216.66666666666669,-2.0977090808722054,-4.526635385040023
233.33333333333334,-1.1277556129888455,-4.8135230304703125
250.00000000000003,-0.1380071763731714,-5.106265525807343
266.6666666666667,0.851741260242501,-5.399008021144373
283.33333333333337,1.8216947281258626,-5.6858956665746625
300.0,1.8216947281258626,-5.6858956665746625
316.6666666666667,1.8216947281258626,-5.6858956665746625
333.33333333333337,1.8216947281258626,-5.6858956665746625
350.0,1.8216947281258626,-5.6858956665746625
366.6666666666667,1.8216947281258626,-5.6858956665746625
383.33333333333337,1.8216947281258626,-5.6858956665746625
400.0,1.8216947281258626,-5.6858956665746625
416.6666666666667,1.8216947281258626,-5.6858956665746625
433.33333333333337,1.8216947281258626,-5.6858956665746625
450.00000000000006,1.8216947281258626,-5.6858956665746625
466.6666666666667,1.8216947281258626,-5.6858956665746625
483.33333333333337,1.8216947281258626,-5.6858956665746625
500.00000000000006,1.8216947281258626,-5.6858956665746625
516.6666666666667,1.8216947281258626,-5.6858956665746625
533.3333333333334,1.8216947281258626,-5.6858956665746625
550.0,1.8216947281258626,-5.6858956665746625
566.6666666666667,1.8216947281258626,-5.6858956665746625
583.3333333333334,1.8216947281258626,-5.6858956665746625
600.0,1.8216947281258626,-5.6858956665746625
616.6666666666667,1.8216947281258626,-5.6858956665746625
633.3333333333334,1.8216947281258626,-5.6858956665746625
650.0,1.8216947281258626,-5.6858956665746625
666.6666666666667,1.8216947281258626,-5.6858956665746625
683.3333333333334,1.8216947281258626,-5.6858956665746625
700.0,1.8216947281258626,-5.6858956665746625
716.6666666666667,1.8216947281258626,-5.6858956665746625
733.3333333333334,0.4862098982993228,-5.8991243368831014
750.0,-1.3184993311959916,-6.187271188651261
766.6666666666667,-3.1232085606913182,-6.475418040419423
783.3333333333334,-4.9279177901866325,-6.763564892187582
800.0,-6.7326270196819475,-7.0517117439557415
816.6666666666667,-8.032017664918577,-7.259177477228817
833.3333333333334,-8.032017664918577,-7.259177477228817
850.0000000000001,-8.032017664918577,-7.259177477228817
866.6666666666667,-8.032017664918577,-7.259177477228817
883.3333333333334,-8.032017664918577,-7.259177477228817
900.0000000000001,-8.032017664918577,-7.259177477228817
916.6666666666667,-8.032017664918577,-7.259177477228817
933.3333333333334,-8.032017664918577,-7.259177477228817
950.0000000000001,-8.032017664918577,-7.259177477228817
966.6666666666667,-8.032017664918577,-7.259177477228817
983.3333333333334,-8.213819118594165,-7.110865765019784
1000.0000000000001,-8.913055478884905,-6.540436102677338
1016.6666666666667,-9.61229183917564,-5.970006440334897
1033.3333333333335,-10.311528199466379,-5.3995767779924515
1050.0,-11.010764559757108,-4.829147115650014
1066.6666666666667,-11.178581286226885,-4.692243996687828
1083.3333333333335,-11.178581286226885,-4.692243996687828
1100.0,-11.178581286226885,-4.692243996687828
1116.6666666666667,-11.178581286226885,-4.692243996687828
1133.3333333333335,-11.178581286226885,-4.692243996687828
1150.0,-11.178581286226885,-4.692243996687828
1166.6666666666667,-11.178581286226885,-4.692243996687828
1183.3333333333335,-11.178581286226885,-4.692243996687828
1200.0,-11.262221999180323,-4.3877918015373165
1216.6666666666667,-11.436473484499984,-3.7535163949737482
1233.3333333333335,-11.610724969819646,-3.11924098841018
1250.0,-11.784976455139304,-2.48496558184662
1266.6666666666667,-11.868617168092742,-2.1805133866961084
1283.3333333333335,-11.868617168092742,-2.1805133866961084
1300.0,-11.868617168092742,-2.1805133866961084
1316.6666666666667,-11.868617168092742,-2.1805133866961084
1333.3333333333335,-11.868617168092742,-2.1805133866961084
1350.0,-11.868617168092742,-2.1805133866961084
1366.6666666666667,-11.868617168092742,-2.1805133866961084
1383.3333333333335,-11.868617168092742,-2.1805133866961084
1400.0,-11.868617168092742,-2.1805133866961084
1416.6666666666667,-11.868617168092742,-2.1805133866961084
1433.3333333333335,-11.868617168092742,-2.1805133866961084
1450.0,-11.868617168092742,-2.1805133866961084
1466.6666666666667,-11.868617168092742,-2.1805133866961084
1483.3333333333335,-11.868617168092742,-2.1805133866961084
1500.0,-11.868617168092742,-2.1805133866961084
1516.6666666666667,-10.570391327015662,-2.449627380623795
1533.3333333333335,-8.07380317109821,-2.9671542920231904
1550.0,-5.577215015180791,-3.4846812034225785
1566.6666666666667,-3.0806268592633383,-4.002208114821974
1583.3333333333335,-0.584038703345886,-4.519735026221369
1600.0,1.9125494525715325,-5.037261937620757
1616.6666666666667,2.51173060999172,-5.161468396356611
1633.3333333333335,2.51173060999172,-5.161468396356611
1650.0000000000002,2.51173060999172,-5.161468396356611
1666.6666666666667,2.51173060999172,-5.161468396356611
1683.3333333333335,2.51173060999172,-5.161468396356611
1700.0000000000002,2.51173060999172,-5.161468396356611
1716.6666666666667,2.51173060999172,-5.161468396356611
1733.3333333333335,2.51173060999172,-5.161468396356611
1750.0000000000002,2.51173060999172,-5.161468396356611
1766.6666666666667,3.141555765963127,-5.482436985457424
1783.3333333333335,4.35275798898506,-6.099684272189755
1800.0000000000002,5.563960212006991,-6.716931558922085
1816.6666666666667,6.775162435028907,-7.3341788456544075
1833.3333333333335,7.986364658050839,-7.951426132386738
1850.0000000000002,8.252829147115651,-8.087220535467845
1866.6666666666667,8.252829147115651,-8.087220535467845
1883.3333333333335,8.252829147115651,-8.087220535467845
1900.0000000000002,8.252829147115651,-8.087220535467845
1916.6666666666667,8.252829147115651,-8.087220535467845
1933.3333333333335,8.252829147115651,-8.087220535467845
1950.0000000000002,8.252829147115651,-8.087220535467845
1966.6666666666667,8.252829147115651,-8.087220535467845
1983.3333333333335,8.252829147115651,-8.087220535467845
2000.0000000000002,8.252829147115651,-8.087220535467845
2016.6666666666667,8.423115968132041,-7.811518063346069
2033.3333333333335,8.75059062393279,-7.281321001573428
2050.0,9.078065279733536,-6.7511239398007925
2066.666666666667,9.40553993553429,-6.220926878028143
2083.3333333333335,9.41208942865029,-6.210322936792714
2100.0,9.41208942865029,-6.210322936792714
2116.666666666667,9.41208942865029,-6.210322936792714
2133.3333333333335,9.41208942865029,-6.210322936792714
2150.0,9.41208942865029,-6.210322936792714
2166.666666666667,9.41208942865029,-6.210322936792714
2183.3333333333335,8.716870178657732,-5.452773685076686
2200.0,7.777384705694837,-4.429058480055048
2216.666666666667,6.837899232731916,-3.4053432750333825
2233.3333333333335,5.898413759769021,-2.3816280700117445
2250.0,5.409881313828319,-1.849296163400497
2266.666666666667,5.409881313828319,-1.849296163400497
2283.3333333333335,5.409881313828319,-1.849296163400497
2300.0,5.409881313828319,-1.849296163400497
2316.666666666667,5.409881313828319,-1.849296163400497
2333.3333333333335,5.409881313828319,-1.849296163400497
2350.0,5.409881313828319,-1.849296163400497
2366.666666666667,5.409881313828319,-1.849296163400497
2383.3333333333335,5.409881313828319,-1.849296163400497
2400.0,5.409881313828319,-1.849296163400497
2416.666666666667,5.409881313828319,-1.849296163400497
2433.3333333333335,5.409881313828319,-1.849296163400497
2450.0,5.722697580274175,-1.7327567700187076
2466.666666666667,6.157164617004537,-1.5708965014328864
2483.3333333333335,6.591631653734888,-1.4090362328470696
2500.0,6.817554512834668,-1.3248688931824455
2516.666666666667,6.817554512834668,-1.3248688931824455
2533.3333333333335,6.817554512834668,-1.3248688931824455
2550.0,6.817554512834668,-1.3248688931824455
2566.666666666667,6.817554512834668,-1.3248688931824455
2583.3333333333335,6.817554512834668,-1.3248688931824455
2600.0,6.817554512834668,-1.3248688931824455
2616.666666666667,6.817554512834668,-1.3248688931824455
2633.3333333333335,6.817554512834668,-1.3248688931824455
2650.0,5.148729272383703,-1.8949446909700842
2666.666666666667,2.8309164384239867,-2.6867166323418195
2683.3333333333335,0.5131036044643338,-3.4784885737135323
2700.0,-1.8047092294953195,-4.270260515085246
2716.666666666667,-4.122522063455035,-5.062032456456981
2733.3333333333335,-6.440334897414688,-5.853804397828695
2750.0,-7.645597571073696,-6.265525807341982
2766.666666666667,-7.645597571073696,-6.265525807341982
2783.3333333333335,-7.645597571073696,-6.265525807341982
2800.0,-7.645597571073696,-6.265525807341982
2816.666666666667,-7.645597571073696,-6.265525807341982
2833.3333333333335,-7.645597571073696,-6.265525807341982
2850.0,-7.645597571073696,-6.265525807341982
2866.666666666667,-7.645597571073696,-6.265525807341982
2883.3333333333335,-7.645597571073696,-6.265525807341982
2900.0,-7.645597571073696,-6.265525807341982
2916.666666666667,-7.645597571073696,-6.265525807341982
2933.3333333333335,-7.645597571073696,-6.265525807341982
