0.0,17.66491857576594,14.131934860612754
16.666666666666668,-3.2293679271322113,-3.312172232956114
33.333333333333336,-3.2293679271322113,-3.312172232956114
50.0,-3.2293679271322113,-3.312172232956114
66.66666666666667,-3.2293679271322113,-3.312172232956114
83.33333333333334,-3.2293679271322113,-3.312172232956114
100.0,-3.2293679271322113,-3.312172232956114
116.66666666666667,-3.2293679271322113,-3.312172232956114
133.33333333333334,-3.2293679271322113,-3.312172232956114
150.0,-3.2293679271322113,-3.312172232956114
166.66666666666669,-3.2293679271322113,-3.312172232956114
183.33333333333334,-3.2293679271322113,-3.312172232956114
200.0,-3.2293679271322113,-3.312172232956114
216.66666666666669,-3.2293679271322113,-3.312172232956114
233.33333333333334,-3.209593764547398,-3.319999505645936
250.00000000000003,-2.220885635306766,-3.7113631401370193
266.6666666666667,-1.2321775060661353,-4.102726774628103
283.33333333333337,-0.24346937682550296,-4.4940904091191864
300.0,0.7452387524151256,-4.8854540436102685
316.6666666666667,0.7452387524151256,-4.8854540436102685
333.33333333333337,0.7452387524151256,-4.8854540436102685
350.0,0.7452387524151256,-4.8854540436102685
366.6666666666667,0.7452387524151256,-4.8854540436102685
383.33333333333337,0.7452387524151256,-4.8854540436102685
400.0,0.7452387524151256,-4.8854540436102685
416.6666666666667,0.7452387524151256,-4.8854540436102685
433.33333333333337,0.7452387524151256,-4.8854540436102685
450.00000000000006,0.7452387524151256,-4.8854540436102685
466.6666666666667,0.7452387524151256,-4.8854540436102685
483.33333333333337,0.7452387524151256,-4.8854540436102685
500.00000000000006,0.7452387524151256,-4.8854540436102685
516.6666666666667,0.7452387524151256,-4.8854540436102685
533.3333333333334,0.7452387524151256,-4.8854540436102685
550.0,0.7452387524151256,-4.8854540436102685
566.6666666666667,0.7452387524151256,-4.8854540436102685
583.3333333333334,0.7452387524151256,-4.8854540436102685
600.0,0.7452387524151256,-4.8854540436102685
616.6666666666667,0.7452387524151256,-4.8854540436102685
633.3333333333334,0.7452387524151256,-4.8854540436102685
650.0,-0.20109617128662127,-4.526332072564477
666.6666666666667,-2.172627262331936,-3.778161299552409
683.3333333333334,-4.144158353377238,-3.029990526540346
700.0,-6.115689444422539,-2.281819753528283
716.6666666666667,-8.087220535467853,-1.5336489805162143
733.3333333333334,-10.019321004692245,-0.8004416229643943
750.0,-10.019321004692245,-0.8004416229643943
766.6666666666667,-10.019321004692245,-0.8004416229643943
783.3333333333334,-10.019321004692245,-0.8004416229643943
800.0,-10.019321004692245,-0.8004416229643943
816.6666666666667,-10.019321004692245,-0.8004416229643943
833.3333333333334,-10.019321004692245,-0.8004416229643943
850.0000000000001,-10.019321004692245,-0.8004416229643943
866.6666666666667,-10.019321004692245,-0.8004416229643943
883.3333333333334,-10.019321004692245,-0.8004416229643943
900.0000000000001,-10.019321004692245,-0.8004416229643943
916.6666666666667,-10.019321004692245,-0.8004416229643943
933.3333333333334,-10.019321004692245,-0.8004416229643943
950.0000000000001,-9.832726177794298,-0.8100222864481519
966.6666666666667,-9.055247732386213,-0.8499417176304741
983.3333333333334,-8.277769286978128,-0.8898611488127963
1000.0000000000001,-7.500290841570037,-0.9297805799951188
1016.6666666666667,-6.722812396161952,-0.969700011177441
1033.3333333333335,-5.945333950753861,-1.0096194423597635
1050.0,-5.1678555053457815,-1.0495388735420854
1066.6666666666667,-4.390377059937691,-1.089458304724408
1083.3333333333335,-3.612898614529601,-1.1293777359067305
1100.0,-2.8354201691215204,-1.1692971670890524
1116.6666666666667,-2.05794172371343,-1.2092165982713747
1133.3333333333335,-1.280463278305339,-1.2491360294536973
1150.0,-0.5029848328972601,-1.2890554606360194
1166.6666666666667,0.27449361251083104,-1.3289748918183417
1183.3333333333335,1.0519720579189222,-1.3688943230006643
1200.0,1.269666022633177,-1.3800717637317141
1216.6666666666667,1.269666022633177,-1.3800717637317141
1233.3333333333335,1.269666022633177,-1.3800717637317141
1250.0,1.269666022633177,-1.3800717637317141
1266.6666666666667,1.269666022633177,-1.3800717637317141
1283.3333333333335,1.269666022633177,-1.3800717637317141
1300.0,1.269666022633177,-1.3800717637317141
1316.6666666666667,1.269666022633177,-1.3800717637317141
1333.3333333333335,1.269666022633177,-1.3800717637317141
1350.0,1.269666022633177,-1.3800717637317141
1366.6666666666667,1.269666022633177,-1.3800717637317141
1383.3333333333335,1.269666022633177,-1.3800717637317141
1400.0,1.269666022633177,-1.3800717637317141
1416.6666666666667,1.269666022633177,-1.3800717637317141
1433.3333333333335,1.269666022633177,-1.3800717637317141
1450.0,1.269666022633177,-1.3800717637317141
1466.6666666666667,1.269666022633177,-1.3800717637317141
1483.3333333333335,1.269666022633177,-1.3800717637317141
1500.0,1.269666022633177,-1.3800717637317141
1516.6666666666667,1.269666022633177,-1.3800717637317141
1533.3333333333335,1.269666022633177,-1.3800717637317141
1550.0,0.5939828871101318,-1.481645045542368
1566.6666666666667,-0.3444659122274354,-1.6227190480571658
1583.3333333333335,-1.2829147115650024,-1.7637930505719634
1600.0,-2.221363510902557,-1.9048670530867593
1616.6666666666667,-2.9533535743858685,-2.014904775048303
1633.3333333333335,-2.9533535743858685,-2.014904775048303
1650.0000000000002,-2.9533535743858685,-2.014904775048303
1666.6666666666667,-2.9533535743858685,-2.014904775048303
1683.3333333333335,-2.9533535743858685,-2.014904775048303
1700.0000000000002,-2.9533535743858685,-2.014904775048303
1716.6666666666667,-2.9533535743858685,-2.014904775048303
1733.3333333333335,-2.9533535743858685,-2.014904775048303
1750.0000000000002,-2.9533535743858685,-2.014904775048303
1766.6666666666667,-2.9533535743858685,-2.014904775048303
1783.3333333333335,-3.4090684107978615,-2.0921189167659495
1800.0000000000002,-5.161817781613259,-2.389096384910751
1816.6666666666667,-6.914567152428631,-2.6860738530555484
1833.3333333333335,-8.667316523244029,-2.9830513212003495
1850.0000000000002,-10.420065894059425,-3.280028789345151
1866.6666666666667,-11.261385592050788,-3.422577974054651
1883.3333333333335,-11.261385592050788,-3.422577974054651
1900.0000000000002,-11.261385592050788,-3.422577974054651
1916.6666666666667,-11.261385592050788,-3.422577974054651
1933.3333333333335,-11.261385592050788,-3.422577974054651
1950.0000000000002,-11.261385592050788,-3.422577974054651
1966.6666666666667,-11.261385592050788,-3.422577974054651
1983.3333333333335,-11.261385592050788,-3.422577974054651
2000.0000000000002,-11.261385592050788,-3.422577974054651
2016.6666666666667,-11.261385592050788,-3.422577974054651
2033.3333333333335,-11.261385592050788,-3.422577974054651
2050.0,-11.261385592050788,-3.422577974054651
2066.666666666667,-11.261385592050788,-3.422577974054651
2083.3333333333335,-11.261385592050788,-3.422577974054651
2100.0,-11.261385592050788,-3.422577974054651
2116.666666666667,-11.55278983598057,-3.3486395838038105
2133.3333333333335,-12.11318261276859,-3.20645037178297
2150.0,-12.67357538955661,-3.064261159762129
2166.666666666667,-13.110681755451285,-2.9533535743858685
2183.3333333333335,-13.110681755451285,-2.9533535743858685
2200.0,-13.110681755451285,-2.9533535743858685
2216.666666666667,-13.110681755451285,-2.9533535743858685
2233.3333333333335,-13.110681755451285,-2.9533535743858685
2250.0,-13.110681755451285,-2.9533535743858685
2266.666666666667,-13.110681755451285,-2.9533535743858685
2283.3333333333335,-13.110681755451285,-2.9533535743858685
2300.0,-13.110681755451285,-2.9533535743858685
2316.666666666667,-13.110681755451285,-2.9533535743858685
2333.3333333333335,-12.010283625657612,-3.0631320101372563
2350.0,-9.809487366070327,-3.2826888816400257
2366.666666666667,-7.608691106482981,-3.5022457531428013
2383.3333333333335,-5.4078948468956956,-3.721802624645571
2400.0,-3.20709858730841,-3.9413594961483405
2416.666666666667,-1.4904775048302512,-4.112613855920508
2433.3333333333335,-1.4904775048302512,-4.112613855920508
2450.0,-1.4904775048302512,-4.112613855920508
2466.666666666667,-1.4904775048302512,-4.112613855920508
2483.3333333333335,-1.4904775048302512,-4.112613855920508
2500.0,-1.4904775048302512,-4.112613855920508
2516.666666666667,-1.4904775048302512,-4.112613855920508
2533.3333333333335,-1.4904775048302512,-4.112613855920508
2550.0,-1.4904775048302512,-4.112613855920508
2566.666666666667,-1.4904775048302512,-4.112613855920508
2583.3333333333335,-1.4904775048302512,-4.112613855920508
2600.0,-1.4904775048302512,-4.112613855920508
2616.666666666667,-1.4904775048302512,-4.112613855920508
2633.3333333333335,-0.9853415603417953,-4.134576288289572
2650.0,-0.3027254191411688,-4.164255250950468
2666.666666666667,0.3798907220594765,-4.193934213611366
2683.3333333333335,1.0488545404361027,-4.223019597019046
2700.0,1.0488545404361027,-4.223019597019046
2716.666666666667,1.0488545404361027,-4.223019597019046
2733.3333333333335,1.0488545404361027,-4.223019597019046
2750.0,1.0488545404361027,-4.223019597019046
2766.666666666667,1.0488545404361027,-4.223019597019046
2783.3333333333335,1.0488545404361027,-4.223019597019046
2800.0,1.0488545404361027,-4.223019597019046
2816.666666666667,1.0488545404361027,-4.223019597019046
2833.3333333333335,1.0488545404361027,-4.223019597019046
2850.0,1.0488545404361027,-4.223019597019046
2866.666666666667,1.0488545404361027,-4.223019597019046
2883.3333333333335,1.0488545404361027,-4.223019597019046
2900.0,1.0488545404361027,-4.223019597019046
2916.666666666667,1.0488545404361027,-4.223019597019046
2933.3333333333335,1.0488545404361027,-4.223019597019046
2950.0,1.0488545404361027,-4.223019597019046
2966.666666666667,1.0488545404361027,-4.223019597019046
2983.3333333333335,1.0488545404361027,-4.223019597019046
3000.0,1.0488545404361027,-4.223019597019046
3016.666666666667,1.0488545404361027,-4.223019597019046
