0.0,17.66491857576594,14.131934860612754
16.666666666666668,-4.333425338117583,-3.422577974054651
33.333333333333336,-4.333425338117583,-3.422577974054651
50.0,-4.333425338117583,-3.422577974054651
66.66666666666667,-4.333425338117583,-3.422577974054651
83.33333333333334,-4.333425338117583,-3.422577974054651
100.0,-4.333425338117583,-3.422577974054651
116.66666666666667,-4.333425338117583,-3.422577974054651
133.33333333333334,-4.333425338117583,-3.422577974054651
150.0,-4.333425338117583,-3.422577974054651
166.66666666666669,-4.333425338117583,-3.422577974054651
183.33333333333334,-4.333425338117583,-3.422577974054651
200.0,-4.333425338117583,-3.422577974054651
216.66666666666669,-4.333425338117583,-3.422577974054651
233.33333333333334,-4.333425338117583,-3.422577974054651
250.00000000000003,-4.333425338117583,-3.422577974054651
266.6666666666667,-4.333425338117583,-3.422577974054651
283.33333333333337,-4.312395673146434,-3.425754329701335
300.0,-3.2609124245889403,-3.58457211203554
316.6666666666667,-2.209429176031442,-3.7433898943697455
333.33333333333337,-1.157945927473944,-3.902207676703951
350.0,-0.10646267891644978,-4.061025459038156
366.6666666666667,0.9450205696410476,-4.219843241372361
383.33333333333337,0.9660502346122,-4.223019597019046
400.0,0.9660502346122,-4.223019597019046
416.6666666666667,0.9660502346122,-4.223019597019046
433.33333333333337,0.9660502346122,-4.223019597019046
450.00000000000006,0.9660502346122,-4.223019597019046
466.6666666666667,0.9660502346122,-4.223019597019046
483.33333333333337,0.9660502346122,-4.223019597019046
500.00000000000006,0.9660502346122,-4.223019597019046
516.6666666666667,0.9660502346122,-4.223019597019046
533.3333333333334,0.9660502346122,-4.223019597019046
550.0,0.9660502346122,-4.223019597019046
566.6666666666667,0.9660502346122,-4.223019597019046
583.3333333333334,0.9660502346122,-4.223019597019046
600.0,0.9660502346122,-4.223019597019046
616.6666666666667,0.9660502346122,-4.223019597019046
633.3333333333334,0.9660502346122,-4.223019597019046
650.0,0.9660502346122,-4.223019597019046
666.6666666666667,0.9660502346122,-4.223019597019046
683.3333333333334,0.9660502346122,-4.223019597019046
700.0,0.9660502346122,-4.223019597019046
716.6666666666667,1.802093708872861,-4.918455759699505
733.3333333333334,2.902150911847416,-5.833503342173794
750.0,4.002208114821971,-6.748550924648082
766.6666666666667,5.102265317796533,-7.663598507122378
783.3333333333334,6.202322520771088,-8.578646089596667
800.0,7.038365995031742,-9.27408225227712
816.6666666666667,7.038365995031742,-9.27408225227712
833.3333333333334,7.038365995031742,-9.27408225227712
850.0000000000001,7.038365995031742,-9.27408225227712
866.6666666666667,7.038365995031742,-9.27408225227712
883.3333333333334,7.040707934994439,-9.286628359220137
900.0000000000001,7.157804933129252,-9.91393370637092
916.6666666666667,7.274901931264063,-10.541239053521696
933.3333333333334,7.391998929398875,-11.168544400672474
950.0000000000001,7.424786088876623,-11.34418989787469
966.6666666666667,7.424786088876623,-11.34418989787469
983.3333333333334,7.424786088876623,-11.34418989787469
1000.0000000000001,7.424786088876623,-11.34418989787469
1016.6666666666667,7.424786088876623,-11.34418989787469
1033.3333333333335,7.424786088876623,-11.34418989787469
1050.0,7.424786088876623,-11.34418989787469
1066.6666666666667,7.424786088876623,-11.34418989787469
1083.3333333333335,7.424786088876623,-11.34418989787469
1100.0,7.424786088876623,-11.34418989787469
1116.6666666666667,7.424786088876623,-11.34418989787469
1133.3333333333335,7.424786088876623,-11.34418989787469
1150.0,7.424786088876623,-11.34418989787469
1166.6666666666667,7.424786088876623,-11.34418989787469
1183.3333333333335,7.424786088876623,-11.34418989787469
1200.0,7.424786088876623,-11.34418989787469
1216.6666666666667,7.038365995031741,-9.586898518722967
1233.3333333333335,6.651945901186859,-7.829607139571243
1250.0,6.265525807341982,-6.072315760419542
1266.6666666666667,5.8791057134971005,-4.315024381267818
1283.3333333333335,5.492685619652219,-2.5577330021160947
1300.0,5.106265525807342,-0.8004416229643943
1316.6666666666667,5.106265525807342,-0.8004416229643943
1333.3333333333335,5.106265525807342,-0.8004416229643943
1350.0,5.106265525807342,-0.8004416229643943
1366.6666666666667,5.106265525807342,-0.8004416229643943
1383.3333333333335,5.106265525807342,-0.8004416229643943
1400.0,5.106265525807342,-0.8004416229643943
1416.6666666666667,5.106265525807342,-0.8004416229643943
1433.3333333333335,5.106265525807342,-0.8004416229643943
1450.0,5.106265525807342,-0.8004416229643943
1466.6666666666667,5.106265525807342,-0.8004416229643943
1483.3333333333335,5.106265525807342,-0.8004416229643943
1500.0,5.106265525807342,-0.8004416229643943
1516.6666666666667,5.106265525807342,-0.8004416229643943
1533.3333333333335,5.106265525807342,-0.8004416229643943
1550.0,5.106265525807342,-0.8004416229643943
1566.6666666666667,5.106265525807342,-0.8004416229643943
1583.3333333333335,5.106265525807342,-0.8004416229643943
1600.0,5.106265525807342,-0.8004416229643943
1616.6666666666667,5.106265525807342,-0.8004416229643943
1633.3333333333335,5.106265525807342,-0.8004416229643943
1650.0000000000002,5.106265525807342,-0.8004416229643943
1666.6666666666667,5.106265525807342,-0.8004416229643943
1683.3333333333335,5.106265525807342,-0.8004416229643943
1700.0000000000002,5.106265525807342,-0.8004416229643943
1716.6666666666667,5.106265525807342,-0.8004416229643943
1733.3333333333335,5.106265525807342,-0.8004416229643943
1750.0000000000002,5.106265525807342,-0.8004416229643943
1766.6666666666667,2.8606410610274677,-0.6289942461623379
1783.3333333333335,-0.09412797157762576,-0.4034055924754221
1800.0000000000002,-3.0488970041827193,-0.17781693878850624
1816.6666666666667,-6.003666036787773,0.04777171489840648
1833.3333333333335,-8.958435069392866,0.2733603685853223
1850.0000000000002,-11.913204101997962,0.49894902227223814
1866.6666666666667,-13.33149323764836,0.6072315760419542
1883.3333333333335,-13.33149323764836,0.6072315760419542
1900.0000000000002,-13.33149323764836,0.6072315760419542
1916.6666666666667,-13.33149323764836,0.6072315760419542
1933.3333333333335,-13.33149323764836,0.6072315760419542
1950.0000000000002,-13.33149323764836,0.6072315760419542
1966.6666666666667,-13.33149323764836,0.6072315760419542
1983.3333333333335,-13.33149323764836,0.6072315760419542
2000.0000000000002,-13.33149323764836,0.6072315760419542
2016.6666666666667,-13.33149323764836,0.6072315760419542
2033.3333333333335,-13.33149323764836,0.6072315760419542
2050.0,-13.33149323764836,0.6072315760419542
2066.666666666667,-13.33149323764836,0.6072315760419542
2083.3333333333335,-13.33149323764836,0.6072315760419542
2100.0,-13.33149323764836,0.6072315760419542
2116.666666666667,-13.33149323764836,0.6072315760419542
2133.3333333333335,-13.33149323764836,0.6072315760419542
2150.0,-13.33149323764836,0.6072315760419542
2166.666666666667,-13.33149323764836,0.6072315760419542
2183.3333333333335,-13.33149323764836,0.6072315760419542
2200.0,-13.33149323764836,0.6072315760419542
2216.666666666667,-13.33149323764836,0.6072315760419542
2233.3333333333335,-13.33149323764836,0.6072315760419542
2250.0,-13.33149323764836,0.6072315760419542
2266.666666666667,-13.33149323764836,0.6072315760419542
2283.3333333333335,-13.33149323764836,0.6072315760419542
2300.0,-13.33149323764836,0.6072315760419542
2316.666666666667,-13.33149323764836,0.6072315760419542
2333.3333333333335,-13.33149323764836,0.6072315760419542
2350.0,-13.33149323764836,0.6072315760419542
2366.666666666667,-13.33149323764836,0.6072315760419542
2383.3333333333335,-13.33149323764836,0.6072315760419542
2400.0,-13.33149323764836,0.6072315760419542
2416.666666666667,-13.33149323764836,0.6072315760419542
2433.3333333333335,-13.33149323764836,0.6072315760419542
2450.0,-13.33149323764836,0.6072315760419542
2466.666666666667,-13.33149323764836,0.6072315760419542
2483.3333333333335,-13.33149323764836,0.6072315760419542
2500.0,-13.33149323764836,0.6072315760419542
2516.666666666667,-13.33149323764836,0.6072315760419542
2533.3333333333335,-13.33149323764836,0.6072315760419542
2550.0,-13.33149323764836,0.6072315760419542
2566.666666666667,-13.33149323764836,0.6072315760419542
2583.3333333333335,-13.33149323764836,0.6072315760419542
2600.0,-13.33149323764836,0.6072315760419542
2616.666666666667,-13.33149323764836,0.6072315760419542
2633.3333333333335,-13.33149323764836,0.6072315760419542
2650.0,-13.33149323764836,0.6072315760419542
2666.666666666667,-13.33149323764836,0.6072315760419542
2683.3333333333335,-13.33149323764836,0.6072315760419542
2700.0,-13.33149323764836,0.6072315760419542
2716.666666666667,-13.33149323764836,0.6072315760419542
2733.3333333333335,-13.33149323764836,0.6072315760419542
2750.0,-13.33149323764836,0.6072315760419542
2766.666666666667,-13.33149323764836,0.6072315760419542
2783.3333333333335,-13.33149323764836,0.6072315760419542
2800.0,-13.33149323764836,0.6072315760419542
2816.666666666667,-13.33149323764836,0.6072315760419542
2833.3333333333335,-13.33149323764836,0.6072315760419542
2850.0,-13.33149323764836,0.6072315760419542
2866.666666666667,-13.33149323764836,0.6072315760419542
2883.3333333333335,-13.33149323764836,0.6072315760419542
2900.0,-13.33149323764836,0.6072315760419542
2916.666666666667,-13.33149323764836,0.6072315760419542
2933.3333333333335,-13.33149323764836,0.6072315760419542
2950.0,-13.33149323764836,0.6072315760419542
2966.666666666667,-13.33149323764836,0.6072315760419542
2983.3333333333335,-13.33149323764836,0.6072315760419542
3000.0,-13.33149323764836,0.6072315760419542
