0.0,17.66491857576594,14.131934860612754
16.666666666666668,-3.339773668230748,-3.781396632624897
33.333333333333336,-3.339773668230748,-3.781396632624897
50.0,-3.339773668230748,-3.781396632624897
66.66666666666667,-3.339773668230748,-3.781396632624897
83.33333333333334,-3.339773668230748,-3.781396632624897
100.0,-3.339773668230748,-3.781396632624897
116.66666666666667,-3.339773668230748,-3.781396632624897
133.33333333333334,-3.339773668230748,-3.781396632624897
150.0,-3.339773668230748,-3.781396632624897
166.66666666666669,-3.339773668230748,-3.781396632624897
183.33333333333334,-2.8768382031815016,-3.9793816113880967
200.0,-1.9509672730830108,-4.375351568914495
216.66666666666669,-1.0250963429845181,-4.771321526440895
233.33333333333334,-0.09922541288602682,-5.167291483967293
250.00000000000003,0.8266455172124658,-5.563261441493693
266.6666666666667,1.0488545404361027,-5.658294231300028
283.33333333333337,1.0488545404361027,-5.658294231300028
300.0,1.0488545404361027,-5.658294231300028
316.6666666666667,1.0488545404361027,-5.658294231300028
333.33333333333337,1.2512650657834214,-5.860704756647347
350.0,1.524792802739256,-6.134232493603181
366.6666666666667,1.656086116478057,-6.265525807341982
383.33333333333337,1.656086116478057,-6.265525807341982
400.0,1.656086116478057,-6.265525807341982
416.6666666666667,1.656086116478057,-6.265525807341982
433.33333333333337,1.656086116478057,-6.265525807341982
450.00000000000006,1.656086116478057,-6.265525807341982
466.6666666666667,1.656086116478057,-6.265525807341982
483.33333333333337,1.648909743306652,-6.160272334161376
500.00000000000006,1.6213083080320176,-5.755451283466739
516.6666666666667,1.5937068727573833,-5.350630232772103
533.3333333333334,1.5732818106541542,-5.0510626552580735
550.0,1.5732818106541542,-5.0510626552580735
566.6666666666667,1.5732818106541542,-5.0510626552580735
583.3333333333334,1.5732818106541542,-5.0510626552580735
600.0,1.5732818106541542,-5.0510626552580735
616.6666666666667,1.5732818106541542,-5.0510626552580735
633.3333333333334,1.5732818106541542,-5.0510626552580735
650.0,1.5732818106541542,-5.0510626552580735
666.6666666666667,2.2396593194274814,-4.5726377771644025
683.3333333333334,3.5211545286069255,-3.652589934676597
700.0,4.8026497377863695,-2.732542092188791
716.6666666666667,6.084144946965823,-1.8124942497009786
733.3333333333334,7.365640156145267,-0.8924464072131721
750.0,8.032017664918577,-0.41402152911951423
766.6666666666667,8.032017664918577,-0.41402152911951423
783.3333333333334,8.032017664918577,-0.41402152911951423
800.0,8.032017664918577,-0.41402152911951423
816.6666666666667,8.032017664918577,-0.41402152911951423
833.3333333333334,8.032017664918577,-0.41402152911951423
850.0000000000001,8.032017664918577,-0.41402152911951423
866.6666666666667,8.032017664918577,-0.41402152911951423
883.3333333333334,7.968994387708155,-0.41641365350998283
900.0000000000001,4.817830527187393,-0.5360198730333986
916.6666666666667,1.6666666666666528,-0.6556260925568136
933.3333333333334,-1.4844971938540876,-0.7752323120802286
950.0000000000001,-4.63566105437485,-0.8948385316036443
966.6666666666667,-7.78682491489559,-1.0144447511270593
983.3333333333334,-10.874965498205908,-1.1316588462600057
1000.0000000000001,-10.874965498205908,-1.1316588462600057
1016.6666666666667,-10.874965498205908,-1.1316588462600057
1033.3333333333335,-10.874965498205908,-1.1316588462600057
1050.0,-10.874965498205908,-1.1316588462600057
1066.6666666666667,-10.874965498205908,-1.1316588462600057
1083.3333333333335,-10.874965498205908,-1.1316588462600057
1100.0,-10.874965498205908,-1.1316588462600057
1116.6666666666667,-10.874965498205908,-1.1316588462600057
1133.3333333333335,-11.578523295332577,-1.1179975298109441
1150.0,-12.296439414849573,-1.1040574109853714
1166.6666666666667,-13.01435553436658,-1.0901172921597984
1183.3333333333335,-13.71791333149324,-1.076455975710737
1200.0,-13.71791333149324,-1.076455975710737
1216.6666666666667,-13.71791333149324,-1.076455975710737
1233.3333333333335,-13.71791333149324,-1.076455975710737
1250.0,-13.71791333149324,-1.076455975710737
1266.6666666666667,-13.71791333149324,-1.076455975710737
1283.3333333333335,-13.71791333149324,-1.076455975710737
1300.0,-13.71791333149324,-1.076455975710737
1316.6666666666667,-13.71791333149324,-1.076455975710737
1333.3333333333335,-13.71791333149324,-1.076455975710737
1350.0,-13.71791333149324,-1.076455975710737
1366.6666666666667,-13.361865901364236,-1.0703592731400349
1383.3333333333335,-11.743468491686873,-1.0426469887277514
1400.0,-10.12507108200953,-1.0149347043154682
1416.6666666666667,-8.506673672332168,-0.9872224199031845
1433.3333333333335,-6.888276262654804,-0.9595101354909008
1450.0,-5.658294231300028,-0.9384487993375656
1466.6666666666667,-5.658294231300028,-0.9384487993375656
1483.3333333333335,-5.658294231300028,-0.9384487993375656
1500.0,-5.658294231300028,-0.9384487993375656
1516.6666666666667,-5.658294231300028,-0.9384487993375656
1533.3333333333335,-5.658294231300028,-0.9384487993375656
1550.0,-5.658294231300028,-0.9384487993375656
1566.6666666666667,-4.964241239135978,-1.0765855599139056
1583.3333333333335,-3.6295239465128124,-1.3422331764068658
1600.0,-2.2948066538896645,-1.6078807928998224
1616.6666666666667,-0.9600893612664985,-1.8735284093927826
1633.3333333333335,0.027601435274634285,-2.070107645597571
1650.0000000000002,0.027601435274634285,-2.070107645597571
1666.6666666666667,0.027601435274634285,-2.070107645597571
1683.3333333333335,0.027601435274634285,-2.070107645597571
1700.0000000000002,0.027601435274634285,-2.070107645597571
1716.6666666666667,0.027601435274634285,-2.070107645597571
1733.3333333333335,0.027601435274634285,-2.070107645597571
1750.0000000000002,0.027601435274634285,-2.070107645597571
1766.6666666666667,0.027601435274634285,-2.070107645597571
1783.3333333333335,0.027601435274634285,-2.070107645597571
1800.0000000000002,0.027601435274634285,-2.070107645597571
1816.6666666666667,0.027601435274634285,-2.070107645597571
1833.3333333333335,0.027601435274634285,-2.070107645597571
1850.0000000000002,0.027601435274634285,-2.070107645597571
1866.6666666666667,0.027601435274634285,-2.070107645597571
1883.3333333333335,0.050660862212946835,-2.0641680962346722
1900.0000000000002,1.2036322091280554,-1.767190628089872
1916.6666666666667,2.356603556043148,-1.4702131599450754
1933.3333333333335,3.5095749029582564,-1.1732356918002749
1950.0000000000002,4.6625462498733645,-0.8762582236554743
1966.6666666666667,5.492685619652223,-0.6624344465912227
1983.3333333333335,5.492685619652223,-0.6624344465912227
2000.0000000000002,5.492685619652223,-0.6624344465912227
2016.6666666666667,5.492685619652223,-0.6624344465912227
2033.3333333333335,5.492685619652223,-0.6624344465912227
2050.0,5.492685619652223,-0.6624344465912227
2066.666666666667,5.492685619652223,-0.6624344465912227
2083.3333333333335,5.492685619652223,-0.6624344465912227
2100.0,5.492685619652223,-0.6624344465912227
2116.666666666667,5.492685619652223,-0.6624344465912227
2133.3333333333335,5.492685619652223,-0.6624344465912227
2150.0,5.492685619652223,-0.6624344465912227
2166.666666666667,5.492685619652223,-0.6624344465912227
2183.3333333333335,5.492685619652223,-0.6624344465912227
2200.0,5.492685619652223,-0.6624344465912227
2216.666666666667,5.492685619652223,-0.6624344465912227
2233.3333333333335,5.492685619652223,-0.6624344465912227
2250.0,5.492685619652223,-0.6624344465912227
2266.666666666667,5.492685619652223,-0.6624344465912227
2283.3333333333335,5.492685619652223,-0.6624344465912227
2300.0,5.492685619652223,-0.6624344465912227
2316.666666666667,5.492685619652223,-0.6624344465912227
2333.3333333333335,5.492685619652223,-0.6624344465912227
2350.0,5.492685619652223,-0.6624344465912227
2366.666666666667,5.492685619652223,-0.6624344465912227
2383.3333333333335,5.492685619652223,-0.6624344465912227
2400.0,4.553630195363566,-0.7910389362224858
2416.666666666667,2.5972647280954964,-1.058964956287622
2433.3333333333335,0.6408992608274797,-1.3268909763527508
2450.0,-1.3154662064405374,-1.5948169964178796
2466.666666666667,-3.2718316737086077,-1.8627430164830159
2483.3333333333335,-5.189069831631246,-2.1253105161468397
2500.0,-5.189069831631246,-2.1253105161468397
2516.666666666667,-5.189069831631246,-2.1253105161468397
2533.3333333333335,-5.189069831631246,-2.1253105161468397
2550.0,-5.189069831631246,-2.1253105161468397
2566.666666666667,-5.731284693470721,-2.5463244088692565
2583.3333333333335,-6.77400558162357,-3.3559665102585265
2600.0,-7.816726469776417,-4.165608611647796
2616.666666666667,-8.859447357929293,-4.975250713037088
2633.3333333333335,-9.881313828319074,-5.768699972398565
2650.0,-9.881313828319074,-5.768699972398565
2666.666666666667,-9.881313828319074,-5.768699972398565
2683.3333333333335,-9.881313828319074,-5.768699972398565
2700.0,-9.881313828319074,-5.768699972398565
2716.666666666667,-9.881313828319074,-5.768699972398565
2733.3333333333335,-9.881313828319074,-5.768699972398565
2750.0,-9.881313828319074,-5.768699972398565
2766.666666666667,-9.881313828319074,-5.768699972398565
2783.3333333333335,-9.881313828319074,-5.768699972398565
2800.0,-9.881313828319074,-5.768699972398565
2816.666666666667,-9.881313828319074,-5.768699972398565
2833.3333333333335,-9.881313828319074,-5.768699972398565
2850.0,-10.006615582105512,-6.230038247703179
2866.666666666667,-10.167258856190687,-6.821497575016778
2883.3333333333335,-10.327902130275858,-7.41295690233036
2900.0,-10.488545404361028,-8.004416229643942
2916.666666666667,-10.488545404361028,-8.004416229643942
2933.3333333333335,-10.488545404361028,-8.004416229643942
2950.0,-10.488545404361028,-8.004416229643942
2966.666666666667,-10.488545404361028,-8.004416229643942
2983.3333333333335,-10.488545404361028,-8.004416229643942
3000.0,-10.488545404361028,-8.004416229643942
3016.666666666667,-10.488545404361028,-8.004416229643942
