0.0,-0.8043710333333365,3.3216576666666695
16.666666666666668,-0.7333368243111106,3.340086656338887
33.333333333333336,-0.9952848558887224,3.285580749614082
50.0,-1.2445570086666697,3.4809183680833358
66.66666666666667,-1.6390633595848598,3.7043224220557245
83.33333333333334,-3.579466755616701,5.142671665810693
100.0,-9.879105100384097,8.127930822762185
116.66666666666667,-10.87050018717692,8.692030347673837
133.33333333333334,-10.82202707397778,8.760482072855556
150.0,-10.649030665666166,8.592893861263967
166.66666666666669,-10.64186018994444,8.366560598111109
183.33333333333334,-10.523931808816661,8.107949471122224
200.0,-10.667578102383331,7.7133991234999995
216.66666666666669,-10.734280164098719,7.23084689110667
233.33333333333334,-10.608627582555558,6.988756022844441
250.00000000000003,-10.599761026263135,6.76623224985826
266.6666666666667,-10.704917896692663,6.530007154665118
283.33333333333337,-10.760597766155808,6.200364934482752
300.0,-10.683882986966667,6.111702425100001
316.6666666666667,-10.782613033161025,5.841667948307488
333.33333333333337,-10.638497784877313,5.506924093690541
350.0,-10.391239545389363,4.971390175421043
366.6666666666667,-10.123763500767051,4.598489099916623
383.33333333333337,-9.856753557593425,4.430213645244043
400.0,-9.953178273520098,3.9719232388194095
416.6666666666667,-10.337888176444443,3.837311742577776
433.33333333333337,-7.123421102198856,4.320182176250758
450.00000000000006,-2.9185744977155226,4.142980258245789
466.6666666666667,-2.9354003783888847,4.258379673222223
483.33333333333337,-3.161136214451668,4.043783130887667
500.00000000000006,-3.2926852968301596,3.801256847247238
516.6666666666667,-3.3829562443333345,3.5378877663555532
533.3333333333334,-3.3449400687565927,3.4769226934300517
550.0,-3.3034276713046418,3.52519406144478
566.6666666666667,-3.176369508404201,3.3645494360235673
583.3333333333334,-2.9692400080475014,3.139457530197586
600.0,-2.7551359543166694,2.9418714223166695
616.6666666666667,-2.7850450964129108,2.6688256463323894
633.3333333333334,-2.7153424034513467,2.421670745001113
650.0,-2.547451746089714,2.293264461063861
666.6666666666667,-2.587036524993043,2.0764631610860738
683.3333333333334,-2.7124655293894566,2.1209366671596506
700.0,-2.822722998332495,2.0602199430548613
716.6666666666667,-2.869503327244439,2.2406611721555487
733.3333333333334,-2.8820765186297392,2.4154629088644235
750.0,-2.8941490961970953,2.346638807407402
766.6666666666667,-2.817114414797417,2.2220201841825653
783.3333333333334,-2.7950416951472534,2.175640639223562
800.0,-2.8217959971471434,2.210758380163499
816.6666666666667,-2.768592957621185,2.1082259437059285
833.3333333333334,-2.7633132490777763,1.9615753716999969
850.0000000000001,-2.6096004674003677,1.925649063515089
866.6666666666667,-2.354787878244915,1.8028160524635757
883.3333333333334,-2.4361813297660553,1.8000276163210032
900.0000000000001,-2.552307128480911,1.7920864479739835
916.6666666666667,-2.670240697937458,1.6761488752661293
933.3333333333334,-2.805948115340212,1.8453609369630373
950.0000000000001,-2.721144881214543,1.8972595042042057
966.6666666666667,-2.8261711305138517,1.7837316372149912
983.3333333333334,-2.9400586244444464,1.8154443482222282
1000.0000000000001,-3.01053601877721,1.8259274607202631
1016.6666666666667,-3.0967485644611075,1.7793941592055555
1033.3333333333335,-3.06561094358846,1.7615296154799658
1050.0,-3.0645436800000048,1.6294146973333299
1066.6666666666667,-2.900187542846041,1.7327092715506702
1083.3333333333335,-2.911755092404415,1.5988746794457371
1100.0,-2.8391695278806024,1.726137198749372
1116.6666666666667,-2.8573349236444465,1.6789249175111092
1133.3333333333335,-2.811041326629986,1.8141193001723042
1150.0,-2.865634850424792,1.7962209871231067
1166.6666666666667,-2.803988314380732,1.6965138442320586
1183.3333333333335,-2.869795518833331,1.7433281828888927
1200.0,-2.828935105397303,1.750223097301355
1216.6666666666667,-2.6509548578166684,1.6699538433777767
1233.3333333333335,-2.651824899888947,1.5724513372647015
1250.0,-2.639776781359324,1.5877436080959515
1266.6666666666667,-2.698311960464214,1.6075795605641634
1283.3333333333335,-2.710899512355564,1.4741476075555557
1300.0,-2.7429210119999987,1.6729782889166664
1316.6666666666667,-2.808599490043866,1.5701010093619863
1333.3333333333335,-2.736274399929041,1.6829198448761122
1350.0,-2.8334301550724623,1.5380761516908208
1366.6666666666667,-2.655716135617498,1.4098397825673363
1383.3333333333335,-2.6055699966594386,1.499845315346559
1400.0,-2.6464117908333242,1.5766891533333285
1416.6666666666667,-2.5841896488299723,1.650806451142239
1433.3333333333335,-2.476847382519036,1.5061984697626587
1450.0,-2.3849907629499945,1.6090707614333348
1466.6666666666667,-2.312768401155556,1.721901316533335
1483.3333333333335,-2.306035898311958,1.7878190937086984
1500.0,-2.2551924775666663,1.7985639092666668
1516.6666666666667,-2.12492449507531,1.8415068966316397
1533.3333333333335,-2.0807285250249645,1.8421182852869424
1550.0,-1.9320502553109868,1.8356188581457418
1566.6666666666667,-1.7555306777449433,1.8767868702955668
1583.3333333333335,-1.708765224900004,1.9189887488888835
1600.0,-1.730346729872978,1.941489621886405
1616.6666666666667,-1.8602154514444338,1.9962798361722223
1633.3333333333335,-1.924458128850003,2.1998747307166684
1650.0000000000002,-2.019689914789281,2.2313712040613076
1666.6666666666667,-2.0547700321684057,2.3247166201364573
1683.3333333333335,-2.2561571402915037,2.163472946021755
1700.0000000000002,-2.287459713533331,2.31464784173333
1716.6666666666667,-2.1869423585696834,2.0700846029585134
1733.3333333333335,-2.187004562444434,2.1317696437777753
1750.0000000000002,-2.1313901206103107,2.1486564437552107
1766.6666666666667,-1.9862642816928098,2.186819358970082
1783.3333333333335,-1.7837440286476496,2.06143939170697
1800.0000000000002,-1.5078183267800476,2.373654594330503
1816.6666666666667,-1.6302713038074563,1.971849456884004
1833.3333333333335,-1.7730255225499998,2.0784667942888873
1850.0000000000002,-1.869303781290861,2.105669590563737
1866.6666666666667,-1.861229076508092,2.032719854585268
1883.3333333333335,-1.7139951053074634,2.134656569972677
1900.0000000000002,-1.7443706954022966,2.127282608045976
1916.6666666666667,-1.6087402294903939,2.1570382443386213
1933.3333333333335,-1.613535991704149,2.1789173226608938
1950.0000000000002,-1.6094942064967526,2.12295928430785
1966.6666666666667,-1.8339165955566652,2.4392258014458967
1983.3333333333335,-1.8763391160112772,2.379420866301644
2000.0000000000002,-1.9430671468802163,2.490819301384719
2016.6666666666667,-2.0643189186666717,2.6382814396666627
2033.3333333333335,-2.1936791259926585,2.78052861545435
2050.0,-2.1010041819819847,2.8680900120120105
2066.666666666667,-2.1560067489711896,2.864274612512525
2083.3333333333335,-1.9499269521777738,3.1053382812666674
2100.0,-1.6556827764382243,3.2002607378522616
2116.666666666667,-1.579557295267486,3.3577949781893017
2133.3333333333335,-1.3431885391111147,3.3659535393777777
2150.0,-1.1696023146166683,3.0134719961166714
2166.666666666667,-1.159703670884011,2.7783165954582136
2183.3333333333335,-0.980243000516924,2.670405089033403
2200.0,-0.6639901778333323,2.8041863834999923
2216.666666666667,-0.6935525179679746,3.0367482143866114
2233.3333333333335,-0.9795615436781682,3.0855996784163504
2250.0,-1.0093342801765768,2.8507532524404455
2266.666666666667,-0.8474231662117907,2.532384866272791
2283.3333333333335,-0.9042557495833303,2.5352543597722192
2300.0,-1.169024160568256,2.916636280665284
2316.666666666667,-1.0792172854316,3.013805798832743
2333.3333333333335,-1.043224365377784,2.9463836940888877
2350.0,-1.0358603007333271,2.551612760766651
2366.666666666667,-1.0855119096562884,2.523587944799842
2383.3333333333335,-0.9636497146944438,2.606129076300003
2400.0,-1.0088278677505473,2.5594512227947277
2416.666666666667,-0.9740863708889125,2.8368962594721956
2433.3333333333335,-1.13851153381691,2.8994056049802683
2450.0,-1.4055482160580284,3.201910559713195
2466.666666666667,-1.6593879682381742,3.4068026384847
2483.3333333333335,-1.4685807745611057,3.551490194716658
2500.0,-1.4872276392362846,3.442739609021177
2516.666666666667,-1.7464669491421043,3.519205969259808
2533.3333333333335,-1.8511388994444478,3.4689114240833385
2550.0,-1.8376889851666582,3.3257269391666777
2566.666666666667,-1.8754425078094563,3.303544602923683
2583.3333333333335,-1.9959118685564963,3.177820772502917
2600.0,-2.1219605117744593,3.0799034268656675
2616.666666666667,-2.136791940164525,2.9828218841865377
2633.3333333333335,-2.1898350873563235,2.9492959839080464
2650.0,-2.2002512611360965,3.020533620856238
2666.666666666667,-2.0101574919540246,2.99616455440613
2683.3333333333335,-1.851115021577132,2.903150968179289
2700.0,-1.8458093543438376,2.923772143455055
2716.666666666667,-1.7177894275277854,2.9248154046944217
2733.3333333333335,-1.8204544309246267,3.043621486158307
2750.0,-1.912128676470584,2.9025383588235316
2766.666666666667,-2.066600739774557,2.8184982706924315
2783.3333333333335,-2.1138819438997247,2.713632968462009
2800.0,-2.2297168021999987,2.6861243232500023
2816.666666666667,-2.395417456855554,2.874199782277781
2833.3333333333335,-2.6193728671006493,2.7870252459355696
2850.0,-2.789016237031485,3.1525055437947764
2866.666666666667,-2.832805984027779,3.357224862994459
2883.3333333333335,-2.741651221261588,3.5495898474262915
2900.0,-2.6414481211272274,3.749894320993831
2916.666666666667,-2.4982259417764467,3.5784933535100985
2933.3333333333335,-2.3550838777722185,3.6527023820243456
2950.0,-2.390462916250002,3.73408254891667
2966.666666666667,-2.3913630044600196,3.841545528873313
2983.3333333333335,-2.30392461485362,3.886984990319358
3000.0,-2.3841226322828093,3.8673511959646523
3016.666666666667,-2.2600240036073536,3.7915244128508703
3033.3333333333335,-2.232758056494446,4.0996167041611145
3050.0,-2.3461599779723277,4.062592124628983
3066.666666666667,-2.3316042452118824,3.9770331715938094
3083.3333333333335,-2.3614112092095056,3.706862045284689
3100.0,-2.4821633793666673,3.7677047926166605
3116.666666666667,-2.6946273554332834,3.8665558882496844
3133.3333333333335,-2.7471467264237126,3.7678721059567644
3150.0,-2.647825649741536,3.7281685795397714
3166.666666666667,-2.846637596251802,3.6915938065843696
3183.3333333333335,-2.7661513790222205,3.7873690149888817
3200.0,-2.7963966027305993,3.8693094787878834
3216.666666666667,-2.8834346729555556,3.7949826833111118
3233.3333333333335,-2.834023284457804,3.739110232364729
3250.0000000000005,-2.558507243810483,3.562304690557222
3266.666666666667,-2.59026603422867,3.6170911890167945
3283.3333333333335,-2.8249834710688675,3.3193358541993185
3300.0000000000005,-2.8194334908833287,3.315804156666668
3316.666666666667,-2.8052675378044656,3.2966918110666215
3333.3333333333335,-2.742841609944442,3.238269599222221
3350.0000000000005,-2.6507795399399297,2.8680127777777322
3366.666666666667,-2.83295104444443,3.0158432619801068
3383.3333333333335,-2.760165409661838,3.011114828574583
3400.0000000000005,-2.6393213840586727,3.0141802473903176
3416.666666666667,-2.5668752742666734,3.0573834207555732
3433.3333333333335,-2.5238876340892697,3.2127526645600595
3450.0000000000005,-2.3101014160746964,3.2920021659663123
3466.666666666667,-2.2750313629685066,3.3848776517019368
3483.3333333333335,-2.1345701339493846,3.3260337389332864
3500.0000000000005,-2.1146993313333224,3.156025067733316
3516.666666666667,-1.9935071652597698,3.1577778153650065
3533.3333333333335,-1.8451447924444433,3.1983065556666617
3550.0000000000005,-1.6515134114724015,3.021800997281978
3566.666666666667,-1.6383287122167007,3.080981500773901
3583.3333333333335,-1.5518812408740041,3.003371224676553
3600.0000000000005,-1.5386015786619966,2.948308411561546
3616.666666666667,-1.4667677788100721,3.263295829170829
3633.3333333333335,-1.5718381188888888,3.192195395277789
3650.0000000000005,-1.7873571359064506,3.306524827894738
3666.666666666667,-1.7674322619818617,3.205767173866356
3683.3333333333335,-1.7065487782724673,3.073038515296537
3700.0000000000005,-1.5515469578231371,2.9241244597975307
3716.666666666667,-1.477045087078687,2.776026946809925
3733.3333333333335,-1.5123808329776034,2.73444556876216
3750.0000000000005,-1.5720143882941482,3.008923323611837
3766.666666666667,-1.666934048702128,3.093655848752144
3783.3333333333335,-1.6531482621366234,3.2366533908065125
3800.0000000000005,-1.6696829612499964,3.3401971658000216
3816.666666666667,-1.629884757445391,3.3584021814018086
3833.3333333333335,-1.5844548647953838,3.4622129630518175
3850.0000000000005,-1.6475095549666612,3.4665018763666797
3866.666666666667,-1.5954118044277825,3.457903577438891
3883.3333333333335,-1.7483956342712854,3.4085288222111028
3900.0000000000005,-1.6785615669669607,3.2957803051051036
3916.666666666667,-1.6482280735102608,3.2327972776553695
3933.3333333333335,-1.6360072469659148,2.989587705292327
3950.0000000000005,-1.6389130307999917,2.9319029745333354
3966.666666666667,-1.7102565989888852,3.148707336444432
3983.3333333333335,-1.6764976775777771,3.356151425133329
4000.0000000000005,-1.8302748302182281,3.590881155388972
4016.666666666667,-1.9469356645189924,3.543786968391477
4033.3333333333335,-1.895866541847039,3.6175626497835522
4050.0000000000005,-1.9020199198932664,3.629710901217267
4066.666666666667,-1.8391894958534025,3.512175102064996
4083.3333333333335,-1.8445628269230787,3.285342382073478
4100.0,-1.8903038634682654,3.1325671535732207
4116.666666666667,-1.8879332259822634,3.277985374566962
4133.333333333334,-1.750551799388885,3.228046698916668
4150.0,-1.8502414043333237,3.1592760209999966
4166.666666666667,-1.8060269542869927,3.420569342007461
4183.333333333334,-1.7797808459321853,3.474682133930645
4200.0,-1.7148497418415003,3.6801269135031385
4216.666666666667,-1.606353981123896,3.6126923856928452
4233.333333333334,-1.564844978717131,3.5651086302984716
4250.0,-1.5811019592278304,3.4097590412214984
4266.666666666667,-1.6102179775334506,3.325040877416853
4283.333333333334,-1.5715946911722192,3.245947470600026
4300.0,-1.4597842139946606,3.204407896943887
4316.666666666667,-1.4406349208104128,3.149513153510101
4333.333333333334,-1.4303412146888792,3.1875044889277997
4350.0,-1.5514305074074068,3.1705684768768734
4366.666666666667,-1.4594503914999937,3.1092959574444334
4383.333333333334,-1.4024091514757426,3.1283800792229455
4400.0,-1.3757589413919398,3.264721640293016
4416.666666666667,-1.3593879167333351,3.199319983705556
4433.333333333334,-1.3460352962647903,3.315603495258739
4450.0,-1.302897130165083,3.441708147690514
4466.666666666667,-1.3097558493373238,3.5376388365236537
4483.333333333334,-1.7996634623799395,3.6054752940029977
4500.0,-2.1526234279306364,3.4832042177255325
4516.666666666667,-2.5625650844866996,3.484988259212951
4533.333333333334,-2.514354643983101,3.294483926390961
4550.0,-2.287232657721159,3.218379966066958
4566.666666666667,-2.0713619641654275,3.389808852609645
4583.333333333334,-1.9367631414681592,3.293613582897432
4600.0,-1.8899517383450102,3.2203423888111926
4616.666666666667,-1.6961196157888792,3.428407135516664
4633.333333333334,-1.7163889372444392,3.396857983444437
4650.0,-1.5611744381644963,3.399236372918753
4666.666666666667,-1.6228629744610363,3.2430126330569533
4683.333333333334,-1.86480660714127,3.266187857174555
4700.0,-2.0103667279169004,3.3644930929883072
4716.666666666667,-2.0942931347222213,3.54378067952222
4733.333333333334,-2.1291027697206952,3.54160737661169
4750.0,-2.0147233138528073,3.7250996502164595
4766.666666666667,-2.116134012593714,3.688784769243147
4783.333333333334,-2.040039889766646,3.8520627899333366
4800.0,-1.8767625899933738,4.102265618886678
4816.666666666667,-1.700531375284569,4.316378964484436
4833.333333333334,-1.4488961851981332,4.447078504007563
4850.0,-1.4431965387900294,4.414872186002378
4866.666666666667,-1.6129480615329117,4.550450881579535
4883.333333333334,-1.7450324414540759,4.469510477021849
4900.0,-1.8433357138666797,4.37720736643334
4916.666666666667,-2.071316468072924,4.312617366761157
4933.333333333334,-2.0376450610000005,4.407411958011114
4950.0,-1.9937173463000009,4.400248250699997
4966.666666666667,-2.088272594355564,4.433435694088884
4983.333333333334,-2.1097925111333296,4.456840359301822
5000.0,-2.2067548603071234,4.47212950956435
5016.666666666667,-2.269405552316663,4.57144664131667
5033.333333333334,-2.3137102326114745,4.610743374540508
5050.0,-2.257680890863722,4.65141137357296
5066.666666666667,-2.0821264710043317,4.686702959359367
5083.333333333334,-2.0355423934222294,4.598921521244459
5100.0,-2.0043193130666745,4.619725269066668
5116.666666666667,-2.101513234033334,4.652401492266665
5133.333333333334,-2.1791618270126176,4.598308429496559
5150.0,-2.160097871719197,4.617970015207603
5166.666666666667,-2.072274677083339,4.646670070833338
5183.333333333334,-2.143939961780892,4.584189503907501
5200.0,-2.1758741660506176,4.503183199134201
5216.666666666667,-2.1963529456227997,4.363657238180196
5233.333333333334,-2.1654066544833466,4.376446849483332
5250.0,-2.2450579789999945,4.343944488499998
5266.666666666667,-2.2340378025123804,4.359877303157127
5283.333333333334,-2.3458030255113416,4.40006359770589
5300.0,-2.414175214785094,4.425815788994813
5316.666666666667,-2.3381789624944456,4.34887087591666
5333.333333333334,-2.4250803089666655,4.336308944933338
5350.0,-2.532748381590794,4.251827644839086
5366.666666666667,-2.624576344333382,4.145500389838414
5383.333333333334,-2.4871203682095833,4.270006330591643
5400.0,-2.6039466480000053,4.369848587900001
5416.666666666667,-2.6259539821779883,4.488572000541734
5433.333333333334,-2.497377800889781,4.592611390301405
5450.0,-2.446548286223548,4.779769414809266
5466.666666666667,-2.3247288070152137,4.752503551481865
5483.333333333334,-2.369063273166671,4.77611635854446
5500.0,-2.603271134133328,4.7365597761499965
5516.666666666667,-2.564991165150756,4.7844637072630345
5533.333333333334,-2.3988097676434625,4.924030702686194
5550.0,-2.6801827119119066,5.111779240340343
5566.666666666667,-2.515465620373122,5.0627546957410345
5583.333333333334,-10.458399911027929,9.242480635153795
5600.0,-10.478121760533336,9.692056549600004
5616.666666666667,-10.787085747187518,10.019375255955355
5633.333333333334,-10.795001503466652,10.222657826133345
5650.0,-10.85938966125,10.272292214366677
5666.666666666667,-10.754704681911115,10.339553212533332
5683.333333333334,-10.94614161775223,10.326279918263104
5700.0,-11.086394460978036,10.422341963223538
5716.666666666667,-11.156800384759684,10.574419708991005
5733.333333333334,-11.327590186376536,10.61031192971488
5750.0,-11.514140887872726,10.770431177911044
5766.666666666667,-11.775623741058785,10.846460827817143
5783.333333333334,-11.924471462488881,10.889199507111123
5800.0,-12.111896545745754,11.165189998348351
5816.666666666667,-12.319258742621312,11.208802571808127
5833.333333333334,-12.594120677233894,11.371204163048048
5850.0,-13.079978879989996,11.46071076653327
5866.666666666667,-13.540004149399998,11.674816744655558
5883.333333333334,-11.367318677777574,9.915376280555105
5900.0,-9.646426183134144,4.078927056440889
5916.666666666667,-9.683528962924091,3.653286239058251
5933.333333333334,-10.44480264067778,3.344571996622253
5950.0,-10.654213082682679,3.2694710375375315
5966.666666666667,-10.831446254327778,3.294606483688868
5983.333333333334,-11.066127984055552,3.592561907766667
6000.0,-10.868146469733329,3.622558186133328
6016.666666666667,-10.825235730140486,3.805801870498083
6033.333333333334,-11.03025001989006,3.664774976633915
6050.0,-11.334327502401202,3.791873691495748
6066.666666666667,-11.619545095305572,3.873996516277747
6083.333333333334,-11.91637096183575,3.822137880354267
6100.0,-11.9054967375,3.7990646653333306
6116.666666666667,-11.806832292913613,3.8864598375194963
6133.333333333334,-11.788099528183333,4.0225486528111105
6150.0,-12.084014214457218,4.162518225529431
6166.666666666667,-12.104946230656896,4.004660014253988
6183.333333333334,-12.192038090159825,3.9411188726051836
6200.0,-12.216742720032844,3.8851771792282412
6216.666666666667,-12.437186665578867,3.8582366191031263
6233.333333333334,-12.6151961053638,3.8280493149741486
6250.0,-12.885846214009664,3.7905190028985634
6266.666666666667,-13.293739655244302,3.8418438356011317
6283.333333333334,-13.786750183266669,3.888053354133296
6300.0,-14.217401955377683,3.7008552653159934
6316.666666666667,-14.654154531000016,3.758032402833342
6333.333333333334,-14.993751210505858,3.886733744192617
6350.0,-15.536265471924546,3.699484310933068
6366.666666666667,-15.898716552188896,3.7345665893222364
6383.333333333334,-16.085616857352125,3.736695387119954
6400.0,-16.272797650216443,3.8035526612720703
6416.666666666667,-11.249432894471564,3.384042817512723
6433.333333333334,7.921539186923403,1.5725892359376163
6450.000000000001,14.017592407638553,1.0146399725246318
6466.666666666667,14.126076137012952,1.0015990593852484
6483.333333333334,14.29546495664447,0.6102477899000117
6500.000000000001,14.569495886933312,0.3614064550166225
6516.666666666667,14.491453768455926,0.17397004197039784
6533.333333333334,14.393899173122238,-0.0017859794166763723
6550.000000000001,14.28855170991665,0.30009823378333733
6566.666666666667,14.670563147768354,0.25517051829803966
6583.333333333334,15.231750720443568,0.5519929364070711
6600.000000000001,15.1474104102051,0.5135159024678891
6616.666666666667,15.460174802690233,0.5804224789005635
6633.333333333334,15.585844542833348,0.6402829239166699
6650.000000000001,15.636135666733317,0.608335769233301
6666.666666666667,15.65541593588333,0.42284633062777505
6683.333333333334,15.874441881485193,0.2249623287310231
6700.000000000001,16.106717457021517,-0.008431166050299234
6716.666666666667,16.120244201970344,-0.12548732226285003
6733.333333333334,16.28059016277778,-0.4648626888888853
6750.000000000001,16.433625596314847,-0.798068817141905
6766.666666666667,16.844085058201337,-1.257393777438722
6783.333333333334,17.447029501960134,-1.6972453643622674
6800.000000000001,17.917888514755774,-1.5726687437686306
6816.666666666667,17.78003127472212,-1.6976983058333008
6833.333333333334,3.5606587473052156,2.371898643535287
6850.000000000001,0.38840409770962725,3.3897768466174094
6866.666666666667,-0.029709806927758244,3.3216578883278234
6883.333333333334,0.280407214105565,4.071236704902102
6900.000000000001,0.5722288654666994,4.375565921733288
6916.666666666667,1.0013430050222425,4.232556484572213
6933.333333333334,1.0375564992722066,4.498997846183331
6950.000000000001,0.867810835415628,4.826292223205103
6966.666666666667,0.9368652267445926,5.014109814923812
6983.333333333334,0.9323412463888778,4.894386292777778
7000.000000000001,0.9048477082919597,4.886347060840734
7016.666666666667,0.9502396773111116,4.733408250266674
7033.333333333334,0.9730052930187303,4.772882776327033
7050.000000000001,0.9704443989494946,4.7232380986660285
7066.666666666667,1.0293682035777745,4.638322478722224
7083.333333333334,1.0727188946111141,4.310804671177766
7100.000000000001,1.0905817270666582,3.9291528966001055
7116.666666666667,1.0446954768091687,3.7495132920285017
7133.333333333334,1.101416040042237,3.8990662845811896
7150.000000000001,0.9993769085371711,4.00106881050092
7166.666666666667,-2.838171655198097,3.5583162583256516
7183.333333333334,-8.165750737541003,-0.6972368909177207
7200.000000000001,-8.866599709956718,-1.304388021645026
7216.666666666667,-9.214693889138768,-1.3880538307235293
7233.333333333334,-8.942110259496054,-1.3684282287601335
7250.000000000001,-8.687739935782105,-1.1160482985340572
7266.666666666667,-8.84383052232222,-1.037844568488888
7283.333333333334,-9.070629732811375,-0.9661627906380068
7300.000000000001,-9.585649252923561,-0.9952571810927641
7316.666666666667,-9.801947716352625,-0.8928750523206009
7333.333333333334,-9.908728300000007,-0.865399532838627
7350.000000000001,-9.900258574904138,-0.8103400168917814
7366.666666666667,-9.949169811763397,-0.9228908544293879
7383.333333333334,-9.875203922544426,-0.8263738489333232
7400.000000000001,-9.739940181790875,-0.7516676938469234
7416.666666666667,-9.752874349493426,-0.7187599365286075
7433.333333333334,-4.3094408194764195,1.7211625042076562
7450.000000000001,-4.790833668401737,1.7834707558891785
7466.666666666667,-4.798467947762765,1.9672809860986087
7483.333333333334,-5.0384290884738805,2.09746673404161
7500.000000000001,-5.112291750491924,2.2488179574620606
7516.666666666667,-5.344371957721139,2.1155107549503054
7533.333333333334,-5.412102276860631,2.196279436045817
7550.000000000001,-5.167023894999997,2.0943487566666494
7566.666666666667,-5.138578402079858,2.087571506222894
7583.333333333334,-5.263584204455548,2.081055249711129
7600.000000000001,-5.345765168033996,2.19792862576287
7616.666666666667,-5.274267205262577,2.307798829800994
7633.333333333334,-5.320161891698589,2.2798645591315516
7650.000000000001,-5.2964190781609215,2.3166966485923517
7666.666666666667,-5.401015072727277,2.227148433477623
7683.333333333334,-5.482833932873117,2.2185989006574576
7700.000000000001,-5.390802905135918,2.2075154075037413
7716.666666666667,-5.540803694211108,2.190542781649993
7733.333333333334,-5.626263472045853,2.1638358079100573
7750.000000000001,-5.36189770666646,1.91996812416665
7766.666666666667,-2.133636790206218,3.7908820353065615
7783.333333333334,-2.4483775423354435,4.223490792601842
7800.000000000001,-2.2575715955710733,4.311156868531467
7816.666666666667,-2.15135384874444,4.178293154422245
7833.333333333334,-2.1799832780000012,4.012674668622219
7850.000000000001,-2.5010847750291494,3.818490564051285
7866.666666666667,-2.7129329623641634,3.7615772009536435
7883.333333333334,-2.621244009466656,3.9442776323555555
7900.000000000001,-2.7019721937801937,3.9879258263798536
7916.666666666667,-2.3202039682539706,4.098618446642245
7933.333333333334,-2.048578699135061,4.391992975227299
7950.000000000001,-1.9938775303833285,4.3286658890833145
7966.666666666667,-1.9580725662168985,4.313418315425624
7983.333333333334,-1.715684148017652,4.283364243898534
8000.000000000001,-1.671543838145192,4.399499103396609
8016.666666666667,-0.14037960947053357,3.628417952602596
8033.333333333334,0.6557437164724088,3.1760497099844556
8050.000000000001,0.7440878546680273,3.230006177700134
8066.666666666667,0.969190547980053,3.342901462676633
8083.333333333334,0.8376553413142167,3.338163500344122
8100.000000000001,0.866696948484848,3.265044645454574
8116.666666666667,0.954931371115564,3.3616911477143887
8133.333333333334,0.9994535213217703,3.2827716023234106
8150.000000000001,1.0840393173333247,3.420398438666635
8166.666666666667,1.2461076046666808,3.3754489835555646
8183.333333333334,1.2435289664335871,3.2864194845765367
8200.0,1.3256305667514676,3.19078489792195
8216.666666666668,1.6006981564445075,3.0700654279111093
8233.333333333334,1.8042913425944487,3.1186099443887203
8250.0,1.7536635056471823,3.1621528394802962
8266.666666666668,1.81245623756879,3.1867317037240936
8283.333333333334,1.8477976699428025,3.2008057810206036
8300.0,2.024909714418907,3.2144372003996047
8316.666666666668,2.1645995897709054,3.219346998452294
8333.333333333334,2.111238542222223,3.304574583444444
8350.0,2.085586064400017,3.1077201505333005
8366.666666666668,2.0270181291111196,3.069092290955553
8383.333333333334,2.2064411472901733,2.9438673171742304
8400.0,2.276311924133321,3.235609269066677
8416.666666666668,2.3194098094649926,2.9826022346790633
8433.333333333334,2.376365590305557,3.011133547444442
8450.0,2.648618652540395,2.268838888389128
8466.666666666668,2.689860161866657,2.4377813758555678
8483.333333333334,2.7500912181818573,2.4480333373737366
8500.0,2.8789651647999994,2.4827951868000024
8516.666666666668,2.9773837010282738,2.460095088961159
8533.333333333334,3.110690319444472,2.128572653999958
8550.0,3.144384297748874,1.8943282754377158
8566.666666666668,3.3859118030141193,1.7444875543821277
8583.333333333334,3.415742437257837,1.453286264409119
8600.0,3.9787155019656817,1.6206772138763845
8616.666666666668,4.217378729735153,1.456242093469927
8633.333333333334,4.421312275305574,1.4879746926499937
8650.0,4.540239790649986,1.290125805883318
8666.666666666668,4.845814085222243,1.2804883100833397
8683.333333333334,5.114647565838486,1.3163824763270606
8700.0,5.183002753473243,1.309685087806112
8716.666666666668,5.432310612688668,1.2220774660599159
8733.333333333334,5.433765220738134,1.1950982340725862
8750.0,5.537993160669653,1.1330853854572496
8766.666666666668,3.454056860908469,2.1674457391187603
8783.333333333334,-4.649791058773849,5.8094561062253645
8800.0,-5.093578776573888,6.73540322345924
8816.666666666668,-4.7264746925202505,6.994487797519749
8833.333333333334,-4.608116089266474,7.065259949081009
8850.0,-4.492961555901038,6.899677705048478
8866.666666666668,-4.329951657264955,6.899796669696912
8883.333333333334,-4.090340358937177,6.8169497539452335
8900.0,-4.092464630084961,6.623767727985992
8916.666666666668,-4.095260429685202,6.335433345499404
8933.333333333334,-3.909620631218782,6.59589726120546
8950.0,-3.9219953993003442,6.4815165309345355
8966.666666666668,-4.0872083699222514,6.563950612088905
8983.333333333334,-4.087192548866667,6.499202436777778
9000.0,-4.099032060466646,6.471128748333283
9016.666666666668,-4.282216832694757,6.468863596651675
9033.333333333334,-4.630804917961104,6.809901814294435
9050.0,-5.013048248275868,7.192633863951389
9066.666666666668,-5.060071355911119,7.10665273291111
9083.333333333334,-5.127101636111109,7.423965117638894
9100.0,-5.266143945027482,7.571998162968539
9116.666666666668,-5.393796839691271,7.44503556320726
9133.333333333334,-5.277664948613195,7.57370096589406
9150.0,-5.115005343478252,7.630369840729646
9166.666666666668,-4.861933141507007,7.552904808923306
9183.333333333334,-4.707279507422226,7.453375754550031
9200.0,-4.855392115918661,7.611735747973856
9216.666666666668,-4.865063075722227,7.598215332327731
9233.333333333334,-4.9181002388749935,7.696616863609559
9250.0,-5.177689153960324,7.8260918185592905
9266.666666666668,-5.228124684448897,7.821066804083851
9283.333333333334,-5.444066854603306,8.000648051044976
9300.0,-5.827882165598934,7.9634252414914855
9316.666666666668,-5.654060594191526,7.848986142132163
9333.333333333334,-5.323328860666337,7.726969663207888
9350.0,-5.250120101099979,7.689795791983329
9366.666666666668,-5.3002852428111185,7.745908462627778
9383.333333333334,-5.275854046222213,7.771351008555555
9400.0,-5.543049870768964,7.8061940166749615
9416.666666666668,-5.49807241750792,7.763831624110162
9433.333333333334,-5.59974831885319,7.840052502855866
9450.0,-5.54442063873335,7.780850274266684
9466.666666666668,-5.330385026679082,7.856874875981457
9483.333333333334,-5.241966465932963,7.979471002545718
9500.0,-5.230348483099994,7.975636739033326
9516.666666666668,-5.117158513412244,8.10309849181256
9533.333333333334,-5.086859545188632,7.9284879907072945
9550.0,-4.879730515892831,7.847297730903642
9566.666666666668,-4.850286990022234,7.884361477755515
9583.333333333334,-4.769835082252227,7.854378627347012
9600.0,-4.855476278856096,7.734111005936308
9616.666666666668,-0.47125613285389356,4.045744772082683
9633.333333333334,2.935619591744506,0.7118653452054639
9650.0,3.7608962969302624,0.0380512029696224
9666.666666666668,3.820681842404538,-0.4150550031793871
9683.333333333334,3.4897857552996348,-0.6819748689256037
9700.0,3.496357258249994,-0.5659247134999921
9716.666666666668,3.4711110905564295,-0.314386257406448
9733.333333333334,3.7817177661775796,-0.3171322079373362
9750.0,3.8922291273666647,-0.38655733728335917
9766.666666666668,4.072372377088252,-0.42644924820373353
9783.333333333334,4.2984469190039505,-0.6074299429492508
9800.0,4.264804852159417,-0.585961023311609
9816.666666666668,4.439225315382899,-0.8084699722553995
9833.333333333334,4.431396426784335,-0.9986425158064063
9850.0,4.305427156066677,-1.1363003763666826
9866.666666666668,4.081190053455554,-1.207293417572227
9883.333333333334,4.104950252935951,-1.2188517500610478
9900.0,4.0995825819243,-1.0605753343004791
9916.666666666668,4.25378019323576,-1.1148745878021864
9933.333333333334,4.24947611002807,-1.184497545086258
9950.0,4.384012444944194,-1.3084703928868888
9966.666666666668,3.849953774768053,-1.647305623282915
9983.333333333334,-1.2831551450719874,-1.127887673896355
10000.0,-1.9250263728438197,-1.5071096597902092
10016.666666666668,-1.8474111362601895,-1.3618352358245966
10033.333333333334,-1.424717751166638,-1.5513146560556101
10050.0,-0.8705721017447502,-1.3032663502160122
10066.666666666668,-0.9004116683557027,-1.3512276130944287
10083.333333333334,-0.9851054845490355,-1.3277969424024336
10100.0,-0.9615687002503732,-1.263255443498572
10116.666666666668,-1.1754458041666784,-1.3979668518055643
10133.333333333334,-1.389469932455991,-1.645825341507023
10150.0,-1.5681350154154179,-1.7299415355021703
10166.666666666668,-1.6845284296055532,-1.8201750628555549
10183.333333333334,-1.8129522412682548,-1.7008160481759151
10200.0,-1.9192021620379711,-1.8169615192807393
10216.666666666668,-1.921034233855548,-1.8349673338499914
10233.333333333334,-1.89332258319173,-1.9252059312510448
10250.0,-1.6878411111889284,-1.8822311951142343
10266.666666666668,-1.4595325464888496,-1.8832622388444455
10283.333333333334,-1.2636412438117495,-1.7858107997668906
10300.0,-1.362790488059697,-1.7757208411608603
10316.666666666668,-1.557794144444432,-1.9194638809333904
10333.333333333334,-1.3364314125333283,-2.04176836364443
10350.0,-1.2812117788983248,-2.204578211499415
10366.666666666668,-1.3961592675111332,-2.4155067499222023
10383.333333333334,-1.622439561955579,-2.513282260355564
10400.0,-1.6455772279886747,-2.438652962937066
10416.666666666668,-1.714541187777763,-2.5182788219999868
10433.333333333334,-1.7194849881813064,-2.567371848081817
10450.0,-1.6306882916791876,-2.364349710305134
10466.666666666668,-1.4920016141318235,-2.329420682753069
10483.333333333334,-1.4587459039111077,-2.242995400177774
10500.0,-1.2406144167417013,-2.252191893496738
10516.666666666668,-1.2109976184814581,-2.2773920526040903
10533.333333333334,-1.3462686727672102,-2.3497497658102553
10550.0,-1.52447707635483,-2.398930878139062
10566.666666666668,-1.6014723499014674,-2.4413184057753696
10583.333333333334,-1.6654772021444428,-2.4725640958388784
10600.0,-1.7087009492993208,-2.3670192394060763
10616.666666666668,-1.4992392302333073,-2.3528577235166437
10633.333333333334,-1.4873843345172588,-2.2520398334333867
10650.0,-1.3979336399199607,-2.2377362881607543
10666.666666666668,-1.2387000928579173,-2.100535146877075
10683.333333333334,-0.9443266883059727,-2.1588225097438185
10700.0,-0.7675137568166757,-2.0362375998000006
10716.666666666668,-0.5707939179422605,-2.0982975724472994
10733.333333333334,-0.540071564222218,-2.220196558861099
10750.0,-0.37939739639999465,-2.0602750727999943
10766.666666666668,-0.3212150312169172,-2.143937575132297
10783.333333333334,-0.35134642752223716,-2.098337049244455
10800.0,-0.4339527711666497,-1.9297223983333487
10816.666666666668,-0.4874686651340724,-2.0057766014603486
10833.333333333334,-0.5984177462119916,-1.9984036025679714
10850.0,-0.6425128941391988,-2.0455945510988913
10866.666666666668,-0.9965141437482562,-2.189492036457743
10883.333333333334,-1.068556428614306,-2.33310455986883
10900.0,-0.9784278587105472,-2.264767741975332
10916.666666666668,-0.6785820673531183,-2.181881227199244
10933.333333333334,-0.20194360521631655,-2.2156382779612955
10950.0,-0.12457697481666245,-2.046681920133331
10966.666666666668,-0.29608325121331236,-1.910027683869206
10983.333333333334,-0.4536740568568608,-1.7605515687242794
11000.0,-0.5534489948525709,-1.6423821143428328
11016.666666666668,-0.6889308990884199,-1.6441740068589918
11033.333333333334,-0.5324140794824818,-1.6061086758620693
11050.0,-0.37082505300381463,-1.4874049045598288
11066.666666666668,0.1474717300366129,-1.5593653321955854
11083.333333333334,0.30269106275751123,-1.3638303503859073
11100.0,0.23735261554999262,-1.5413546662499953
11116.666666666668,0.4385249751222529,-1.3937307647000288
11133.333333333334,0.2945340627555595,-1.3965289811222241
11150.0,0.27536791379998504,-1.5476183263999945
11166.666666666668,-0.1610471015224448,-1.7057196471682652
11183.333333333334,-0.48182821641385676,-1.915108268506416
11200.0,-0.6577497523742066,-1.8149644428774623
11216.666666666668,-0.5002494954333314,-1.640758831533335
11233.333333333334,-0.26916859781665325,-1.51072888365554
11250.0,-0.20088513049998935,-1.5433396175000675
11266.666666666668,-0.1425445189016499,-1.4311035208728984
11283.333333333334,0.055750287210275494,-1.4982343141015009
11300.0,0.18387265781666792,-1.626747775716658
11316.666666666668,0.3689463946859919,-1.809088857476802
11333.333333333334,0.5068992060222233,-1.8218444985333289
11350.0,0.6995480437177666,-1.9802489231486198
11366.666666666668,0.7610227592296166,-1.9046037129342441
11383.333333333334,0.7431561551998228,-1.6189247872491597
11400.0,0.8352292962981458,-1.4279398437084945
11416.666666666668,0.8269869674526851,-1.2209575596437061
11433.333333333334,0.8866073254301124,-0.9248020785880839
11450.0,1.1152984953379952,-0.7300457177156165
11466.666666666668,1.178761231910375,-0.6855785768105934
11483.333333333334,1.444334666033973,-0.5362451759573733
11500.0,1.7723364771,-0.46819340258331527
11516.666666666668,2.0218333110555493,-0.12491395974999762
11533.333333333334,1.973586375876172,-0.045050550392503996
11550.0,2.106786466315793,-0.09844660035085916
11566.666666666668,2.0895814017805177,-0.18276688975603742
11583.333333333334,2.1840558605817466,-0.29030467743229305
11600.0,2.2502446929535265,-0.23820305329003266
11616.666666666668,2.166320116463982,-0.19334596807151716
11633.333333333334,2.1833680737277814,-0.13795998773888254
11650.0,2.0461632922961526,-0.3115276460230145
11666.666666666668,2.0127155558668024,-0.10821074894671061
11683.333333333334,1.9640768174174186,-0.11494766648870706
11700.0,1.799785695400004,-0.061624379266662754
11716.666666666668,1.7773277511111258,-0.056384965866686315
11733.333333333334,1.7570476784951645,0.0946131036202988
11750.0,1.8000146369814976,0.19682521489256688
11766.666666666668,1.9913571766494342,0.07725172195540782
11783.333333333334,2.117181665600007,0.16018246404443653
11800.0,2.059635922227777,-0.0012920281307329607
11816.666666666668,1.979335456400852,0.07493555324771368
11833.333333333334,1.9772922302460079,0.04803713116779995
11850.0,1.9702735406666567,-0.06602378333332908
11866.666666666668,2.09076070122222,0.03705777888883969
11883.333333333334,2.302975375962049,0.07436583131212592
11900.0,2.732230863136913,0.7890139442723978
11916.666666666668,2.0257313907313903,13.850454073462743
11933.333333333334,28.132331494732206,35.292025899267145
11950.0,-49.64770800548565,0.0
11966.666666666668,-52.27498557236942,0.0
11983.333333333334,-55.962081242207375,0.0
12000.0,13.636270119733805,36.0
12016.666666666668,-3.5052214357547005,29.654374686146713
12033.333333333334,-5.640266713289974,16.53383559043393
12050.0,-5.475169671819233,7.208428890678801
12066.666666666668,-5.1872524487845295,3.7903733668108996
12083.333333333334,-5.25631938766667,4.321839683111108
12100.0,-5.66714850185185,4.513936266816815
12116.666666666668,-5.94564119653336,5.055445424511094
12133.333333333334,-6.0411574566222255,5.1637781550277975
12150.0,-6.070322980180179,5.1769631282281985
12166.666666666668,-6.174733810594227,5.136770167455904
12183.333333333334,-6.376335858736513,5.130425079112411
12200.0,-6.440613869796868,5.105382248851144
12216.666666666668,-6.336742395163735,5.170720196822947
12233.333333333334,-6.310139803540662,5.0737559380412485
12250.0,-6.357838556287452,5.296135968662672
12266.666666666668,-6.431971779888948,5.210526126944469
12283.333333333334,-6.527509222733606,5.438464436635007
12300.0,-6.644308422077907,5.361212605627699
12316.666666666668,-6.788440629779557,5.4479491506413416
12333.333333333334,-6.958954145061421,5.440292944422209
12350.0,-7.0169306647509355,5.33131236963185
12366.666666666668,-7.064177210255555,5.354452369872235
12383.333333333334,-6.912845299355559,5.257650660900001
12400.0,-6.963195473253311,5.193943007170254
12416.666666666668,-7.080797833766686,5.210490222299987
12433.333333333334,-7.110022176545066,5.126334826392362
12450.0,-7.379139186573384,5.2362209534066375
12466.666666666668,-7.75168984581044,5.123997567416278
12483.333333333334,-7.946307747689575,5.193819332223894
12500.0,-7.901583159787838,5.519027389308806
12516.666666666668,-8.225074125396839,5.523428607969846
12533.333333333334,-8.470864426628829,5.492297185556159
12550.0,-8.344461524387826,5.6208891278360875
12566.666666666668,-8.426641846095235,5.551659595681206
12583.333333333334,-8.71909501281196,5.541542366071925
12600.0,-8.785753950158407,5.677877635417709
12616.666666666668,-8.798896279156246,5.647612370674223
12633.333333333334,-8.967349497190359,5.666589210058191
12650.0,-9.021517449100022,5.708878510700004
12666.666666666668,-3.5609223196899924,6.056592190066055
12683.333333333334,2.2663733916444473,5.086455037066676
12700.0,1.9231643728771366,5.582532467032934
12716.666666666668,1.7675497299371694,5.839658446828952
12733.333333333334,1.7014100683158448,5.974183346793267
12750.0,1.5145936181742545,5.90742497956022
12766.666666666668,1.2430122797333414,5.884252971377788
12783.333333333334,1.1939759151484846,5.804611146579909
12800.0,1.1350378146906686,5.911383624962473
12816.666666666668,1.196755644766814,5.987531704313295
12833.333333333334,0.9961870646444372,6.082540915027782
12850.000000000002,0.8500635796528442,6.057357095343023
12866.666666666668,0.8761653606277922,6.046784515161082
12883.333333333334,1.0090190100491792,6.170836772304171
12900.000000000002,0.75465042397864,6.208529348474203
12916.666666666668,0.2710912961905868,6.379502368351677
12933.333333333334,0.02935155630149258,6.260457125807181
12950.000000000002,-0.12908431006668802,6.187633726766728
12966.666666666668,-0.028612668045787902,6.276028144644599
12983.333333333334,0.22655387926665976,6.145910702411112
13000.000000000002,0.516760866966865,6.098825559096318
13016.666666666668,3.2855559959002996,6.943970613122151
13033.333333333334,16.16238383632946,3.7094807301594894
13050.000000000002,16.88417745543898,3.0013915550724573
13066.666666666668,17.064369381162802,2.964440937168587
13083.333333333334,16.681473856911104,2.775288250100003
13100.000000000002,15.889446008566614,2.6723205528666587
13116.666666666668,15.685322487536034,2.623077722222236
13133.333333333334,15.553125367355907,2.58615126889556
13150.000000000002,15.147488073916648,2.5302796622499923
13166.666666666668,14.58418800515813,2.4800240194764096
13183.333333333334,13.774018579111099,2.5520327856111025
13200.000000000002,13.661922669097592,2.940347633300091
13216.666666666668,13.26091020399999,3.1151552360000054
13233.333333333334,12.863461510279855,3.2279953329343214
13250.000000000002,13.10890221562188,3.010936600497593
13266.666666666668,13.536267897098572,3.02046202262242
13283.333333333334,13.670468124730249,3.0060866276165394
13300.000000000002,13.360632005069201,3.1861182894614455
13316.666666666668,13.04749863288843,3.4145934051996085
13333.333333333334,12.715325529396377,3.4833050067133158
13350.000000000002,12.344819309671475,3.606462556678345
13366.666666666668,12.160217243059725,3.540254167778848
13383.333333333334,11.809211282769722,3.694888466666649
13400.000000000002,11.566948547909343,3.7554629205064267
13416.666666666668,11.369876121788883,3.731511319222217
13433.333333333334,11.072889469799849,3.7000562185259502
13450.000000000002,10.779752927372613,3.6651795603896127
13466.666666666668,10.235890927932225,3.7680583244876873
13483.333333333334,10.100801299560223,3.4924384736862537
13500.000000000002,9.972212840029986,3.603882046076991
13516.666666666668,10.071823213580858,3.583742195657034
13533.333333333334,9.972718368449122,3.694035661869074
13550.000000000002,9.89867561081079,3.5306518402401696
13566.666666666668,9.714593847707173,3.4152816199210507
13583.333333333334,9.656493844383363,3.161820151824084
13600.000000000002,9.749906461988582,2.8731958519617975
13616.666666666668,9.379976687889371,3.0180012889167
13633.333333333334,9.291514667250265,3.1304962460397068
13650.000000000002,9.346183268034078,3.299807288527602
13666.666666666668,9.380328999440483,3.315933034958735
13683.333333333334,9.542382239907852,3.2332336659503347
13700.000000000002,9.847138516449956,3.0479169723999786
13716.666666666668,9.726855941822226,2.84255437028889
13733.333333333334,9.806148709425123,2.9277595061967827
13750.000000000002,9.760530140540538,3.0901340780780946
13766.666666666668,9.543108954844444,3.2062835070444464
13783.333333333334,9.554522328975597,3.2780160851703664
13800.000000000002,9.604088766366393,3.307609404971662
13816.666666666668,9.390686510233326,3.1556671770999976
13833.333333333334,9.365839526525628,3.22313650588595
13850.000000000002,9.294781557446258,3.186307436769122
13866.666666666668,9.211896334155565,3.0989117450777797
13883.333333333334,9.147148953568658,2.8766242525252483
13900.000000000002,8.983531918451748,2.915128425108424
13916.666666666668,8.952845386642199,2.8989047937270773
13933.333333333334,9.003990071716157,2.8575219325214087
13950.000000000002,9.357381837866935,2.8495911824666886
13966.666666666668,9.724363580323965,2.8797454769734414
13983.333333333334,9.92670053293351,2.9445716995613496
14000.000000000002,8.241937914064934,2.9037462865668044
14016.666666666668,0.14885038482203536,4.046512508355583
14033.333333333334,-0.8022167108444446,4.4672927016000585
14050.000000000002,-1.0603379336348684,4.530705986180953
14066.666666666668,-1.0592881820987594,4.663232164876055
14083.333333333334,-0.883806958252861,4.978806524952829
14100.000000000002,-0.7585077220554216,5.197103380747404
14116.666666666668,-0.6589928532222248,5.076219473111107
14133.333333333334,-0.7748977671613602,4.508039292262789
14150.000000000002,-0.7700084813220163,4.441964070772805
14166.666666666668,-1.0507499116278067,5.088549237061119
14183.333333333334,-1.8887441693735665,5.460467428797745
14200.000000000002,-1.8509060778666497,5.6086682091333655
14216.666666666668,-0.9719239606884373,5.687712222780269
14233.333333333334,-1.0071734104771386,5.800235317917913
14250.000000000002,-1.1062943517132637,5.746009872205632
14266.666666666668,-1.6686081381603677,5.788224419085784
14283.333333333334,-1.737679494733328,5.8112605060888844
14300.000000000002,-1.4966072643166544,5.691059111649916
14316.666666666668,-1.5677479463333155,5.589269955444484
14333.333333333334,-1.643603042000001,5.541151658666679
14350.000000000002,-1.8388015252570573,5.653973137180754
14366.666666666668,-1.8060682124095988,5.686219474270553
14383.333333333334,-2.0061748030524593,5.555947184543221
14400.000000000002,-1.8038335536601535,5.614735763214998
14416.666666666668,1.706916103333979,4.43126251249993
14433.333333333334,3.362347727163559,3.7183455001945185
14450.000000000002,3.458284773141164,3.877208978553372
14466.666666666668,3.6182083811961085,3.455287112750807
14483.333333333334,3.57865697221111,3.298018731777764
14500.000000000002,2.7619007000499254,2.876036667616164
14516.666666666668,2.666622906722225,2.6841205882222128
14533.333333333334,2.8449981113999994,2.3958758216222242
14550.000000000002,2.7622490815333216,2.6679325376333307
14566.666666666668,2.7502313453749783,2.673574878796919
14583.333333333334,2.658086620171196,2.610853842682451
14600.000000000002,2.6299773430764177,2.3683598736402773
14616.666666666668,2.5035065761232507,2.4776365640963713
14633.333333333334,2.3840483464590934,2.5595021738983257
14650.000000000002,2.478232098783393,2.570717313299968
14666.666666666668,2.5339613473888987,2.6641988142555846
14683.333333333334,2.3316014867356527,2.7319958122239134
14700.000000000002,2.300085237333342,2.6555662613333295
14716.666666666668,2.2366326016730227,2.5661671440609197
14733.333333333334,2.1847996685425697,2.5070811404040203
14750.000000000002,2.15057371419286,2.6762535829251908
14766.666666666668,2.1256467871944285,2.794536151683326
14783.333333333334,2.0808460733433285,2.7206880731435086
14800.000000000002,2.1497378333000348,2.6816808986826333
14816.666666666668,2.1315013580889093,2.944954691799926
14833.333333333334,1.4257260704292956,-1.720907018680648
14850.000000000002,0.397878279056159,-7.997532513506881
14866.666666666668,0.390465253302252,-8.899711717449248
14883.333333333334,0.8349235843699615,-9.609456549802672
14900.000000000002,1.0062568142262318,-9.787159495785511
14916.666666666668,1.24182648378035,-9.699800712260537
14933.333333333334,1.245879215768989,-9.611679245556113
14950.000000000002,1.0754528531468308,-9.764095891741597
14966.666666666668,1.0165870708909883,-9.759785290456337
14983.333333333334,0.7713471886832243,-9.797882651442384
15000.000000000002,0.7328175062927831,-9.89952225004178
15016.666666666668,0.6144345017637439,-9.89317028848272
15033.333333333334,0.5107535749902816,-9.937467852234981
15050.000000000002,0.7230931740276809,-9.853317362376867
15066.666666666668,0.4935324117002132,-9.891124136295938
15083.333333333334,0.4709650275195951,-9.970394045227373
15100.000000000002,0.4782292404797571,-10.109250396451845
15116.666666666668,0.5814181423777802,-10.0496451100111
15133.333333333334,0.3242023283802161,-10.100970973368868
15150.000000000002,0.2820527040000034,-10.08137302766667
15166.666666666668,0.08126201909290112,-9.945927481501867
15183.333333333334,0.1636065672777833,-10.007843214116683
15200.000000000002,0.25506784964137047,-10.079378918575891
15216.666666666668,0.4668772315693082,-10.166778691812278
15233.333333333334,0.6669416240157757,-10.141756978577385
15250.000000000002,0.7532174992329518,-10.237533083191616
15266.666666666668,0.7288048243743679,-10.363729656017128
15283.333333333334,0.6523356299783041,-10.484806921788248
15300.000000000002,0.6289500577744825,-10.571203216383045
15316.666666666668,0.6345871742399296,-10.901968061249285
15333.333333333334,1.0003980922222246,-11.039741455111113
15350.000000000002,1.2843979100000265,-11.077376922666753
15366.666666666668,0.8387871048159236,-8.57222785034997
15383.333333333334,1.0389075222055388,1.2316925003836388
15400.000000000002,1.1462217324996116,3.9258373546440377
15416.666666666668,1.2321243140403504,4.629847212600761
15433.333333333334,0.8144424317102972,4.861041278756037
15450.000000000002,0.5107497346600428,4.653325746202263
15466.666666666668,0.2899578832888879,4.745171504266677
15483.333333333334,0.3694077030222127,4.877380085422253
15500.000000000002,0.4547586860361057,4.859176106906867
15516.666666666668,0.6539825072501491,4.8420687498530395
15533.333333333334,0.6079183732933753,4.956711501387496
15550.000000000002,0.42540624090986395,5.008901033567519
15566.666666666668,0.34462591681111204,5.166619178544444
15583.333333333334,0.12186672367293393,5.057727718481456
15600.000000000002,0.095894442283328,5.051489835300002
15616.666666666668,0.050668036299990685,5.0675339680444464
15633.333333333334,-0.039698950916661965,5.019222114083337
15650.000000000002,-0.06393726926406254,4.950406794838533
15666.666666666668,-0.21764181262851856,5.039269946039671
15683.333333333334,-0.23235933643177903,4.959419202892999
15700.000000000002,-0.10824222109389688,5.067924579423025
15716.666666666668,-0.05543348677936925,4.979915890752817
15733.333333333334,-0.06138598280000194,4.9863999972166635
15750.000000000002,-0.12186672383337317,4.9037106619999555
15766.666666666668,-0.10949514151809912,4.871877023371647
15783.333333333334,0.008640201778672996,4.876456398854949
15800.000000000002,-0.06951493066531876,4.65163893845249
15816.666666666668,-0.3855175977155495,4.511563864109849
15833.333333333334,-0.3581925716792012,4.5420598100250515
15850.000000000002,-0.271573844883334,4.497462238583269
15866.666666666668,-0.07175878082069685,4.438792526869906
15883.333333333334,0.1713558765765938,4.426890504415516
15900.000000000002,0.28594916319826114,4.525814436785062
15916.666666666668,0.568181925696185,4.706944408198549
15933.333333333334,0.7711377063855737,4.80544584700089
15950.000000000002,0.8439142660836261,4.889725460386475
15966.666666666668,0.8654764279919821,5.094920750130788
15983.333333333334,0.9086959172808532,5.108347121327326
16000.000000000002,0.8477465691974666,5.102433570895793
16016.666666666668,0.8404244526596537,5.167082035751211
16033.333333333334,0.6867096276612431,5.155202902919309
16050.000000000002,0.5219783992673954,5.265036878921149
16066.666666666668,0.4779417331165534,5.224562320510246
16083.333333333334,5.236745223638996,3.7279687705165396
16100.000000000002,7.548681501066735,0.42081295506644356
16116.666666666668,7.548068263774859,-0.1760247374374368
16133.333333333334,7.268838542273305,-0.4426296986951061
16150.000000000002,7.140671095831245,-0.32584162674669004
16166.666666666668,7.2583818989022015,-0.3392788732978146
16183.333333333334,7.453890680447107,-0.03625528869980869
16200.000000000002,7.581260657687881,-0.11405017038137594
16216.666666666668,7.540418929095828,-0.36491806007123107
16233.333333333334,7.936097819805602,-0.4243935408444533
16250.000000000002,8.173812555944917,-0.5636435532332141
16266.666666666668,8.389370819138975,-0.5612270676111115
16283.333333333334,8.805562883708134,-0.5522766444944203
16300.000000000002,9.182305336034748,-0.47024573943640957
16316.666666666668,9.421695960619198,-0.3820537245066943
16333.333333333334,9.643634516436007,-0.09151828507587127
16350.000000000002,9.842358818283373,-0.010210086083330587
16366.666666666668,10.169949246888903,0.15463457966666586
16383.333333333334,10.61378840293742,0.2816528127713945
16400.0,11.19256632363815,0.30060641594202936
16416.666666666668,8.084209890962697,0.7418178241643243
16433.333333333336,-1.4469313516279152,5.039426265945133
16450.0,-1.5552478061591906,5.910365196261026
16466.666666666668,-2.0940748372039084,6.382749445890322
16483.333333333336,-2.0702244964982435,6.494270763631841
16500.0,-1.9726156491166738,6.780869962766667
16516.666666666668,-1.6917222643173326,6.939449882835963
16533.333333333336,-1.6631908406981226,7.3120475571230195
16550.0,-1.6175024435489174,7.559643244394674
16566.666666666668,-1.6309238399053136,7.585100985296557
16583.333333333336,-1.4947936241110942,7.523392562333393
16600.0,-1.2864653575425211,7.510354545055002
16616.666666666668,-1.5598473602858154,7.486359864030129
16633.333333333336,-1.7227198850575036,7.423853995752103
16650.0,-1.8265113426620003,7.586988541579211
16666.666666666668,-1.8697939564805288,7.801688703410307
16683.333333333336,-1.830543059672832,7.844062980337166
16700.0,-1.778370216808257,7.994108552507104
16716.666666666668,-1.6487568612944383,7.848557080788894
16733.333333333336,-1.600157879955408,7.819180204355686
16750.0,-1.3664954374333376,7.802021555166682
16766.666666666668,-1.2010411617642378,7.88626880059478
16783.333333333336,-1.189519419729011,7.915047392287192
16800.0,-1.19777689502011,8.150611014065747
16816.666666666668,-1.4604608525046034,7.991990387185877
16833.333333333336,-1.4608859596944002,8.138689272438862
16850.0,-1.6130956991333008,8.289522861050095
16866.666666666668,-1.7155536323611282,8.425808287611094
16883.333333333336,-1.6115709122500759,8.658163134500006
16900.0,-1.395773262364507,8.675471703385014
16916.666666666668,-1.299869052752759,8.84240255989322
16933.333333333336,-1.201995488038491,9.139642496059125
16950.0,-1.125793621221222,9.261103946680013
16966.666666666668,-1.103962803611053,9.23771435622223
16983.333333333336,-1.2176566021800561,9.153448917072643
17000.0,-1.2773464977647666,9.107817747758283
17016.666666666668,-1.3657934255850186,9.104281398955038
17033.333333333336,-1.4606677795964813,9.079636644013222
17050.0,-1.4593635763999793,9.117256590699997
17066.666666666668,-1.3265680230833243,9.017052437777808
17083.333333333336,-1.2766405910566654,9.182615123267155
17100.0,-1.2143638586793586,9.225994465182591
17116.666666666668,-1.1050763598298976,9.253425477066283
17133.333333333336,-1.0586813593433093,9.508802294837924
17150.0,4.0472255279994815,6.034454178666994
17166.666666666668,5.038056264546559,5.805715188987862
17183.333333333336,5.289506433888911,5.7330625058888565
17200.0,4.921831793246622,5.569401485292648
17216.666666666668,4.977394988222063,5.633922776371568
17233.333333333336,5.057033160911094,5.736577527388857
17250.0,5.180416981544344,5.790784007605291
17266.666666666668,5.328330555661073,5.694547859331434
17283.333333333336,5.458064712771934,5.5440274412222585
17300.0,5.529209615225728,5.429658774346202
17316.666666666668,5.66436564542222,5.422877028994444
17333.333333333336,5.707794699437799,5.293899681980638
17350.0,5.83999503944694,5.237103272497082
17366.666666666668,5.96163751852037,5.098706396581616
17383.333333333336,6.027832859459141,4.9268662701760375
17400.0,5.96671832983334,4.898597052333325
17416.666666666668,5.704749615907957,4.8764767248012815
17433.333333333336,5.562711809755786,4.793975012215397
17450.0,5.532004236281911,4.83490691422622
17466.666666666668,4.3121405223095355,4.87937449705965
17483.333333333336,-0.39193201216755374,4.9636436171504785
17500.0,-0.011173700416669268,5.048552278333336
17516.666666666668,0.19060391631110543,5.088669212577763
17533.333333333336,0.28420743027969764,5.292322893714426
17550.0,0.37523720105051755,5.215863787276989
17566.666666666668,0.45694589315128525,5.1481536800643735
17583.333333333336,0.6606806037129933,5.130954313362182
17600.0,0.9718683366666626,5.090684687999995
17616.666666666668,1.2428671841578895,5.0881458665833526
17633.333333333336,1.1348999467666783,5.131843934238903
17650.0,1.1793642460823412,5.207808326029204
17666.666666666668,0.9909330611083462,5.380709635801844
17683.333333333336,0.7610907269451413,5.458244924037821
17700.0,0.9142411928523775,5.44240969579159
17716.666666666668,0.9379425115384596,5.527535934770778
17733.333333333336,0.9278395385415017,5.409544849551643
17750.0,0.9129975402499917,5.393294983750005
17766.666666666668,0.8801320940051613,5.431194527104816
17783.333333333336,0.8127095193833729,5.525706574561082
17800.0,0.8655222713857152,5.497218481023832
17816.666666666668,0.7677391625707538,5.60421851903652
17833.333333333336,0.8086979381587184,5.642704466439141
17850.0,0.8049538585666414,5.730658567266657
17866.666666666668,0.7459868393192431,5.849838646837799
17883.333333333336,0.8304552394024662,5.803205183158476
17900.0,0.734530973563226,5.872137052873556
17916.666666666668,0.6028763013055791,5.753663335083345
17933.333333333336,0.6802239565082152,5.789960708873485
17950.0,0.6318643684658011,5.942620084740974
17966.666666666668,0.5812038022666893,6.17036900468897
17983.333333333336,0.48494105592251713,6.123826415915932
