0.0,-5.955831166666667,-3.3303275666666687
16.666666666666668,-6.116577693622221,-2.8360926905888895
33.333333333333336,-5.146756937570103,2.34925827558999
50.0,-3.639300178177578,8.321038239446944
66.66666666666667,-4.463756721578101,6.225346896135266
83.33333333333334,-4.222337472069061,7.51666000108605
100.0,-4.128870397432046,7.600091903868603
116.66666666666667,-4.133162443136265,8.005143746582057
133.33333333333334,-3.680731982679739,7.943084965432096
150.0,-3.460197207796108,8.182154063668166
166.66666666666669,-3.8502856853982554,8.211890140131176
183.33333333333334,-4.049653161291398,8.077522974981973
200.0,-4.135454043700003,7.669832498999996
216.66666666666669,-4.2685074288422005,7.492300640020013
233.33333333333334,-4.410393022544604,7.165360666850093
250.00000000000003,-4.645863583508249,7.067266673613187
266.6666666666667,-4.535189077788882,6.744138506335723
283.33333333333337,-4.475871599428636,6.154358930154768
300.0,-4.488648461947645,5.755663855594465
316.6666666666667,-4.522536235205551,5.591946953888885
333.33333333333337,-4.2438508529640835,5.5698973768323885
350.0,-4.167684731164492,5.646428298598597
366.6666666666667,-4.152028550161268,5.409099839895452
383.33333333333337,-4.410047854894776,5.057290571697477
400.0,-4.227004795200003,5.025179065066671
416.6666666666667,-4.017684425896324,5.046884246797644
433.33333333333337,-3.846496554600477,4.9672141644788725
450.00000000000006,-3.966248480009997,5.040780754422795
466.6666666666667,-4.133655590092006,5.062762617821123
483.33333333333337,-4.071884748246201,4.896620333177932
500.00000000000006,-4.1875804225666675,4.851654281666669
516.6666666666667,-3.9295205927538643,4.976070438393955
533.3333333333334,-3.929335313164619,4.985870791203241
550.0,-3.95227313229948,4.826513579139567
566.6666666666667,-3.934745574301738,4.987512677949912
583.3333333333334,-3.935841177233339,4.906278204477778
600.0,-4.005727812234292,5.153030397842855
616.6666666666667,-3.948944239666672,5.156814812666666
633.3333333333334,-3.9281825469246985,5.109183872928482
650.0,-3.7385175425333363,5.183105915133338
666.6666666666667,-3.6787699163529344,5.0972666753845335
683.3333333333334,-3.703046825563326,4.826793398001997
700.0,-3.361471346933335,4.879375433266662
716.6666666666667,-3.4019356048461584,4.636453778740333
733.3333333333334,-3.364625526755559,4.795319638222218
750.0,-3.425648744000006,4.766529480866664
766.6666666666667,-3.4793832854759144,4.779810029503227
783.3333333333334,-3.700722229222227,5.105020070000008
800.0,-4.887723721539231,4.875714898617357
816.6666666666667,-10.130629981864608,3.5120931107279705
833.3333333333334,-10.00452342423788,3.8419919292242786
850.0000000000001,-10.302332776133332,3.436094255933332
866.6666666666667,-10.607034450361116,3.387784440444447
883.3333333333334,-11.349177106080298,3.261904630146041
900.0000000000001,-11.73434814840913,3.1017228255872005
916.6666666666667,-12.541021666427664,2.867960840425767
933.3333333333334,-13.192828724344439,2.6715931520388874
950.0000000000001,-13.582245181750004,2.250506155516669
966.6666666666667,-13.823380775006944,2.153932886962076
983.3333333333334,-14.335243357222222,2.222759544166667
1000.0000000000001,-14.699292132732737,2.2155001971971946
1016.6666666666667,-15.227448763806985,2.2009905477039235
1033.3333333333335,-15.299624008787724,2.1836135186482157
1050.0,-15.145945355766667,2.228201053300001
1066.6666666666667,-15.143288787656793,2.1090321448273923
1083.3333333333335,-15.487345625196244,2.3114894679988955
1100.0,-16.487896659540453,2.0652519533799545
1116.6666666666667,-17.361708502587216,2.2371555236799643
1133.3333333333335,-10.641558434939444,2.564118594325002
1150.0,7.33148454634999,1.8689902677333243
1166.6666666666667,6.427600370666688,3.089872739111103
1183.3333333333335,7.792171142294449,2.7779501596000022
1200.0,7.1247363355844575,3.007977264648992
1216.6666666666667,7.270917504433329,2.9042671007889007
1233.3333333333335,7.214539211377782,2.8671772608000032
1250.0,7.455701837531235,3.0185714469765084
1266.6666666666667,7.321319578577834,3.0633496573725174
1283.3333333333335,7.563339368808971,3.3073872131313142
1300.0,7.430455694202905,3.279125393103453
1316.6666666666667,7.267761489194439,3.3372519677333283
1333.3333333333335,7.361948287555555,3.4822764978333365
1350.0,0.6148362365666424,3.2593427440166685
1366.6666666666667,1.1638257507166636,3.183994809783332
1383.3333333333335,0.9319310979694138,3.364736171787576
1400.0,1.0738123758064422,3.4667708064199902
1416.6666666666667,1.3080310721916815,3.3426928178521824
1433.3333333333335,1.2417984917000129,3.423131303383325
1450.0,1.3135108776333306,3.582806787100007
1466.6666666666667,1.5049096406166662,3.49361179322222
1483.3333333333335,1.5899619885885936,3.3905161670893116
1500.0,1.397663714492753,3.543416173979673
1516.6666666666667,1.343978427811047,3.6591006665779555
1533.3333333333335,1.2103706985381588,3.6167345514590643
1550.0,0.7649702733700151,3.8501893536601584
1566.6666666666667,0.6877261179083034,4.033992343039659
1583.3333333333335,0.6965376210123249,4.1727105959595905
1600.0,0.6286562972666687,4.1651480379333385
1616.6666666666667,0.58097766680563,4.126850921516316
1633.3333333333335,0.4021404685046387,4.350083633294459
1650.0000000000002,0.24516004630647634,4.537826457028511
1666.6666666666667,0.306931449219357,4.456477029090523
1683.3333333333335,0.6686584777777758,4.35866987901234
1700.0000000000002,0.7200214411569676,4.218181520006622
1716.6666666666667,0.6739093928186305,4.201763919081759
1733.3333333333335,0.6806573331998619,4.244609749438333
1750.0000000000002,0.7082181244877462,4.352359709095448
1766.6666666666667,0.4754423399466954,4.431391576123051
1783.3333333333335,4.379543558224887,2.9277594802135436
1800.0000000000002,3.6631677986666777,2.841307730566656
1816.6666666666667,3.762251277722199,2.651948488355287
1833.3333333333335,3.729754487759422,2.6337992362432505
1850.0000000000002,3.416968961499989,2.931265967583333
1866.6666666666667,3.6308333617253035,2.950369710999949
1883.3333333333335,3.731165772946858,2.8862848444444524
1900.0000000000002,4.005486735997344,2.9851053172327653
1916.6666666666667,3.8808676941163305,2.6846276816371972
1933.3333333333335,3.4973294890888895,2.990441574522225
1950.0000000000002,3.529579162000016,3.369678472999994
1966.6666666666667,3.5699382910588087,3.4543265527235296
1983.3333333333335,3.7182772973137954,3.369318658852255
2000.0000000000002,3.7499543244833387,3.4578998003499954
2016.6666666666667,3.8432184602280923,3.4558811963350515
2033.3333333333335,3.763374019558223,3.427914292551894
2050.0,3.9365741302848605,3.532052060769616
2066.666666666667,4.034277419848425,3.672371670890449
2083.3333333333335,4.164112831052272,3.5945150855977364
2100.0,4.489887237500007,3.5907320291666633
2116.666666666667,4.479845820511106,3.5395999839999974
2133.3333333333335,4.639717679254821,3.520857607868289
2150.0,4.497115800666673,3.49574554266667
2166.666666666667,4.367278614292852,3.7921540938086475
2183.3333333333335,4.33444175931455,3.5933545109563343
2200.0,4.57220245157895,3.7750328616040156
2216.666666666667,4.5565791102564015,3.59146091901434
2233.3333333333335,4.686216316925138,3.775744241181706
2250.0,4.634234868566668,3.5439532704333425
2266.666666666667,4.839024416553313,3.7132565786682337
2283.3333333333335,4.2239101068021,3.34567251709143
2300.0,-5.905761333083449,1.8062691724138347
2316.666666666667,-4.648186016402368,1.8917873332387316
2333.3333333333335,-5.144587722722226,1.8652788707611117
2350.0,-4.662428702399999,1.7967886429333324
2366.666666666667,-4.713125853040656,1.7869379337617854
2383.3333333333335,-4.740260415641156,2.056438002023232
2400.0,-4.773163936916658,2.274942147416669
2416.666666666667,-4.692606299644274,2.5049096286420998
2433.3333333333335,-5.0159090874666745,2.4091631705777794
2450.0,-5.1412216640666655,2.4747837474500076
2466.666666666667,-5.204927898022212,2.2280091521000105
2483.3333333333335,-5.264965225265142,2.291526330667989
2500.0,-5.308985581023849,2.1981134892779757
2516.666666666667,-5.219443142404552,1.9159665621144124
2533.3333333333335,-5.608143594991396,1.9387426255039075
2550.0,-5.748628869465267,1.7381664678660684
2566.666666666667,-5.731049942443439,1.8714892264521066
2583.3333333333335,-6.054247498411914,1.7067411619468045
2600.0,-5.895199938652657,1.789066272486247
2616.666666666667,-5.9545535438839075,1.8142678063658502
2633.3333333333335,-6.23807220879769,1.636985367328441
2650.0,-6.327985019066666,1.7262938033333255
2666.666666666667,-6.0166082181347305,1.6320884031950418
2683.3333333333335,-6.298845381922244,1.4681710233611087
2700.0,-10.189278202587227,1.5135339042897653
2716.666666666667,-10.056071467655565,1.30957599657778
2733.3333333333335,-10.639904835011109,1.301943616
2750.0,-10.810982832933137,1.4435933586793392
2766.666666666667,-11.103715507127788,1.2295703679888863
2783.3333333333335,-11.36172127662778,1.2164466137888894
2800.0,-11.761625606812531,1.4954141117851911
2816.666666666667,-12.262326617408732,1.4856824385804244
2833.3333333333335,-12.888932289311324,1.9116143667222514
2850.0,-13.518443163466667,2.0806307287999974
2866.666666666667,-13.314140024111133,2.2314171280166857
2883.3333333333335,-12.804151492911554,1.9314033071551575
2900.0,-12.4324876085,1.7206524425000012
2916.666666666667,-12.381200215310043,1.7023068557309182
2933.3333333333335,-12.406788263985828,1.8048541968317233
2950.0,-12.678611758807856,1.9705559229437224
2966.666666666667,-12.764062627863964,1.9161136400255763
2983.3333333333335,-13.2288505572453,2.1393553742593405
3000.0,-13.655505761414043,2.2925095714523964
3016.666666666667,-0.14735024814408032,3.197810244833206
3033.3333333333335,9.231963663609546,2.7078432657328726
3050.0,8.704873459766626,2.4630477886333355
3066.666666666667,8.660050465932963,2.406701358762715
3083.3333333333335,8.046332021277768,2.647732215755551
3100.0,8.033830930785882,2.4770535748751303
3116.666666666667,7.938866456904049,2.7197966618132092
3133.3333333333335,7.882706524242425,2.6713659182595144
3150.0,7.611659727794461,2.564325191057723
3166.666666666667,7.896670660193529,2.8438754961405914
3183.3333333333335,7.9514618624256554,2.9642521842699208
3200.0,8.045537179666676,3.188471874833313
3216.666666666667,7.8356877471333295,3.5282830809555494
3233.3333333333335,4.324750606242025,3.5328095769106755
3250.0000000000005,5.096627538335835,3.4223162224946058
3266.666666666667,4.93824650772343,3.4611144113439907
3283.3333333333335,4.967511589938675,3.681797504840041
3300.0000000000005,5.137916468666682,3.798605296333359
3316.666666666667,5.049390140059923,3.8856883734820697
3333.3333333333335,5.0308274739333365,3.8210572185555556
3350.0000000000005,5.086508894819236,3.7556057392970157
3366.666666666667,5.335662823351138,4.019155758336093
3383.3333333333335,5.532659957887711,3.9081219737686856
3400.0000000000005,5.399085196733316,3.906488937066654
3416.666666666667,5.42545713541667,3.5978389756944424
3433.3333333333335,5.48154536891653,3.75334372432958
3450.0000000000005,5.290667382566668,3.998573128866675
3466.666666666667,5.271733259698592,4.012902440824159
3483.3333333333335,5.39392199636302,3.9321345337893425
3500.0000000000005,5.688575409690308,3.8519199701631743
3516.666666666667,5.618092890522217,3.9635630804333437
3533.3333333333335,5.384435690545272,4.070739661769774
3550.0000000000005,5.135047950099798,4.061467463539581
3566.666666666667,5.1053239587365224,4.099966932332337
3583.3333333333335,4.949709746611106,4.359629586138888
3600.0000000000005,4.951877961514095,4.451717711755882
3616.666666666667,4.980935421205017,4.6239241211939275
3633.3333333333335,4.847993039119555,4.742441881818693
3650.0000000000005,4.8552998014340565,4.947007384725722
3666.666666666667,4.930995295690684,4.837026784513149
3683.3333333333335,-4.762939109961899,4.061677000111024
3700.0000000000005,-15.421508519114273,2.256618427505834
3716.666666666667,-14.655307671830778,1.9650098578210975
3733.3333333333335,-15.154998198481817,1.7753555204760434
3750.0000000000005,-14.883541453916662,1.9156577193666722
3766.666666666667,-14.945136166434612,2.096915122664242
3783.3333333333335,-14.726016559146238,2.2243802383580666
3800.0000000000005,-14.933876138852785,2.421232549374697
3816.666666666667,-15.657510825396841,2.078351669413926
3833.3333333333335,-16.472520177522224,1.7801906890111105
3850.0000000000005,-17.240393101500793,1.7306013177922448
3866.666666666667,-17.946721831628626,1.5426684906713135
3883.3333333333335,-18.55055067269491,1.8011170945167372
3900.0000000000005,-19.241048208478535,1.950107830877732
3916.666666666667,-19.03689667408887,0.6209750940888643
3933.3333333333335,-19.02414571621413,-0.6017197815259022
3950.0000000000005,-19.681973578676,-0.5394522231370518
3966.666666666667,-20.113137107555584,-0.19392412622220798
3983.3333333333335,-20.379710441872223,-0.5184904894999979
4000.0000000000005,-20.497332889600003,-1.4167738081333403
4016.666666666667,-20.645148334450578,-1.5498764935912417
4033.3333333333335,-21.130134708088892,-1.4709071200888875
4050.0000000000005,-21.744523376874483,-1.277149796940967
4066.666666666667,-22.51572189825643,-1.3502649679104983
4083.3333333333335,-22.178671159832472,-1.495176006235094
4100.0,-22.878525366388008,-1.797330429365713
4116.666666666667,-24.086488601867597,-1.3532100771385682
4133.333333333334,-25.878741159111204,-1.3072363720888718
4150.0,-26.94415081477765,-1.1040639804914776
4166.666666666667,-13.540643511377523,-0.6589575610222791
4183.333333333334,1.5649355508362772,-0.4147609382246656
4200.0,0.12262396953322244,-0.380101605733297
4216.666666666667,1.2929360086290214,0.012568942861903649
4233.333333333334,0.8813507556444489,0.34189066131110857
4250.0,1.0163062337831104,0.23854501819090373
4266.666666666667,1.2625567086666647,0.27935184188891016
4283.333333333334,1.2136247149574713,0.4331114599521958
4300.0,0.9864532786860624,0.7694346215813903
4316.666666666667,0.6587468564171433,0.9568655709482399
4333.333333333334,0.6174225894944587,0.734764531866683
4350.0,0.6996562352000085,0.761688002666663
4366.666666666667,0.3596757256944393,1.0117135370833386
4383.333333333334,0.27025657667716685,1.3298973852220475
4400.0,0.15167658919999602,1.6400140840333282
4416.666666666667,0.1206825191651483,1.7030196864932452
4433.333333333334,0.02048897852815214,2.0378396486687684
4450.0,-0.11538151247710272,1.9193687779776774
4466.666666666667,-0.3796754367589586,2.052539983116448
4483.333333333334,-0.5438998574437159,2.32483902776566
4500.0,-0.7961138540270148,2.408067878439225
4516.666666666667,-0.9893109585325387,2.471581765001112
4533.333333333334,-0.9826003855888256,2.368132843344415
4550.0,-1.1139011198198205,2.4228198324324373
4566.666666666667,-1.2790108165996743,2.4706498344945684
4583.333333333334,-1.485952958637261,2.6426884460103364
4600.0,-1.5448140497248457,2.804542594764048
4616.666666666667,-1.7249442874878134,2.9303876713450276
4633.333333333334,-1.935268619088887,3.1391656649333393
4650.0,-1.9420731513089866,3.1185211150908803
4666.666666666667,-2.569249848789909,2.1944740379958043
4683.333333333334,-4.61768791497755,0.29994931971271904
4700.0,-4.360669094474965,0.6616063337493775
4716.666666666667,-4.313690123799209,0.627828696329608
4733.333333333334,-4.343892337496519,0.8582067480962613
4750.0,-4.687255540066669,1.0158876591333255
4766.666666666667,-5.214433158436215,1.1348421613168715
4783.333333333334,-6.080673159642422,0.6283311100227439
4800.0,-6.722406065532763,-0.024398003268300796
4816.666666666667,-6.816438759485301,-0.3460155849091149
4833.333333333334,-6.6754598132755865,-0.6221978935786654
4850.0,-6.568859360063372,-0.393236468284141
4866.666666666667,-6.962368211178811,-0.6681215519361012
4883.333333333334,-7.272346106738893,-0.8047384264944454
4900.0,-7.740288110343688,-0.8104361187353939
4916.666666666667,-7.847152048930025,-0.9920233222778141
4933.333333333334,-7.977472832565991,-0.4541815759211427
4950.0,2.2380686316841083,1.7375466047476107
4966.666666666667,0.6822790647584182,3.2813710037721364
4983.333333333334,1.0661177233860224,3.1502386243557776
5000.0,1.0045172736615378,2.8867836791977433
5016.666666666667,0.6584209644444469,3.0287719284888985
5033.333333333334,0.5339038015603077,3.006449880459787
5050.0,0.0071858155488818826,3.023337474607936
5066.666666666667,-0.1661742712620844,2.9223558828171803
5083.333333333334,-0.21771060406759435,3.001762872003322
5100.0,-0.24743093133334013,2.924868077200005
5116.666666666667,-0.00607612365555438,2.8787420466444384
5133.333333333334,0.18250863241620094,3.3194828828581198
5150.0,0.3569908673837057,3.1870505036017955
5166.666666666667,0.5707270882672943,3.4057841244255753
5183.333333333334,0.7572522222333578,3.4880374407296517
5200.0,0.6096934713952585,3.6062472942723938
5216.666666666667,0.6245123927187699,3.795694955711416
5233.333333333334,-0.008398346023249459,4.287187627235819
5250.0,-10.380922513486514,1.8554301569763625
5266.666666666667,-8.89446831551887,2.533341909365794
5283.333333333334,-9.958347501027792,2.3556006390000186
5300.0,-10.09951554770948,2.5461687327169695
5316.666666666667,-10.45346966374563,2.610017100150239
5333.333333333334,-10.99115437969273,2.8194974835671225
5350.0,-11.042091965766213,2.8885358564782333
5366.666666666667,-11.332603147858956,2.556794866577682
5383.333333333334,-11.731821055927965,2.5327047756433734
5400.0,-12.576635300584787,2.7519251467000774
5416.666666666667,-12.715246776144284,3.4084774691364204
5433.333333333334,-13.111353178577783,3.7325087157333314
5450.0,-13.41085802059997,3.5445388303333463
5466.666666666667,-13.819156418419842,3.095284994748322
5483.333333333334,-13.646501465027937,2.5014858519182814
5500.0,-13.697940965502893,2.5472424845386534
5516.666666666667,-13.906987345066705,2.4880283847999993
5533.333333333334,-6.32486307410524,3.082759726977798
5550.0,-3.0032910719416654,4.388182517693829
5566.666666666667,-3.636199179061751,3.8816720396587194
5583.333333333334,-3.368190805217347,4.09321477788309
5600.0,-3.544040532601088,4.272362113180223
5616.666666666667,-3.744752559889438,4.265410180248751
5633.333333333334,-3.7162433129240444,4.019284860504931
5650.0,-3.7412475569215347,3.858758726786594
5666.666666666667,-3.5880220052163256,3.9060937976420864
5683.333333333334,-3.5255629808373414,3.7749873516907932
5700.0,-3.4576824083666646,3.587383209699994
5716.666666666667,-3.522069788933329,3.4942843004444413
5733.333333333334,-3.7102705096688187,3.81090117560326
5750.0,-3.831122734000321,3.8136548135234247
5766.666666666667,-4.10667149414444,3.8127593728888804
5783.333333333334,-1.4939648934165684,4.1405113722499856
5800.0,8.021401432700001,4.064355235733338
5816.666666666667,6.053540468573178,4.259498530932132
5833.333333333334,6.724607952340495,4.171101780382046
5850.0,6.76562875814187,4.466235897202793
5866.666666666667,6.663186854145145,4.779334694380599
5883.333333333334,6.767500981435138,4.758048362825877
5900.0,6.519738265566661,4.529896005749993
5916.666666666667,6.3472172653333505,3.9464338835555592
5933.333333333334,6.146045398446008,3.9732952414918645
5950.0,5.608980074368009,4.433637484446672
5966.666666666667,14.144735518803426,1.9737026338772272
5983.333333333334,11.189977380380254,2.908735208972627
6000.0,11.802647577516664,2.449583027099999
6016.666666666667,11.889019923888917,2.5576174009222297
6033.333333333334,12.227420910710714,2.984616660605058
6050.0,12.415406648298292,3.4439895735235253
6066.666666666667,12.529459921688614,3.4299392123561807
6083.333333333334,12.439938620356493,3.450956499933381
6100.0,12.626418133947537,3.4336030184096664
6116.666666666667,12.591768884859096,3.391911613034299
6133.333333333334,12.229167092446218,3.2679217493746924
6150.0,12.147953734167933,3.041188041345347
6166.666666666667,12.146897688822236,3.036754535799985
6183.333333333334,12.179845795104903,3.1211336027417143
6200.0,12.065261882721352,3.2008487999999935
6216.666666666667,12.078322010321788,3.354828908526505
6233.333333333334,12.020531269627028,3.380199225773538
6250.0,12.283243398398394,3.1914284128461805
6266.666666666667,12.652235964888883,3.0304762830000054
6283.333333333334,12.908806075570071,2.923400406143724
6300.0,13.558513370498046,2.6703961386973294
6316.666666666667,13.95894117293089,2.57302794884109
6333.333333333334,14.021480853916655,2.3597748574722126
6350.0,14.350905794297146,2.21091565255961
6366.666666666667,14.759877955299997,2.066900437511113
6383.333333333334,15.125063326194875,2.1697172116007097
6400.0,15.600611507053515,2.105349301017185
6416.666666666667,15.8692637691,2.0855361058777664
6433.333333333334,15.988482285919249,2.148269177855618
6450.000000000001,16.73279989833338,0.6016463533332392
6466.666666666667,17.048217152160134,-0.2782894262782407
6483.333333333334,17.64784706699464,-0.2212997880051365
6500.000000000001,18.18410717093332,-0.3933830522000254
6516.666666666667,18.913755221051918,-0.24446423621129904
6533.333333333334,19.230281060321424,0.03767694557336095
6550.000000000001,19.29478158521853,0.37482165301967
6566.666666666667,19.11699788452776,0.4112285285555643
6583.333333333334,19.00984757923646,0.4587108797668425
6600.000000000001,19.54769707242246,0.49452056816812173
6616.666666666667,9.904216003150438,3.0201338093777412
6633.333333333334,0.04054161974752767,4.49471852307864
6650.000000000001,0.6633712099997346,4.216344419999995
6666.666666666667,-0.0025690014988795085,4.695181824514309
6683.333333333334,0.7286964913265601,4.5827388137098
6700.000000000001,0.7694020879999133,4.431838847133338
6716.666666666667,0.911599006935449,4.522938901581794
6733.333333333334,1.118986076765632,4.472265288455141
6750.000000000001,1.0445424207251182,4.897053746647417
6766.666666666667,1.1031050049666695,4.966027354744449
6783.333333333334,0.8074458848782499,4.81606042003661
6800.000000000001,0.8254897642666381,4.863016610766664
6816.666666666667,0.7188644908888865,5.114403238000017
6833.333333333334,0.7264061027583457,5.122552459867842
6850.000000000001,0.8270129056667117,5.0906577420333186
6866.666666666667,0.46743623512956667,4.773941529535098
6883.333333333334,0.674350182896996,4.7717954434606185
6900.000000000001,0.7665645784431728,4.696872769660609
6916.666666666667,0.7096561089616868,4.9797321200294675
6933.333333333334,0.7358130916610877,4.996087036100057
6950.000000000001,0.8894753469005227,5.274883392280747
6966.666666666667,0.9299391084139801,5.659396425736854
6983.333333333334,0.9241969037036714,5.727762374074076
7000.000000000001,0.6795845470196362,6.025666175990656
7016.666666666667,-6.121368964311472,3.578716533183265
7033.333333333334,-6.4825387744377245,1.5666556432532186
7050.000000000001,-6.82980689466673,1.6055586799999602
7066.666666666667,-6.953383460377778,1.7090313900888847
7083.333333333334,-7.256956390338881,1.704824386911107
7100.000000000001,-7.489179613816663,1.6744568038333374
7116.666666666667,-7.677153118829952,1.750960441808467
7133.333333333334,-7.966554188616574,1.8098398943749816
7150.000000000001,-8.751551573763143,1.9619260256371938
7166.666666666667,-9.22964628960073,1.8905264014569894
7183.333333333334,-9.830282771761107,2.160859985527807
7200.000000000001,-10.42564778380669,2.573364206078731
7216.666666666667,-11.10278727488189,2.450227408554277
7233.333333333334,-11.577478156373857,2.2502430314406627
7250.000000000001,-11.70769190168414,2.3039702181758153
7266.666666666667,-12.080710469726814,2.403667701780451
7283.333333333334,-12.447934823244465,2.5521475654111203
7300.000000000001,-7.751099397363709,2.7091321728731037
7316.666666666667,1.8046261063935953,4.658620287257189
7333.333333333334,-0.21609023522025522,5.024722277788851
7350.000000000001,1.3999892912789753,5.5703384841922094
7366.666666666667,1.1463908574639827,6.282129688082115
7383.333333333334,1.175965677496554,6.5190035596200735
7400.000000000001,1.186026325633312,6.620998760133356
7416.666666666667,0.991620964407726,6.513825332587764
7433.333333333334,0.5835132967026186,6.464131328146288
7450.000000000001,0.3019858961166374,6.618717283150003
7466.666666666667,0.2555767083773339,6.450567429484921
7483.333333333334,0.19441335822488215,6.393683877977981
7500.000000000001,0.14047093266667424,6.425389244799994
7516.666666666667,-0.05415957301904009,6.665334935398963
7533.333333333334,-0.24422998124060533,6.876937746873435
7550.000000000001,-0.2383842328835182,6.984620168465737
7566.666666666667,-6.238842576135716,4.053426940892931
7583.333333333334,-6.061024376333293,3.5549056011333775
7600.000000000001,-6.421444870668617,3.7047119928796737
7616.666666666667,-6.368593980277763,3.318700499494448
7633.333333333334,-6.217780939686529,3.2148495796898424
7650.000000000001,-6.207253681927126,2.8969482140123337
7666.666666666667,-6.386564118216671,2.793756122627779
7683.333333333334,-6.583202683291849,2.505206431668618
7700.000000000001,-6.561607803301679,2.379925089844914
7716.666666666667,-6.910597193542657,2.7297885091739142
7733.333333333334,-6.890830533488809,2.3964502356710535
7750.000000000001,-7.087141441679177,2.5358525191404504
7766.666666666667,-7.148496352044471,2.61526918937777
7783.333333333334,-7.658108058379867,1.6272093806951444
7800.000000000001,-7.740607221878175,2.398811905394577
7816.666666666667,-7.999690915760085,2.0113028203371965
7833.333333333334,-8.279109914339958,1.825887599490435
7850.000000000001,-8.480569525637227,1.5876006543727705
7866.666666666667,-8.493377409425875,1.280490597872043
7883.333333333334,-8.810278379766672,1.4131278860333336
7900.000000000001,-9.178453235300024,1.4567562303999908
7916.666666666667,-9.367426557266665,1.9443022875333558
7933.333333333334,-9.890422100866685,1.736073938277788
7950.000000000001,-10.55654523048193,1.474147445656163
7966.666666666667,-9.603235610633265,1.6235046417889119
7983.333333333334,4.735320721227653,0.5661354989828713
8000.000000000001,3.7431150871768244,1.0652287318659313
8016.666666666667,5.216838556049783,0.7314507376256364
8033.333333333334,4.905471324722205,0.7843783485555567
8050.000000000001,4.769716678843927,0.6446340663834258
8066.666666666667,5.002014002261106,0.41308688442775715
8083.333333333334,5.084713377138891,0.46710039147775795
8100.000000000001,5.574777460955743,0.3174891713286509
8116.666666666667,5.955853342829391,0.3582218265845303
8133.333333333334,5.805358771724755,0.6920469675837949
8150.000000000001,5.692377560259611,0.9312271420369878
8166.666666666667,5.964707148557616,1.1068855150130543
8183.333333333334,5.987455854853523,1.1748268868988863
8200.0,6.227873047056863,1.315120202868095
8216.666666666668,6.431886799811145,1.294579477566647
8233.333333333334,6.594868402026761,1.2642753579931676
8250.0,6.7579847650674765,1.0947027577711022
8266.666666666668,6.973972349269661,1.2623169926404878
8283.333333333334,7.2174163976353265,1.4665174463750972
8300.0,7.238268099950319,1.6092058011922374
8316.666666666668,7.527728208801167,1.4175437687766808
8333.333333333334,7.508997548761106,1.3090388403666737
8350.0,7.755893438102393,1.3182800169918283
8366.666666666668,7.786991084380042,1.158386200805152
8383.333333333334,8.11654893778555,1.1533892786337634
8400.0,7.958405892525843,1.2236732456122936
8416.666666666668,8.233988712317268,1.1521006305930588
8433.333333333334,8.229362236769996,1.3759619890877934
8450.0,7.88821984802402,1.5469356706353197
8466.666666666668,7.688328021241388,1.063730497219423
8483.333333333334,8.074310749911117,0.9845510244888969
8500.0,8.12300349081377,0.840463635446838
8516.666666666668,8.382596828436977,1.0373996555886982
8533.333333333334,9.693360437486872,0.19123598957741123
8550.0,9.760089584333329,0.2732385637500019
8566.666666666668,10.022187767989628,0.6078536043521786
8583.333333333334,10.443634261769121,0.44910137512910137
8600.0,10.489883402199998,0.24519197238334392
8616.666666666668,10.726222688888926,0.20032788222220643
8633.333333333334,10.740596872616653,0.18715365876663714
8650.0,10.937604870100053,0.3913046426333371
8666.666666666668,11.157033252404059,0.5316932357290134
8683.333333333334,11.513994578245615,0.39934792490113685
8700.0,12.042631983982696,0.21487057337663124
8716.666666666668,12.604521893362364,-0.06164880369812077
8733.333333333334,12.81757214520595,-0.11574192805291617
8750.0,13.148772521353386,-0.49614368686717
8766.666666666668,13.591449030654157,-0.7168402263631745
8783.333333333334,14.377708155089353,-0.9225937127428114
8800.0,14.915795039549998,-0.7123799811166626
8816.666666666668,14.616135433061528,-0.6621258201364874
8833.333333333334,14.754236563344444,-0.590168771355557
8850.0,14.940303126640037,-0.8670561097569133
8866.666666666668,15.153108088122696,-0.906144616314148
8883.333333333334,15.12689899698691,-1.3169877132330665
8900.0,15.243032169133375,-1.20552934446668
8916.666666666668,15.886335047820877,-1.5547413485270183
8933.333333333334,16.330643087880368,-1.3812285307756977
8950.0,16.991513496551747,-1.6453107740629973
8966.666666666668,18.756396334826942,-3.015521367432837
8983.333333333334,21.00604890411111,-3.8621642797777853
9000.0,20.89886897824995,-3.655834053100002
9016.666666666668,20.632709129211097,-3.2650290965222095
9033.333333333334,20.631186310666667,-3.824736808083335
9050.0,20.687468803133285,-4.246298813899982
9066.666666666668,20.65366051634708,-4.622484797026288
9083.333333333334,21.299787007188893,-4.743894213233359
9100.0,22.580901990643312,-4.904002156569207
9116.666666666668,24.146066291322324,-4.9312122396777776
9133.333333333334,24.83288393893885,-4.727275017815518
9150.0,25.81821733938939,-4.983424296896874
9166.666666666668,25.598866793247844,-4.883538214004101
9183.333333333334,25.799140524966674,-5.183754363377784
9200.0,25.89224146539874,-5.88978810440441
9216.666666666668,27.24502915393815,-6.188422782330108
9233.333333333334,24.483863531194167,-5.06434151921807
9250.0,4.30954997296952,2.3716870061698816
9266.666666666668,0.5420103750542158,6.22649221869253
9283.333333333334,-1.1317071240621306,5.718898561753167
9300.0,-1.1671479537935399,6.0081791233950135
9316.666666666668,-1.470679458570719,5.958498983846945
9333.333333333334,-1.5238579267967276,5.968399871424585
9350.0,-1.4953345474630753,6.01656332475699
9366.666666666668,-1.4259020005667953,6.090518367194845
9383.333333333334,-1.3922141045166532,5.759986152044446
9400.0,-1.3079409426202189,6.002949914925381
9416.666666666668,-1.3684566243722154,6.182641938966669
9433.333333333334,-1.3386711358265313,6.682181418190902
9450.0,-1.304735920745925,7.385051839793534
9466.666666666668,-1.1512504116331035,7.361010592464917
9483.333333333334,-1.2537484512709434,7.40860861036741
9500.0,-1.1470562394166763,7.548059424000005
9516.666666666668,-1.1588095498527493,7.551861351759257
9533.333333333334,-1.567481822238815,7.285349860671848
9550.0,-0.9785996543954256,7.172974480386262
9566.666666666668,8.705687708547153,5.260053717948576
9583.333333333334,9.660090858048754,4.795842123366148
9600.0,9.901270341770882,4.564378714473903
9616.666666666668,10.065931598661052,4.7872851727222745
9633.333333333334,10.2724190682104,4.929866266544119
9650.0,10.123588653650792,4.607228842539679
9666.666666666668,10.189244767328148,4.542939339275171
9683.333333333334,10.108126962184416,4.310766633678123
9700.0,10.093584457833291,4.370607838499956
9716.666666666668,10.009490530050996,4.4216943870925345
9733.333333333334,9.867077803257182,4.333350689572561
9750.0,9.841577847919798,4.295082694269011
9766.666666666668,9.837304069726303,4.401693672535965
9783.333333333334,9.985903164866661,4.250704241655555
9800.0,10.105094344011327,4.427658739197065
9816.666666666668,10.572575183841398,4.516319837797783
9833.333333333334,10.493535785066873,4.582032538941575
9850.0,10.818111376533345,4.494649834933332
9866.666666666668,10.851628961861113,4.177288870317273
9883.333333333334,9.998571919384645,2.9816447324389412
9900.0,4.602223145478808,-0.7390535312312361
9916.666666666668,4.168413292096106,-0.1539601545160781
9933.333333333334,4.4716219382469395,-0.08666501030516485
9950.0,4.234288419426385,-0.3746381540603655
9966.666666666668,4.359928799883425,-0.40270598281972453
9983.333333333334,4.419183369061153,-0.4601994171833667
10000.0,4.59504244670668,-0.9117767594297534
10016.666666666668,4.650632247223617,-0.9364412630752884
10033.333333333334,4.688573958284789,-0.7959053723859217
10050.0,4.433960868183314,-0.5426505115166251
10066.666666666668,4.3740602749629165,-0.6090763991196553
10083.333333333334,4.20438590745928,-0.5930887039464344
10100.0,4.043702280400018,-1.172148312899976
10116.666666666668,4.119689292875683,-1.1481269858015222
10133.333333333334,4.277354185231532,-0.8474012368684021
10150.0,4.2147519011214865,-0.5523462057730626
10166.666666666668,4.360459932255604,-0.6943904225166491
10183.333333333334,4.518532665561141,-0.4642091554610975
10200.0,4.415712732883109,-0.6902761554110364
10216.666666666668,4.2642940238173965,-0.6157227545605788
10233.333333333334,4.323071103707547,-0.5862746044855839
10250.0,4.139259350858757,-0.4982530364515392
10266.666666666668,4.079490669041266,-0.14389733605828062
10283.333333333334,4.168894639269295,-0.05076676913212389
10300.0,4.146744107646167,-0.01311130594700314
10316.666666666668,4.1451172810444445,0.14647039860000363
10333.333333333334,4.138267107142464,0.14464194423322668
10350.0,4.283837706834668,0.1324687986912179
10366.666666666668,4.046158907881734,-0.09105712290588383
10383.333333333334,4.2574592241435045,-0.040684277472452304
10400.0,4.245537324228773,0.17497233049861127
10416.666666666668,4.246636903023746,0.24732411850369887
10433.333333333334,4.469400799555551,0.004337520044453501
10450.0,4.621712122728035,-0.04020240605303926
10466.666666666668,4.944188134443624,0.11606310658079058
10483.333333333334,4.79016202466299,-0.027910443140839188
10500.0,4.619985305181845,-0.398473021175832
10516.666666666668,4.700657564045907,-0.8066408704592681
10533.333333333334,4.624128456305211,-0.844436605297336
10550.0,4.65564529759523,-0.9148009114228952
10566.666666666668,4.674145254594053,-0.7758025423655736
10583.333333333334,4.447322249666602,-0.4202180113333505
10600.0,5.041960879266656,-0.3775129735999829
10616.666666666668,5.172500617697824,-0.3580551315490924
10633.333333333334,5.597633367783352,-0.08211323765616241
10650.0,5.308308090792542,-0.16883734312349796
10666.666666666668,5.213536615642424,-0.1190513450845844
10683.333333333334,5.348680776749967,-0.1979865828777695
10700.0,5.356700132399963,-0.35878004293334925
10716.666666666668,5.2374014070777895,-0.6019030221221813
10733.333333333334,5.219986706735507,-0.5762769772058235
10750.0,5.5853647000835425,-0.6079654682873888
10766.666666666668,6.205782075693465,-0.3901258672614209
10783.333333333334,6.833606618574073,-0.39939198107057344
10800.0,6.885464158062347,-0.2208959430715325
10816.666666666668,6.855503987225298,0.017891457113474257
10833.333333333334,6.70343553516482,0.039979789865708854
10850.0,6.747043314159589,0.2691409469931609
10866.666666666668,6.673638065198515,0.11400100072292411
10883.333333333334,6.657592030027755,0.4271945954173646
10900.0,6.804088354300003,0.5875234924666721
10916.666666666668,7.150354309511934,0.4452673554555372
10933.333333333334,7.26822120111109,0.7399778722222183
10950.0,7.473853900833328,0.6762653526667005
10966.666666666668,7.567070811986241,0.8640344918023961
10983.333333333334,7.782335124809436,1.18615331485562
11000.0,7.921749986090251,1.0772210802765634
11016.666666666668,8.019618147290297,1.0806951731977175
11033.333333333334,8.053998617715608,1.0871802010878113
11050.0,8.427632877500002,1.2354134858333332
11066.666666666668,8.574734667394123,1.2749093954967252
11083.333333333334,8.9631069418611,1.2630726753333426
11100.0,8.864600993513402,0.9980963491245589
11116.666666666668,8.744171178053856,1.3375693436436507
11133.333333333334,8.602562198133322,1.3738946501444478
11150.0,8.637755871866695,1.2605009433333023
11166.666666666668,8.487436779503447,1.594072075328528
11183.333333333334,8.218967348774395,1.937210129403615
11200.0,7.825992101549212,2.06951696571714
11216.666666666668,7.578411566622254,2.089748966711124
11233.333333333334,7.964866781570468,2.0201919774441253
11250.0,8.177292398145376,2.1961503494737
11266.666666666668,8.472833517777914,2.206247898088938
11283.333333333334,8.530930484323198,2.2292006182293003
11300.0,8.72359654820743,2.3060321364182097
11316.666666666668,8.70283499465294,2.211321370362914
11333.333333333334,8.819907751267536,2.328613180007946
11350.0,8.824487366332509,2.474962145781123
11366.666666666668,8.825337644666666,2.593227972000004
11383.333333333334,8.971375317058142,2.8052070487478784
11400.0,9.123006497066626,2.9599685469332986
11416.666666666668,9.262091024162075,3.091995510410763
11433.333333333334,9.63881607674342,3.277710605121791
11450.0,10.024542331749227,3.3821672730198205
11466.666666666668,10.220317497999089,3.428786586798948
11483.333333333334,10.288587798555552,3.4896098633611117
11500.0,10.477729865199288,3.5098941004001807
11516.666666666668,10.51768078251905,3.6490742862598267
11533.333333333334,10.943977876195243,3.9885852879449284
11550.0,11.019738784833317,4.150007654500003
11566.666666666668,11.121853824888928,4.392951604444533
11583.333333333334,11.254005641216656,4.502988644655541
11600.0,11.401211790039847,4.625151264674633
11616.666666666668,11.710968685270279,4.574208084793023
11633.333333333334,11.70995028733012,4.77368670049927
11650.0,11.740960658670653,4.594307075512247
11666.666666666668,11.766645210966676,4.574196639311109
11683.333333333334,11.753137397697685,4.725002822049841
11700.0,11.740438386760017,4.819118335667914
11716.666666666668,11.69646128976668,4.596918149849987
11733.333333333334,11.791022680695074,4.57538955077076
11750.0,11.663338834333869,4.498552774670674
11766.666666666668,11.631951188977776,4.537239822711353
11783.333333333334,11.546898398193537,4.577745647156909
11800.0,11.408652874290986,4.6925151657991195
11816.666666666668,11.4756987409479,4.82976888982125
11833.333333333334,11.318369508401357,4.9432639539008285
11850.0,11.556758870448126,4.916061983175075
11866.666666666668,11.080421541111082,5.1256719459722815
11883.333333333334,10.774738879755564,5.565893138488891
11900.0,10.764872924841816,5.5054262523643045
11916.666666666668,11.159993449324665,5.354054381012782
11933.333333333334,11.22493273652458,5.384253625441183
11950.0,10.899584804468928,5.176186320576982
11966.666666666668,10.673586813970777,5.11078299370871
11983.333333333334,10.356787407648184,5.240811248307479
12000.0,10.196900519011836,5.419437619195458
12016.666666666668,10.035049745111841,5.145620370314725
12033.333333333334,10.079476634955551,4.998909720977782
12050.0,9.681690301536403,4.960265749766214
12066.666666666668,9.278796132571081,5.056756736259955
12083.333333333334,8.963499710101019,5.151588129292915
12100.0,8.6649068796259,5.017221824716102
12116.666666666668,8.685336320553876,5.074986580691845
12133.333333333334,8.547736615584414,5.309112378121883
12150.0,8.295399381784899,5.309116965767526
12166.666666666668,8.384298841777825,5.284923588055551
12183.333333333334,8.527647197413668,5.305942220168739
12200.0,8.332554981642518,5.20200802463771
12216.666666666668,8.274896883928532,5.219577154331943
12233.333333333334,8.004190898802381,5.242289898159227
12250.0,8.127838183258364,5.486108509795107
12266.666666666668,8.392820392702834,5.664189089336426
12283.333333333334,8.543536126984083,5.527256336652256
12300.0,8.761867867600023,5.390497261333316
12316.666666666668,8.67970264050192,5.031073416497379
12333.333333333334,8.65278093615087,4.964968095637396
12350.0,8.592625879568818,4.913130283781081
12366.666666666668,8.576813338244449,5.059353311211136
12383.333333333334,8.768257005643656,5.264405495565281
12400.0,9.101113225733327,5.330886453600031
12416.666666666668,9.275175168019507,5.319152758261251
12433.333333333334,9.590613302337722,5.169371983141761
12450.0,10.01055049012341,5.213724362962969
12466.666666666668,10.27325842033117,5.355327880469249
12483.333333333334,10.075026744632794,5.356724344162016
12500.0,10.087289922188901,5.415152470514762
12516.666666666668,10.13378588340561,5.5903379621944325
12533.333333333334,9.9313151987284,5.834902481870158
12550.0,9.594313201868518,5.843164736336345
12566.666666666668,9.567080909679209,5.789975189627048
12583.333333333334,9.472976724014845,6.015769526845386
12600.0,9.589622960669661,5.976281903898052
12616.666666666668,9.696783552787558,5.921947220182406
12633.333333333334,9.821517874568343,6.224616466094684
12650.0,9.80448740791184,6.097152781655825
12666.666666666668,9.762690876237901,6.035402619001951
12683.333333333334,9.82494611143922,6.283694138621959
12700.0,9.722655840890972,6.190446238393204
12716.666666666668,9.841902692107176,6.350053751503532
12733.333333333334,9.833336897143015,6.140030794035905
12750.0,9.890616806136375,6.1325552800900756
12766.666666666668,9.965292094014073,5.9712458234660355
12783.333333333334,10.24054723661604,6.05727507656485
12800.0,10.00462644557892,5.784462155288627
12816.666666666668,9.914964363085122,5.916044606591144
12833.333333333334,9.804978269019214,6.0525118538601905
12850.000000000002,9.915776924987476,5.8805022616691165
12866.666666666668,9.701188131947891,5.889054899604948
12883.333333333334,9.775698271109984,6.092450038555253
12900.000000000002,9.725042365515456,6.30061487687691
12916.666666666668,9.805952176666713,6.480814254822245
12933.333333333334,9.79305450101106,6.473989238922213
12950.000000000002,9.877693767777961,6.967716625714736
12966.666666666668,23.478067375590832,4.738797423610368
12983.333333333334,21.649991179040118,5.238047879701936
13000.000000000002,22.538267275321008,4.7965964106052885
13016.666666666668,21.9048793827586,4.664454145849303
13033.333333333334,21.220631882401374,4.4410093918822735
13050.000000000002,20.692801064034576,4.585374027936051
13066.666666666668,20.388459319027845,5.009948202500034
13083.333333333334,20.486655044922706,5.20101757919586
13100.000000000002,20.43183003458391,5.12708069736531
13116.666666666668,20.190348187075603,4.893999236182802
13133.333333333334,20.126772995519946,4.958866300444659
13150.000000000002,19.797959884860546,5.243605662877694
13166.666666666668,19.865393340355492,5.109088904388834
13183.333333333334,19.496730699454975,5.0515332243465725
13200.000000000002,18.87761939893273,5.148959609221216
13216.666666666668,18.59453713613591,5.173257920942293
13233.333333333334,17.988935062662634,5.158892500105658
13250.000000000002,17.626102092362757,5.567771113573572
13266.666666666668,16.89756771082675,5.313168144474618
13283.333333333334,16.50546326706072,5.186547420390772
13300.000000000002,15.8169959889221,5.080608941841789
13316.666666666668,12.887375710680509,2.064346092117827
13333.333333333334,12.397459000650317,1.970285209549208
13350.000000000002,12.27639839758213,1.735030606153053
13366.666666666668,11.89143555933333,2.0604925823833566
13383.333333333334,11.747277489171793,2.480403371930995
13400.000000000002,11.29393505791222,2.795425502134328
13416.666666666668,10.449404684378797,2.7078514065731416
13433.333333333334,9.617379988150368,2.6055885991282133
13450.000000000002,8.07456959505794,2.7323558529353935
13466.666666666668,7.394083157184158,2.614024627563788
13483.333333333334,6.678189583227782,2.4911266185555507
13500.000000000002,6.367301097298654,2.5297571754711483
13516.666666666668,5.730275617419939,2.4232885984102794
13533.333333333334,5.089155855071978,2.654120276288143
13550.000000000002,11.641085584400235,2.216571391907854
13566.666666666668,19.467691791312614,0.9243616033118246
13583.333333333334,17.155534739583384,0.8964353991665894
13600.000000000002,17.800888489639515,0.7227551602102962
13616.666666666668,17.31531509287979,0.9451221037351698
13633.333333333334,16.17103606357772,1.0021858849109757
13650.000000000002,14.68200956379845,1.028328841270606
13666.666666666668,14.064413796551012,1.0695174954545765
13683.333333333334,13.802116844338832,1.164825833972538
13700.000000000002,13.233082151248704,1.410361220812416
13716.666666666668,12.874185908888895,1.3329266088888903
13733.333333333334,12.362934671273168,1.6877689183594085
13750.000000000002,12.339081846173062,1.5820345460897962
13766.666666666668,11.637789524979015,1.529479081509396
13783.333333333334,10.869000180777759,1.6630303560555706
13800.000000000002,10.293541827774964,1.7150916663495699
13816.666666666668,9.648358975401132,1.9808803022877186
13833.333333333334,8.897912888911081,2.210526275606649
13850.000000000002,8.85751563657804,2.424914163840063
13866.666666666668,8.72471792527473,2.9650261300366285
13883.333333333334,8.860494838271684,2.6644181559670206
13900.000000000002,9.058465768450027,2.6939645499833578
13916.666666666668,8.873168577499726,2.85363311405855
13933.333333333334,8.80955465590365,2.8787414797723203
13950.000000000002,8.632583128399965,2.7472195660999663
13966.666666666668,8.474833849444446,3.0032923964444405
13983.333333333334,8.344895290188846,2.96996432354443
14000.000000000002,8.230031841741743,3.0434813712712567
14016.666666666668,8.341571212578511,2.8303798698015705
14033.333333333334,8.322387816236754,2.9478746103677804
14050.000000000002,8.261793199300723,2.785836330303044
14066.666666666668,8.216574430723888,2.564698028593002
14083.333333333334,8.575461564387751,2.657560236862885
14100.000000000002,8.43243868109003,2.7424336715852125
14116.666666666668,8.113970811967079,2.3867198790450446
14133.333333333334,8.40527403307803,2.393911526418044
14150.000000000002,8.508359493463402,2.37175128482584
14166.666666666668,8.329818963020367,2.287037275143117
14183.333333333334,8.348023346100831,2.4609846654104777
14200.000000000002,8.349042833866925,2.502668005919676
14216.666666666668,8.165199256968792,2.80274237344909
14233.333333333334,8.158236508397275,2.8974220693916597
14250.000000000002,7.924631679913232,2.712230839939908
14266.666666666668,8.20383236223782,2.776343576075197
14283.333333333334,8.63359906052724,2.2213001683239533
14300.000000000002,8.791781056021252,2.200849275449138
14316.666666666668,9.107414508953378,2.0291157463686127
14333.333333333334,9.018745909434186,1.9737720727081032
14350.000000000002,8.685911920049952,1.940207628066655
14366.666666666668,8.496428641198335,2.022950221694169
14383.333333333334,5.155308869617889,1.7364981349086837
14400.000000000002,5.175896787219071,1.8873688144783
14416.666666666668,4.5889308220674065,2.1758105926036513
14433.333333333334,4.0602243176760116,2.393528315314418
14450.000000000002,3.191585162054513,2.131156303230109
14466.666666666668,2.7394125574980253,2.1646216227383626
14483.333333333334,2.2408055060307883,1.900212576899559
14500.000000000002,1.60297788613619,2.2877215422922856
14516.666666666668,1.2649346294482697,2.5402255905206204
14533.333333333334,0.9320251342615635,2.815891840614767
14550.000000000002,0.9704637580517146,3.071071070311536
14566.666666666668,1.0309935308081228,2.8805311840714594
14583.333333333334,0.9795020249638435,2.7591508820291
14600.000000000002,0.44414077896036186,3.2342478142429805
14616.666666666668,-0.5819469417044484,3.438391118220307
14633.333333333334,-1.8242213089221546,3.688901191632007
14650.000000000002,-2.8190111504919506,3.390293954560551
14666.666666666668,-3.1060907325004186,3.2118101787217452
14683.333333333334,-3.5638263306473186,2.5239427139250186
14700.000000000002,-4.270429838464108,2.2842098857570887
14716.666666666668,-5.230122059166676,2.396990780000007
14733.333333333334,-6.440701614792545,2.713720570893107
14750.000000000002,-6.6528903443277745,3.180095072013965
14766.666666666668,-6.797492438356098,3.2830932664169445
14783.333333333334,-6.715865120197979,3.432790425425428
14800.000000000002,-7.889445315725615,3.939253532916887
14816.666666666668,-9.014294089361359,4.142250271852596
14833.333333333334,-9.735659611688888,4.22323200493333
14850.000000000002,-9.88724226451674,3.6351755590833323
14866.666666666668,-10.694225661111147,3.85247756666656
14883.333333333334,-11.61786112453683,3.594589044227437
14900.000000000002,-12.079489875466745,3.632885993400193
14916.666666666668,-12.762412556956246,3.7999220766660415
14933.333333333334,-12.38166190364438,3.753403224477803
14950.000000000002,-12.45295658589997,3.915156649766623
14966.666666666668,-13.413766373838852,4.3085060528779655
14983.333333333334,-14.45883693977313,4.876723380224681
15000.000000000002,-15.552249237335415,5.46770601072214
15016.666666666668,-16.17494691979999,5.398859116333322
15033.333333333334,-16.987373170054067,4.49480553135826
15050.000000000002,-17.894765066466793,4.2076060374
15066.666666666668,-19.667007229859863,4.464730429035957
15083.333333333334,-20.37486722611112,4.806895173555556
15100.000000000002,-20.158866914883305,5.072244715516658
15116.666666666668,-21.34534821081115,5.7979290939500645
15133.333333333334,-22.27864573686869,6.289574100854706
15150.000000000002,-22.931757142554698,5.369537575804535
15166.666666666668,-25.048997194236314,5.481317485729362
15183.333333333334,-26.575890354383926,5.539558274940273
15200.000000000002,-26.75190820226895,5.587598989456169
15216.666666666668,-27.259329446150844,5.556989113312193
15233.333333333334,-28.32086894401158,5.772309068253981
15250.000000000002,-29.01885085293338,6.233710060199971
15266.666666666668,-29.535083606135913,6.551339277588928
15283.333333333334,-29.492032809006623,6.023646371791855
15300.000000000002,-30.428184685302398,5.834321556933949
15316.666666666668,-32.49082260107237,5.780343390361178
15333.333333333334,-34.290054274166636,6.006068513138889
15350.000000000002,-35.59558086356979,6.4227562917250225
15366.666666666668,-36.276615543533794,6.678749686656685
15383.333333333334,-25.006774232606496,5.873903868982204
15400.000000000002,-3.7487103355820772,4.808696661319199
15416.666666666668,-3.0351588690075904,5.362042928623678
15433.333333333334,-1.0517200115003598,4.523381899699696
15450.000000000002,-2.072500966483436,4.564064719597051
15466.666666666668,-2.724843466427892,4.38134219806208
15483.333333333334,-2.9479166862637305,4.182413442152294
15500.000000000002,-3.2700667456000305,4.0075745450666656
15516.666666666668,-3.5405415976064294,4.103435798021017
15533.333333333334,-3.649968885333307,4.321925648311159
15550.000000000002,-3.783636359207813,4.601181857192497
15566.666666666668,-4.119021625744434,4.775098693355518
15583.333333333334,-4.179076463364269,4.86248716764966
15600.000000000002,-4.26276149448334,4.786850589633282
15616.666666666668,-4.395416734575346,4.929035822848733
15633.333333333334,-4.447177733644136,4.982752066111669
15650.000000000002,-4.394884601360526,5.088713446441006
15666.666666666668,-4.763178309464998,4.911584749382653
15683.333333333334,-5.088749843201254,4.915949696503497
15700.000000000002,-5.043027172272203,5.137354361711744
15716.666666666668,-5.569127009022224,5.452470119911129
15733.333333333334,-6.090899708633326,5.86028008788889
15750.000000000002,-5.658143379973347,6.040593689377912
15766.666666666668,-5.610571137220297,6.26167021472045
15783.333333333334,-5.70457970137293,6.648989731754762
15800.000000000002,-6.032537136169435,6.734040719452758
15816.666666666668,-6.045302468881142,6.906336631918073
15833.333333333334,-6.522143583845493,7.033714921442913
15850.000000000002,-6.762023354954975,7.172285024424492
15866.666666666668,-7.0497797912734566,7.6065002741537855
15883.333333333334,-7.297604185670628,7.641366868901103
15900.000000000002,-7.503451223823944,7.24391277027021
15916.666666666668,-7.916005707082828,7.0431768841965
15933.333333333334,-8.509205554277813,6.799799194055564
15950.000000000002,-8.963213994361157,6.631510322706172
15966.666666666668,-9.420768841880347,7.025542883882822
15983.333333333334,-9.987195900888004,6.99911951822067
16000.000000000002,-10.647709324745257,6.7899605090058275
16016.666666666668,-10.894813757544457,6.873956776911217
16033.333333333334,-11.19699537357988,6.68450904129602
16050.000000000002,-11.333926545714943,6.865993260559035
16066.666666666668,-11.986163142697032,6.960241295739686
16083.333333333334,-12.207365579797981,7.334095246542345
16100.000000000002,-12.30200094050001,7.25226225736667
16116.666666666668,-12.573376007203635,7.253175229131217
16133.333333333334,-12.987001091356184,7.7803372840812495
16150.000000000002,-13.397770934490758,8.242512099999974
16166.666666666668,-13.788257097384692,7.834447519123705
16183.333333333334,-14.064563336376255,7.202326127952692
16200.000000000002,-14.553170129362806,6.987689359326056
16216.666666666668,-15.411638331783344,7.226989000022231
16233.333333333334,-16.288065966133342,7.4111870625778185
16250.000000000002,-16.777002157171534,7.496786311894017
16266.666666666668,-17.48508511531155,7.575360075624546
16283.333333333334,-18.23798705189085,7.699217304583691
16300.000000000002,-19.151541621533447,8.052518639933387
16316.666666666668,-19.415469592740873,8.148237597671109
16333.333333333334,-19.823287228416028,7.909863089188588
16350.000000000002,-20.12657768294339,7.268184312142505
16366.666666666668,-15.519397194396952,7.360611261441438
16383.333333333334,-3.8748492758444595,5.138115273155541
16400.0,-6.162401183516378,5.184560437022294
16416.666666666668,-5.403986872130438,5.215409046925989
16433.333333333336,-5.795517898536246,5.336546372876588
16450.0,-6.122205946139698,5.751224310038494
16466.666666666668,-6.514936670022828,6.2792630258322735
16483.333333333336,-6.507445681657495,6.293528169240176
16500.0,-6.923653649749225,6.161829097659637
16516.666666666668,-7.2820995936699315,6.158008693095998
16533.333333333336,-7.523677666332912,6.291395228737455
16550.0,-8.142799756633252,6.368575283666646
16566.666666666668,-8.734267472388867,6.197558682111112
16583.333333333336,-8.867421140911633,5.999276974378216
16600.0,-9.08921122906358,5.892269117976913
16616.666666666668,-9.212586901233939,5.757314418353731
16633.333333333336,-9.218680985714292,5.413894088888953
16650.0,-9.266623491454249,5.3206772112610645
16666.666666666668,-0.6917461451261704,3.726753823687818
16683.333333333336,2.8485528427121816,3.403832031635233
16700.0,2.4459405300983894,3.088751981090495
16716.666666666668,2.660888831511115,2.8533385562222207
16733.333333333336,2.0479906977398494,2.9871866121910813
16750.0,1.8729056177026446,3.2941983586607164
16766.666666666668,1.8577350877778291,3.22017985522229
16783.333333333336,1.9333522227428637,3.498450842926837
16800.0,1.7431205608666593,3.334747413499986
16816.666666666668,1.7698691205619643,3.256632542784166
16833.333333333336,1.6092175093120231,2.854884832383766
16850.0,1.5026828801702703,2.854469818828256
16866.666666666668,1.1910510389912625,3.004138303814387
16883.333333333336,0.891077176901152,3.197682139795811
16900.0,0.35753112303334017,3.2633285106999987
16916.666666666668,-0.1106207106620217,3.1752219334359806
16933.333333333336,-0.34545496693876204,3.448241933422181
16950.0,-0.7248323078969179,3.8927987685785554
16966.666666666668,-1.5239926455672181,4.104161749246839
16983.333333333336,-1.9817011775888023,4.04126653802464
17000.0,-2.252046438666689,4.085609433466664
17016.666666666668,-2.3229835592907593,3.9024798928630995
17033.333333333336,-2.4760111104006906,4.137374583644234
17050.0,-2.411896183982695,4.107918548051866
17066.666666666668,-2.694901448148328,4.204407785185176
17083.333333333336,-2.9391146723555703,4.109502070199802
17100.0,-3.0224005337007886,4.018812602003974
17116.666666666668,-3.2918006302898437,4.10069544723196
17133.333333333336,-3.382311523555667,3.9263833821334235
17150.0,-3.6758341863473514,4.094802999070734
17166.666666666668,-3.642654657586586,4.143873441654276
17183.333333333336,-3.989485659422215,4.0986713060556
17200.0,-4.11140742703647,4.3511081375312255
17216.666666666668,-4.598366803879701,4.387932813239922
17233.333333333336,-5.388211444770588,4.6406066832172295
17250.0,-5.735937180283283,4.507980751266672
17266.666666666668,-6.009151474497739,4.502503921578422
17283.333333333336,-6.502640833841391,3.9817020059169703
17300.0,-2.6018022171999613,-0.5281912463333966
17316.666666666668,-3.6554830125562923,-0.7767176699739392
17333.333333333336,-4.671459148583616,-0.9137291801402666
17350.0,-5.494172018498103,-0.9030594289378537
17366.666666666668,-6.183365119521982,-1.0023187565294283
17383.333333333336,-6.346378524755502,-1.1859830817611114
17400.0,-6.104510831000045,-1.2675284003333578
17416.666666666668,-5.986353890277767,-1.3021517847222224
17433.333333333336,-6.507586709222244,-1.422743359894465
17450.0,-6.536725822544103,-1.427308309956725
17466.666666666668,-7.076591189956077,-1.2682321503140697
17483.333333333336,-7.544822908977013,-1.1851562342749757
17500.0,-8.009892209816657,-1.2810471025666756
17516.666666666668,-8.919842470564763,-1.2706359383252812
17533.333333333336,-9.553153559586962,-1.190126042339984
17550.0,-10.00163241306014,-1.119108380859607
17566.666666666668,-9.937776263519076,-1.6036870539539458
17583.333333333336,-10.53668263743334,-0.6032543526833232
17600.0,-4.349948648498434,0.04003573033033046
17616.666666666668,6.00357975241108,0.14925190653322476
17633.333333333336,4.693464534832669,0.6243107940029294
17650.0,5.733618377199982,0.923615848383339
17666.666666666668,5.562567219111116,1.0442282721888905
17683.333333333336,5.680314591844423,1.4179975668000313
17700.0,12.93483557911895,2.051268831113374
17716.666666666668,9.841994556866625,2.4565277323110117
17733.333333333336,11.2451278946337,2.63704714110447
17750.0,11.468738740129927,2.929393574012998
17766.666666666668,11.32530154282693,3.0208940244288844
17783.333333333336,11.579915798225912,2.5611391657937568
17800.0,11.839597364564602,2.696639690190237
17816.666666666668,12.168013932524634,2.6173473764595117
17833.333333333336,12.412586569361252,2.6660667057612404
17850.0,12.705150704160452,2.763718647206976
17866.666666666668,12.913801770533333,2.7530842570222327
17883.333333333336,13.357131155288874,2.5599460393777673
17900.0,13.426662774859773,2.5582568133945416
17916.666666666668,13.772807538858395,2.7023838512589915
17933.333333333336,13.859869429603695,2.8548596067830214
17950.0,14.0686208393833,3.050928290466664
17966.666666666668,14.356851412483328,3.145507484344447
17983.333333333336,13.216345983447255,1.7004821673175174
