0.0,1.9848256333333363,1.7586289666666668
16.666666666666668,1.9048923349031999,1.7304540369723225
33.333333333333336,1.9885294475040258,1.8112313323671516
50.0,2.094011848995633,1.720272255749642
66.66666666666667,1.9114410155933752,1.4717092815704595
83.33333333333334,1.71941476350714,1.4637032175412292
100.0,1.8225443566566617,1.3187858050550572
116.66666666666667,1.3791612044689057,1.2261564572619656
133.33333333333334,1.1822497654339499,0.9840199872230581
150.0,0.860917057471272,0.6179966145593877
166.66666666666669,0.8999898124735821,0.4507655049660744
183.33333333333334,-2.9278011279670473,2.7531004652137656
200.0,-16.532589849833336,7.115187939333331
216.66666666666669,-17.214872889527456,8.223413349986116
233.33333333333334,-15.818917041399999,7.460005106488889
250.00000000000003,-15.385955723699057,7.031906580794149
266.6666666666667,-15.29105616474252,6.852605346768991
283.33333333333337,-15.073487584634162,6.781799147817162
300.0,-15.42431017116667,6.769195660749999
316.6666666666667,-15.645453441341344,6.733482398998997
333.33333333333337,-15.677443376255553,6.481112601577782
350.0,-15.901788007856899,5.91917716425945
366.6666666666667,-16.318034631897923,5.481959360042527
383.33333333333337,-16.58542068436705,5.232973581304592
400.0,-16.77394968876105,5.016847018542602
416.6666666666667,-16.79476773558776,5.132894543256147
433.33333333333337,-17.220245541262702,4.972639806341269
450.00000000000006,-12.56253561375975,5.022905569965013
466.6666666666667,-4.065420426777779,5.1228441725277785
483.33333333333337,-4.710977191255566,5.189413506194447
500.00000000000006,-5.222810793166673,5.191848406316668
516.6666666666667,-5.110473730331836,4.9029323153354465
533.3333333333334,-5.265225953555556,4.881085556916665
550.0,-5.408891018268272,4.462269141391391
566.6666666666667,-5.4922093272197285,4.313800742684213
583.3333333333334,-5.895581612298814,4.580608941580643
600.0,-6.041176243755212,4.828689405202598
616.6666666666667,-6.003525435361645,4.847487479594338
633.3333333333334,-5.879816298987375,4.749182082468144
650.0,-5.939209404010029,4.7259859832080195
666.6666666666667,-5.871642135773444,4.599926007086877
683.3333333333334,-5.959969603090434,4.57664031241732
700.0,-6.087056496551728,4.56081947997668
716.6666666666667,-6.080631848159251,4.383380624032427
733.3333333333334,-6.099000567822219,4.462977115311116
750.0,-6.296557913133333,4.354630900066667
766.6666666666667,-6.2579055589998225,4.411338493911789
783.3333333333334,-6.504392324662329,4.314512350108387
800.0,-6.514052112666665,4.567169907333336
816.6666666666667,-6.691660007038335,4.335938266622152
833.3333333333334,-6.587412491609746,4.357806670470319
850.0000000000001,-6.715036915333353,4.067594905516668
866.6666666666667,-6.480871494496353,3.8891587685313116
883.3333333333334,-5.988972507131763,3.9234351434953947
900.0000000000001,-6.10264128066667,3.9587322812500063
916.6666666666667,-8.487263962256772,1.2675546478811472
933.3333333333334,-15.840431212610374,-8.332853055772125
950.0000000000001,-17.49971629295,-12.399509118633356
966.6666666666667,-16.935915473921995,-12.834421705385855
983.3333333333334,-17.12050850089111,-12.448213954859371
1000.0000000000001,-16.453300951890533,-12.432304429286894
1016.6666666666667,-16.506855212000442,-12.373731664259907
1033.3333333333335,-16.48128498863333,-12.66615918086667
1050.0,-16.560765944666667,-12.760266305399997
1066.6666666666667,-16.665355656315548,-12.9959168988018
1083.3333333333335,-12.209448680888752,-16.757006001277812
1100.0,-7.811043201800899,-18.983536795130906
1116.6666666666667,-7.073599504950012,-19.446010727611114
1133.3333333333335,-7.62293552993334,-19.571322335122222
1150.0,-8.055058142465073,-19.548102631536928
1166.6666666666667,-8.347288484166672,-19.55285790238889
1183.3333333333335,-8.1492137495192,-19.663493698171308
1200.0,-8.478660995881269,-19.706249037452057
1216.6666666666667,-8.410586969266664,-19.650542436033337
1233.3333333333335,-8.267814599055075,-19.811687721510758
1250.0,-8.087296363063079,-19.76745499009009
1266.6666666666667,-8.350723096414699,-19.844437919302916
1283.3333333333335,-8.139235653117346,-20.19714213171343
1300.0,-8.25938502690322,-20.390021824287857
1316.6666666666667,-8.160865931943754,-20.42397976014456
1333.3333333333335,-8.113236766027471,-20.419811762603523
1350.0,-8.006598052876436,-20.360868146123057
1366.6666666666667,-7.8930334526362556,-20.35706610885781
1383.3333333333335,-7.97884639559598,-20.48148717086853
1400.0,-7.857528779166666,-20.697824266666665
1416.6666666666667,-8.134081570044446,-20.743957525555558
1433.3333333333335,-8.315910971604945,-21.038216089300413
1450.0,-8.338102821177253,-21.085134852392862
1466.6666666666667,-8.180590362205553,-21.071136035005555
1483.3333333333335,-7.882194950924554,-20.70304882957443
1500.0,-8.00018470460229,-20.558670755077543
1516.6666666666667,-1.365249656577838,-20.48790744737778
1533.3333333333335,13.193958145421746,-19.864408132789162
1550.0,14.663492097002996,-19.977748752314348
1566.6666666666667,14.596102974079628,-20.03844057395729
1583.3333333333335,14.080183922854921,-20.0073858424964
1600.0,13.465153552373813,-20.031553725787106
1616.6666666666667,13.407137011133356,-20.14996690422645
1633.3333333333335,13.447006157996345,-20.30084998528233
1650.0000000000002,13.530850529668504,-20.523822863434944
1666.6666666666667,13.634336814169718,-20.6723263675342
1683.3333333333335,13.714650517472226,-20.75239637827778
1700.0000000000002,13.712233495862531,-21.04134335825826
1716.6666666666667,14.033427106844444,-21.373577649955557
1733.3333333333335,14.19878969226498,-21.458559997751127
1750.0000000000002,14.55541927283334,-21.62531779906667
1766.6666666666667,14.725911657811121,-21.70073798069444
1783.3333333333335,14.884296047785543,-21.658207482634033
1800.0000000000002,14.918894765866678,-21.61203037993333
1816.6666666666667,15.06907222069369,-21.742227324006453
1833.3333333333335,15.158421582051286,-21.60803692400932
1850.0000000000002,15.217934891071433,-21.745487302083337
1866.6666666666667,15.337749133389092,-21.98757062284663
1883.3333333333335,15.578674570666667,-21.91701511033332
1900.0000000000002,15.497093658096174,-21.46161617924776
1916.6666666666667,14.116244399666495,-10.453118144377733
1933.3333333333335,5.350041096733307,3.31110517097781
1950.0000000000002,0.541557669999996,10.071468210466664
1966.6666666666667,1.183797075837482,11.1640475543173
1983.3333333333335,1.5913288999111588,11.219735419057148
2000.0000000000002,1.965043114999993,11.18435755333333
2016.6666666666667,2.167113672847531,10.951035240620309
2033.3333333333335,2.045220548796622,10.833887448996725
2050.0,1.4957371027986022,10.992190306996502
2066.666666666667,1.028122409932746,11.04282145069757
2083.3333333333335,1.196783608180706,10.966766956876453
2100.0,1.6212652028884422,11.03214142197875
2116.666666666667,1.8552239121232388,10.893308733933932
2133.3333333333335,2.468385430040536,10.720197553323318
2150.0,-2.15115807976666,8.464918939033334
2166.666666666667,-3.0065004970318494,8.293412190584169
2183.3333333333335,-2.944676674283355,7.745514953588889
2200.0,-2.935112493483333,7.705825784900002
2216.666666666667,-2.5802664570841753,7.7122552773831385
2233.3333333333335,-2.5575607815889176,7.951862403044454
2250.0,-3.0373516995833354,8.207564534416667
2266.666666666667,-3.69434975444,8.239381779365077
2283.3333333333335,-3.5224717632777756,8.424483713777786
2300.0,-3.1271601203138055,8.609527927190788
2316.666666666667,-3.5701799200177375,8.440966896757175
2333.3333333333335,-3.324398794491644,8.69024524623244
2350.0,-3.664126080452845,8.815990498767897
2366.666666666667,-3.7061050982062813,8.744870458384536
2383.3333333333335,-3.5793407314019317,8.62578196124986
2400.0,-3.669994133899999,8.573820529999994
2416.666666666667,-3.603059475330886,8.84713602878433
2433.3333333333335,-3.0770844615192394,8.83493314004109
2450.0,-2.9738143275971303,8.90732443426713
2466.666666666667,-2.832276492373968,9.043974244122067
2483.3333333333335,-6.714838542888874,6.547075764522224
2500.0,-7.2241606272485415,5.567862120448878
2516.666666666667,-7.076878330667995,5.377091396890436
2533.3333333333335,-6.921927124471095,5.114462494263985
2550.0,-6.79750352019345,5.304346265049191
2566.666666666667,-6.866934450669109,5.434117632894666
2583.3333333333335,-6.953529717205374,5.320886942676387
2600.0,-7.086734930371113,5.3655428452654395
2616.666666666667,-7.041832161222217,5.398722448399988
2633.3333333333335,-7.15469900500666,5.266497056503656
2650.0,-7.050250344377814,5.299657155822087
2666.666666666667,-7.069047328364175,5.3843414644488865
2683.3333333333335,-7.213159996055919,5.422940785793539
2700.0,-7.368173050583338,5.624525981183333
2716.666666666667,-7.614257907241083,5.575234247094685
2733.3333333333335,-7.833671759111106,5.5843673631111095
2750.0,-7.971962828787865,5.552628458658017
2766.666666666667,-7.912265390387826,5.561851096132842
2783.3333333333335,-9.038786758273561,5.494273892168302
2800.0,-21.020957511733084,1.9526077605334076
2816.666666666667,-24.44973798927127,0.877983736530895
2833.3333333333335,-25.302758352142305,0.537834978576967
2850.0,-25.060671728666662,0.10395225986666606
2866.666666666667,-24.932660902142313,-0.1964394243423204
2883.3333333333335,-25.035075028746736,-0.38808418348047796
2900.0,-25.227365280423538,-0.5635991322828056
2916.666666666667,-25.686965914399998,-0.8420827728888935
2933.3333333333335,-25.60722465092454,-0.8660995180021055
2950.0,-25.706585683608473,-0.8223578423378403
2966.666666666667,-26.24992409846669,-0.8189153584444434
2983.3333333333335,-26.81123657472375,-0.9684559873840848
3000.0,-26.982620255883333,-0.7747343263000034
3016.666666666667,-27.252253274894432,-0.6448565333388954
3033.3333333333335,-27.545994291945977,-0.640174816697249
3050.0,-28.000055938619305,-0.8609764337168532
3066.666666666667,-22.836463917196486,0.3971414575326446
3083.3333333333335,-1.5022133894331688,3.4261742208222565
3100.0,0.7372186884551137,4.794275138872201
3116.666666666667,0.841679297522216,5.315467143488897
3133.3333333333335,0.4739661172455988,5.350659650835001
3150.0,0.06032743379373767,5.242273645994477
3166.666666666667,-0.4975639676788059,5.1383470206762265
3183.3333333333335,-0.5249499269143183,5.060520620045532
3200.0,-0.6664061425870693,5.047846156716419
3216.666666666667,-0.7545449027111084,4.763821352744442
3233.3333333333335,-0.6690392621042456,4.671745879647243
3250.0000000000005,-0.6965860399366383,4.6229562468234064
3266.666666666667,-0.28969360248886467,4.79727848328889
3283.3333333333335,0.19845078550169634,4.882402193875293
3300.0000000000005,0.1280259471000243,4.9856511516500115
3316.666666666667,0.12155854655210882,5.260718742208877
3333.3333333333335,-0.1895199088722121,5.4124535671777965
3350.0000000000005,0.20311481638332715,5.602295583650012
3366.666666666667,0.13532678994709138,5.372593337844611
3383.3333333333335,0.2902826022222231,5.249187840000005
3400.0000000000005,-0.25637584454453904,5.020998535301972
3416.666666666667,0.053014143743735496,5.241463125141809
3433.3333333333335,-0.35609479251473863,5.5886215824380026
3450.0000000000005,-0.22616846181908368,5.659352103598196
3466.666666666667,-0.29809579037702566,5.469974220145484
3483.3333333333335,-0.29275797057223474,5.502227039355551
3500.0000000000005,-0.3437084086920104,5.613934779195853
3516.666666666667,-0.37711816099173096,5.50862954317286
3533.3333333333335,-0.4004560144300119,5.522962879464979
3550.0000000000005,-0.3327968435578521,5.675025347547808
3566.666666666667,-0.31171686602411836,5.459164764190775
3583.3333333333335,-0.2870789159047922,5.63458748531865
3600.0000000000005,-0.020072823861905717,5.459965944255451
3616.666666666667,0.000167730055549068,5.257981151105553
3633.3333333333335,0.04525607757767972,5.100697586382082
3650.0000000000005,-0.0712234564781532,5.05127468112389
3666.666666666667,0.0030785248196281124,5.102717625241421
3683.3333333333335,0.18674526603127045,5.173495369523179
3700.0000000000005,0.2688343685018362,5.167567777644312
3716.666666666667,0.23598448444330664,5.108598842779453
3733.3333333333335,0.2621450645299125,5.195025817404818
3750.0000000000005,0.3951665614034991,5.176512008020047
3766.666666666667,0.2149445591980687,4.6862182459402835
3783.3333333333335,0.16951204121433738,-5.292140139171969
3800.0000000000005,1.1165188397999672,-8.799294199350054
3816.666666666667,0.653613260666338,-9.302715635173216
3833.3333333333335,0.3097741207821007,-9.555142344400132
3850.0000000000005,0.46326494426124587,-9.582672612477078
3866.666666666667,0.39771883568012656,-9.727103310699592
3883.3333333333335,0.28778912196111706,-9.791893144866668
3900.0000000000005,0.22659790698332735,-9.770224637000013
3916.666666666667,0.06821339723471706,-9.84595527846632
3933.3333333333335,-0.05586289043332525,-9.946680306322229
3950.0000000000005,-0.05868458313331794,-10.030989937799989
3966.666666666667,0.11622768804832759,-9.934085200094627
3983.3333333333335,0.05660681698333199,-10.041980346872226
4000.0000000000005,-0.023977743733327218,-10.181735730466668
4016.666666666667,0.03481046366663876,-10.22529407047223
4033.3333333333335,0.2711648007111082,-10.239749176800002
4050.0000000000005,0.3311869046999914,-10.326284860633312
4066.666666666667,0.42898178761475525,-10.57761508829912
4083.3333333333335,-1.310755496378024,-6.985521246751362
4100.0,-1.50422508048048,-5.683541696696696
4116.666666666667,-1.3643412320000046,-5.399597845777778
4133.333333333334,-1.3058180066666687,-5.449051459722223
4150.0,-1.3292916117157594,-5.567405675586617
4166.666666666667,-1.5711469338558453,-5.661338645116997
4183.333333333334,-1.4636802273201224,-5.688515080224108
4200.0,-1.5641701494494478,-5.637411560210209
4216.666666666667,-1.2830830297759772,-5.678619157639935
4233.333333333334,-1.5583733412515615,-5.578451807213069
4250.0,-1.4553596939999949,-5.638522664533329
4266.666666666667,-1.4040770593852578,-5.819683153999231
4283.333333333334,-1.2618220692722328,-6.057629528394425
4300.0,-1.8385698080882975,-8.561486302590776
4316.666666666667,-7.318616606444489,-13.342998622000023
4333.333333333334,-9.325902782791934,-15.67657950971736
4350.0,-9.09904276281281,-15.054738581548214
4366.666666666667,-9.32709146862224,-14.847762321422223
4383.333333333334,-9.162129722155626,-14.781736626218235
4400.0,-9.05939245748796,-15.043576038405792
4416.666666666667,-9.19285504964448,-15.420004244755573
4433.333333333334,-9.25574870352777,-15.498762480083341
4450.0,-9.536698981159406,-15.602661414492754
4466.666666666667,-9.586668214650002,-15.767451991972216
4483.333333333334,-9.450051966672195,-15.78590043016827
4500.0,-9.189070288666654,-15.883841416783332
4516.666666666667,-8.9712040017085,-15.941177767127101
4533.333333333334,-9.202575550408515,-16.068044551420165
4550.0,-9.33304429523095,-16.137978828014003
4566.666666666667,-9.642367443771898,-16.185130881902072
4583.333333333334,-9.493013603844439,-16.348882410722222
4600.0,-9.419175215115112,-16.39217962982983
4616.666666666667,-9.22048817226944,-16.421033107862737
4633.333333333334,-9.439031314057027,-16.265796108854442
4650.0,-9.44191174747627,-16.62990117736132
4666.666666666667,-9.523202430861128,-16.56950945914445
4683.333333333334,-9.119881356889596,-16.4582980459508
4700.0,-9.273626334166666,-16.663264062333337
4716.666666666667,-9.281731450704855,-16.632303546520134
4733.333333333334,-9.183174053444436,-16.512590715844446
4750.0,-9.340458827027046,-16.63605434774775
4766.666666666667,-9.478838102851428,-16.69919303053749
4783.333333333334,-9.320474416733017,-16.638227906229275
4800.0,-9.4852250525,-16.628815465250007
4816.666666666667,2.6167526073821126,-11.92416943047613
4833.333333333334,12.942738648233595,-3.6582773703442393
4850.0,13.634862655839603,-2.714455688571425
4866.666666666667,13.531684275661085,-2.7326074098555555
4883.333333333334,13.655443394775236,-2.756781862692462
4900.0,13.325999176493163,-2.679240374090759
4916.666666666667,13.076224728960756,-2.3636482273576527
4933.333333333334,13.05308172862073,-2.2833732634841133
4950.0,13.227107116999987,-2.0646916717166794
4966.666666666667,13.023705969677748,-1.9468399173888897
4983.333333333334,13.045145783397155,-1.7708433973317672
5000.0,13.141776590204897,-1.5980181642678652
5016.666666666667,10.558670813360331,-0.6200072819826975
5033.333333333334,0.04297894461126931,3.9499556953699995
5050.0,-1.643624680053412,4.66845988681356
5066.666666666667,-1.3243199241222658,4.913523633405556
5083.333333333334,-0.8688523083097511,5.014094596671685
5100.0,-0.5284783411578269,5.012559504688017
5116.666666666667,-0.3563644500828416,5.191561108548708
5133.333333333334,-0.017519128616752387,5.228003255827806
5150.0,-0.20279660269731709,5.444384163603057
5166.666666666667,0.000618104422219129,5.322725078155555
5183.333333333334,0.11459841568005416,5.271316698643777
5200.0,0.07047744037111281,5.402387524072219
5216.666666666667,0.19051178238891275,5.3496380887777715
5233.333333333334,0.1709019909132698,5.457323874808163
5250.0,0.3246962572000029,5.647858363749991
5266.666666666667,0.576073454765875,5.728953197586476
5283.333333333334,0.53850543706849,5.670774184421128
5300.0,0.5475540548333947,5.740753915949992
5316.666666666667,0.20493729533333713,5.800086904111112
5333.333333333334,0.47302709336110466,5.706827884616667
5350.0,0.6230873297684486,5.360258054372812
5366.666666666667,0.8654155759749143,5.620853819731517
5383.333333333334,0.5434444647352604,5.696372582090177
5400.0,0.3255761370130944,5.697764070976295
5416.666666666667,0.2699537868878845,5.558700210071705
5433.333333333334,0.4828161250388953,5.5469228577666705
5450.0,0.7755564671168894,5.791692182374511
5466.666666666667,1.1661224363460625,5.9455409281418605
5483.333333333334,0.5539635841222368,5.958424236577769
5500.0,0.7798293003501722,6.059323202267797
5516.666666666667,0.9219681504246012,5.986343661387245
5533.333333333334,0.895771388216687,6.117938640266669
5550.0,1.084516247466711,6.088473139733338
5566.666666666667,0.7287929837111115,6.131650994066675
5583.333333333334,1.0876456753067945,6.109507397223616
5600.0,0.717460708129269,6.247128368948861
5616.666666666667,1.0063090936476344,6.382683447392967
5633.333333333334,1.2395719800377565,6.297343803220602
5650.0,1.084682507755086,6.1039125182892295
5666.666666666667,0.7484041444444008,5.999514877777771
5683.333333333334,0.9185287013203313,6.058855897309557
5700.0,1.1458246751500119,5.9885418932499945
5716.666666666667,0.48649006195553524,5.979112644088913
5733.333333333334,1.141609771711116,6.053457931288891
5750.0,1.4337384786546743,6.103003511238783
5766.666666666667,1.2534545121621599,6.055695331292399
5783.333333333334,1.131981626517881,6.131314411455213
5800.0,5.536415772482463,5.534612281256263
5816.666666666667,7.137512291537624,4.88396631704148
5833.333333333334,7.643916990331344,4.990225405786688
5850.0,7.7151086555166195,5.018434608445988
5866.666666666667,7.841647175672217,5.100423861544455
5883.333333333334,7.8648822571816055,5.134818442160234
5900.0,7.798516716766765,5.12373492132132
5916.666666666667,7.940739944183604,5.2129090936840905
5933.333333333334,8.371949999700108,5.178167471384172
5950.0,8.680553982307824,5.0971889587293635
5966.666666666667,8.552617322766926,4.907996311261183
5983.333333333334,8.626166885059558,4.780057377716839
6000.0,8.715259075700004,4.899299892749999
6016.666666666667,8.153392783330585,4.636130499834076
6033.333333333334,8.577925933572228,4.3992756556333354
6050.0,8.667669635648839,4.398895567233052
6066.666666666667,8.671799585251797,4.476558983869177
6083.333333333334,8.717316168714174,4.38998586621597
6100.0,9.122940239723057,4.382299735952617
6116.666666666667,2.1344665667752927,5.766991105731261
6133.333333333334,1.3905051117673266,6.61400274960516
6150.0,0.9688581418923368,6.650715206034767
6166.666666666667,1.6856234248068505,6.3954762739480895
6183.333333333334,2.010624876345056,6.108152836381823
6200.0,2.121954782066667,6.248516340066672
6216.666666666667,2.7296864100494793,6.420178998338065
6233.333333333334,2.498524536854875,6.313213940098069
6250.0,2.517091209104555,6.076012457862261
6266.666666666667,2.4368895544444396,6.02399823833334
6283.333333333334,2.3256384688900162,5.624174478310043
6300.0,2.4664481744155053,5.4681624450066755
6316.666666666667,2.7129338332659914,5.505062918062105
6333.333333333334,2.530425627176512,5.726478313759403
6350.0,2.7616948257967597,5.892751002385255
6366.666666666667,2.763925917141899,6.287658193074313
6383.333333333334,2.724113091298798,6.207088138836135
6400.0,2.472465142599992,6.046196585466671
6416.666666666667,2.2486626482936325,6.012481262870354
6433.333333333334,2.1716382528222242,5.930559313511108
6450.000000000001,2.1344283263770936,5.843092441987008
6466.666666666667,2.2706957766838913,5.684148408018212
6483.333333333334,1.8614714682572333,5.662701620044335
6500.000000000001,1.9294066608486484,5.647175377689392
6516.666666666667,2.1796953125444403,5.951724660222209
6533.333333333334,1.7479215698206276,6.068112779549122
6550.000000000001,2.0665661540000313,6.191638022799987
6566.666666666667,1.9060571031888898,6.129618498300001
6583.333333333334,2.3738115943002813,5.944050970326037
6600.000000000001,2.7143949896718014,6.1044442066133575
6616.666666666667,2.727750269422235,6.118286679244435
6633.333333333334,2.396512423465432,6.4044472322455475
6650.000000000001,2.61340217367016,6.528533864932503
6666.666666666667,2.3987427009999878,6.837309555888887
6683.333333333334,10.444008560966942,5.787396213744456
6700.000000000001,17.739430020199798,4.219364775433393
6716.666666666667,18.45946663085682,3.989304352568159
6733.333333333334,18.261922340056582,3.70791691764575
6750.000000000001,17.94922824122059,3.1886970879106
6766.666666666667,17.91981088119445,3.0038864453611036
6783.333333333334,17.736820145138957,3.07576990344443
6800.000000000001,17.829673211611603,2.9890701252919603
6816.666666666667,17.848310178021727,3.3902630387613963
6833.333333333334,18.055216295671414,3.479192343931026
6850.000000000001,18.456966216758442,3.4657530331999507
6866.666666666667,18.6204267432148,3.4974759842263348
6883.333333333334,18.972861561357977,3.386367609585625
6900.000000000001,19.234432102451237,3.4975490558279136
6916.666666666667,19.348600676177767,3.5900487058666704
6933.333333333334,19.55412675369815,3.251068653909498
6950.000000000001,19.569411795514313,3.4311252455561094
6966.666666666667,19.84072796010226,3.4956474726140874
6983.333333333334,19.996811776843554,3.3883643552791525
7000.000000000001,19.975993224487755,3.305520277461281
7016.666666666667,20.086275996388885,3.324661975033337
7033.333333333334,20.105443049740735,3.571558430453465
7050.000000000001,20.54568877980005,3.6288960266999974
7066.666666666667,18.342937424222008,3.7747666486666627
7083.333333333334,11.108845106775574,3.7699028714023717
7100.000000000001,10.846072184492245,4.329643447740509
7116.666666666667,10.403137487982319,4.342007681348809
7133.333333333334,10.487864455944635,4.544283760207886
7150.000000000001,10.609945359281564,4.498415646169309
7166.666666666667,10.707031351916672,4.669158926972222
7183.333333333334,10.70329509368497,4.564460581800502
7200.000000000001,10.629377659809808,4.618195117667634
7216.666666666667,10.786252504525484,4.628799743972443
7233.333333333334,10.901951505307935,4.814597640872409
7250.000000000001,11.189519425183367,4.9751042408833195
7266.666666666667,11.150732317402605,4.986662313335556
7283.333333333334,11.293652134165415,5.047842629378157
7300.000000000001,11.571768601951845,5.1157806890390445
7316.666666666667,11.734422101684167,5.227025937818904
7333.333333333334,11.90453141568328,5.374697496205563
7350.000000000001,12.193989774057332,5.429111438763218
7366.666666666667,12.02939485502227,5.462025113977783
7383.333333333334,12.24598152311118,5.451746821544431
7400.000000000001,12.082437977433445,5.562480143733322
7416.666666666667,12.31218379614638,5.410153969337553
7433.333333333334,12.40995131684155,5.584997980792937
7450.000000000001,12.238480939483335,5.704027405650003
7466.666666666667,12.491209106454656,5.747229773704078
7483.333333333334,12.583349071653643,5.601370428196577
7500.000000000001,12.92316588900545,5.600633158470752
7516.666666666667,12.688915634056265,5.746522116210662
7533.333333333334,12.557884446211997,5.594962316096931
7550.000000000001,12.695208118578662,5.6663994584774
7566.666666666667,13.032558392277302,5.8220573498136075
7583.333333333334,12.97268086830557,5.841422876533329
7600.000000000001,12.975164224278577,6.035367105489196
7616.666666666667,12.85600200201313,6.283031008808806
7633.333333333334,12.829273208209665,6.3767881741481816
7650.000000000001,12.955882511016632,6.705504542850001
7666.666666666667,13.019643531666668,6.829424474166663
7683.333333333334,12.953413821794207,7.0067924955144605
7700.000000000001,13.225212153733315,7.007111820366619
7716.666666666667,13.531907205594482,7.129287969113554
7733.333333333334,13.65156675452888,7.071037470066781
7750.000000000001,14.047890705974408,7.242754495856245
7766.666666666667,14.369808807092449,7.410355928064023
7783.333333333334,14.388145729333347,7.202771530777768
7800.000000000001,14.533982738647332,7.346790980576374
7816.666666666667,14.496992125770207,7.381480377355137
7833.333333333334,17.524901167711118,12.723759360844452
7850.000000000001,18.35243704885776,14.82299984855764
7866.666666666667,18.493872631838144,15.244072517002937
7883.333333333334,18.564218158748407,15.423779749192084
7900.000000000001,18.8476775848394,15.307234665601639
7916.666666666667,18.11259880697221,15.944552529800005
7933.333333333334,18.07499814039973,16.229539472044397
7950.000000000001,18.521926233700203,16.276804978505922
7966.666666666667,18.808174377866685,16.497129587377774
7983.333333333334,18.89890090502222,16.758495092866664
8000.000000000001,19.713704454154055,17.102950287721043
8016.666666666667,19.90872387062579,17.201298599322563
8033.333333333334,20.212252833005564,17.301286623333336
8050.000000000001,20.362163080106434,17.230618415968095
8066.666666666667,20.51419377057027,17.486839622355497
8083.333333333334,20.793591454092255,17.816365614532906
8100.000000000001,21.076023540066696,18.04788158553332
8116.666666666667,21.60273115460737,18.280985516679603
8133.333333333334,22.554392747770017,18.788573894082994
8150.000000000001,22.744235815924615,18.84440049723195
8166.666666666667,23.05727595826667,19.24777829763334
8183.333333333334,23.234385563377774,19.165900513733337
8200.0,23.394515656695027,19.280568458445885
8216.666666666668,23.666350934173153,19.35986320254711
8233.333333333334,23.775437504131283,19.45450725588317
8250.0,24.232795166016327,19.497003646106368
8266.666666666668,24.054025940323307,19.56282977644009
8283.333333333334,24.37253100138332,19.744247979605554
8300.0,24.20748996341051,19.526918794947967
8316.666666666668,24.27565883040295,19.924501605494527
8333.333333333334,24.151774008795794,20.195521537554
8350.0,24.568706068896656,20.601733308820105
8366.666666666668,24.904952360000006,20.606797078755612
8383.333333333334,25.63999521295776,20.413123055488807
8400.0,25.68340397394425,20.203063418461028
8416.666666666668,25.703206837270276,20.223617063001797
8433.333333333334,26.019991537378353,20.24532723150281
8450.0,26.241752988489093,20.206651312227233
8466.666666666668,26.67303905195739,20.546657576184074
8483.333333333334,27.41026973751112,20.857554212494477
8500.0,27.861673447416624,20.973116096666622
8516.666666666668,28.145123759112906,20.79036777975656
8533.333333333334,28.54018415644444,20.969934727911113
8550.0,29.165624707170245,20.875631322544603
8566.666666666668,29.526308917311155,20.998863643611084
8583.333333333334,24.962278947176777,19.907582336720807
8600.0,9.582361754312533,11.251051542890647
8616.666666666668,7.265577479616602,8.678791767816653
8633.333333333334,6.409973976971055,8.914396666071305
8650.0,8.17002729409992,9.35298009096666
8666.666666666668,8.995531464915718,9.375917954599519
8683.333333333334,9.730730463949952,9.1489818006012
8700.0,9.985939388723061,8.943872256633501
8716.666666666668,10.426714463377849,9.109351375999982
8733.333333333334,10.50947685215216,9.20434261827384
8750.0,10.701546443598732,9.124543948889997
8766.666666666668,11.09141868310287,9.160042843399557
8783.333333333334,10.969031829316389,9.094407243122188
8800.0,12.025452661180763,8.992257491195577
8816.666666666668,24.696747397304573,4.82730811790891
8833.333333333334,26.287732416472814,4.126484539210144
8850.0,26.61881181975986,3.7400431655327693
8866.666666666668,26.069076720832623,3.791475047740537
8883.333333333334,25.23682577185841,3.517507509239857
8900.0,25.52081765975975,3.464249797597625
8916.666666666668,25.905939036999953,3.3348712581093656
8933.333333333334,26.14177377319445,3.0494368051388845
8950.0,26.646248857700016,2.754200271699992
8966.666666666668,26.890277246219487,2.712211445992104
8983.333333333334,27.06113799550645,2.4251453406183257
9000.0,27.079394668666655,2.3086000866666736
9016.666666666668,27.49868117006286,2.4925503059085057
9033.333333333334,28.45537386593893,2.398669383244455
9050.0,29.08035071120002,2.292056832799997
9066.666666666668,29.50290180880435,2.2458478170418825
9083.333333333334,29.389973535283037,2.360332691533344
9100.0,30.057862112666598,2.585714734466679
9116.666666666668,29.817011246968733,2.8215155454176504
9133.333333333334,24.419083499859887,3.8582249546391973
9150.0,-0.08049075212134837,5.849736189988699
9166.666666666668,-14.50912299977302,7.146691064562949
9183.333333333334,-13.517655895747868,7.390995037140797
9200.0,-12.10615876227106,7.379711414052586
9216.666666666668,-11.30948004614717,7.615366872657726
9233.333333333334,-11.374270344359827,7.855825849822855
9250.0,-10.871529291216666,7.686815969116658
9266.666666666668,-20.36594617138701,7.471231865145237
9283.333333333334,-40.03261443955583,8.017636914955567
9300.0,-42.65357521541667,7.781824533166681
9316.666666666668,-41.66717836624057,7.451658635397298
9333.333333333334,-41.06174038574999,7.318408474722225
9350.0,-40.64195226600033,7.157074431534225
9366.666666666668,-40.907686370247816,7.27025374083546
9383.333333333334,-41.00954398972223,7.888121453888909
9400.0,-41.646107974025995,8.005314183766249
9416.666666666668,-42.133337880253166,8.41313576786532
9433.333333333334,-42.570357011739205,8.266790757123006
9450.0,-43.462783218985656,8.366388767600943
9466.666666666668,-44.187965530965194,8.278644287388106
9483.333333333334,-44.579271013888906,8.093735276777789
9500.0,-45.26898172972976,8.376121861261264
9516.666666666668,-45.992324235200975,8.271291812272743
9533.333333333334,-46.02768540514146,7.599897368156302
9550.0,-46.82073660600603,7.505510561861853
9566.666666666668,-46.763764763648496,8.089370086131972
9583.333333333334,-47.7645994877533,8.677845651391692
9600.0,-48.547117752723636,8.186376600399804
9616.666666666668,-49.51116563550897,8.400073995415685
9633.333333333334,-50.75454717917495,8.185107010948462
9650.0,-51.75009575000834,8.210983865215946
9666.666666666668,-51.999633204708886,8.141843810378179
9683.333333333334,-53.29325666345955,8.443547562397866
9700.0,-53.84416384485516,8.430979872261064
9716.666666666668,-54.66776621966796,8.037880253639829
9733.333333333334,-55.37319031889619,7.8062799527069995
9750.0,-55.9838089885667,8.228329894983364
9766.666666666668,-56.34208989512274,8.351276913768482
9783.333333333334,-53.6709780885097,8.371188907070279
9800.0,-25.517744544263817,5.762828618341811
9816.666666666668,0.4638595338953357,4.458897997165185
9833.333333333334,9.266526920046733,4.8936847745395875
9850.0,7.634204055310926,5.091733691845944
9866.666666666668,6.155486200830695,5.4174594295447
9883.333333333334,5.118426561670307,5.453981372286195
9900.0,4.9028148306666814,5.117123204500013
9916.666666666668,4.886464349231061,4.7243717397023675
9933.333333333334,4.6553523053925705,4.192699484512958
9950.0,4.768364393883325,4.085033222633331
9966.666666666668,4.543848474829904,4.248355171882103
9983.333333333334,4.630804888000033,4.312380780444448
10000.0,4.532703300000001,4.282128282666669
10016.666666666668,4.656419800779715,4.305380984405488
10033.333333333334,4.550849647864969,4.359210936292968
10050.0,4.616852217684371,4.120796264714719
10066.666666666668,-2.881662204224552,3.5154757507669188
10083.333333333334,-6.379722218125749,3.2717895515479927
10100.0,-6.531096291454261,3.235136174812585
10116.666666666668,-6.101760117083829,3.0857045637672136
10133.333333333334,-6.242690356266949,3.030392512406193
10150.0,-6.169704279969961,2.948984442463687
10166.666666666668,-6.37253067334551,2.8708061087976935
10183.333333333334,-6.207700950077851,2.87142326862418
10200.0,-6.561370133486936,2.7645251526881665
10216.666666666668,-6.378781106047459,2.578557368517583
10233.333333333334,-6.246730043027068,2.7500854644155424
10250.0,-6.080604505002187,2.977174324198914
10266.666666666668,-5.968884877131063,2.877702688888892
10283.333333333334,-5.951345372358274,3.045532699900049
10300.0,-6.012686828030686,3.013451291695834
10316.666666666668,-6.070743699445161,2.9775323604835546
10333.333333333334,-6.095120391155548,2.9087109139555545
10350.0,-6.324040588366668,2.9779392414500063
10366.666666666668,-6.43292308922222,2.8589149551110693
10383.333333333334,-1.4503303604167348,3.0046024726944194
10400.0,0.6747249572119445,2.628109698349181
10416.666666666668,0.7050751182304784,2.7986942306704066
10433.333333333334,0.5194102275555329,2.809548153138924
10450.0,0.0007793511910692455,2.7695773638680845
10466.666666666668,-0.02058408612226586,3.0750902926666535
10483.333333333334,0.00019814942220520992,3.062074375066671
10500.0,0.3067767064967656,3.231029476111916
10516.666666666668,0.7029263635944564,3.7615334350944614
10533.333333333334,1.6852548355944468,16.138359255905662
10550.0,-63.681085279738014,-33.80043956045164
10566.666666666668,-64.0,-36.0
10583.333333333334,-64.0,-36.0
10600.0,-64.0,-36.0
10616.666666666668,-64.0,-36.0
10633.333333333334,-64.0,-36.0
10650.0,31.716947039861846,32.97761752004013
10666.666666666668,6.864306269361602,7.003101952155674
10683.333333333334,-14.58740546172385,-9.679300650626617
10700.0,1.8255423749749673,-0.0776075586420027
10716.666666666668,1.8960099268921193,2.787696548959164
10733.333333333334,1.202911321460672,3.1611123318658874
10750.0,0.8109651549549608,3.428295467567574
10766.666666666668,0.14623438015125031,4.513580895030975
10783.333333333334,0.20521160919252218,4.833471239978858
10800.0,0.6252394632517362,4.9200142829418665
10816.666666666668,0.18224183873593622,4.207803388605259
10833.333333333334,0.43671826573286254,4.074727059551998
10850.0,0.6696064961314011,4.311103904652324
10866.666666666668,0.9661848820444487,4.4884383736888935
10883.333333333334,0.9576252555555523,4.56073336460905
10900.0,1.0421767224598375,4.670995750356373
10916.666666666668,1.020521826955548,4.4828333052444576
10933.333333333334,1.042419057560722,4.404297630055633
10950.0,0.9338314575454549,4.164255571402383
10966.666666666668,0.8068620051637084,4.215149846795627
10983.333333333334,1.0917422415540947,4.5398962951531665
11000.0,1.0827323614219162,4.8169404593240115
11016.666666666668,1.232860531274617,5.002218778139445
11033.333333333334,1.202412056431265,5.039273269373823
11050.0,1.1636430617308657,5.08461281435718
11066.666666666668,1.2664986385528623,4.928501689266569
11083.333333333334,1.3439995090232915,5.18201386789935
11100.0,1.3211414018351644,5.2763281073073065
11116.666666666668,1.3179473494697538,5.273967797023687
11133.333333333334,1.3774260683286026,5.36165164182647
11150.0,1.3728090167165583,5.288064761272048
11166.666666666668,-0.5242833438544843,4.545497855349476
11183.333333333334,-0.6834307955554364,4.092976631931635
11200.0,-0.6866570846154169,4.100406094688628
11216.666666666668,-1.025775715785579,4.132976019459735
11233.333333333334,-0.693189771802537,4.193040292257235
11250.0,-0.7832285055001158,4.3998614308666495
11266.666666666668,-0.6472292841787023,4.328584800044468
11283.333333333334,-0.8431998197030137,4.361385839261486
11300.0,-0.6463383648323155,4.510381899166254
11316.666666666668,-0.8698772661672389,4.469531572258223
11333.333333333334,-0.8014679803752048,4.250796426839816
11350.0,-0.34174213333333986,4.300551866666668
11366.666666666668,-0.6296357556331547,4.224019685939236
11383.333333333334,-0.6076070587015956,4.2664968851536935
11400.0,-0.40291594860836255,4.227358016666678
11416.666666666668,-0.8227904279555345,4.255521843233257
11433.333333333334,-0.545260101952934,4.284526385049796
11450.0,-0.8885365776001204,4.327875196266663
11466.666666666668,-0.4474641855000017,4.406760004633333
11483.333333333334,-0.47755833782228824,4.417846794755582
11500.0,-0.08327719630180719,4.483698218790606
11516.666666666668,-0.1325404782310903,4.535333321647318
11533.333333333334,-0.16891952164439372,4.605215607361122
11550.0,-0.4041255098900157,4.77323395281383
11566.666666666668,-0.1945894155311855,4.757552296934873
11583.333333333334,-0.44152320866665723,4.819542019777783
11600.0,-0.6540346575954661,4.933173992996495
11616.666666666668,-0.13710075533327817,5.24081784905229
11633.333333333334,-0.4845813408259772,5.144690467283641
11650.0,-0.5901074565937722,5.109829362491731
11666.666666666668,-0.3668111669378957,4.973232454887755
11683.333333333334,-0.408916288610684,5.24429832148222
11700.0,-0.47804151679118956,5.100186494769953
11716.666666666668,-0.10465447492747378,5.219485587705565
11733.333333333334,-0.1364647679612287,4.958775890405558
11750.0,0.042089509016661975,4.695162204050002
11766.666666666668,-0.4339092227332672,4.374473596555581
11783.333333333334,-0.06588375195738533,4.44817895824713
11800.0,0.0929248499000017,4.602405429800014
11816.666666666668,0.22923165852669714,4.697452108440422
11833.333333333334,0.11995925574999436,4.639499394750007
11850.0,-0.023018764976270367,4.429509466531438
11866.666666666668,0.08857021044443246,4.341229896166659
11883.333333333334,0.1520894974546266,4.383236383200523
11900.0,0.38992952105440476,4.353175848615278
11916.666666666668,0.5063555703777624,4.218938310777756
11933.333333333334,0.47620717004830565,4.358045836342938
11950.0,0.5472889952809611,4.609833973886935
11966.666666666668,0.7191562377544856,4.869869034220894
11983.333333333334,0.6197877706813181,4.676210891226606
12000.0,0.6590944973491699,4.574885261684926
12016.666666666668,0.6821438208451638,4.617260259614631
12033.333333333334,0.8469085714325497,4.586432223245461
12050.0,0.6581548238000062,4.247631497133307
12066.666666666668,0.37531706477695514,-0.9687747488135442
12083.333333333334,0.7962820973581699,-2.5290968683206096
12100.0,1.4906869993999916,-2.8031126834000166
12116.666666666668,1.3247870784444185,-2.9280187556666313
12133.333333333334,0.784167013246073,-3.096710464570546
12150.0,0.9408748527265893,-3.2491461896697422
12166.666666666668,1.0825714941917868,-3.288195972758051
12183.333333333334,1.0488041896611324,-3.2550773161666697
12200.0,1.3420528744127913,-3.4557815140430006
12216.666666666668,1.4476583158262166,-3.3327296694125526
12233.333333333334,1.3606686114999988,-3.3583235266666627
12250.0,1.328893792503739,-3.437112616441751
12266.666666666668,0.3393843721309209,-10.516155386660472
12283.333333333334,-2.2160378643768013,-21.288279332600133
12300.0,-1.7620210910577092,-24.61607800633968
12316.666666666668,-0.7772231526583816,-24.688070900366327
12333.333333333334,-0.6699809765444509,-24.190876593355558
12350.0,-1.0284308360132817,-24.60740863459801
12366.666666666668,-1.547195338586301,-24.546638434932575
12383.333333333334,-1.6279111950055238,-24.683376634388868
12400.0,-1.5171056236138982,-24.88353931012024
12416.666666666668,-1.3223118017657507,-25.08982239496368
12433.333333333334,-1.3901992084347397,-25.405803541412606
12450.0,-1.6177728692500086,-25.577291582750004
12466.666666666668,-1.6559853009672023,-25.779442654682878
12483.333333333334,-1.7160705852703972,-25.95886870365738
12500.0,-1.8153027386466423,-26.164383075739313
12516.666666666668,-1.7170481055943974,-26.271230272571877
12533.333333333334,-1.7226398742315616,-26.415231300583628
12550.0,-1.485129034832502,-26.439549937781102
12566.666666666668,-0.04918231822173136,-26.3594086818665
12583.333333333334,9.240825217473086,-24.460476309654084
12600.0,12.433303283991991,-23.83250507330333
12616.666666666668,12.363736162431474,-23.663610856485633
12633.333333333334,12.205221010238022,-23.79477519764209
12650.0,12.095351193843843,-24.025040849282615
12666.666666666668,12.159498795155484,-23.889692142711116
12683.333333333334,12.247677253231046,-23.89776249071295
12700.0,11.90613211363713,-24.108641167618092
12716.666666666668,11.819547778066662,-24.430853222233353
12733.333333333334,12.099344440129974,-24.470342748564587
12750.0,12.178026411519971,-24.484352689391674
12766.666666666668,12.13025153072093,-24.314113941965402
12783.333333333334,12.020198457272983,-24.43060235770107
12800.0,12.323060999000564,-24.54759904787605
12816.666666666668,12.118016462409816,-24.45494196637804
12833.333333333334,21.46022185447791,-22.42925407952283
12850.000000000002,40.453358467317244,-18.068514773712717
12866.666666666668,51.385132765992886,-13.292826993159542
12883.333333333334,53.07987887036481,-12.995044471360254
12900.000000000002,52.25265966230475,-12.747195472194415
12916.666666666668,51.87546915528319,-12.361240108176288
12933.333333333334,51.1933492523976,-12.089385846198248
12950.000000000002,50.944994744627834,-12.174279566166957
12966.666666666668,50.82894938784439,-12.272273079288865
12983.333333333334,50.95775705393252,-12.553620142710255
13000.000000000002,51.46788325068118,-12.625365708970696
13016.666666666668,52.214128103174914,-12.29865698831164
13033.333333333334,52.91980792555562,-12.35558096290004
13050.000000000002,53.6810190951338,-12.479197775266655
13066.666666666668,53.90862843893344,-12.531073646933317
13083.333333333334,53.615122565692005,-12.58536454506266
13100.000000000002,54.218434117407924,-12.669757421206041
13116.666666666668,54.457802501304236,-12.899956356626706
13133.333333333334,54.44563670249569,-13.329450444761264
13150.000000000002,54.47141326818483,-13.656448142042041
13166.666666666668,54.13592809068248,-13.958832467616206
13183.333333333334,54.78134092787504,-14.049754202606861
13200.000000000002,54.93552489053332,-14.001935008299982
13216.666666666668,54.60002647819449,-14.169671331527766
13233.333333333334,54.67137894255294,-14.262384367888943
13250.000000000002,54.70223011604194,-14.271158613659868
13266.666666666668,54.68953927641315,-14.313612558512238
13283.333333333334,55.0739558308901,-14.60440444349492
13300.000000000002,54.61658625017484,-14.4624066198766
13316.666666666668,55.14449714480003,-14.877177504038913
13333.333333333334,49.22433141664933,-11.922908570548152
13350.000000000002,22.673563882781902,-4.519011837133006
13366.666666666668,0.17406785334992836,1.6293136457911859
13383.333333333334,-1.933360304857982,3.8663849203935214
13400.000000000002,-1.495082481340622,4.101008810105068
13416.666666666668,-0.46588312998444764,4.4924446899756605
13433.333333333334,0.3751017170307485,5.097888490617534
13450.000000000002,1.3103041769620734,5.149748381359243
13466.666666666668,1.2182641332610153,5.146085803215925
13483.333333333334,1.396979201968673,5.125596197436328
13500.000000000002,1.6285533443000209,5.289348250600034
13516.666666666668,1.9620044220109298,5.28374879668557
13533.333333333334,2.0950893546606872,5.1974269749096775
13550.000000000002,1.8259539442721282,5.212342195597773
13566.666666666668,1.589998389401279,5.088758558741288
13583.333333333334,1.3071115068889152,5.0680617859999835
13600.000000000002,1.411269145327394,5.131593361835739
13616.666666666668,1.5739950354234258,5.201163345828475
13633.333333333334,1.3772846197456454,5.277383669344038
13650.000000000002,1.701900049241336,5.2124754891946115
13666.666666666668,1.237157802411597,5.0824481801058115
13683.333333333334,1.0994422454787824,4.959192328995646
13700.000000000002,1.1569773759212298,4.697164679656447
13716.666666666668,1.283259649201607,4.746800128134196
13733.333333333334,0.8033260825443321,4.936846835172255
13750.000000000002,0.6064857902290869,4.6673875350241705
13766.666666666668,0.49027009604711125,4.564759371333594
13783.333333333334,0.4063065151471344,4.602116979859689
13800.000000000002,-0.1462853001333461,4.6541797362180635
13816.666666666668,0.2876921746181802,4.814726281970132
13833.333333333334,0.10207246772190198,4.767881841273881
13850.000000000002,0.4067575065473397,4.878524842880875
13866.666666666668,0.6178374076116769,4.700688651179757
13883.333333333334,0.4852796802654188,4.678971262490979
13900.000000000002,0.6399739678174585,4.534812180190081
13916.666666666668,0.41388083527787,4.72982841083333
13933.333333333334,0.5962954417709059,5.00169755159801
13950.000000000002,0.5272524469694879,5.1770968984681325
13966.666666666668,-0.0490275010328743,5.4657647395222035
13983.333333333334,0.10174439560770873,5.3477952182686375
14000.000000000002,0.18272075200027954,5.400419471200099
14016.666666666668,0.1632359927223247,5.457397389416655
14033.333333333334,0.7739418181659902,5.505402158821943
14050.000000000002,0.3281309357332598,5.509417617307992
14066.666666666668,0.5903825637651948,5.52046468192429
14083.333333333334,0.2151829581845074,5.414424363403891
14100.000000000002,0.24498823870814665,5.462776388465988
14116.666666666668,-0.11628506918412189,5.414031523766346
14133.333333333334,-0.2597734125755873,5.43216471770678
14150.000000000002,-0.670213001822194,5.534672547152667
14166.666666666668,-0.6607759929964931,5.436775683380578
14183.333333333334,-0.7984440427180316,5.520958570169883
14200.000000000002,-0.788335271994631,5.448944805894104
14216.666666666668,-1.2040235751110828,5.278404003416669
14233.333333333334,-1.23766956979035,5.449834436268132
14250.000000000002,-1.4370493157166977,5.314456377583334
14266.666666666668,-1.5178030153708901,5.377593352140991
14283.333333333334,-1.5652841484444038,5.410993717777778
14300.000000000002,-1.5320121520000018,5.540367733333353
14316.666666666668,-1.2549878328058286,5.605936906430168
14333.333333333334,-1.3996394631765612,5.693624810106024
14350.000000000002,-1.7183795320654458,5.738979857357388
14366.666666666668,0.869192056478966,5.410190207748449
14383.333333333334,7.312012976413254,6.317135629462547
14400.000000000002,8.188321048348506,6.27751130610615
14416.666666666668,7.759852722365951,6.362893627368678
14433.333333333334,7.5212702921810335,6.235943464609046
14450.000000000002,7.455873887170438,6.031980492575894
14466.666666666668,7.330952503331841,6.092127452945808
14483.333333333334,7.576966736773972,6.000386767550444
14500.000000000002,7.734412590833332,5.878905142499975
14516.666666666668,7.979766382925241,5.8004475196901515
14533.333333333334,8.237395436254102,5.679099967488473
14550.000000000002,8.332226257466822,5.961076379933401
14566.666666666668,8.38347869509006,6.064027081468529
14583.333333333334,8.370047939764321,6.13326595373243
14600.000000000002,8.57548453666682,6.270729347083325
14616.666666666668,8.640537097206929,6.272359008306955
14633.333333333334,8.12121024445551,6.7336744528153405
14650.000000000002,3.7068368065166806,5.795967321583347
14666.666666666668,3.346462385817226,5.71773094094032
14683.333333333334,3.094717887687702,5.610089819319291
14700.000000000002,3.5207324144773295,5.503492196982241
14716.666666666668,3.532981054743594,5.432796763724829
14733.333333333334,3.6818913585666757,5.607203599355577
14750.000000000002,3.4815346800731555,5.4071606795741225
14766.666666666668,3.4648990576191436,5.154495114383976
14783.333333333334,3.4354351357741137,5.051805582076875
14800.000000000002,2.918881125133343,4.686966348133314
14816.666666666668,2.682876656346405,4.755579967468613
14833.333333333334,2.8700214524133956,4.824493072978668
14850.000000000002,3.030448949400642,4.583269377239415
14866.666666666668,2.5981499710711007,4.399508346040445
14883.333333333334,2.656727170843017,4.569297180148443
14900.000000000002,2.5120698691690886,4.562225389589557
14916.666666666668,2.7417311610001427,4.364455095405546
14933.333333333334,2.9157201107777757,4.357935631822223
14950.000000000002,2.860125614096184,4.194171727446174
14966.666666666668,3.069278209944367,4.1223872759444316
14983.333333333334,3.038994068055541,3.8082905279277677
15000.000000000002,2.964736956321843,3.900801522338889
15016.666666666668,3.166654209399925,4.075088472944449
15033.333333333334,3.098417452699988,4.180740267272231
15050.000000000002,3.059863930204704,4.23580289522383
15066.666666666668,3.2647132241676293,3.97504033274973
15083.333333333334,3.0598977592481558,3.836586402157689
15100.000000000002,2.9528091846242814,3.698067683058489
15116.666666666668,3.049191593397747,3.658253297906602
15133.333333333334,2.831701656378583,3.7569426321877755
15150.000000000002,2.7887959553776116,3.8203977981657697
15166.666666666668,2.6052853920000034,3.9905194859444446
15183.333333333334,2.6100334759944426,3.804719741377782
15200.000000000002,2.6470718984008013,3.8679628704980953
15216.666666666668,2.713098638894434,3.959777513402291
15233.333333333334,2.6793069849706295,4.205526295478931
15250.000000000002,2.4506156121151537,3.850344657913159
15266.666666666668,2.495107267222771,3.79132049018461
15283.333333333334,2.2663881600578097,3.8957822949919363
15300.000000000002,2.102842064188203,3.9725470901529967
15316.666666666668,2.085880199579892,3.8418756231288045
15333.333333333334,1.8034481800845152,3.8961659372797555
15350.000000000002,1.851484032166011,3.812123088927824
15366.666666666668,1.8793106490870517,3.832152879598074
15383.333333333334,2.0093417593333487,3.81799812755553
15400.000000000002,2.0886333643001436,3.794582556433344
15416.666666666668,2.073127301190082,3.668533863380047
15433.333333333334,2.6522887676165166,3.625542934437818
15450.000000000002,2.6175390533069103,3.5470843101449474
15466.666666666668,2.3429298640918708,3.5027850500834172
15483.333333333334,2.812132302277737,3.4681698545000264
15500.000000000002,3.0258725350174913,3.674781405519416
15516.666666666668,3.098834185370732,3.4020941104783544
15533.333333333334,3.213791190209775,3.0381066745143817
15550.000000000002,3.6148505205333095,3.045007097866637
15566.666666666668,3.6588890915306704,3.0119232520590433
15583.333333333334,1.8159388372928715,3.20597554446112
15600.000000000002,-4.270771651407665,-0.5220679501252705
15616.666666666668,-4.5792633124232704,-2.3137884485024722
15633.333333333334,-5.112889023250509,-2.2254329893891422
15650.000000000002,-4.8396130088834175,-2.262294353700057
15666.666666666668,-4.971992875087483,-2.724110648068497
15683.333333333334,-5.14907879659613,-2.7847785423899065
15700.000000000002,-5.112545239763481,-2.602635762951824
15716.666666666668,-5.192627275127514,-2.688573228592819
15733.333333333334,-5.148119197635733,-2.7207734610167535
15750.000000000002,-5.147310826996719,-2.7237608283307564
15766.666666666668,-5.164252879023683,-2.8005322036786424
15783.333333333334,-5.162131811434623,-2.646216133779562
15800.000000000002,-5.140435321983328,-2.612778871883358
15816.666666666668,-5.221397272527607,-2.8294912847374873
15833.333333333334,-5.587122088450221,-2.7972891819701284
15850.000000000002,-5.961876524282702,-2.9273989974585986
15866.666666666668,-6.071689439680152,-3.2170482340385247
15883.333333333334,-11.210763110254051,-3.2338605218771552
15900.000000000002,-25.79576710409886,-5.475314526936697
15916.666666666668,-32.782427033333356,-5.518840095402292
15933.333333333334,-32.877573020905935,-5.6374124528455285
15950.000000000002,-33.384625951316664,-6.024629485166715
15966.666666666668,-33.27807012825003,-6.3468460984722475
15983.333333333334,-33.51684472387386,-6.625722895806917
16000.000000000002,-33.587319327813915,-6.882021949057894
16016.666666666668,-34.017521164222266,-6.808681443238872
16033.333333333334,-34.122697203155546,-6.609012943911113
16050.000000000002,-34.009687744156814,-6.517285377124905
16066.666666666668,-34.62300589448338,-6.212647063947148
16083.333333333334,-34.94170597133657,-6.29717554551055
16100.000000000002,-35.29392102373327,-6.297526571416668
16116.666666666668,-35.42738246646673,-6.323590565977777
16133.333333333334,-35.52041731383198,-6.069045914698213
16150.000000000002,-35.67073506362426,-5.868007229221033
16166.666666666668,-23.065537561327186,-4.619287872883346
16183.333333333334,-2.365978410865119,-1.4056382294104244
16200.000000000002,4.1166280694152295,2.134295816774961
16216.666666666668,3.1418359230880233,1.9471634658730148
16233.333333333334,2.1569329649722246,2.0502674444444615
16250.000000000002,1.5895969315999796,2.1561423645999844
16266.666666666668,1.223111084377485,2.2114717151333254
16283.333333333334,0.928955272638479,2.3026921471084454
16300.000000000002,1.2133108126336931,2.2379265053000474
16316.666666666668,1.2976333346778113,2.4257936538777756
16333.333333333334,1.467046082018804,3.483043190550857
16350.000000000002,1.3780509921958948,4.262082946279883
16366.666666666668,1.4047518141818505,4.561550672497121
16383.333333333334,1.032987324680239,4.303756891825156
16400.0,0.5961164185907182,3.829819689555341
16416.666666666668,0.44487279566305604,3.6077371170593935
16433.333333333336,0.23123246192308988,3.2444792277778594
16450.0,0.42226542469990785,3.674015909316387
16466.666666666668,0.4553850732266305,4.241408873720596
16483.333333333336,0.6592482742280009,4.1534737336449306
16500.0,0.7709948393863492,4.587924072186141
16516.666666666668,3.5349031890112337,3.6675993763879577
16533.333333333336,4.333581847868129,2.5341886966649314
16550.0,4.339970552241456,2.6095137264314427
16566.666666666668,4.546723391196798,2.262511401796231
16583.333333333336,4.511830427141948,2.2116374512133374
16600.0,4.571786164582279,2.182884082357839
16616.666666666668,4.550429671880565,2.366703847698332
16633.333333333336,4.557957257637269,2.557151118335897
16650.0,4.498927617166649,2.4605666121666774
16666.666666666668,4.464400845883142,2.623808335181513
16683.333333333336,4.451828678005707,2.5912893761825533
16700.0,4.442526981859092,2.5328833010993885
16716.666666666668,4.390624439361189,2.444928695333324
16733.333333333336,4.366705512215006,2.4364361191934565
16750.0,4.234592041066673,2.203908485866677
16766.666666666668,4.22188833595556,2.221016469644435
16783.333333333336,4.044354097370924,2.2707096859373936
16800.0,3.944597693806228,2.107004888761201
16816.666666666668,3.7836646547440638,2.2536283355734223
16833.333333333336,3.743326028282775,2.157396757914092
16850.0,3.5757398272863727,2.1090864886056546
16866.666666666668,3.7587448684888862,2.1561634014666895
16883.333333333336,3.8522871174302806,2.239155199733297
16900.0,3.9884395017042453,1.9565631776775623
16916.666666666668,3.7795620197223005,2.225306851944443
16933.333333333336,3.641994934306628,2.064230330969821
16950.0,3.7832898108445465,1.9805110840079947
16966.666666666668,3.576738470784765,1.9505112925407728
16983.333333333336,3.723669036268073,1.9072219319602113
17000.0,3.405571021333289,1.7906090323333348
17016.666666666668,3.357599285612744,1.7906984884336428
17033.333333333336,3.351179083397214,1.6351723926240946
17050.0,3.5794361814240414,1.6703916695014125
17066.666666666668,3.2418555637107507,1.9750648460309446
17083.333333333336,3.3596964721192792,1.8156266874103466
17100.0,2.9420193111725825,2.633735403034721
17116.666666666668,1.5906433355010121,2.9599644091712727
17133.333333333336,1.3469318547774902,3.114508685388913
17150.0,1.363629066600343,3.4721497607296916
17166.666666666668,1.1555466053637888,3.326858377094107
17183.333333333336,1.3787074302762734,3.2922900161247823
17200.0,1.4542088144595147,3.308287634732646
17216.666666666668,1.726070721399202,3.2976989216994284
17233.333333333336,1.923897332205426,3.3711209241386597
17250.0,1.732217482256699,3.3557106613587115
17266.666666666668,1.6616548670776166,3.378355934627164
17283.333333333336,1.5912990336889883,3.275187311444744
17300.0,2.2135164981658084,3.1802031385192606
17316.666666666668,1.9825929969858496,3.295737801746177
17333.333333333336,2.104255492981944,2.994206668190466
17350.0,2.3352723891892015,3.178485194819822
17366.666666666668,2.538450417814634,3.173016433238806
17383.333333333336,2.262334997376564,3.2657869654661034
17400.0,2.12330326297787,3.3167869911868313
17416.666666666668,1.9582828348221846,3.3719245152833373
17433.333333333336,2.0143527204213068,3.1596411024179054
17450.0,1.9913427448166743,3.103636174999981
17466.666666666668,2.338263571817132,3.2212895537740196
17483.333333333336,2.1875863107119966,3.2377193920046325
17500.0,2.066509914014029,3.3064755600600617
17516.666666666668,2.0993264664664353,3.2419856679901646
17533.333333333336,1.9310494585832996,3.3602411079445935
17550.0,2.1481998581708965,3.4695418645176797
17566.666666666668,1.9786594189872297,3.475559284436661
17583.333333333336,2.1503899881166473,3.5428460906842556
17600.0,2.114284845203685,3.583786816857883
17616.666666666668,2.1731697516978543,3.769152547740523
17633.333333333336,2.1190030234654063,3.7395729728548606
17650.0,2.602497616441637,3.9639727858570746
17666.666666666668,1.6464237533899788,3.7327991317674583
17683.333333333336,1.3694351195681418,3.6947667959219035
17700.0,1.203267213726294,4.187061986823103
17716.666666666668,1.0389349851666811,4.416668535277764
17733.333333333336,1.015307144444228,4.629752211666114
17750.0,0.8364856438727878,4.85794126063936
17766.666666666668,0.8116895902515664,5.074099711116709
17783.333333333336,0.8593966019045582,5.118872293358899
17800.0,0.9442087478521047,5.127160922277772
17816.666666666668,0.6365288084401619,5.015930639408085
17833.333333333336,0.5143125924633137,4.9980573105568356
17850.0,0.49405508290858435,5.142453382442089
17866.666666666668,0.6912684616338568,5.25807035081193
17883.333333333336,0.5127895742536693,5.19874714017005
17900.0,0.19620468641666772,4.984028597249945
17916.666666666668,0.07027005408903188,4.734581501400014
17933.333333333336,0.1448012658440371,4.709542712433998
17950.0,0.5950116371200832,4.719875947766132
17966.666666666668,0.2386678871178025,4.731835423130486
17983.333333333336,0.8220093756701011,4.7244193261483405
