0.0,15.069260033333345,-5.861488266666667
16.666666666666668,9.73603564941052,5.276237224569017
33.333333333333336,11.161543653064728,4.037665465370964
50.0,10.415560188433341,4.876511192900002
66.66666666666667,10.325885310133339,4.889484322488892
83.33333333333334,10.214825468577429,4.82008612447537
100.0,9.993134547466665,5.049659565333334
116.66666666666667,10.341375096168582,5.133104647381858
133.33333333333334,10.163815159901212,5.4179753257686745
150.0,10.265455230266664,5.740223755599997
166.66666666666669,10.585845656629926,5.794414859018041
183.33333333333334,10.808375852107275,5.467830149936142
200.0,8.733784445133331,5.349653658800006
216.66666666666669,1.9083945261757924,4.453412998900553
233.33333333333334,2.563395660093433,4.056670055299744
250.00000000000003,2.3370209960079786,3.919348874850302
266.6666666666667,2.4648030298368298,3.6945040195027183
283.33333333333337,2.5582758183055545,3.66958981141667
300.0,2.3701999379333265,3.8982664427333282
316.6666666666667,2.416541185955704,3.604161135807832
333.33333333333337,2.089129709138885,3.5250370352500027
350.0,1.9091338964588438,4.06441649092269
366.6666666666667,1.287182308408111,3.9250549309405103
383.33333333333337,0.7783023078144078,3.9303046551060055
400.0,0.68938403861931,3.894302959579789
416.6666666666667,0.6873752052635681,3.7557755102234665
433.33333333333337,0.41007416485374193,3.767513524735847
450.00000000000006,0.1214126029985026,3.731870567866073
466.6666666666667,0.047826830396743514,3.600309168031873
483.33333333333337,-0.009779526908768647,3.370103107407406
500.00000000000006,-0.031994639579904685,3.2882556234486544
516.6666666666667,-0.19872596799511177,3.6347024410705364
533.3333333333334,-0.08668367400734324,3.676154953303306
550.0,-0.1124328390804567,3.836483872796932
566.6666666666667,-0.3480273739347209,3.7693510185614
583.3333333333334,4.6802384540777915,4.185335993344446
600.0,6.738040906560347,4.137397788720342
616.6666666666667,6.080793016138361,4.485064485285284
633.3333333333334,6.443407511800005,4.578768047555558
650.0,6.011014839463596,4.688909304564382
666.6666666666667,5.923117824572221,4.816996636488893
683.3333333333334,5.667362716652783,4.931033952501523
700.0,5.636961881691544,4.9279807935323365
716.6666666666667,5.88856652330845,4.772772622662452
733.3333333333334,5.979708080920647,4.7692248574435
750.0,6.062181026700008,4.675852243816667
766.6666666666667,6.169032112723531,4.570574712537672
783.3333333333334,6.392532032167246,4.370913189577434
800.0,6.519258779466663,4.247872716649999
816.6666666666667,6.508884881449998,4.28663060665555
833.3333333333334,6.434458439312014,4.206854904771054
850.0000000000001,5.982568803249992,4.563365283333339
866.6666666666667,5.236026094277782,4.966073635200003
883.3333333333334,4.919694572044442,5.2309193989555505
900.0000000000001,11.216829410750053,4.963754599316662
916.6666666666667,14.201836142483003,5.055073644110107
933.3333333333334,14.167333035232375,5.446828925248487
950.0000000000001,13.723717162616673,5.58601233733333
966.6666666666667,13.425946655622228,5.592653552177774
983.3333333333334,13.654028093714258,5.468132062929648
1000.0000000000001,13.879874841245211,5.473925344650305
1016.6666666666667,14.241711670457448,5.379504058362514
1033.3333333333335,14.2857463985063,5.0755122346771
1050.0,14.401394999216272,5.1021880481907615
1066.6666666666667,14.00333091234753,6.237541806984124
1083.3333333333335,14.154314923194441,6.313669045483341
1100.0,13.343183105999996,7.80040878720002
1116.6666666666667,-51.17610361207747,0.0
1133.3333333333335,-64.0,-36.0
1150.0,-64.0,-36.0
1166.6666666666667,-64.0,-36.0
1183.3333333333335,-61.24039528040211,0.0
1200.0,-6.9042572262490545,29.786501029707665
1216.6666666666667,3.967289990777856,13.065327969083206
1233.3333333333335,7.6600541001111715,6.798433946284253
1250.0,7.612744096351821,6.220987321339333
1266.6666666666667,7.5788136476365215,6.070299979095757
1283.3333333333335,7.928845357742354,5.72080176625145
1300.0,8.322707845416664,5.411669498566668
1316.6666666666667,8.472404887483458,5.557508994138787
1333.3333333333335,8.48227546906667,5.521334466888889
1350.0,8.504042688444233,5.315874336434885
1366.6666666666667,8.395230598988391,5.286756864626759
1383.3333333333335,8.499511839618354,5.320263057613575
1400.0,8.303649019226286,5.4279627423711885
1416.6666666666667,8.248394256716086,5.548572365350658
1433.3333333333335,8.381148757323992,5.639971034278723
1450.0,8.530337872707609,5.4592086320352795
1466.6666666666667,8.481602588677777,5.539885871711121
1483.3333333333335,8.49245751878333,5.224511283366664
1500.0,8.395048717000861,5.196709001859921
1516.6666666666667,8.241327630951984,5.520770613548093
1533.3333333333335,8.37464676702779,5.4760459262055505
1550.0,8.398378305447276,5.624773078610696
1566.6666666666667,8.523735411963239,5.528467587919799
1583.3333333333335,8.546277888372998,5.543909226077547
1600.0,8.398958131684164,5.654893232267197
1616.6666666666667,8.907734759911113,5.677211222511111
1633.3333333333335,8.865087929811104,5.75923809508889
1650.0000000000002,8.877165040000001,5.775990773083334
1666.6666666666667,9.095846292885135,5.4677051129933245
1683.3333333333335,9.069535520868701,5.3738922214844385
1700.0000000000002,9.114563869498584,5.389249357188077
1716.6666666666667,9.46006982810457,5.005184129990789
1733.3333333333335,10.206387327763888,3.760674374701538
1750.0000000000002,10.066336131283327,4.04751251370001
1766.6666666666667,10.26606473642315,3.8288814171742387
1783.3333333333335,10.357852741749836,3.762937892248845
1800.0000000000002,10.428710005342614,3.9587869931475064
1816.6666666666667,10.402044192492484,3.9091536410299166
1833.3333333333335,10.514110158458013,3.8246838304907285
1850.0000000000002,10.270108191954023,3.9657242509578494
1866.6666666666667,10.290668059164853,3.8621844845743856
1883.3333333333335,10.739292551635282,3.7104509506913224
1900.0000000000002,10.793704706093909,3.8706526336330334
1916.6666666666667,11.00774474551559,3.8119313569153093
1933.3333333333335,11.180474868403827,3.8439263702575186
1950.0000000000002,11.295718133699445,3.7974916878681975
1966.6666666666667,11.34506451305721,3.777134249911286
1983.3333333333335,11.156533137522224,3.5874603834999954
2000.0000000000002,11.385885751275636,3.386964996698351
2016.6666666666667,11.392450820089948,3.3938264008495778
2033.3333333333335,11.414334472144363,3.5840638546546497
2050.0,11.525320629060683,3.3156551816625073
2066.666666666667,11.628955427344872,3.401714031818177
2083.3333333333335,11.56008930332388,3.5333344282530157
2100.0,11.240211713440047,3.6751479796731696
2116.666666666667,10.997713818992828,3.816224244744599
2133.3333333333335,10.869864899555566,3.941248135822223
2150.0,10.996037387545778,4.045523925208132
2166.666666666667,8.37256359107419,3.9922112030530728
2183.3333333333335,4.918785586868715,4.677532941741567
2200.0,5.559926279379381,4.167219163830496
2216.666666666667,5.462073634272686,3.9977853144349904
2233.3333333333335,5.543006522522374,4.138093197726645
2250.0,5.622232255761211,3.828425138402529
2266.666666666667,5.344117263658098,3.888119843354464
2283.3333333333335,5.285664985973049,4.539309059531705
2300.0,5.221786171935964,4.676277866316494
2316.666666666667,4.901817316572212,4.607869304161112
2333.3333333333335,4.62451990568345,4.41144734993883
2350.0,4.541169148724358,4.114587784925792
2366.666666666667,4.461207666172944,3.7690961875994593
2383.3333333333335,4.388632391858531,3.4981425710599496
2400.0,4.55259682192191,3.3325315657657737
2416.666666666667,4.507506836651244,3.457447491589503
2433.3333333333335,4.636347625248987,3.537732953413458
2450.0,5.011668048642348,3.34211237916042
2466.666666666667,4.943392606004477,3.3456399845117852
2483.3333333333335,4.510286843499994,3.5898217849444527
2500.0,4.373945826886556,3.581067105997006
2516.666666666667,4.101209104273935,3.617760602802848
2533.3333333333335,4.262712525288888,3.441285375099997
2550.0,7.196648008737683,3.0949035032349563
2566.666666666667,6.961731389729449,2.940688533322205
2583.3333333333335,6.437905980222215,3.4711193094888904
2600.0,6.163501063981984,3.36821777095215
2616.666666666667,6.359534788794501,3.144389751474259
2633.3333333333335,6.318609668136332,2.9498897098707557
2650.0,6.196085302451236,3.1536284018676035
2666.666666666667,6.027089905305797,3.2180758216339256
2683.3333333333335,6.109451761597469,3.1430002604135403
2700.0,6.09098210963333,3.165389165799998
2716.666666666667,5.98455904773498,3.20006310692013
2733.3333333333335,5.971529675755562,3.2932881293333387
2750.0,5.897467864901766,3.29732211165501
2766.666666666667,6.000851692920749,3.496545988103528
2783.3333333333335,6.420121171545125,3.5705002751082207
2800.0,8.356543836831573,3.537281694902549
2816.666666666667,7.887807744377747,3.608179538335831
2833.3333333333335,7.792126034795179,3.605682003951977
2850.0,7.847536332999988,3.6826557389999994
2866.666666666667,7.962902032176615,3.731989264253148
2883.3333333333335,8.046670752777782,3.9653991777777766
2900.0,8.236004758756216,3.972874795638476
2916.666666666667,7.981184658215346,4.120957980609695
2933.3333333333335,7.955888182449119,4.103031869892114
2950.0,7.533384749450547,3.6363643541458512
2966.666666666667,7.347219037606836,3.8267065566766627
2983.3333333333335,6.963084721200511,4.222036245721587
3000.0,6.895008443722942,4.131056429204124
3016.666666666667,6.749764048403582,4.1736773165417365
3033.3333333333335,6.830832518511106,4.188488346866666
3050.0,7.009568330615305,4.086520200350177
3066.666666666667,7.025931502393255,4.058326857182517
3083.3333333333335,7.098452808187723,3.812655883191874
3100.0,6.8557085521021115,3.7466508998498522
3116.666666666667,6.613550936005548,3.828097118005558
3133.3333333333335,6.8946934368555475,3.854225945577779
3150.0,7.031810271235618,3.7941193983825263
3166.666666666667,6.824766885678521,4.0603378886218175
3183.3333333333335,6.923050296320331,3.7875091543623065
3200.0,7.159736145094121,3.5835047200233188
3216.666666666667,7.133765789827775,3.6493327815166583
3233.3333333333335,6.951222843999988,3.3739216657777855
3250.0000000000005,6.393157203496493,3.678450786013969
3266.666666666667,6.1854908472485945,3.8498303848242568
3283.3333333333335,6.112651300666658,4.135943336577775
3300.0000000000005,5.921820086643328,4.515036217875599
3316.666666666667,6.003634189444455,4.379596878333332
3333.3333333333335,5.953841524154584,4.257419190027209
3350.0000000000005,6.115228982058973,4.123800273863057
3366.666666666667,6.072323332261114,4.095324437000005
3383.3333333333335,6.060785845798106,4.0987265681418865
3400.0000000000005,6.1052918765766,4.022730787137129
3416.666666666667,6.377137704917309,3.7202988613608596
3433.3333333333335,6.493716774494446,3.5848067853888907
3450.0000000000005,6.360410802367864,3.436843357528757
3466.666666666667,2.409531468658533,3.7673524572748005
3483.3333333333335,3.2184510451163275,3.5646847455272375
3500.0000000000005,3.049274430466655,4.028364303916675
3516.666666666667,3.2642163063936054,4.2150317893995
3533.3333333333335,3.224144028078076,4.171804136208429
3550.0000000000005,3.143187526320167,4.047511202781936
3566.666666666667,3.5479645289867143,3.8056923462064405
3583.3333333333335,3.19597431291202,3.71240347132455
3600.0000000000005,2.8817190608304175,3.7951055274637415
3616.666666666667,2.7399032517499857,3.9110930962888943
3633.3333333333335,2.841354724155558,3.7980204616
3650.0000000000005,2.909408620279724,3.58939357965368
3666.666666666667,2.552509116241455,3.6536658003446196
3683.3333333333335,2.537411793821004,3.6711971124134117
3700.0000000000005,2.5528144791228966,3.955984740353524
3716.666666666667,2.44616898034871,3.773646581670274
3733.3333333333335,2.38308296004113,3.645365194113727
3750.0000000000005,2.226611254300005,3.5035002170666467
3766.666666666667,2.2705184272383443,3.3994100328884405
3783.3333333333335,2.2883474510633492,3.2453881668499056
3800.0000000000005,2.053262775583331,3.318303261166665
3816.666666666667,1.9619523165861505,3.3467667121151883
3833.3333333333335,2.131854346762335,3.575846165855151
3850.0000000000005,9.02115567036484,3.8832609457770912
3866.666666666667,9.732711706383903,3.8995371813783914
3883.3333333333335,9.22441608106111,3.790239671483332
3900.0000000000005,9.142940748333354,3.863728065999998
3916.666666666667,9.271231743255559,3.898681581911113
3933.3333333333335,9.309485340670328,3.959083077772218
3950.0000000000005,9.387983751681663,3.978962957808859
3966.666666666667,9.396052880067826,4.173260465171467
3983.3333333333335,9.131593825688887,4.557645709488891
4000.0000000000005,9.283119308899822,4.533364009039918
4016.666666666667,9.443080170196469,4.506603104906204
4033.3333333333335,9.35660345449445,4.486032271844446
4050.0000000000005,9.152899721699994,4.522010458750002
4066.666666666667,9.177602226355567,4.371725603977781
4083.3333333333335,9.607190041991345,4.101410755511155
4100.0,9.459132933066678,3.8547891152666662
4116.666666666667,9.188638349015674,4.6315688902069105
4133.333333333334,9.208734665616145,4.892855818086813
4150.0,9.541593482017982,4.416948670063269
4166.666666666667,9.538253857664275,4.437337828470485
4183.333333333334,9.577315708036398,4.450088174014879
4200.0,9.163216056271867,4.757213700982843
4216.666666666667,9.509203242341016,4.456919570812505
4233.333333333334,9.579318278239112,4.278420704769041
4250.0,9.605852806829928,4.2371470813426635
4266.666666666667,9.93727515137718,3.7822590020236064
4283.333333333334,9.705400315728706,3.9315440261183268
4300.0,9.56049574330498,3.840201029764884
4316.666666666667,9.714572752444434,3.702662795911111
4333.333333333334,9.523213828221353,4.417041108305625
4350.0,-0.09516825643754911,22.371051171362687
4366.666666666667,-57.948000463111114,-34.61402233044445
4383.333333333334,-64.0,-36.0
4400.0,-64.0,-36.0
4416.666666666667,-63.677222066312936,-1.8194048535532659
4433.333333333334,-42.2413540241682,-0.7990007463021844
4450.0,-33.48930846486572,-8.420844387043553
4466.666666666667,0.9112370714795893,17.532632157552698
4483.333333333334,5.9985382296001735,8.420563478087422
4500.0,7.496788057757756,5.8985787658658655
4516.666666666667,7.947003882174682,4.849694994592985
4533.333333333334,8.03140041794445,4.109724038283317
4550.0,8.080850768933326,3.8571210342666866
4566.666666666667,8.306873088311974,3.612698627486548
4583.333333333334,8.484721109587356,3.5649516185852748
4600.0,8.642213504847582,3.6012430017491277
4616.666666666667,8.527162620287461,3.641359360829167
4633.333333333334,8.417980925288884,3.733251039911115
4650.0,8.513143160230113,3.686120053876937
4666.666666666667,8.489961866220902,3.7206214173520524
4683.333333333334,8.618376831534238,3.603085546076973
4700.0,8.752070251075542,3.595170143971993
4716.666666666667,8.800736167768356,3.5813323013674405
4733.333333333334,8.819809427744419,3.3669928385329726
4750.0,8.770398791424752,3.6711442206206204
4766.666666666667,8.871126508832202,4.166482566800065
4783.333333333334,8.72683504061474,3.9087281283808593
4800.0,8.362600921944104,3.7600080496036643
4816.666666666667,9.078313532966675,3.146897453888887
4833.333333333334,8.76456130242222,3.309924690755568
4850.0,8.545310470333332,3.545742269933331
4866.666666666667,8.607725737911101,3.5562140980666674
4883.333333333334,8.70332956146113,3.6841994054444496
4900.0,8.687737588916713,3.8489955708229004
4916.666666666667,8.749567195402303,3.7371556691321026
4933.333333333334,8.889891588310526,3.7712364421087634
4950.0,8.717577679906626,3.8634784316825064
4966.666666666667,8.747913387632687,3.732140772764145
4983.333333333334,8.547112634349514,3.824927456610586
5000.0,8.884073811413748,3.879113350713359
5016.666666666667,8.988767070583327,4.3828897206222175
5033.333333333334,8.859892259600509,4.479700170160786
5050.0,9.054629608308309,4.362762487921254
5066.666666666667,9.42468684130798,4.032236843054154
5083.333333333334,9.423328811005616,3.8997157716586046
5100.0,9.255598715083702,4.047993809265704
5116.666666666667,9.463975460257897,4.374385014134844
5133.333333333334,9.634898484322223,4.407175200094444
5150.0,9.350882253893628,4.422950719726536
5166.666666666667,9.296200895342121,4.3149954721360695
5183.333333333334,9.172792582753075,4.547604822694186
5200.0,9.2283996632,4.462781663600016
5216.666666666667,9.318981325362682,4.616819330459666
5233.333333333334,9.181213898394438,4.579388744483337
5250.0,9.18983941223945,4.62423683655161
5266.666666666667,9.324761187912095,4.634134186691078
5283.333333333334,9.35380832147964,4.496547440216126
5300.0,9.49337214827587,4.294479556671663
5316.666666666667,9.337983533199996,4.105422368344447
5333.333333333334,8.96380630402623,3.9038109579802054
5350.0,8.495560709333345,3.8709002745000123
5366.666666666667,8.75959322673785,3.590035951006555
5383.333333333334,8.567339409610897,3.7897843110336984
5400.0,8.76406224243333,3.991681745466672
5416.666666666667,9.479502049596212,3.991756437231965
5433.333333333334,8.934789503694445,4.081814174249991
5450.0,8.891011584084087,3.8651776684684735
5466.666666666667,9.112334534250461,3.614872126507692
5483.333333333334,8.890035570213108,3.7559081073038296
5500.0,8.844016539440842,4.03544196165751
5516.666666666667,8.70678917061271,4.304048872804976
5533.333333333334,8.51739261102754,4.190218266666663
5550.0,8.407061821339335,3.8400813961519225
5566.666666666667,8.663592881870764,3.696926054943834
5583.333333333334,8.902793341301502,3.711528520526871
5600.0,8.709337342654646,3.770708384358857
5616.666666666667,8.791656469329112,3.639747800511367
5633.333333333334,8.814028443704824,3.7979138673951742
5650.0,8.860003187149998,4.073744481266666
5666.666666666667,8.699961193785132,4.251436992049184
5683.333333333334,8.818732643366122,4.2732062342560235
5700.0,6.156053114833342,4.961225500833336
5716.666666666667,7.334170303029311,5.147238625561089
5733.333333333334,7.088784670114948,4.36276892413238
5750.0,7.695015055622181,4.358733485707155
5766.666666666667,7.598011191911119,4.3303914874666685
5783.333333333334,7.55060606358333,4.25519708697221
5800.0,7.4597027314157005,4.201842333216607
5816.666666666667,7.372075059303673,4.53998565774335
5833.333333333334,7.271334027647288,5.004849929202065
5850.0,7.281698794124526,5.1410849302620605
5866.666666666667,7.491719164035966,5.000060193767344
5883.333333333334,7.57593977801087,5.020028254723051
5900.0,7.4521100971972105,4.883261196496489
5916.666666666667,6.890358659507524,5.041689931943749
5933.333333333334,7.434999403091359,5.105439237555213
5950.0,7.38667246046667,5.2084261701999965
5966.666666666667,7.574981456467154,5.034121887827238
5983.333333333334,7.543324432527379,4.977687662759148
6000.0,7.41526062369297,4.4894080741425375
6016.666666666667,7.527840882335618,4.307457482291147
6033.333333333334,7.488882223754814,4.355766623810359
6050.0,8.223088192983328,4.373992326983318
6066.666666666667,8.153304305319558,4.583508576145266
6083.333333333334,8.09233284975335,4.666746486916046
6100.0,7.424253204531066,4.451703389638519
6116.666666666667,7.260211696374042,4.935191056449565
6133.333333333334,7.443873131760332,4.867563643627352
6150.0,6.970389116141928,4.336693262668667
6166.666666666667,9.034602532213487,4.403858727876448
6183.333333333334,13.928856542267752,3.686616119307028
6200.0,12.84761212745718,3.8023479643214775
6216.666666666667,13.076404727800018,3.650116259000002
6233.333333333334,13.44264485495376,3.5575740738214483
6250.0,12.96920836779886,3.373969621212121
6266.666666666667,13.02993646288158,3.8231678844932784
6283.333333333334,12.655973995741023,4.08052068437448
6300.0,12.784523668333327,4.117840473333336
6316.666666666667,12.89808024343788,4.101835408819932
6333.333333333334,13.14640914370925,4.138177564972239
6350.0,13.297052224887558,3.9615593168415795
6366.666666666667,13.270342914805552,3.890768888166664
6383.333333333334,16.85180466832068,2.9278341495059848
6400.0,19.02612828284189,1.9684528994502777
6416.666666666667,18.759873636312847,2.064262965114834
6433.333333333334,18.619609241168305,1.897197355177955
6450.000000000001,18.887596193253387,1.8038281471764215
6466.666666666667,19.24530347628333,1.8006090739999971
6483.333333333334,19.65737532300989,1.5247413881291627
6500.000000000001,20.169789148401644,1.5013893239593756
6516.666666666667,20.4646684401577,1.6904554334055224
6533.333333333334,20.433891957637517,1.6829485052327178
6550.000000000001,20.725506272072103,1.7557971936937022
6566.666666666667,21.103335930530537,1.4890571003670245
6583.333333333334,21.139852606892337,1.7043989988327444
6600.000000000001,21.542351305359183,1.5316391132238225
6616.666666666667,21.528703315890514,1.640927796572628
6633.333333333334,21.67450348704537,1.5163417171747273
6650.000000000001,21.79403871729138,1.380856301849052
6666.666666666667,15.89552467022565,1.668295083116477
6683.333333333334,10.15539833371495,3.5783612268624614
6700.000000000001,10.978523492913116,3.672811274553912
6716.666666666667,11.325277625925917,3.3407419607407354
6733.333333333334,10.965744209160137,3.2445842232505075
6750.000000000001,10.733411250991175,3.5176347704647783
6766.666666666667,11.096784411599996,3.3530307026222257
6783.333333333334,11.100554345599416,3.21943433358876
6800.000000000001,10.951498888686118,3.362375715571788
6816.666666666667,11.067092596473184,3.381215888800453
6833.333333333334,11.175891440390396,3.370679848726509
6850.000000000001,11.098868532833333,3.4778000746666673
6866.666666666667,10.837399074450559,3.295172236321144
6883.333333333334,10.416406835005562,3.645897176894459
6900.000000000001,10.79124636163082,3.4921356499082936
6916.666666666667,10.795623745850452,3.580801479622018
6933.333333333334,10.757800320561955,3.485121536853786
6950.000000000001,11.609276581052313,2.985030101015619
6966.666666666667,11.606954293983323,2.7886982872111163
6983.333333333334,11.56240137964532,2.790364744422285
7000.000000000001,11.517160148148156,2.875360564814822
7016.666666666667,10.899081546066695,3.3116350827277556
7033.333333333334,9.712536203324467,4.734762113075812
7050.000000000001,9.581001350250006,4.717819505933334
7066.666666666667,9.115857536326306,4.955781256321828
7083.333333333334,9.017622977705697,5.194892241306277
7100.000000000001,9.281595810755391,4.878647970201741
7116.666666666667,9.315987487369526,4.992603413326377
7133.333333333334,8.963156658347227,5.350193602908473
7150.000000000001,8.861856773000023,5.430720345333315
7166.666666666667,9.580285999001983,4.804492922687956
7183.333333333334,9.484137508973276,5.154044090876777
7200.000000000001,9.126096287699951,5.135159730233355
7216.666666666667,8.96250612827273,5.096811500155709
7233.333333333334,9.642774238202394,5.2632457849424785
7250.000000000001,9.111149383908053,5.128676604914121
7266.666666666667,9.141437527368796,5.532117551110022
7283.333333333334,9.531454771182224,5.016708626103957
7300.000000000001,9.561131071672555,5.092464993684714
7316.666666666667,9.211280485738138,5.746791993576038
7333.333333333334,9.782166624166672,5.3754542452166545
7350.000000000001,10.192622772413793,4.943592984591025
7366.666666666667,10.30891404600001,4.701225857433332
7383.333333333334,10.176663560097719,4.742178450785737
7400.000000000001,9.894586907133322,4.925876424466681
7416.666666666667,9.903369104674557,5.339259581802022
7433.333333333334,9.770950973403732,5.859005299653636
7450.000000000001,10.079701054798901,5.0202575915706875
7466.666666666667,10.014548146879,5.53946879899394
7483.333333333334,10.130102416566663,5.22335457106666
7500.000000000001,10.166942228528539,5.158771233183172
7516.666666666667,10.755567800222218,5.04475193377778
7533.333333333334,10.745924757342642,5.1333673536908
7550.000000000001,9.7716810069331,7.136199895200694
7566.666666666667,-31.488547115886476,36.0
7583.333333333334,-64.0,-36.0
7600.000000000001,-64.0,-36.0
7616.666666666667,-64.0,0.0
7633.333333333334,-43.771845162180476,0.07803901952562596
7650.000000000001,-9.502635560545949,29.70851724970772
7666.666666666667,2.429362339408636,19.455274892251605
7683.333333333334,7.538915508836617,10.63230729997194
7700.000000000001,9.638451075608058,7.295512678755305
7716.666666666667,10.20356745239603,6.138162902304408
7733.333333333334,10.407155325244469,5.5286314757333095
7750.000000000001,10.74096668886112,5.041927506753333
7766.666666666667,11.077181977283093,4.467724059991114
7783.333333333334,11.055956631002312,4.334649794949501
7800.000000000001,11.113640947411495,4.268124813677355
7816.666666666667,11.129049794805205,4.061802062049063
7833.333333333334,11.18099764835556,3.91449729048889
7850.000000000001,11.016780180732782,4.190520929141474
7866.666666666667,10.623735092533336,4.520446280177771
7883.333333333334,7.997792975068081,3.352652164697043
7900.000000000001,0.9161649429051076,3.375022088161152
7916.666666666667,1.4846814480024595,2.92479321553231
7933.333333333334,2.067655344549957,2.3116468827808307
7950.000000000001,2.3325065309667026,2.1877528283166465
7966.666666666667,2.3820879720888892,1.8770399448555504
7983.333333333334,1.728939013190942,1.8031762607830042
8000.000000000001,0.8740968906333106,1.7849153638333157
8016.666666666667,0.7488582052628784,1.7282388681542353
8033.333333333334,0.5921361100550407,1.7421225548718626
8050.000000000001,0.7795294055833556,1.6342244482999737
8066.666666666667,1.4921671318310883,1.4675790771156678
8083.333333333334,0.7421364312100438,1.7659701991273435
8100.000000000001,0.604540099416641,1.8075045190833343
8116.666666666667,0.4185049656555645,1.6758968378777723
8133.333333333334,0.19776495993114646,1.507159504664335
8150.000000000001,-0.1817725948103845,1.6144210390552265
8166.666666666667,-0.15713069156551412,1.7019957288515368
8183.333333333334,0.4694480225338097,1.6101655201702443
8200.0,12.233949095045098,3.5286597581081205
8216.666666666668,10.677893085588844,4.022956810277667
8233.333333333334,10.781223345506062,4.000424928942281
8250.0,10.586223347657167,3.9684433831248875
8266.666666666668,10.596959561008296,3.978705967139096
8283.333333333334,10.404578855288609,3.785168725347581
8300.0,10.29435014995844,3.9101257817123845
8316.666666666668,10.327474607647979,4.286935411399718
8333.333333333334,10.648820870138886,4.421198291922211
8350.0,10.594371644733314,4.642163410933353
8366.666666666668,10.712523577416665,4.438258126622218
8383.333333333334,10.854349453315598,4.122432940275007
8400.0,11.102245692463452,3.935255570816743
8416.666666666668,11.367889751437465,4.020133535631031
8433.333333333334,11.39582610351112,4.178880724066669
8450.0,11.276550139860142,4.189524016017315
8466.666666666668,11.133468376655673,4.430401451177766
8483.333333333334,12.785566955955721,4.024220525434921
8500.0,12.886887003785228,4.061414533066534
8516.666666666668,13.120747516933402,3.777453495433306
8533.333333333334,13.429415523570388,3.585400114232808
8550.0,13.758388607342338,3.2322259856498006
8566.666666666668,13.311498335576298,3.643754131453376
8583.333333333334,13.382315447469693,3.4174395999443994
8600.0,13.515143858362514,3.351040950591962
8616.666666666668,13.789113754666676,3.349661892133335
8633.333333333334,13.884542037242799,3.2475870539388576
8650.0,14.42826509975009,3.330841359337006
8666.666666666668,14.600905196398195,3.420262609076768
8683.333333333334,15.95675019731794,3.1881423403909377
8700.0,16.35126372317174,2.5969378317841154
8716.666666666668,16.547354753900013,2.488382056011128
8733.333333333334,16.819908651203374,2.4758561366238725
8750.0,17.004271476021337,2.35674572132733
8766.666666666668,16.684880215422183,2.5833547622666737
8783.333333333334,16.55813385631401,2.5522049309568735
8800.0,16.704633878799967,2.428762816733341
8816.666666666668,17.130948313044417,2.441256687833341
8833.333333333334,17.282454486803484,2.46363611643863
8850.0,17.5610090215,2.3862923049166676
8866.666666666668,17.981115512582626,2.239873604436622
8883.333333333334,18.1439943622855,2.0500510442389897
8900.0,17.975920417708853,1.8900300936468184
8916.666666666668,18.57192916685576,1.6389778387498626
8933.333333333334,18.720867932617033,1.730469369831745
8950.0,18.712430573470073,1.9400370745372768
8966.666666666668,20.47100845445851,0.9586701851082484
8983.333333333334,20.151475712232806,1.2219586512743676
9000.0,20.303863456000013,1.1708688618666552
9016.666666666668,20.36350347755119,1.0567832022316337
9033.333333333334,20.746367963636345,0.8464437737373776
9050.0,20.983607413163135,0.8342633193527111
9066.666666666668,21.35935913503419,0.37700195788450364
9083.333333333334,21.649754616533414,0.12488530687726303
9100.0,22.101916758620685,-0.09529553373313465
9116.666666666668,22.469421823806375,-0.0618646450058328
9133.333333333334,23.009172020768137,-0.08272391719392283
9150.0,23.55278532143219,0.08430540231927311
9166.666666666668,23.799434252459562,0.24880060047245098
9183.333333333334,24.130061425870334,0.0033875744077302497
9200.0,24.365279294469435,-0.06951054642678861
9216.666666666668,24.49259560551674,-0.2586194787878405
9233.333333333334,25.319250476323724,-0.07412393714062154
9250.0,25.748607561144368,-0.8608285914337969
9266.666666666668,25.855588216513368,-0.6792968410603765
9283.333333333334,26.49470711560664,-0.8385776343767507
9300.0,26.934109839633354,-1.1057963069000183
9316.666666666668,27.051083937370215,-1.3679903678716503
9333.333333333334,27.385008927908405,-1.7155020411038822
9350.0,23.923164262342283,-0.028255051197677294
9366.666666666668,17.248634423685836,2.0149631964517085
9383.333333333334,18.606108404159034,1.7221673994613615
9400.0,18.481648702417885,1.7998565631315702
9416.666666666668,18.50745150605808,1.697179684313409
9433.333333333334,18.594840200833335,2.151256505805569
9450.0,18.39732371347659,2.519665380559722
9466.666666666668,18.087597052574793,2.7181264709653994
9483.333333333334,18.10015919085676,2.768071987245511
9500.0,18.228614822028263,2.580571725602663
9516.666666666668,18.37855243885317,2.433035089155592
9533.333333333334,18.41266769893836,2.68271742213328
9550.0,18.54318142257257,2.9592943419085764
9566.666666666668,18.78751043528304,3.1973619792622223
9583.333333333334,18.833372629413066,3.203941498584048
9600.0,18.945256798133297,3.0963041200000117
9616.666666666668,15.449267865201454,2.4588098863858394
9633.333333333334,16.811442642558486,2.6695386524473115
9650.0,16.587771656943058,2.8281423837495843
9666.666666666668,16.70634091861848,2.749665677666718
9683.333333333334,16.907073025678255,2.5910313192501664
9700.0,17.255761349574755,2.1997416824078937
9716.666666666668,17.19974865286397,2.1094009132354548
9733.333333333334,17.014326301862056,1.9972525541215094
9750.0,17.192542199749997,2.1850670274500157
9766.666666666668,17.2438503763889,2.0406967499110764
9783.333333333334,17.32600429542875,1.9339209690912864
9800.0,17.560478725634024,1.9615867688906268
9816.666666666668,17.836013623144478,1.8238084046277627
9833.333333333334,17.866329775788877,1.5720127612333388
9850.0,17.915368275816633,1.487282836466728
9866.666666666668,17.901061042997117,2.08092924326433
9883.333333333334,17.79833739275362,2.4951620961352883
9900.0,17.372215686316554,1.896706539416672
9916.666666666668,11.909256479454147,3.796841647802853
9933.333333333334,12.132908226190878,3.8800187079150743
9950.0,11.970597005333337,3.9968413853333344
9966.666666666668,11.938541590051155,4.0058729234734844
9983.333333333334,12.152434625707297,3.929719049519201
10000.0,12.467383898298266,3.7258218831164545
10016.666666666668,12.754550241631952,3.571677246584416
10033.333333333334,12.95430178735728,3.5039105835254785
10050.0,13.039096111928597,3.5015484400400094
10066.666666666668,13.054416956708444,3.535456730843776
10083.333333333334,13.0468494284985,3.6227604282958015
10100.0,13.262503338519258,3.5474269220777055
10116.666666666668,13.002020148759268,3.426157953384304
10133.333333333334,12.756054803111127,3.1792655122666624
10150.0,12.756734530180184,3.3978448267267267
10166.666666666668,12.672004711955978,3.464438589605911
10183.333333333334,12.56101311920859,3.570571684487739
10200.0,12.936544536977877,3.3848864769346028
10216.666666666668,13.015347828522227,3.0066508105333263
10233.333333333334,12.806633334514897,2.9472755644477853
10250.0,12.844573844850007,2.9073362163166334
10266.666666666668,12.843093856722216,3.0611273366666785
10283.333333333334,12.93043735091618,3.097205458941808
10300.0,12.828237477922093,3.216117389077566
10316.666666666668,12.222925233727574,3.2735330053639706
10333.333333333334,12.763411861155552,2.9972831961666677
10350.0,12.530860205333314,3.186397692233337
10366.666666666668,12.865396271245764,3.319529537205815
10383.333333333334,12.993384675793445,3.2053052661664085
10400.0,13.006344601565099,3.1929134203463185
10416.666666666668,12.999027696385266,3.154434722300106
10433.333333333334,13.015235396677218,3.1492763197370555
10450.0,12.947688762910783,3.192409362977884
10466.666666666668,12.895125991464974,3.213838601418815
10483.333333333334,12.481789326573384,3.4159145293817526
10500.0,12.737550810333339,3.382933836516657
10516.666666666668,12.820353116400055,3.444447792211097
10533.333333333334,13.274401917291375,3.4838974120217765
10550.0,13.31773701803959,3.316077595207208
10566.666666666668,13.241992931279796,3.1791678347652104
10583.333333333334,13.03226590947778,3.181394610022223
10600.0,13.552219165156057,3.6208923997840556
10616.666666666668,-42.02950108750228,0.0
10633.333333333334,-64.0,-36.0
10650.0,-64.0,-36.0
10666.666666666668,-64.0,-36.0
10683.333333333334,-49.688785378776515,0.0
10700.0,-32.047111104633125,-4.140061784733081
10716.666666666668,4.4350210029590285,17.85269780800712
10733.333333333334,9.673819924709864,8.205426386262975
10750.0,10.378366770833328,6.565157897916659
10766.666666666668,10.722578855477737,5.839530065643422
10783.333333333334,11.193263719191933,5.509050454123653
10800.0,11.225425225075075,5.317275685135143
10816.666666666668,11.379033005039412,5.357955785947391
10833.333333333334,11.599080124388907,5.159652297999999
10850.0,11.411250903663019,5.063625814285721
10866.666666666668,11.609099748055716,4.568475610467621
10883.333333333334,11.692714293751738,4.783393663222624
10900.0,11.288294043778096,5.2429580051307765
10916.666666666668,11.596858917554675,5.140932650677101
10933.333333333334,12.233659494399992,4.4353038488222305
10950.0,12.320234649408624,4.207264505014181
10966.666666666668,12.275903089044437,4.263474736366675
10983.333333333334,12.203769177811152,4.518260579408009
11000.0,12.211923687906042,4.851493202815263
11016.666666666668,12.418825061138936,4.832135297352863
11033.333333333334,12.596335586000011,4.579176301144442
11050.0,12.615827222966667,4.556062760583325
11066.666666666668,12.872048172644865,4.617954512134359
11083.333333333334,12.758153035793226,4.668431561763564
11100.0,12.763680715199987,4.870791596000002
11116.666666666668,12.863306803848305,4.850879552352353
11133.333333333334,12.894803302677582,4.788747821448431
11150.0,13.030765838142766,4.559341081943751
11166.666666666668,13.065315278211122,4.602344510722223
11183.333333333334,12.918794836612753,4.789191168461987
11200.0,12.952081772500001,5.01372045083331
11216.666666666668,13.178449992592588,4.688755912437811
11233.333333333334,13.14927293594575,4.304126477988995
11250.0,13.482002251333334,4.179890577633336
11266.666666666668,13.727265309422224,4.174121796533343
11283.333333333334,12.480500751222323,4.299163488460065
11300.0,9.377585777411308,4.062912982908544
11316.666666666668,10.497257039952233,3.734707375079151
11333.333333333334,10.571430172536255,3.703717798593749
11350.0,10.848771890061707,3.663976083224938
11366.666666666668,10.743632896159184,4.080725542726912
11383.333333333334,10.558096625055544,4.347326978011123
11400.0,10.728622823258156,4.546037175438589
11416.666666666668,11.332933558142807,4.31687771696428
11433.333333333334,11.620501926543207,4.100888979835389
11450.0,11.455307223488239,3.7509463279360284
11466.666666666668,11.636765630709778,3.848905329864946
11483.333333333334,12.043144227916653,3.8154592400277845
11500.0,11.895861998800015,3.7936157710666634
11516.666666666668,11.966777116430434,3.9491708319159624
11533.333333333334,12.381594495800007,3.8789566973777796
11550.0,12.299997611601135,3.8979968296781746
11566.666666666668,12.221868157478713,4.1205061218720695
11583.333333333334,12.245800395606722,4.126294212479146
11600.0,12.57384262721053,3.8714921750417073
11616.666666666668,13.07243441577779,3.8498567092222093
11633.333333333334,13.013663722327774,3.859151453261111
11650.0,13.019969449182511,3.7554661186853497
11666.666666666668,13.004752754278435,3.890188015708794
11683.333333333334,13.244591650682699,3.9332140345099114
11700.0,13.217609230284861,3.870380616841578
11716.666666666668,13.334805218138895,3.788076699944448
11733.333333333334,12.861939637797771,3.8686445150203004
11750.0,13.209900547134485,3.881938684912267
11766.666666666668,13.511965202487634,3.873960114553838
11783.333333333334,13.549355013273308,3.9780781181034834
11800.0,13.323583876211886,3.986035648525727
11816.666666666668,12.860215894947443,3.993376485464959
11833.333333333334,12.433685173488119,4.0018279709729105
11850.0,12.880455771337992,3.985297172439108
11866.666666666668,12.73033297550442,4.143551333966987
11883.333333333334,12.531963994022234,4.048841832422219
11900.0,12.473232456970754,3.9766657436216497
11916.666666666668,12.482817916397353,3.8090960149480937
11933.333333333334,12.48917766044755,3.8225586677883214
11950.0,12.508581185142589,3.7668099825412735
11966.666666666668,12.50789574478334,3.721877922472195
11983.333333333334,12.629352496566264,3.6593030796527537
12000.0,12.807404709804908,3.7177880069368054
12016.666666666668,13.098616332372243,3.5882799676666455
12033.333333333334,13.194869958395863,3.576940528536482
12050.0,13.101610194215963,3.6165230962888826
12066.666666666668,13.094408894355556,3.5619773583999788
12083.333333333334,13.062541398971714,3.604157160969371
12100.0,13.309837591025662,3.490163265567746
12116.666666666668,13.653137206755558,3.350315714488882
12133.333333333334,13.65715397432395,3.5796895071519725
12150.0,13.517804392813055,3.857304625379349
12166.666666666668,13.407321561383352,3.8098236788499777
12183.333333333334,13.485812506564395,3.7874594230337357
12200.0,13.3870558303545,3.814071175103987
12216.666666666668,13.47616912543912,3.9236198685810098
12233.333333333334,13.360941664477789,4.104438510127777
12250.0,13.188641124416154,4.458145699893796
12266.666666666668,13.326476941180402,4.86646733799387
12283.333333333334,13.582389377616765,4.796486815414511
12300.0,13.71119025268065,4.789234198101899
12316.666666666668,13.714800922914982,4.851499663008065
12333.333333333334,13.920810875600015,4.882470744844444
12350.0,14.127945607833313,4.724038982149995
12366.666666666668,14.1243266059543,4.327810067099227
12383.333333333334,14.063667300845283,4.395398297959069
12400.0,14.096826107146429,4.438079199766772
12416.666666666668,14.126411807807775,4.447293518084779
12433.333333333334,14.269177673388876,4.585034413511109
12450.0,14.276794183687972,4.927512517730478
12466.666666666668,14.05746159785341,5.163369482098762
12483.333333333334,14.065780108599993,5.20437597131111
12500.0,14.197200961514103,5.185229149591466
12516.666666666668,14.242839337322502,5.11746331968811
12533.333333333334,14.586838120838214,4.998345922433444
12550.0,14.793765335982002,5.058631091970681
12566.666666666668,15.225628243687419,4.890707405666828
12583.333333333334,15.633100780148812,4.75984988597367
12600.0,15.800427303219315,4.892868117169673
12616.666666666668,15.629097695357853,5.07927329434726
12633.333333333334,15.498079632292015,4.7534808766145975
12650.0,15.813909033133333,4.55761913073332
12666.666666666668,15.611193865399345,4.405117566449911
12683.333333333334,15.716062529005596,4.638337814100003
12700.0,16.015174598735243,4.666833733067066
12716.666666666668,16.51534279916958,4.541815845983533
12733.333333333334,16.53770068161245,4.938966804963535
12750.0,16.741054104049976,4.95039903368334
12766.666666666668,16.62128856853147,4.721087871561774
12783.333333333334,16.608669959079542,4.872776145422709
12800.0,16.762792765666628,4.758683355600002
12816.666666666668,17.11907660768899,4.820816280066667
12833.333333333334,24.049491689450278,4.892190697104102
12850.000000000002,22.911208462560122,4.98418165569413
12866.666666666668,23.156568807731624,4.769113916447109
12883.333333333334,23.19048230837777,4.901199475561123
12900.000000000002,23.232631042424185,4.835353329836884
12916.666666666668,23.047100949244424,4.823395847577787
12933.333333333334,23.21936496308263,4.721102488049465
12950.000000000002,23.235016939399994,4.689990476866662
12966.666666666668,23.057978412904646,4.346956258254204
12983.333333333334,22.471062277521835,4.452287217120101
13000.000000000002,22.512956530418062,4.6396990166917185
13016.666666666668,22.143351864073512,4.728050361891297
13033.333333333334,21.944533527969146,4.712734613041545
13050.000000000002,21.62878283059721,4.775540270470533
13066.666666666668,22.011410717460326,4.6310601854256745
13083.333333333334,21.93162882286667,4.687498292905547
13100.000000000002,21.668766050912073,4.664533169154241
13116.666666666668,21.32963222942777,4.81943188086667
13133.333333333334,20.940585932500003,5.010574138888882
13150.000000000002,20.519491206399998,4.961520399999993
13166.666666666668,20.320043859681878,5.23972961730622
13183.333333333334,19.880573243877198,5.417431599988873
13200.000000000002,19.32779633821908,5.5955257385526265
13216.666666666668,18.74029519492931,5.693220614552524
13233.333333333334,18.464975123565974,5.715152433733133
13250.000000000002,17.97310866861756,5.782463193947005
13266.666666666668,17.618520127277787,5.9473030856055376
13283.333333333334,18.30430933437938,5.606970824247458
13300.000000000002,26.584098250000167,2.443901436247045
13316.666666666668,25.966146817779876,2.710925739002819
13333.333333333334,25.745833497448718,2.9106969389472535
13350.000000000002,25.62632396786781,2.922459356256267
13366.666666666668,25.366837226627982,2.626291587164198
13383.333333333334,25.150462716332658,2.633497228946801
13400.000000000002,24.818301243820905,2.7930842709832806
13416.666666666668,24.54335829711444,2.8913712793421853
13433.333333333334,24.627379983327785,2.682530962494446
13450.000000000002,24.201091101033807,2.5400816960646746
13466.666666666668,23.972476481210247,2.52216095697092
13483.333333333334,23.668348368514817,2.6591321523531932
13500.000000000002,23.490722195019114,2.650463426120264
13516.666666666668,23.37894374598256,2.737923027058691
13533.333333333334,23.104280848033333,2.7726579732666607
13550.000000000002,22.9459585753529,2.594123756120219
13566.666666666668,22.693578162264373,2.5799282304214115
13583.333333333334,22.094294879113782,2.78460278856602
13600.000000000002,21.886080429228887,2.70359751591978
13616.666666666668,21.78510239043343,2.4938467952389307
13633.333333333334,21.342439317074792,2.484528630745745
13650.000000000002,21.035680726350005,2.6620249763500015
13666.666666666668,20.964073031406517,2.726501535654398
13683.333333333334,20.879596752555557,2.7194172885000265
13700.000000000002,20.668610636684992,2.8968660659996504
13716.666666666668,20.529950018170197,3.0421579951420226
13733.333333333334,20.528994868422245,2.9881961516444155
13750.000000000002,20.687211919819813,3.06802750750754
13766.666666666668,20.844695273420015,2.853894473297793
13783.333333333334,20.860467008440235,2.7622878748681226
13800.000000000002,20.821525247666635,2.9119189028333827
13816.666666666668,12.41821586799346,4.937186195220016
13833.333333333334,-4.861779068722371,8.197466779244467
13850.000000000002,-12.398438932448569,9.55449115049252
13866.666666666668,-10.239359531438119,8.953775681574184
13883.333333333334,-11.264863720865371,9.329145951751748
13900.000000000002,-11.43408155619899,9.282268827009489
13916.666666666668,-11.510946003535357,9.855045238261871
13933.333333333334,-11.642225389539547,9.700750885513287
13950.000000000002,-11.759606229683381,9.368636441900028
13966.666666666668,-12.04412189207616,9.451087462296595
13983.333333333334,-11.773538183292485,9.20073700146038
14000.000000000002,-11.429923890963822,9.056504314859472
14016.666666666668,-11.352761588294147,9.151258657412031
14033.333333333334,-11.455670017116969,9.314131509099951
14050.000000000002,-11.34664008835582,9.191527528935524
14066.666666666668,-11.446424240948279,9.3742367999611
14083.333333333334,-12.044999517138406,9.542134473737367
14100.000000000002,-12.043167944055913,9.514194427272733
14116.666666666668,-11.613735282103384,9.495795680626365
14133.333333333334,-11.710405838219112,10.04621381272303
14150.000000000002,-11.973925473786945,9.713823234800694
14166.666666666668,-12.37017441630661,9.61486331040212
14183.333333333334,-11.558892377822277,9.461387604359908
14200.000000000002,-11.6530736016983,9.051295314052599
14216.666666666668,-12.366541179871216,9.314540054428333
14233.333333333334,-12.635694398747237,9.039403879203995
14250.000000000002,-12.939007387143562,9.001987619809857
14266.666666666668,-13.208979476611695,9.243187513482148
14283.333333333334,-13.260151832554772,9.50212157688242
14300.000000000002,-13.394649804874055,9.734830382223427
14316.666666666668,-13.544381114393804,9.847502221572803
14333.333333333334,-13.780166814307915,9.632213987001881
14350.000000000002,-13.858204471428614,9.543378942857125
14366.666666666668,-14.04653471121427,9.530630452321255
14383.333333333334,-14.077432619537364,9.716739026166309
14400.000000000002,-14.535110182791565,9.525487136484927
14416.666666666668,-23.340443650434473,9.81791843645074
14433.333333333334,-23.112057932705238,9.710599977005169
14450.000000000002,-23.205081225213064,9.291248747669227
14466.666666666668,-23.58786208268648,9.462112481303778
14483.333333333334,-24.006734777239696,9.481516048732457
14500.000000000002,-24.33938982844075,9.47621553724413
14516.666666666668,-24.43975450228736,9.42379999397756
14533.333333333334,-24.544101719472227,9.38337349155554
14550.000000000002,-25.08409431949995,9.436269443666568
14566.666666666668,-24.94331256326071,9.313426567408477
14583.333333333334,-25.20790929953289,9.50760488348351
14600.000000000002,-25.960832808108172,9.592661328828829
14616.666666666668,-26.387548886123913,9.572920849615969
14633.333333333334,-26.72764491761248,9.62935230174738
14650.000000000002,-27.464946376379952,9.808179038206527
14666.666666666668,-27.991162152773637,9.700687628957741
14683.333333333334,-28.469542317346882,9.638762752396017
14700.000000000002,-29.49374950166677,9.661421147383345
14716.666666666668,-30.062713071543197,9.832343443501083
14733.333333333334,-30.580318443366128,10.191821300783724
14750.000000000002,-30.716625566566567,10.246411955883849
14766.666666666668,-31.360971534204015,10.428256065271597
14783.333333333334,-32.04921947091531,10.381627297530816
14800.000000000002,-7.7818494910437845,7.500981875686061
14816.666666666668,10.342791014988574,5.135823620556392
14833.333333333334,12.465807297631324,5.3737657527985805
14850.000000000002,13.115738724471147,5.45349665792094
14866.666666666668,13.053862864795336,5.262418667421903
14883.333333333334,12.469250590029489,5.670612588961238
14900.000000000002,12.32871719925041,6.164510059520262
14916.666666666668,12.193659467222222,6.2340401318333285
14933.333333333334,12.05212220857429,6.319466750332321
14950.000000000002,12.524735566750044,6.0407398121333085
14966.666666666668,12.643136126278325,5.953105370628124
14983.333333333334,12.463002327364096,5.550114695635503
15000.000000000002,12.235076517967968,5.551028581481454
15016.666666666668,12.12132002841357,5.521243990882327
15033.333333333334,12.105273852352349,5.494982265432096
15050.000000000002,11.989404619219204,5.614999120020043
15066.666666666668,12.024202316597183,5.715584140136729
15083.333333333334,12.210708895893823,5.6933290336671645
15100.000000000002,12.276551572893771,5.4267235150183035
15116.666666666668,12.184295568733338,5.384051352338903
15133.333333333334,12.592835734488691,5.352358155483709
15150.000000000002,12.88984112625346,5.548412313260059
15166.666666666668,12.723528803473625,5.632928881184565
15183.333333333334,12.84283392238915,5.668732683074621
15200.000000000002,12.869725234516666,5.638437486716688
15216.666666666668,12.801241175190546,5.746699970656003
15233.333333333334,12.67036900485698,5.815930406054533
15250.000000000002,12.94417289662456,5.615679648054273
15266.666666666668,12.763820678771815,5.93241544303077
15283.333333333334,12.951795082,5.924339230249999
15300.000000000002,13.188468273916683,5.929258232250009
15316.666666666668,13.148051615249237,6.017468327568922
15333.333333333334,12.912451939500002,6.189014436988899
15350.000000000002,12.869359066250176,6.17893231364322
15366.666666666668,12.890057274923645,6.103394092187244
15383.333333333334,13.20294487527528,6.027608688310535
15400.000000000002,13.5129618859737,6.075651703614917
15416.666666666668,12.549004790887896,4.914176691259866
15433.333333333334,13.347262444511147,4.338568133894726
15450.000000000002,13.521206879216676,4.550621134983323
15466.666666666668,13.559256956128069,4.500094212617406
15483.333333333334,13.881178315545549,4.409840799349005
15500.000000000002,13.842055607737281,4.403894283625135
15516.666666666668,13.609535864373443,5.008983986645561
15533.333333333334,13.981601523494485,4.871591651133319
15550.000000000002,14.27758032835251,4.67852210431447
15566.666666666668,14.534638672761105,4.467165775911108
15583.333333333334,14.487900396333227,4.262834834684829
15600.000000000002,14.742025522894806,3.998708895097543
15616.666666666668,14.798262383966668,3.831591965688892
15633.333333333334,15.095932371061247,3.790362402000551
15650.000000000002,15.331489218577863,3.6228605650141783
15666.666666666668,15.389661613444414,3.5823779493889005
15683.333333333334,15.412350894066678,3.5392415783000017
15700.000000000002,15.573489501464492,3.385995358911654
15716.666666666668,15.742027749123968,3.2562287469061824
15733.333333333334,15.874797261941257,3.2003168850241552
15750.000000000002,15.671037803499111,3.247904312951943
15766.666666666668,15.739648446855579,3.475300993611143
15783.333333333334,16.130727002224475,3.5648170672450115
15800.000000000002,16.151934914790182,3.513585499723
15816.666666666668,16.071592653849997,3.64993639406113
15833.333333333334,16.214474917307378,3.6261047516392093
15850.000000000002,16.362324614139876,3.4882564161817355
15866.666666666668,16.28713738334721,3.7233398481203923
15883.333333333334,7.4686563678809055,20.83561142547409
15900.000000000002,-64.0,0.0
15916.666666666668,-64.0,-36.0
15933.333333333334,-64.0,0.0
15950.000000000002,-64.0,0.0
15966.666666666668,-12.160659323042424,36.0
15983.333333333334,-7.001134541029721,29.16904368776543
16000.000000000002,2.9768261526815074,20.317250363568753
16016.666666666668,7.800602377638944,11.985993003090167
16033.333333333334,10.406222562736946,8.249612279478578
16050.000000000002,10.745371516058647,7.204420348059258
16066.666666666668,11.032020583703346,6.889702544650301
16083.333333333334,11.111991175644432,6.466233681677757
16100.000000000002,11.10364491323342,5.692603620299842
16116.666666666668,11.372497389444487,5.342158576733294
16133.333333333334,11.838446534722252,5.151151134388904
16150.000000000002,11.661274473700859,5.066056327568959
16166.666666666668,12.428535555144471,5.458652202811113
16183.333333333334,18.53154284662003,2.2511599342879283
16200.000000000002,18.172722541637466,2.5485405785059423
16216.666666666668,18.488530531631653,2.416179922144366
16233.333333333334,18.783130563264848,1.8472286171415984
16250.000000000002,18.958923227846363,1.2172690638472987
16266.666666666668,19.43459061145593,0.8996056599266069
16283.333333333334,19.573203278265296,1.5738743137081495
16300.000000000002,20.367062419259707,0.5981463059695713
16316.666666666668,20.47689417869587,0.6281010048795457
16333.333333333334,20.27849284933823,1.165096726587702
16350.000000000002,20.328529008987925,1.3992724357178319
16366.666666666668,20.805352096574424,1.1446075419470247
16383.333333333334,21.49812290261504,0.7199927068825318
16400.0,22.004350580780784,0.6449124515849214
16416.666666666668,22.400114887864603,0.5864167378868963
16433.333333333336,22.83735606269446,0.5364298938333294
16450.0,22.97918139079539,0.49327815015837206
16466.666666666668,23.252560399256318,0.899515122216667
16483.333333333336,23.553663289934534,1.0407828854854393
16500.0,24.058488210001652,0.4777503590115029
16516.666666666668,24.2043970819375,0.7432138562562586
16533.333333333336,24.815421001105165,0.8033562756866621
16550.0,24.41086304444441,0.7655894444444864
16566.666666666668,24.464525031226795,0.9198338770218175
16583.333333333336,24.522749217408723,1.023408020975828
16600.0,12.760618224746736,3.753050368463792
16616.666666666668,13.88755303351119,4.344294019733242
16633.333333333336,13.90433875776004,3.944364594474946
16650.0,14.094610489776917,4.010200349650349
16666.666666666668,14.265409455316771,3.980600413726487
16683.333333333336,14.138672738120643,3.9899750421231683
16700.0,13.629700330515256,4.20462427243622
16716.666666666668,13.09824348537603,4.426603275026402
16733.333333333336,14.17311494671667,3.8083327197333294
16750.0,14.303036448948948,3.6106107585252287
16766.666666666668,13.788940734226436,4.1002562479669225
16783.333333333336,14.018961467243978,4.050851818903201
16800.0,14.317451903833337,3.9606764459499963
16816.666666666668,14.389952145288893,3.808604087822208
16833.333333333336,14.261777317491191,3.988299105613918
16850.0,13.23997947231078,4.438021297858555
16866.666666666668,11.904283386816056,3.545720329342287
16883.333333333336,11.985905977466796,3.4000230300666816
16900.0,11.9135583775337,3.6050038110500857
16916.666666666668,12.219148836377792,3.9448904343555644
16933.333333333336,12.138310436831848,4.087468864160586
16950.0,11.969170709137918,4.138734235584464
16966.666666666668,11.5578068076034,4.3434604659673735
16983.333333333336,11.059620553061754,4.639707989914321
17000.0,11.332086024895784,5.015677542171074
17016.666666666668,5.406720027784254,14.779678632152091
17033.333333333336,-64.0,0.0
17050.0,-64.0,-36.0
17066.666666666668,-64.0,-36.0
17083.333333333336,-64.0,-36.0
17100.0,-64.0,0.0
17116.666666666668,-10.173224513172187,36.0
17133.333333333336,-0.9205825983046525,28.566068400838514
17150.0,8.228443712599688,16.320024751133932
17166.666666666668,12.587114854228794,9.435065355171838
17183.333333333336,13.851978563941675,7.624306492451764
17200.0,13.87861735163006,7.089802357302042
17216.666666666668,13.87708316570048,6.835852753462159
17233.333333333336,14.275159051120099,6.613607729317004
17250.0,14.866791084656345,6.4347245226327
17266.666666666668,14.902036169333337,6.076587702555569
17283.333333333336,14.855165019080326,6.0082942937659665
17300.0,13.74436380943823,6.248357122361177
17316.666666666668,12.759577689589076,4.203782968905555
17333.333333333336,12.862001577202813,4.226044452354947
17350.0,12.809742868100603,4.400857576371591
17366.666666666668,12.440656229050866,4.580784532357026
17383.333333333336,12.969496845011186,4.571878154466653
17400.0,12.977277843311683,4.524348779910048
17416.666666666668,13.384048492759245,4.041894550574679
17433.333333333336,13.433556741008056,4.1348655315455485
17450.0,13.54316248711022,4.266630082591308
17466.666666666668,13.29105049346826,4.165855325352577
17483.333333333336,13.345070393659565,4.0138412361389095
17500.0,13.482585954079275,4.065074189976687
17516.666666666668,13.492144527060692,4.200731503592872
17533.333333333336,13.644465236145805,4.154023399994454
17550.0,13.34407530433334,4.31934337091668
17566.666666666668,13.350470898346911,4.3140353074055975
17583.333333333336,13.41349379899352,4.630817717984658
17600.0,13.553326431999334,4.667201101917603
17616.666666666668,13.4351484862709,4.598180996159179
17633.333333333336,13.631084479099414,4.530528733166787
17650.0,13.706450438485906,4.7645328921794246
17666.666666666668,13.956486298780225,4.735155054524287
17683.333333333336,14.087566120356481,4.722542406035869
17700.0,14.516107333933034,4.262354691504265
17716.666666666668,15.23352811522494,4.14773467498883
17733.333333333336,15.023398765133347,4.322243337533308
17750.0,14.92977004416666,4.408508492266628
17766.666666666668,15.470929983041525,3.6694843103662933
17783.333333333336,15.561664050606746,3.578397513282199
17800.0,15.543617121068419,3.7707815573306425
17816.666666666668,15.60350551592541,4.011819487828318
17833.333333333336,15.466432884757598,3.998310325631598
17850.0,15.262537945182231,3.8831576309868416
17866.666666666668,15.31136909270747,3.9283609683675382
17883.333333333336,15.450204115361917,3.8577456790074116
17900.0,15.60027802698653,3.769437052973503
17916.666666666668,16.071087496177775,3.6522378196888874
17933.333333333336,13.10352507598662,3.5525966718671036
17950.0,0.3860108550637884,5.488160342897386
17966.666666666668,0.5286805983681893,5.2417728491175835
17983.333333333336,0.9070796599955587,5.277899324275755
