0.0,5.537369966666665,2.233479433333332
16.666666666666668,-1.0830077284166675,3.762083444527782
33.333333333333336,-6.657442912942495,6.594743204098272
50.0,-5.719412383258359,5.973799519956687
66.66666666666667,-5.645117962113385,5.66756495367872
83.33333333333334,-5.779545756533336,5.576454611022226
100.0,-5.95903606941667,5.419042522499996
116.66666666666667,-5.740549512255555,5.088383633555551
133.33333333333334,-5.534468307176159,4.719169794538801
150.0,-5.563739926548672,4.515820864601777
166.66666666666669,-5.863631550230671,4.183891257534322
183.33333333333334,-5.972070808547008,3.820101611233212
200.0,-5.796173245445444,3.482202889155823
216.66666666666669,-5.878568758512592,3.288564172886444
233.33333333333334,-5.956357259750002,3.140495588249996
250.00000000000003,-6.119853589989993,2.7568250891891872
266.6666666666667,-5.91210422961907,2.5194877800352864
283.33333333333337,-5.8885995968888905,2.410386193205555
300.0,-5.945100753797359,2.309647684827239
316.6666666666667,-5.973397256250003,2.139274197305559
333.33333333333337,-6.116038658394078,1.953415777877178
350.0,-6.337682468799996,1.7756307685333395
366.6666666666667,-6.575190303286616,1.8899663412356817
383.33333333333337,-5.774736326373614,1.8707462000000008
400.0,2.288361444266672,2.4192456797999946
416.6666666666667,2.1357861569729275,2.636655076971817
433.33333333333337,1.5762147941968463,2.8427901341512296
450.00000000000006,1.439521240000003,2.9474066493333293
466.6666666666667,1.3308239504499997,2.918564462550005
483.33333333333337,1.173135725385723,2.907409303785101
500.00000000000006,1.2134089190261845,2.7895925418208987
516.6666666666667,1.5329552740518928,2.6129272611222047
533.3333333333334,1.3177889852444398,2.7021640941333342
550.0,0.6920338911044405,3.0838600676495167
566.6666666666667,0.7338933005280421,3.0989827464343267
583.3333333333334,1.2325595690222226,3.1358182630944453
600.0,1.5753780398140922,3.0531931337851783
616.6666666666667,1.4730964037833263,2.939942904799992
633.3333333333334,1.1618548952689824,2.806660930035143
650.0,0.8874823987000015,2.911049894733332
666.6666666666667,0.9274872311111128,2.657271870222218
683.3333333333334,1.0968051442221087,2.6073134938246945
700.0,0.8893602986506709,2.358469345660495
716.6666666666667,0.6816283370388875,2.4376253974833335
733.3333333333334,0.9391941149869574,2.427442162912993
750.0,1.1866277888444872,2.191979905328007
766.6666666666667,1.4174934285541014,2.167633773125907
783.3333333333334,1.5984095779168053,1.9869332342564792
800.0,1.8430230770551932,2.0936422610471936
816.6666666666667,1.5498028565013038,2.274303287517278
833.3333333333334,1.6651970344888924,2.191437999777774
850.0000000000001,1.6039113026639993,2.228010600116546
866.6666666666667,1.3440427210283772,2.308567160736296
883.3333333333334,1.125596646626692,2.296853250724637
900.0000000000001,1.1615521493000045,2.1869035888666675
916.6666666666667,1.233538673611114,2.0188568650777756
933.3333333333334,1.685464258293076,1.8897011213060149
950.0000000000001,1.797616482211138,2.0103999187863697
966.6666666666667,1.5914066643055553,2.181153156111113
983.3333333333334,1.6279491270531419,2.253997306291301
1000.0000000000001,1.3792961667478127,2.3465500556705146
1016.6666666666667,1.3290463629833051,2.321456080434904
1033.3333333333335,1.2826847711099945,2.3562408078689745
1050.0,1.5104583423333262,2.3366488811666666
1066.6666666666667,1.5289851176621108,2.1822376955399854
1083.3333333333335,1.4932147473874129,2.3751323677216996
1100.0,1.5248243214559414,2.211360046126937
1116.6666666666667,1.656855667256149,2.1979396835168505
1133.3333333333335,1.822977317764437,2.192524937457625
1150.0,1.74216095875876,2.0041296879879917
1166.6666666666667,1.7328074273799536,1.88270360742781
1183.3333333333335,1.4983391835695579,1.9788723126007521
1200.0,1.4989866529735227,2.101563641629187
1216.6666666666667,1.6858782603611067,2.354349380288882
1233.3333333333335,2.039914500105876,2.359921968399638
1250.0,1.9751661726666645,2.398678083666665
1266.6666666666667,1.9448932397047451,2.463581267132865
1283.3333333333335,1.3000177668444373,4.1494580479555685
1300.0,3.9084057353333255,7.7894903635833055
1316.6666666666667,2.154564124040863,28.494754309713926
1333.3333333333335,-46.25277194455478,-16.247999999999138
1350.0,-42.060547005960665,0.0
1366.6666666666667,-42.78204766128891,0.0
1383.3333333333335,-42.33199947148213,0.0
1400.0,-37.08081977015173,-0.3816483185759279
1416.6666666666667,7.585402665421598,23.362811603910956
1433.3333333333335,1.1126043793864064,4.804460837960089
1450.0,-0.6792112993666761,2.679016569433334
1466.6666666666667,-2.568301129861106,3.638734411083331
1483.3333333333335,-3.0911961703333466,4.003491564611108
1500.0,-3.5109636561219393,3.992330618490758
1516.6666666666667,-3.461409878544062,3.955483430906767
1533.3333333333335,-3.751707188188185,3.986581108831049
1550.0,-3.868118223768987,3.5836455171256842
1566.6666666666667,-3.863447530355556,3.5907667531555543
1583.3333333333335,-3.8054760952952993,3.447586308230454
1600.0,-3.6546567945360757,3.128765254639346
1616.6666666666667,-3.727107510312308,2.915056495650967
1633.3333333333335,-3.62202845960353,2.7196200209728456
1650.0000000000002,-3.680487129049997,2.7172213435666754
1666.6666666666667,-3.6403478061617185,2.9098095451562656
1683.3333333333335,-3.53333345458841,2.9929057215051973
1700.0000000000002,-3.524520567833338,3.1181916000000074
1716.6666666666667,-3.4491131639917745,3.158075956584363
1733.3333333333335,-3.3198165563555553,3.2483689869555574
1750.0000000000002,-3.361305090916668,3.167851726316654
1766.6666666666667,-3.5824243693240323,3.1610957169019533
1783.3333333333335,-3.7013385740481706,3.0362695739704786
1800.0000000000002,-3.758192657531382,3.3089847000000026
1816.6666666666667,-3.877806134177775,3.1610447518222218
1833.3333333333335,-3.9204460906315894,2.9665837720834713
1850.0000000000002,-4.041586439380312,2.88157168245877
1866.6666666666667,-4.315186668267466,2.959904828614309
1883.3333333333335,-4.366143736987057,2.809771644905319
1900.0000000000002,-4.401517903870532,2.754758247814479
1916.6666666666667,-4.523623930389028,2.95644471506902
1933.3333333333335,-4.6133583736979595,2.966423430342955
1950.0000000000002,-4.715601031989919,3.1026532723761595
1966.6666666666667,-4.5159154064377445,3.3383735486320476
1983.3333333333335,-4.593254205755752,3.346514465087301
2000.0000000000002,-4.648556370799994,3.2336086673333373
2016.6666666666667,-4.7310680133978735,3.269175977488431
2033.3333333333335,-4.586770271073366,2.999306126207124
2050.0,-4.633559918647447,3.08299424130615
2066.666666666667,-4.574473671066661,2.9296425448222005
2083.3333333333335,-4.623647334105942,2.9763471168084052
2100.0,-4.683341278522599,2.9496056755877955
2116.666666666667,-4.677560766094478,3.1063312764874205
2133.3333333333335,-4.867374209363171,3.086274417434873
2150.0,-4.575652631701634,2.8735519042624076
2166.666666666667,-3.4652751569985276,2.725700082178916
2183.3333333333335,3.5768151986264525,2.632370613140902
2200.0,4.055402304800022,2.6412292459000013
2216.666666666667,4.415640405952578,2.6751279142595483
2233.3333333333335,4.371241258383328,2.8266782099111114
2250.0,4.271326567500415,2.9486071980490225
2266.666666666667,4.249980219865502,2.903427646695571
2283.3333333333335,4.27968506125285,2.9615934211439106
2300.0,4.042812651716056,3.1784067198392743
2316.666666666667,3.7794891777448023,3.368344055258815
2333.3333333333335,3.450100083630706,3.540123324251013
2350.0,3.403588960786271,3.784676026669989
2366.666666666667,3.4342855376466046,3.8034740525412998
2383.3333333333335,3.437966043611111,3.773228130672222
2400.0,3.4253437729010825,3.743776139318367
2416.666666666667,3.5460756370074007,3.871314137952314
2433.3333333333335,3.4363718539564,3.9002166843541253
2450.0,3.341486892007987,3.9796851355977347
2466.666666666667,3.5426310249902757,3.6503289801956686
2483.3333333333335,3.65902256363333,3.6280680208833296
2500.0,3.7984178191666658,3.9594368766666674
2516.666666666667,3.7453164981453644,3.9114772924704244
2533.3333333333335,3.8333582655223877,3.848019647114427
2550.0,3.7009477217788844,3.745348193848708
2566.666666666667,3.6654168903125317,3.62313209802025
2583.3333333333335,3.6414203975983575,3.7004817558453102
2600.0,3.8549750704147883,3.7733249842911896
2616.666666666667,4.310022224946234,3.580043826427712
2633.3333333333335,-0.11492775861112675,3.8494828290277945
2650.0,0.07460308030303806,3.837337364468865
2666.666666666667,0.15075556209214797,3.8394526262520112
2683.3333333333335,0.3535856455111109,3.903549729255554
2700.0,0.4156620009666738,3.9708345253333284
2716.666666666667,0.4753658930624926,4.088794254156957
2733.3333333333335,0.4040783148443964,4.079070257590805
2750.0,0.4260448489411351,3.9752820352676355
2766.666666666667,0.6373296684546637,3.9190615513409903
2783.3333333333335,0.5251690048413067,3.7530905147962867
2800.0,0.5754974509087921,3.6019729481574134
2816.666666666667,0.44820187255260985,3.73741931123883
2833.3333333333335,0.20329999483771008,3.567087755904508
2850.0,0.1427992211817731,3.485552471273575
2866.666666666667,0.14786683424725797,3.425385507189547
2883.3333333333335,0.27367655578265376,3.4032622034064475
2900.0,0.20593151111110616,3.4555587700366996
2916.666666666667,0.1753957386470979,3.751128945294879
2933.3333333333335,0.2826155807137288,3.849848412121211
2950.0,0.41073213893331817,3.9467775850666644
2966.666666666667,0.5015782476444463,3.926686091466673
2983.3333333333335,0.5458007069256834,3.917551607431494
3000.0,0.43673650269864633,4.093921864517743
3016.666666666667,0.4392171981711627,4.1223711395380835
3033.3333333333335,0.37896069574787,4.153426959746546
3050.0,0.3896148362862946,4.307197469069066
3066.666666666667,0.4320212449605888,4.361100369069813
3083.3333333333335,0.45419312497084224,4.271962750247099
3100.0,0.3670129289956598,4.24723910066733
3116.666666666667,0.35986333516758356,4.291655311411258
3133.3333333333335,0.35843445992759865,4.144795144294067
3150.0,0.4963880131640125,4.000825471530542
3166.666666666667,0.6512004215777627,3.8368210271277734
3183.3333333333335,0.42535838567456646,3.6112511992992986
3200.0,0.23110431569216144,3.8092141295852056
3216.666666666667,0.44530896311843277,3.936026312527074
3233.3333333333335,0.6047535813406705,3.813170272386192
3250.0000000000005,0.6717318212499914,3.87854748816667
3266.666666666667,0.6941306967428088,3.8829470706297657
3283.3333333333335,0.5951700827524801,3.900317093496756
3300.0000000000005,0.3067860724109027,3.941750751864821
3316.666666666667,0.36083260911666337,3.892155020266671
3333.3333333333335,0.2701972488444461,4.025287553166662
3350.0000000000005,0.033674667115981535,4.0007398810617225
3366.666666666667,0.023536231546227,4.068208106460214
3383.3333333333335,0.05029562248889326,3.9767122809500055
3400.0000000000005,0.010118573216668543,4.137321279666673
3416.666666666667,0.020680647742185688,4.099738770209099
3433.3333333333335,0.010401100444444433,3.9413508103888892
3450.0000000000005,0.028457406896534948,3.945226948542402
3466.666666666667,-0.16866662035462301,4.131755950636432
3483.3333333333335,-0.10526509658460731,4.1902171521512575
3500.0000000000005,-0.097345363101785,4.395744201849085
3516.666666666667,-0.12756488049308431,4.371500641523681
3533.3333333333335,0.01716857998778626,4.483852144777614
3550.0000000000005,0.007425718305881797,4.326427013097027
3566.666666666667,0.08357813705993022,4.330894212328896
3583.3333333333335,0.08111115710000459,4.293531624827776
3600.0000000000005,0.3341107756410275,4.284304602214454
3616.666666666667,0.5945514962223889,4.256441759981232
3633.3333333333335,0.38590671091210005,4.427596402200109
3650.0000000000005,0.3093670042145593,4.55979119511912
3666.666666666667,0.3562260430875477,4.624807202469138
3683.3333333333335,0.5347179345234144,4.3956798476865755
3700.0000000000005,0.6585180074833141,4.448370398066671
3716.666666666667,0.5884349353611116,4.181601444716669
3733.3333333333335,0.4695854323105991,4.213182709115666
3750.0000000000005,0.4402153082000069,4.16677901211666
3766.666666666667,0.4557876660699464,4.166023185540638
3783.3333333333335,0.7254822338941631,4.057471191065581
3800.0000000000005,0.8321183153513279,4.010436053329993
3816.666666666667,0.8248769669619094,3.8698523068890864
3833.3333333333335,0.9455110421567039,3.7990247434560507
3850.0000000000005,0.7850791310000007,3.7190462903333494
3866.666666666667,0.8782747400555532,3.500524092111105
3883.3333333333335,0.8989864640195817,3.373839836302964
3900.0000000000005,0.8645486029859087,3.2089649701220613
3916.666666666667,0.7272243640222221,3.1326933983111074
3933.3333333333335,0.9191784131333354,3.0961342150000015
3950.0000000000005,1.0727643152833324,2.9601520180499983
3966.666666666667,1.1734028066355706,2.92842640906769
3983.3333333333335,1.3749710747222208,2.9527911037277765
4000.0000000000005,1.4861579328016017,3.088735230923882
4016.666666666667,1.5399258781775804,3.2164110327280726
4033.3333333333335,1.5255507751735267,3.2193449461102728
4050.0000000000005,1.4465251105577623,3.1581393190571068
4066.666666666667,1.63279447878385,3.1448439870657503
4083.3333333333335,1.787251199410519,3.4453922328383957
4100.0,1.7731548733999931,3.5380740233666463
4116.666666666667,1.6501202648833238,3.5128210320777797
4133.333333333334,1.79539228321125,3.4925502609002006
4150.0,1.7030413197999976,3.3572185812833317
4166.666666666667,1.7171197598978227,3.433725262962953
4183.333333333334,1.7605534332502053,3.417465946910512
4200.0,1.7487504262798181,3.4851060905285918
4216.666666666667,1.8646262947944434,3.2589592952944435
4233.333333333334,1.9393181177799987,3.0494386798323116
4250.0,2.0133344188716906,2.9459233808287544
4266.666666666667,1.815044590502413,2.7646933389139274
4283.333333333334,1.8458030417041744,2.82869621934302
4300.0,1.7919905456228027,2.8395986375521027
4316.666666666667,1.718204408051526,2.838151875040255
4333.333333333334,1.6508019450718927,2.7024520462768655
4350.0,1.513385489655172,2.727110477011494
4366.666666666667,1.4591413398755029,2.999219579328554
4383.333333333334,1.5820526142849203,3.3925858704241
4400.0,1.3742398585988647,3.6659541328813585
4416.666666666667,1.51612241919192,3.4781709494949515
4433.333333333334,1.7284888325771324,3.5684533561000213
4450.0,1.682096284690984,3.716624987106444
4466.666666666667,1.8423387884489029,3.8977567096129215
4483.333333333334,2.0073465658240033,3.913329275344596
4500.0,2.2743218982324467,3.942797831449059
4516.666666666667,2.2651245090363146,3.738534052211303
4533.333333333334,2.15639912082222,3.744492385133353
4550.0,2.1753114733100825,3.9376028413220436
4566.666666666667,2.182786669599594,3.862602383588584
4583.333333333334,2.196221854332739,3.9894059771496577
4600.0,2.2494950652014736,3.7930531614385576
4616.666666666667,2.230840648348347,3.8853340199087976
4633.333333333334,2.2579397756365385,3.774279452221643
4650.0,2.254766862447884,3.7141023557278645
4666.666666666667,2.414213609383328,3.672616979661109
4683.333333333334,2.4376974476000046,3.7884787219111185
4700.0,2.428999793179924,3.8588810804402187
4716.666666666667,2.3223033614568944,4.014975314200091
4733.333333333334,2.458554581547809,3.8160241249751325
4750.0,2.5387276082666776,3.7698681880000007
4766.666666666667,2.653332512266669,3.7854245467555594
4783.333333333334,2.5119016632316207,3.8430801503029435
4800.0,2.5681431786371967,3.7801935565377556
4816.666666666667,2.6781900379078443,3.9302018516091413
4833.333333333334,2.5088524641583443,3.8602123435462685
4850.0,2.519106385157415,3.8943783310844613
4866.666666666667,2.598622528944167,3.9587390951741246
4883.333333333334,2.6771056911555653,4.036468790955563
4900.0,2.6396044719640184,3.9852475766116946
4916.666666666667,2.6282120328951,4.035751820014419
4933.333333333334,2.600488422911383,4.092889745991994
4950.0,2.8171270649166655,4.024519231333334
4966.666666666667,2.6057312550997707,3.9426191854705177
4983.333333333334,2.6691302070096508,3.8745089029248643
5000.0,2.5647158214999908,4.059081818083329
5016.666666666667,2.6254580537333245,4.200016790433346
5033.333333333334,2.2364379964110914,4.399160337527775
5050.0,2.0154512653666714,4.332310364533336
5066.666666666667,2.4232707203444517,3.902766439644439
5083.333333333334,2.3131681341214576,3.8587676075368833
5100.0,2.4747116380666694,3.927073011266664
5116.666666666667,2.4611262382838928,4.130879112332167
5133.333333333334,2.6466060812402556,4.0169036024938745
5150.0,2.5940821462435495,3.9572183699816756
5166.666666666667,2.6206045074611097,4.01325633519445
5183.333333333334,2.2864982188560488,3.964782764585787
5200.0,2.2334135542728704,4.335164532133936
5216.666666666667,2.229934812884214,4.244905753582342
5233.333333333334,2.203423079278524,4.350109299327404
5250.0,2.210244030419586,4.172909960089904
5266.666666666667,2.2664494719117356,4.101758017858729
5283.333333333334,2.276891985662697,4.153403827419646
5300.0,2.1750721399201476,4.0621573986027855
5316.666666666667,2.2960763509379567,3.8859987831890335
5333.333333333334,2.5087923141222737,3.943047080244453
5350.0,2.641734848863439,4.003946671544723
5366.666666666667,2.767225902674889,4.090050986809029
5383.333333333334,2.7361586709076664,4.165114941114992
5400.0,2.729273021589213,4.201045430084959
5416.666666666667,2.638626894230448,4.4008639035628985
5433.333333333334,2.6764563970181703,4.393402935593292
5450.0,2.8281558605530557,4.307878693886385
5466.666666666667,2.9390461369858376,4.55803096765835
5483.333333333334,2.983125651994663,4.820524986162581
5500.0,2.9096422681666674,4.818641447750007
5516.666666666667,2.9036026805985933,4.729621904558835
5533.333333333334,2.8273250392807556,4.7095220937913425
5550.0,2.9355777988006078,4.646318423838086
5566.666666666667,3.076145328117006,4.506658351039928
5583.333333333334,3.0106750960146664,4.404733066544379
5600.0,2.7866073166666676,4.2958949
5616.666666666667,2.5916222185703934,4.2786641091712525
5633.333333333334,2.5488841159962337,4.375233323624322
5650.0,2.496398689600005,4.421200957066667
5666.666666666667,2.5636538095269903,4.289059202228876
5683.333333333334,2.5942056996331457,4.18351091336227
5700.0,2.5669665562104584,4.1487976604062675
5716.666666666667,2.5745742434222096,4.074015538033342
5733.333333333334,2.6876104803234977,3.8399881324995895
5750.0,2.5716479933333334,3.787688764999995
5766.666666666667,2.4420583313045405,3.8954698748596517
5783.333333333334,2.409252399649829,3.9193086950919835
5800.0,2.288703146166672,4.051188713433339
5816.666666666667,2.437593106808961,3.8405306584292194
5833.333333333334,2.469135767384911,4.048581891844073
5850.0,2.6438200516575,4.083489175612197
5866.666666666667,2.5501788412999913,4.167215903172226
5883.333333333334,2.600055227658385,4.214143126203575
5900.0,2.512362585709515,4.191426493746872
5916.666666666667,2.375810595199995,4.15976473191111
5933.333333333334,2.4010645709132192,4.1782178296703965
5950.0,2.5259770913913906,4.255243774441108
5966.666666666667,2.3878964234322355,4.0506564505829115
5983.333333333334,2.209110567477764,3.83797080017223
6000.0,2.24419810917874,3.7989535487922734
6016.666666666667,1.7916208838666705,5.074042736688876
6033.333333333334,1.489117082523092,4.80886492832806
6050.0,2.4630338180000098,13.75037150066677
6066.666666666667,9.151368680438331,32.45089714524257
6083.333333333334,-25.939570483051664,0.0
6100.0,-64.0,-36.0
6116.666666666667,13.842892416017827,28.207792207792703
6133.333333333334,-32.363214755015726,2.967662071912745
6150.0,18.849696395402248,17.296022765517396
6166.666666666667,10.398500836387345,4.947324420306469
6183.333333333334,5.858751856688823,4.416766025955607
6200.0,3.843032460958117,5.193718272709066
6216.666666666667,2.7940007773120574,5.64940271909512
6233.333333333334,2.1315631259592522,5.921668613748612
6250.0,1.9033655794871802,4.734311253146854
6266.666666666667,1.750449111022302,4.832053689255195
6283.333333333334,1.559987394004969,4.941983248539359
6300.0,1.492854349958302,4.759657669418045
6316.666666666667,1.438807320078832,4.715942684529972
6333.333333333334,1.1849860549107771,4.71080301852591
6350.0,0.9558515004166621,4.832733921333331
6366.666666666667,0.9005988490411793,4.912890246406539
6383.333333333334,1.062185184766697,4.76026638219996
6400.0,1.237150536781609,4.729205655938696
6416.666666666667,1.1625364040166637,4.7481350232722095
6433.333333333334,1.2718019527999986,4.6737884071999956
6450.000000000001,1.311088119628341,4.535056653276912
6466.666666666667,1.3542505822466828,4.374770476154751
6483.333333333334,1.5595007398444605,4.508658302010731
6500.000000000001,1.6914143080540205,4.526309318792735
6516.666666666667,1.7359501436996208,4.510482059168475
6533.333333333334,1.6238171243399415,4.163294025001398
6550.000000000001,1.60414497007688,4.154365086693393
6566.666666666667,1.4043613170773688,4.56443873234544
6583.333333333334,1.407057738947206,4.8831207495974285
6600.000000000001,1.5036141539039374,4.792009225025043
6616.666666666667,1.746549202855563,4.824223073044433
6633.333333333334,1.7419531265509225,4.915067815912749
6650.000000000001,1.7446268989495228,4.990303643305
6666.666666666667,1.9391972675059757,5.10495807777222
6683.333333333334,2.1441232163774813,5.169162088855522
6700.000000000001,2.233142258708707,5.139611615765764
6716.666666666667,2.14267436286286,5.012173183839396
6733.333333333334,1.990868377527768,4.857951254155548
6750.000000000001,1.8689384646833376,5.066230357983323
6766.666666666667,1.5877314388333292,5.021744619083332
6783.333333333334,1.5931830707535235,4.981114932217232
6800.000000000001,1.523114231367652,5.091772357637834
6816.666666666667,1.4457073344778029,5.062594171477786
6833.333333333334,1.4448692899983464,5.040423745152489
6850.000000000001,1.6512745698015838,5.087411553943652
6866.666666666667,1.6038705226442247,5.151104255000278
6883.333333333334,1.5075828605000021,5.234360044333331
6900.000000000001,1.461786126133306,5.282129844899999
6916.666666666667,1.417650053116392,5.331762502890655
6933.333333333334,1.433875170820252,5.371586521561174
6950.000000000001,1.5793328163669698,5.3611405477189304
6966.666666666667,1.4903157608444515,5.342801338100005
6983.333333333334,1.5328028627852885,5.293455856460673
7000.000000000001,1.6895523529705452,5.329691236362123
7016.666666666667,1.7702519907324081,5.365807544350047
7033.333333333334,1.565868712237756,5.337778497940943
7050.000000000001,1.317684271633312,5.508366592766687
7066.666666666667,0.9865055121735272,5.36594002008079
7083.333333333334,1.1751113192070646,5.394701504253441
7100.000000000001,1.4562198985492572,5.422249926196435
7116.666666666667,1.6058536716791996,5.505936548036752
7133.333333333334,1.701281478066836,5.466429153026507
7150.000000000001,1.7317389356856814,5.322577616866888
7166.666666666667,1.6686684551666613,5.276875587638873
7183.333333333334,1.5452652356824619,5.019097398541539
7200.000000000001,1.4219396546786423,4.99668060529471
7216.666666666667,1.527538176533335,4.999460004088889
7233.333333333334,1.5662225423798468,5.045882556959721
7250.000000000001,1.5337839796333173,5.112541946666673
7266.666666666667,1.2732439540007778,5.069796973740909
7283.333333333334,1.4985806822222252,5.070317697777781
7300.000000000001,1.622966922422439,5.19416570253587
7316.666666666667,1.9599523424222232,5.088416472799993
7333.333333333334,1.969496670640905,5.0254075675226595
7350.000000000001,2.045085921379856,5.055761000199505
7366.666666666667,1.951683223734845,5.105460351551557
7383.333333333334,2.077730623465418,5.257119038616939
7400.000000000001,1.9879502638486293,5.310987238836082
7416.666666666667,2.2370150698111138,5.296166336344449
7433.333333333334,2.3312043047722355,5.318328354149987
7450.000000000001,2.3799282612279007,5.359108804771447
7466.666666666667,2.447505628685651,5.503047781464816
7483.333333333334,2.477958983736306,5.657427128041802
7500.000000000001,2.4754526016508267,5.904478221627485
7516.666666666667,2.6167152361264403,5.815955147984607
7533.333333333334,2.392115325212609,5.771238782330039
7550.000000000001,2.331063799402968,5.659257854726359
7566.666666666667,2.463805717935481,5.582327370820149
7583.333333333334,2.5150454054666813,5.699817793099994
7600.000000000001,2.7415133113723793,5.830238699933291
7616.666666666667,3.000680727388886,5.86982248447222
7633.333333333334,3.204637595127776,5.930543948061111
7650.000000000001,3.103453000100106,5.849697119669694
7666.666666666667,3.165689360231008,5.829265021805765
7683.333333333334,3.2938161284908705,5.656309278822546
7700.000000000001,3.2536816770489327,5.515722235770266
7716.666666666667,3.1880224473763223,5.518239595241267
7733.333333333334,3.2261329348888674,5.376379371088866
7750.000000000001,3.3230539390499554,5.2978384766332995
7766.666666666667,3.440029488383082,5.326164888861102
7783.333333333334,3.432029368105563,5.367174466733351
7800.000000000001,3.2041753712929544,5.407231339434027
7816.666666666667,3.178678669590347,5.451549122244452
7833.333333333334,2.8204557720139913,5.397473896868233
7850.000000000001,2.6888662747747745,5.501794677644325
7866.666666666667,2.8581559271413512,5.487855149774891
7883.333333333334,3.3001687520017984,5.395447558193114
7900.000000000001,3.542245340360571,5.267402260006646
7916.666666666667,3.705522107814828,5.34412822683479
7933.333333333334,3.5070415561002544,5.173407891273409
7950.000000000001,3.347244921816644,5.246636447550011
7966.666666666667,3.318128339399995,5.1087315199777725
7983.333333333334,3.4624483014055607,5.135569934755555
8000.000000000001,3.4395725222555207,5.177248519373649
8016.666666666667,3.551498548083333,5.213695584555556
8033.333333333334,3.6416400753209923,5.122983550808736
8050.000000000001,3.8267097351270696,5.050309201793738
8066.666666666667,3.973574276722225,5.096536879622226
8083.333333333334,4.009752150757954,4.923411842428772
8100.000000000001,4.251577206227118,4.872347263736293
8116.666666666667,4.258147914942711,5.031145126358569
8133.333333333334,4.147883686344439,5.339371558833334
8150.000000000001,4.1035180633333335,5.315000078200019
8166.666666666667,4.077346370993802,5.317509771879145
8183.333333333334,4.087752889550326,5.268468378216884
8200.0,4.111688379202982,5.376661887463671
8216.666666666668,4.158794469557046,5.368794573286613
8233.333333333334,4.4547610128526225,5.398430640421718
8250.0,4.574641615849182,5.299776354754756
8266.666666666668,4.817181950852361,5.283583179354738
8283.333333333334,4.9262603457715555,5.3736051166027945
8300.0,4.752309889401536,5.612511535138745
8316.666666666668,4.777829306903973,5.700172770071473
8333.333333333334,4.824412811244457,5.896078443700011
8350.0,4.793855160516676,5.945062149416671
8366.666666666668,4.914775236933418,5.943105362144426
8383.333333333334,5.110322528622214,5.857292416311121
8400.0,5.190849331148902,5.8711376299483184
8416.666666666668,5.175206601457745,5.840104023045664
8433.333333333334,5.3058519559720025,5.827015657038135
8450.0,5.394992747983339,5.717638578616688
8466.666666666668,5.479169947199986,5.6514049161333455
8483.333333333334,5.593385734709048,5.33587311494426
8500.0,7.066496485575795,4.813763150325361
8516.666666666668,8.528850998271329,3.3905925351064257
8533.333333333334,8.80501014285556,3.0811948218944307
8550.0,9.356080574758563,3.130563069264064
8566.666666666668,9.488408045177797,3.5344329378222272
8583.333333333334,9.294009686577779,3.779795282577773
8600.0,9.791928490690685,3.5827587071404725
8616.666666666668,10.230166067351048,3.4971045695153835
8633.333333333334,10.734861815309777,3.358931946223985
8650.0,11.381376289636263,3.190914561036375
8666.666666666668,11.877719062873995,3.1902987425870544
8683.333333333334,12.155031059102997,3.495640079578028
8700.0,12.389694393516672,3.702042648499997
8716.666666666668,12.690499354421087,3.5854847079745995
8733.333333333334,13.08266800028323,3.410561428035998
8750.0,12.997295683575105,3.248413558762707
8766.666666666668,12.772811171103399,3.1826657765450372
8783.333333333334,12.718316918647263,2.9679727826768274
8800.0,12.887171324675318,2.709040284615379
8816.666666666668,13.104117526805519,2.562640392777744
8833.333333333334,13.418751019382064,1.8389313544959405
8850.0,13.972073489338662,1.552730182392122
8866.666666666668,14.240043187656205,1.4025037847853732
8883.333333333334,14.2379828150703,1.2740888813537667
8900.0,3.838810953973409,3.4797760196398304
8916.666666666668,-1.5401325333333173,5.920661996344512
8933.333333333334,-0.33476631873158735,5.586123860535826
8950.0,-0.2947218348689904,6.057332390201968
8966.666666666668,-0.049019632427746464,6.031538540044437
8983.333333333334,-0.07640718305555752,6.317720362388894
9000.0,-0.09829025078453674,6.424628172254126
9016.666666666668,-0.33006414861462,6.573200020017763
9033.333333333334,-0.8315074782669385,6.56294775092546
9050.0,-0.9693120041666703,6.615829962500002
9066.666666666668,-1.0209650112168065,6.8574901104045125
9083.333333333334,-1.1496465776944889,6.92649279200561
9100.0,-1.2518163448884376,7.024081071961375
9116.666666666668,-1.2846456234369648,6.922242628719454
9133.333333333334,-1.3007646374555577,6.8564746826389324
9150.0,-1.344721869680297,6.881468453812826
9166.666666666668,-1.0911738154824826,6.828721238977428
9183.333333333334,-0.8613477444555586,6.564682090211783
9200.0,-0.6292764912535582,6.543895801151726
9216.666666666668,-0.1239508222666608,6.541462289711105
9233.333333333334,-0.1822734819687473,6.669831873536756
9250.0,-0.29275918723970945,6.466626223005188
9266.666666666668,-0.7642990490514825,6.450971505973139
9283.333333333334,-1.2839209025542795,6.2061891383308305
9300.0,-1.1562108658666654,5.818919892533344
9316.666666666668,-0.8641736622554306,5.7096533757384895
9333.333333333334,-0.9937452766494368,5.885533863598467
9350.0,-0.8810369530098269,5.727928507253625
9366.666666666668,-0.8787479172202866,5.83856138522783
9383.333333333334,-1.0932448386502889,6.050413486943033
9400.0,-0.9262230626666578,6.380460257116677
9416.666666666668,-1.0452265199249662,6.149010950361365
9433.333333333334,-1.053884655044667,6.17597452848022
9450.0,-0.8199235984007924,6.362407144477753
9466.666666666668,-0.9245909326947938,6.439984636270811
9483.333333333334,-0.9218103023908505,6.366380814700188
9500.0,-0.7579609459769848,6.361980167816095
9516.666666666668,-0.9359603044833729,6.171201263411109
9533.333333333334,-1.1472293552164918,6.088407585709526
9550.0,-1.1038246850074862,5.842686021489233
9566.666666666668,-1.142682481200004,5.8812093812666495
9583.333333333334,-0.9025301523705599,5.77416508069587
9600.0,-0.584826523961997,5.278089271118905
9616.666666666668,-0.44558576666668054,5.139058743039596
9633.333333333334,-0.42228545303081094,5.019108764820376
9650.0,-0.38787960804598126,4.808946417241377
9666.666666666668,-0.6671727139472822,4.848828896396406
9683.333333333334,-0.7947105584625661,4.751231407953971
9700.0,-0.7965620218786412,4.6707592498919395
9716.666666666668,-0.8659367442157732,4.68335303295067
9733.333333333334,-1.0219560979010471,4.649829909689596
9750.0,-0.7182305460033199,4.83033889117744
9766.666666666668,4.461876743366857,3.1331840733831937
9783.333333333334,5.476039764560054,2.0690444314601733
9800.0,5.5495142518277385,2.1256573732765816
9816.666666666668,5.590354070209367,1.8909363033816637
9833.333333333334,5.5131674069631895,1.945620156766054
9850.0,5.4796576976976965,1.9253414611444835
9866.666666666668,5.769692653056249,1.9731588886672229
9883.333333333334,6.026597066964582,1.7373437614035092
9900.0,6.057558162366671,1.5556842513666833
9916.666666666668,6.15834856298893,1.8002937743671306
9933.333333333334,6.09622061832779,1.6911628625221953
9950.0,5.791006853676827,1.8980287885109361
9966.666666666668,5.613803156967365,1.8287153409259935
9983.333333333334,5.390716500544163,1.8310394946082436
10000.0,5.225019112187817,1.8670894072926834
10016.666666666668,5.29071101927223,1.8507036701222246
10033.333333333334,5.278905875690288,1.9688770954609032
10050.0,5.348936603868596,1.6349728236451604
10066.666666666668,5.394241349533312,1.4723546560888578
10083.333333333334,5.473128023635053,1.3109911132363492
10100.0,5.622494921660835,1.3111348182424567
10116.666666666668,5.601065116369613,1.2058634259592291
10133.333333333334,5.6165262817797466,1.1590019393696753
10150.0,5.646292400550547,1.1269544432932859
10166.666666666668,5.59737723166547,1.1558575313601434
10183.333333333334,5.628198570498241,0.8960872040762844
10200.0,5.762778981494417,0.7482536115326942
10216.666666666668,5.736807318322327,0.8650380719167298
10233.333333333334,5.737387129900417,0.9162468218994749
10250.0,5.73715125397934,1.1202927201798292
10266.666666666668,5.679776704177691,0.7777210393111091
10283.333333333334,5.65546635035779,0.6119725206856285
10300.0,5.628432463601533,0.5489550271031123
10316.666666666668,5.610456010143452,0.6962657299744248
10333.333333333334,5.719104464622206,0.8222216903222261
10350.0,5.919218613043506,0.6684639319840145
10366.666666666668,5.928965624932223,1.001439582771963
10383.333333333334,6.021516857243597,0.9646341334832557
10400.0,6.129516711129131,1.0863885501350379
10416.666666666668,6.080100128979942,1.1242797692042505
10433.333333333334,6.323595896118344,0.9030908673840519
10450.0,6.450151648048028,0.8197130668668545
10466.666666666668,6.619990112783358,0.7648880450444185
10483.333333333334,6.637714183516481,0.6174232885225777
10500.0,6.516559187739468,0.7108318521072922
10516.666666666668,6.430463829866641,0.5911433064611635
10533.333333333334,6.371679353507003,0.5622039829659283
10550.0,6.189334764834251,0.5420278278360712
10566.666666666668,6.271888716982945,0.41821666584525463
10583.333333333334,6.043765682294431,0.5214886124555916
10600.0,6.011198972559627,0.6279966136439274
10616.666666666668,6.159517495777802,0.5246707371111382
10633.333333333334,6.343140280823741,0.7252935467900631
10650.0,6.355433494413888,0.6125072782558115
10666.666666666668,6.253349465455026,0.42179364909673306
10683.333333333334,6.443304013617922,0.43742148217442217
10700.0,6.574024703155603,0.6149930946354433
10716.666666666668,6.7162549348333265,0.652397532472217
10733.333333333334,6.854154669256853,0.596443577271967
10750.0,7.277428471469094,0.2879521509921811
10766.666666666668,7.3531839879995555,0.37922162456784214
10783.333333333334,7.402391362533974,0.4407731020025523
10800.0,7.264365239649993,0.6639085700166706
10816.666666666668,7.239082777766658,0.7244636831415547
10833.333333333334,7.531871686860115,0.42505930095046063
10850.0,2.6820707268263044,1.2057222442403255
10866.666666666668,1.6498532392615246,1.4967394204649562
10883.333333333334,1.5747925468492634,1.820332239334229
10900.0,1.6414323037871235,1.9158530807474259
10916.666666666668,1.6661322791666153,1.998201501133333
10933.333333333334,1.876896405752867,2.1981432793563416
10950.0,1.8260630626666745,2.2961820139166544
10966.666666666668,1.5207306768157158,2.5890311128405585
10983.333333333334,1.503490902849572,2.7911849423017467
11000.0,1.4912354396364789,2.6867508111222227
11016.666666666668,1.2694378597777771,2.611066326999961
11033.333333333334,1.1429820410722258,2.4057684969000315
11050.0,1.3339922233716415,2.304975318007677
11066.666666666668,1.259351558953851,2.223862858648436
11083.333333333334,1.3117404342444419,1.9151151477944488
11100.0,1.4904764157921049,1.8300043542728526
11116.666666666668,1.452095017717863,1.6265800291950872
11133.333333333334,1.3804558995555651,1.5856885454444476
11150.0,1.3991803765038207,1.4940142064473345
11166.666666666668,1.260975574692885,1.3846281455005398
11183.333333333334,1.1906764557167573,1.250186655789006
11200.0,1.1946587791917023,1.3820712037742142
11216.666666666668,1.3168224850277859,1.2166461554500012
11233.333333333334,1.6062559850557594,1.2691281939812467
11250.0,1.8026562876456678,1.293893910489496
11266.666666666668,1.6068757504580473,1.3479320586484465
11283.333333333334,1.4574577105830664,1.2429592385025783
11300.0,1.3011642360819564,1.2919151758787297
11316.666666666668,3.1813013373071493,-7.3802368919534675
11333.333333333334,1.027290635388896,-15.089415503666652
11350.0,0.5297125488577465,-15.581251531382403
11366.666666666668,0.6172935469525227,-15.779659374641376
11383.333333333334,0.7927695164695665,-16.086358647892705
11400.0,1.187992072455093,-15.995710414770457
11416.666666666668,1.4584390715444433,-16.258685533
11433.333333333334,1.4272631836914893,-16.30414889461382
11450.0,1.4489510714999752,-16.435238071183306
11466.666666666668,1.4636404954229014,-16.6305358015423
11483.333333333334,1.4151941682507938,-16.774096615785663
11500.0,1.5053821981333388,-16.699938445249987
11516.666666666668,1.5304731391028716,-16.859332605569453
11533.333333333334,1.8173724235117623,-16.967387080890443
11550.0,1.8549729122666707,-17.011146813333337
11566.666666666668,1.831936842888882,-17.184428335022254
11583.333333333334,1.9782321456222216,-17.31799477223889
11600.0,2.097687712866332,-17.4865983407849
11616.666666666668,2.138341546676667,-17.759922586928763
11633.333333333334,2.262886434588273,-17.738627527386274
11650.0,2.3448419496782487,-17.33887823191763
11666.666666666668,2.0719432246166245,-17.240444421966757
11683.333333333334,2.131013474135151,-17.540956001710263
11700.0,5.314813080783509,-13.82854416244986
11716.666666666668,12.124052739466855,-5.913915235287508
11733.333333333334,11.706194512900943,-1.1553424517982025
11750.0,11.335381882007663,-0.9681025377688278
11766.666666666668,11.361484942910343,-0.5675566686398764
11783.333333333334,11.432912971869271,-0.5681782141348568
11800.0,10.607861869138281,-0.5388282667334465
11816.666666666668,10.186655078423499,-0.6884002937987043
11833.333333333334,10.200448199238123,-0.8455664463463445
11850.0,10.575770696337885,-0.7467500431477901
11866.666666666668,10.726862052919573,-0.8520209086419834
11883.333333333334,10.757022857223895,-1.0525344143699256
11900.0,10.76418123074613,-1.1576231503755594
11916.666666666668,10.954453457022234,-1.2416394798944441
11933.333333333334,11.259221039614982,-1.316979507016088
11950.0,11.39574792739407,-1.2265576515849188
11966.666666666668,11.363996372280619,-1.165395806881168
11983.333333333334,11.217241500399581,-6.030473688056953
12000.0,8.511544347416729,-14.531770948966601
12016.666666666668,8.073865481790955,-15.327703952720794
12033.333333333334,8.78863102438985,-15.673188309545344
12050.0,9.198402763984665,-15.679466248659008
12066.666666666668,9.440017741126711,-16.004569032086398
12083.333333333334,9.824911594941973,-16.132530875605287
12100.0,10.000179280680683,-16.15361987717719
12116.666666666668,10.040737990293966,-16.51174580539491
12133.333333333334,10.341082136492894,-16.85648608929424
12150.0,10.361211915392303,-16.876918164950858
12166.666666666668,10.397282525766679,-16.75327158245556
12183.333333333334,10.408802971291646,-16.643166868282634
12200.0,10.16177628704629,-16.36207802987013
12216.666666666668,10.17063625859292,-16.328703617946573
12233.333333333334,10.108376359841037,-16.60941946347063
12250.0,10.174804928599986,-16.831080439783335
12266.666666666668,10.162876270178357,-17.011411201307197
12283.333333333334,10.097234317171706,-17.309985403607506
12300.0,10.132916060030016,-17.284563823111554
12316.666666666668,9.383325339525936,-12.756127295125898
12333.333333333334,6.1310875148129425,-2.5500114011225827
12350.0,6.787721362242166,-1.5717387200930344
12366.666666666668,6.480573218533359,-0.38365129724432123
12383.333333333334,6.687140064088884,-0.2303456036610674
12400.0,6.879728961774035,-0.14058071210840073
12416.666666666668,7.131525586493256,-0.17429176682228903
12433.333333333334,7.177497154255555,0.25082927229999885
12450.0,7.600873713930616,0.19894817922922736
12466.666666666668,7.6921676858460595,0.18089883531557416
12483.333333333334,7.702130538686012,0.1715404521594143
12500.0,7.735626008474842,0.10886235439560424
12516.666666666668,7.458606688047222,-0.02732037289738365
12533.333333333334,7.4175574906879636,-0.019197069493041757
12550.0,7.215807347566657,0.028486025216665295
12566.666666666668,6.858963110519326,0.4808989957358556
12583.333333333334,6.7275006349158835,0.1967349373591034
12600.0,6.867716249824727,-0.00404932360205703
12616.666666666668,6.894056499006055,-0.1668866989116707
12633.333333333334,6.918694637959737,-0.2853732798191613
12650.0,6.91564525652174,-1.1211157724637477
12666.666666666668,6.798290544755479,2.693317163607223
12683.333333333334,8.016324980944441,1.8208572432222019
12700.0,7.669055855605385,1.4574629396279823
12716.666666666668,7.8605319538055385,-0.1770172769889153
12733.333333333334,7.993629066577777,-0.7419791550222338
12750.0,7.849065228928922,-0.2116113856356391
12766.666666666668,7.801569873972108,0.5144202161662861
12783.333333333334,7.788967253667593,0.34695351378752876
12800.0,7.4825844500519265,0.7344137465212891
12816.666666666668,6.78122409968887,1.5874149542889162
12833.333333333334,7.078635952572223,2.0771123192221914
12850.000000000002,6.534306536834966,1.9725133607804077
12866.666666666668,6.742482532072858,2.8526250850908053
12883.333333333334,6.978820986073588,2.779027670550263
12900.000000000002,-28.641253700600608,-18.97298638805473
12916.666666666668,-28.4817433892778,-18.88973671211111
12933.333333333334,-28.479226208651234,-18.670954146199122
12950.000000000002,-28.533577013866665,-18.560058621283332
12966.666666666668,-28.674190847361096,-18.45035297305556
12983.333333333334,-28.548600761213937,-18.473378480201216
13000.000000000002,-28.521085048749974,-18.406964706666635
13016.666666666668,-28.53117661186704,-18.281260849902733
13033.333333333334,-28.61698919393282,-18.260768603381145
13050.000000000002,-28.46161104749041,-18.073213749007845
13066.666666666668,-28.39678414692655,-18.089028309572967
13083.333333333334,-28.397412706419882,-18.028831890600852
13100.000000000002,-28.384786310044984,-18.01427071034483
13116.666666666668,-28.48360102387306,-18.102123652820854
13133.333333333334,-28.539500586447556,-18.03025253720942
13150.000000000002,-28.5117756426334,-18.017030869383326
13166.666666666668,-28.420039416466672,-18.01408814591112
13183.333333333334,-28.320811024853516,-18.10700651029296
13200.000000000002,-28.239868286136094,-18.2815638152653
13216.666666666668,-28.09302579497921,-18.25046577450847
13233.333333333334,-28.1465670155889,-18.35548152286668
13250.000000000002,-28.21431722447994,-18.3241731553418
13266.666666666668,-28.231435495246803,-18.42074460546392
13283.333333333334,-28.201814071471,-18.416641690548577
13300.000000000002,-28.152192503666665,-18.541877388333344
13316.666666666668,-28.183015583101472,-18.527821777386798
13333.333333333334,-28.145713724507843,-18.48995429898788
13350.000000000002,-28.195453555600025,-18.619064544666696
13366.666666666668,-28.15111615805555,-18.5749566006
13383.333333333334,-28.163896554622685,-18.517039403853627
13400.000000000002,-28.182110707099348,-18.504951767099303
13416.666666666668,-28.11117243577779,-18.483794610194447
13433.333333333334,-28.18068773600267,-18.447115690445997
13450.000000000002,-28.275439510349997,-18.58759231518339
13466.666666666668,-28.511940733801854,-18.43580541189199
13483.333333333334,-28.514073370453417,-18.483362322892106
13500.000000000002,-28.681043502734788,-18.538025769334745
13516.666666666668,-28.733727436515082,-18.558706477572304
13533.333333333334,-28.85483042960744,-18.591080616563943
13550.000000000002,-28.95803333936668,-18.484393930150024
13566.666666666668,-29.107884668511122,-18.554675992466727
13583.333333333334,-29.338308021794877,-18.692512030769237
13600.000000000002,-29.51590700753335,-18.669841668366672
13616.666666666668,-29.664509445244843,-18.847350415646705
13633.333333333334,-29.874566406333347,-18.818169289861128
13650.000000000002,-30.06586709520241,-18.830793293136757
13666.666666666668,-30.170610078126032,-18.52801282091211
13683.333333333334,-30.215721565201463,-18.54903747534688
13700.000000000002,-30.396983983066374,-18.601527177043685
13716.666666666668,-30.43816231714238,-18.54067600161353
13733.333333333334,-30.345122814325435,-18.096392299265936
13750.000000000002,-30.42513832232237,-17.852182080480453
13766.666666666668,-30.491483080432022,-17.82044701729134
13783.333333333334,-30.64179902645767,-17.874540737991218
13800.000000000002,-30.672242489436957,-17.806543308868942
13816.666666666668,-30.744774104233322,-17.874523306455586
13833.333333333334,-30.775817846177784,-17.99430154096667
13850.000000000002,-30.778859676133305,-18.063833415300035
13866.666666666668,-30.7892818411039,-18.16655075725085
13883.333333333334,-30.773900909088884,-18.25734860141667
13900.000000000002,-30.79920932116824,-18.206167718305885
13916.666666666668,-30.789549408239203,-18.147268428640217
13933.333333333334,-30.95462578064145,-18.23481469001528
13950.000000000002,-30.88315478289188,-18.342695356205237
13966.666666666668,-30.83364706119724,-18.554681485473978
13983.333333333334,-30.771314475503413,-19.396066625306485
14000.000000000002,-30.70325428209996,-19.363065956299053
14016.666666666668,-30.65004561899211,-19.996107711810122
14033.333333333334,-30.666430189238532,-20.06271851698857
14050.000000000002,-30.723032569771288,-17.80790239981408
14066.666666666668,-30.661775913908315,-16.84116852206682
14083.333333333334,-30.682739502394444,-16.81906851038334
14100.000000000002,-30.64157341332,-16.910727334498834
14116.666666666668,-30.597445568349997,-16.78426163014444
14133.333333333334,-30.452854429209836,-16.65940171860024
14150.000000000002,-30.322353596748368,-16.506212335367614
14166.666666666668,-30.283850321023117,-16.366864765287403
14183.333333333334,5.749536173228787,3.341196605627862
14200.000000000002,4.812068332748541,1.9359680243609307
14216.666666666668,4.0660911802444355,3.5668302085222665
14233.333333333334,4.209885683452872,3.8630089269078893
14250.000000000002,4.227594951175645,4.149667310087054
14266.666666666668,4.095673721654701,3.628469977143473
14283.333333333334,3.9484684438685718,3.771899032238038
14300.000000000002,3.6300895562000206,3.9654302148666485
14316.666666666668,9.27456794707657,4.770498110362414
14333.333333333334,8.851485430801574,4.754915987313433
14350.000000000002,9.172594250499984,4.486009944666694
14366.666666666668,9.086070895598832,4.630486528932193
14383.333333333334,9.119826303104,4.7789979843744845
14400.000000000002,9.227291648213335,4.714630481092876
14416.666666666668,9.525940034583918,4.534376618559305
14433.333333333334,9.145121673429935,3.620836643800304
14450.000000000002,-27.284333103066665,-17.462797335733327
14466.666666666668,-27.32778458167388,-17.379853190981237
14483.333333333334,-27.326474028763396,-17.356661337153643
14500.000000000002,-27.271449549958323,-17.498073611455794
14516.666666666668,-27.346505279520468,-17.555081117338244
14533.333333333334,-27.34105693522778,-17.78454125653889
14550.000000000002,-27.421752339380358,-19.21332907796101
14566.666666666668,-27.35975270471667,-19.332264365216727
14583.333333333334,-27.34142602780004,-19.140116601658885
14600.000000000002,-27.328172723010333,-18.388993817431537
14616.666666666668,-27.46441340692914,-19.228845854565627
14633.333333333334,-27.43787203050565,-19.127284960944785
14650.000000000002,-27.464298609988393,-18.46146864180294
14666.666666666668,-29.08339344030288,-15.71602471181245
14683.333333333334,-28.758800043849675,-16.213823358384754
14700.000000000002,-28.765198555527796,-16.208209727156163
14716.666666666668,-28.614815762468766,-16.408643078538535
14733.333333333334,-28.742980942749988,-16.46025756701112
14750.000000000002,-28.982358401569776,-16.353150338710698
14766.666666666668,-29.03544390099502,-17.225559555312127
14783.333333333334,-29.128158228502418,-17.482238990660232
14800.000000000002,-29.101965681190396,-17.377554395032647
14816.666666666668,-29.071657654972224,-17.6228807966667
14833.333333333334,-29.136114684638624,-18.052989084768083
14850.000000000002,-29.221713960733332,-18.226456541366666
14866.666666666668,-29.25986580510856,-18.236164512876915
14883.333333333334,-29.364942025111105,-18.39725494619996
14900.000000000002,-29.358171777235768,-18.401589823925644
14916.666666666668,-29.37901023581485,-18.16650470203639
14933.333333333334,-29.433428719008774,-17.98537191943057
14950.000000000002,-29.522153825458822,-18.01392522721055
14966.666666666668,-29.609328531333336,-17.964425536444438
14983.333333333334,-29.583160237244424,-17.945548509733335
15000.000000000002,-29.46414023859648,-17.840466355490594
15016.666666666668,-29.312031897786675,-18.050455798353944
15033.333333333334,-29.195951048579854,-18.986455268634366
15050.000000000002,-29.17328532510833,-19.363836438278486
15066.666666666668,-28.912618021655238,-18.76533466618299
15083.333333333334,-28.936445086662225,-18.7420542242101
15100.000000000002,-28.905706034532727,-18.751515626686686
15116.666666666668,-28.827653840675897,-18.70016145884053
15133.333333333334,-28.831017179111097,-18.581248716088908
15150.000000000002,-28.99813095125126,-18.54349399137471
15166.666666666668,-28.928827626222215,-18.78711762311111
15183.333333333334,-28.784436414253985,-19.116379227347434
15200.000000000002,-28.656655935477776,-19.036773323608028
15216.666666666668,-28.613750385440614,-19.020500081226054
15233.333333333334,-28.538788003899413,-19.001112428569844
15250.000000000002,-28.629324947166616,-18.95687697519997
15266.666666666668,-28.58396029458063,-18.9840049959146
15283.333333333334,-28.53672304558333,-18.902040294249996
15300.000000000002,-28.40698804102181,-18.905326330470956
15316.666666666668,-28.332378733972227,-18.98113214476112
15333.333333333334,-28.304986994861526,-18.75014900578911
15350.000000000002,-29.350208250166453,-17.494557799983376
15366.666666666668,-29.289470950652454,-17.89329188730635
15383.333333333334,-29.18901751551029,-17.558832506143386
15400.000000000002,-29.054600522988498,-17.616868857471268
15416.666666666668,-29.045487841155577,-17.75148856357778
15433.333333333334,-28.970364059199998,-17.901194333955544
15450.000000000002,-28.957681451279488,-17.886428600315735
15466.666666666668,-28.935026557226106,-17.886614665345782
15483.333333333334,-28.882248674912532,-18.087917531950698
15500.000000000002,-28.985152565018296,-18.23872246944719
15516.666666666668,-28.906614344848606,-18.247170326354226
15533.333333333334,-28.94855831719695,-18.375832268782275
15550.000000000002,-28.925741071185605,-18.436015866149738
15566.666666666668,-28.842484392934313,-18.336358821712345
15583.333333333334,-28.823631978555948,-18.20923321563004
15600.000000000002,-28.755715512142896,-18.23456783720236
15616.666666666668,-28.835114721839094,-18.07330792213892
15633.333333333334,-28.904788315455807,-18.09057655449154
15650.000000000002,-28.970985515833338,-18.236796773083356
15666.666666666668,-28.97594871451113,-18.552822417655563
15683.333333333334,-29.08316432606131,-18.79812850344962
15700.000000000002,-29.058097318799092,-18.772612891988626
15716.666666666668,-29.040942428825527,-18.47230403086544
15733.333333333334,-29.12413230613029,-18.07105926819925
15750.000000000002,-29.177652093209854,-18.09922141696695
15766.666666666668,-29.03684880934446,-18.250664857644455
15783.333333333334,-29.059754464577477,-18.43458094027709
15800.000000000002,-29.11198801979013,-18.410436064101326
15816.666666666668,-28.98288057446107,-18.52641407290001
15833.333333333334,-28.42021086181806,-18.982879417459284
15850.000000000002,-28.21750027056664,-19.042448937899984
15866.666666666668,-28.1859425343783,-19.037876221355123
15883.333333333334,-28.115981727716726,-19.166512111899213
15900.000000000002,-28.078192178928948,-19.194575384634636
15916.666666666668,-28.124360081747607,-18.989287657584583
15933.333333333334,-28.167711531111117,-19.058399302411118
15950.000000000002,-28.157577341933305,-19.255082852866664
15966.666666666668,-28.091355645682714,-19.261891824032432
15983.333333333334,-28.142681982652437,-19.202167489061196
16000.000000000002,-28.069913683084607,-19.290578675124422
16016.666666666668,-28.17236168273337,-18.853952224555375
16033.333333333334,-32.25596708095159,-15.61502066023009
16050.000000000002,-31.925649507483325,-15.292303711283466
16066.666666666668,-31.733555690215994,-15.561317950413686
16083.333333333334,-31.84589327744444,-15.943181950222224
16100.000000000002,-31.761965109499997,-16.03834991233337
16116.666666666668,-31.638896508500014,-16.152098583500003
16133.333333333334,-31.51944265265435,-16.481828999578415
16150.000000000002,-31.552173101366662,-16.782762579800014
16166.666666666668,-31.62931815662729,-16.717263803153912
16183.333333333334,-31.555568085399994,-16.79640047375557
16200.000000000002,-31.50099163905805,-16.951080342868934
16216.666666666668,-31.53611458069589,-16.980525499899976
16233.333333333334,-31.40340285976819,-16.97699636750251
16250.000000000002,-31.416570339069537,-16.974015895547787
16266.666666666668,-31.33858015425687,-17.114820655988463
16283.333333333334,-31.25536762242231,-17.028358645556136
16300.000000000002,-31.21161496563229,-17.156400406957
16316.666666666668,-31.244134669981097,-17.012397372350126
16333.333333333334,-31.304647076839355,-16.956690650680216
16350.000000000002,-31.41906103168169,-16.755703650700685
16366.666666666668,-31.367577155138886,-16.771214198144456
16383.333333333334,-30.915698258459653,-17.792906977772258
16400.0,-28.466459491226328,-19.650038659421735
16416.666666666668,-27.782304556777778,-19.861773562111026
16433.333333333336,-27.820883116333285,-19.822302911000033
16450.0,-27.827186296235205,-19.855929151624178
16466.666666666668,-27.66217801591982,-19.812801378277502
16483.333333333336,-27.64463033613185,-19.925706535916117
16500.0,-27.593719239327346,-19.846336168997663
16516.666666666668,-27.522167328695364,-19.8496913958514
16533.333333333336,-27.405350743117346,-19.709998461330393
16550.0,-27.40359138793017,-19.64192102518703
16566.666666666668,-27.40201542378896,-19.54180899694957
16583.333333333336,-27.232331096611116,-19.56850234411113
16600.0,-27.152462098851174,-19.43991314901768
16616.666666666668,-26.905479982382484,-19.375375266473135
16633.333333333336,-26.867411036333277,-19.308757967322162
16650.0,-26.96543434202101,-19.451953959996683
16666.666666666668,-27.069457431708006,-19.7002240591779
16683.333333333336,-27.14702406645564,-19.716506737103646
16700.0,-27.090353609661836,-19.41392821884061
16716.666666666668,-27.076297657806677,-19.274723456750596
16733.333333333336,-27.04539069298695,-19.32234903808646
16750.0,-27.09390670639044,-19.38725709976696
16766.666666666668,-27.09744876822856,-19.411268539191827
16783.333333333336,-27.1663158841469,-19.451376679365854
16800.0,-27.200952758287517,-19.46765567249708
16816.666666666668,-27.123903134397104,-19.526412589273182
16833.333333333336,-26.978966532095072,-19.495651811955163
16850.0,-27.094482106746625,-19.575232938264204
16866.666666666668,-27.0464501017889,-19.637172603477797
16883.333333333336,-26.960969786788894,-19.81262276059444
16900.0,-26.897348387099996,-19.860010705033357
16916.666666666668,-27.05572567034627,-19.899820207036846
16933.333333333336,-27.055828110800455,-20.05314989743034
16950.0,-30.00583243064871,-20.33270150231785
16966.666666666668,-30.425411126766637,-20.387743971783305
16983.333333333336,-30.44682920789034,-20.192095698328256
17000.0,-30.419509108320845,-20.340700108354135
17016.666666666668,-30.304146059429947,-20.79630426923293
17033.333333333336,-30.30032542911105,-21.080899697866872
17050.0,-30.32228097193964,-21.474672319135433
17066.666666666668,-30.24465091371336,-21.668038400975153
17083.333333333336,-30.31199686874651,-21.658077038983425
17100.0,-30.16122132864013,-21.585647142802653
17116.666666666668,-30.12938902406851,-21.469263733767104
17133.333333333336,-30.11270760297777,-21.371642198577792
17150.0,-30.05081312833335,-21.48480063125
17166.666666666668,-29.968300690746325,-21.607979197953508
17183.333333333336,-29.954621091882938,-21.662737017187858
17200.0,-30.127210861966685,-21.808098377450026
17216.666666666668,-30.083657548509613,-21.82745543054722
17233.333333333336,-30.021105257500935,-21.85392280871555
17250.0,-30.00610272365842,-21.90793670695287
17266.666666666668,-2.5182581127742445,-7.0500157673638455
17283.333333333336,4.357439924744354,0.6410100500000651
17300.0,4.688798916550077,1.6864496842656975
17316.666666666668,4.398582770485246,1.1428678425879606
17333.333333333336,4.84050056702215,0.2400036627556827
17350.0,4.669425917000016,0.2546621316499875
17366.666666666668,4.69266090792266,0.1786438937018896
17383.333333333336,4.622592703045479,0.23764190753313122
17400.0,4.574461752996125,-0.14461587003834322
17416.666666666668,4.553358725929659,0.03137257809968648
17433.333333333336,4.52280043486807,0.20524362869627155
17450.0,4.617633000000023,-0.27003957199999806
17466.666666666668,4.6235120440941,-0.14698761319651688
17483.333333333336,4.86517462386665,0.4307638745389993
17500.0,5.006539253066693,0.7941603586999898
17516.666666666668,5.085219563323763,0.725717175434483
17533.333333333336,5.197442622044252,0.6974063943443912
17550.0,5.26622584861804,0.7323716448551438
17566.666666666668,5.55187039946057,0.871099632287842
17583.333333333336,5.236070306517754,0.6364615472896915
17600.0,4.856090629553756,0.43980306939724506
17616.666666666668,4.69873740758648,0.6913451822233503
17633.333333333336,4.867696901463414,-0.027659369020345555
17650.0,5.029461289855072,0.04135266570048106
17666.666666666668,4.994850890239541,0.26305665436611814
17683.333333333336,5.058747833033377,0.33911900393331845
17700.0,5.12869526389863,0.6114640974153309
17716.666666666668,5.1204971288800225,0.922957827255651
17733.333333333336,5.308114967411104,0.908159653133264
17750.0,5.299801342387867,0.6587596916958623
17766.666666666668,5.345041237444441,0.7878275123666771
17783.333333333336,5.352464403454166,0.6527010659292819
17800.0,5.266162481754454,0.7554560051461287
17816.666666666668,5.091079034600019,1.003327227511206
17833.333333333336,5.112828539117644,1.0952744628736755
17850.0,5.142080304866653,1.3478649773833147
17866.666666666668,4.961280660966662,1.5588102631944543
17883.333333333336,4.726704308888976,1.6534582711111179
17900.0,4.894761050325168,1.5239459242287796
17916.666666666668,5.01807563207778,1.3701410265555465
17933.333333333336,4.9501056553498834,0.9891836650825334
17950.0,5.235728962707911,0.7729962682468462
17966.666666666668,5.434943026337493,0.7502670487717008
17983.333333333336,5.162691096133303,1.2902484083111216
