0.0,-0.7820880000000064,3.4626747666666686
16.666666666666668,-0.8045023592963124,3.399240903440609
33.333333333333336,-0.9732233459729885,3.3963579685175915
50.0,-1.1971453706392925,3.2353283567351028
66.66666666666667,-1.094397669087889,3.577417342189059
83.33333333333334,-12.131196379736275,6.18263893819062
100.0,-10.69410094695,5.928825910800001
116.66666666666667,-10.28161394542957,6.1056048029620715
133.33333333333334,-10.440089247728652,6.029349494590717
150.0,-10.614955300749624,5.791427059736794
166.66666666666669,-10.711793222127826,5.575971403548231
183.33333333333334,-10.802616168624844,5.384068837615795
200.0,-11.26811240316907,5.418188711630995
216.66666666666669,-11.570731232822226,5.071159616533331
233.33333333333334,-11.84238510243767,5.034663213654283
250.00000000000003,-11.576452967250292,5.001212517442059
266.6666666666667,-11.129633086529305,5.117207096111664
283.33333333333337,-11.6040871049315,5.048035682165638
300.0,-11.48323422581503,4.736515284963411
316.6666666666667,-0.2574425559335226,3.871948428920009
333.33333333333337,-0.7032823586515439,3.9780325835751182
350.0,-0.14779417726666483,3.9541461868333383
366.6666666666667,-0.2821248518036787,3.738626251103326
383.33333333333337,-0.14163443296556397,3.6848099529310145
400.0,-0.5459866694999954,3.5719001650333313
416.6666666666667,-0.35463447603333303,3.5540846516333384
433.33333333333337,-0.32019927310877483,3.4800791990662026
450.00000000000006,-0.3239685818460459,3.384297465206415
466.6666666666667,-0.46745012898888266,3.223851412277782
483.33333333333337,-0.4389617609972898,3.2695089732411575
500.00000000000006,-0.36120768610694604,3.209164997051477
516.6666666666667,-0.12742284796287556,3.0837620953365525
533.3333333333334,-0.24908237569235775,3.070235665337558
550.0,-0.4165682717641197,2.711799780809595
566.6666666666667,-0.7662170788827769,2.5806318962296673
583.3333333333334,-0.8354615176911524,2.530302020106614
600.0,-0.9525859270468503,2.4889250066699966
616.6666666666667,-0.704605567133572,2.648482170979928
633.3333333333334,-0.6243485712499969,2.774904843972221
650.0,-0.5206788148148137,3.0088773944444447
666.6666666666667,-0.6530040491698705,3.007941180992835
683.3333333333334,-0.5529073379611217,3.151599772586704
700.0,-0.5882835003501743,2.9087571936968546
716.6666666666667,-0.7495909089833314,2.971835603877779
733.3333333333334,-0.9592453135975192,2.767774291874796
750.0,-1.0331418952642912,2.7799375885942896
766.6666666666667,-0.8837750494080419,2.8083835126785566
783.3333333333334,-0.7214370511876962,2.435697323409926
800.0,-0.6404711593333399,2.5118475653333343
816.6666666666667,-0.6493988773333313,2.4177660286388867
833.3333333333334,-1.0755158654783683,2.38492966676107
850.0000000000001,-0.8255101800532875,2.2974439287712287
866.6666666666667,-0.8099929854333389,2.246148192672222
883.3333333333334,-1.0605318352379407,2.5380746387972692
900.0000000000001,-1.0379082999999927,2.3699334567617116
916.6666666666667,-1.1791334797676558,2.2873024249013425
933.3333333333334,-1.1434276699966757,2.164909310345207
950.0000000000001,-1.0845541199598752,2.2528567525576695
966.6666666666667,-0.772925180751486,2.3294525001111617
983.3333333333334,-0.851686249783545,2.2438211689976675
1000.0000000000001,-0.7918833175245635,2.2360928524404446
1016.6666666666667,4.660628148266789,2.1261753966555785
1033.3333333333335,7.999177659312968,2.9848611842866015
1050.0,7.635062645404595,3.1619475162670696
1066.6666666666667,8.013348014244439,3.2069586752222166
1083.3333333333335,7.916046035364638,3.0741427940281953
1100.0,8.027011912639653,3.158914132399534
1116.6666666666667,7.916954370542254,3.216040845542251
1133.3333333333335,7.6635092241323655,3.262440175090229
1150.0,7.707534798434125,2.9880425762118943
1166.6666666666667,8.125756060475405,3.185083157269203
1183.3333333333335,8.337630478727306,3.1898748838802855
1200.0,8.253563979010499,3.3540370789605154
1216.6666666666667,8.760489143251382,3.255536942983781
1233.3333333333335,9.150658451760913,3.2988696107142923
1250.0,9.349821737902957,3.4966302767032253
1266.6666666666667,9.944872042286567,3.295908625472903
1283.3333333333335,10.126693244933097,3.267946916380701
1300.0,10.254384144239712,3.3646011832835314
1316.6666666666667,10.283800641973468,3.4304657993392182
1333.3333333333335,-2.9770003337530673,2.1953946301037535
1350.0,-2.354053052085416,0.8862604773773816
1366.6666666666667,-2.3375435598000016,0.9529666685166627
1383.3333333333335,-2.31499507113665,1.0515835240268832
1400.0,-1.7188150144739076,0.9463001448390873
1416.6666666666667,-1.8501845286888878,0.899615345511108
1433.3333333333335,-1.993837661022404,0.8857083329119536
1450.0,-1.6544286641358603,0.9310308580752595
1466.6666666666667,-1.8678422999095654,1.1317938402791878
1483.3333333333335,-1.86248901244311,1.1112876938727938
1500.0,-2.1843025269944816,1.2129402973574142
1516.6666666666667,-2.362354013155555,1.4006621549333333
1533.3333333333335,-2.450709042954073,1.377003416093872
1550.0,-2.6657152065607184,1.3610601964955122
1566.6666666666667,-2.6316195962481226,1.304580394525036
1583.3333333333335,-2.2980920720277753,1.4309611420277766
1600.0,-2.1416839858429193,1.3162857047523724
1616.6666666666667,-2.0205992854511927,1.5158907825659922
1633.3333333333335,-1.9815971529140286,1.486993266694471
1650.0000000000002,-2.2074872053613186,1.5052103496503508
1666.6666666666667,-2.596643547318109,1.5018267179478582
1683.3333333333335,-2.834715218488889,1.405062326777775
1700.0000000000002,-2.7240545608108238,1.5822249630630854
1716.6666666666667,-2.745061954577293,1.5064844168639857
1733.3333333333335,-2.3826525378199843,1.6265592303015093
1750.0000000000002,-9.402834185075932,1.8132137377355333
1766.6666666666667,-11.68090288390306,0.842328996120277
1783.3333333333335,-12.223991560553369,1.0245068143196334
1800.0000000000002,-12.658222242400008,1.1892318885333302
1816.6666666666667,-13.047540894722218,1.2418412977222217
1833.3333333333335,-13.725071141333368,1.4168551857777922
1850.0000000000002,-14.108044185185152,1.6481188396396538
1866.6666666666667,-14.310255354872254,1.657197815533336
1883.3333333333335,-14.910435346833353,1.6138180044666692
1900.0000000000002,-15.213173199533104,1.7681864267800649
1916.6666666666667,-15.577332989111223,1.8473372992829737
1933.3333333333335,-15.685017726222227,1.7324909461666644
1950.0000000000002,-15.939976539666677,1.6436944449666748
1966.6666666666667,-16.097366152507078,1.7086048751957352
1983.3333333333335,-4.95374738324144,2.1587415833621995
2000.0000000000002,-0.39212732321164434,2.1967242582457858
2016.6666666666667,-0.17197200583333347,1.7779617452777732
2033.3333333333335,0.2597356035611235,1.6212723635500064
2050.0,0.21345580143333415,1.5914809305333306
2066.666666666667,-0.11440287573697415,1.8032561715170674
2083.3333333333335,-0.3413452287323796,2.005561384970593
2100.0,-0.6173571313273014,2.3187075058508912
2116.666666666667,-0.7991544418880548,2.2753685432270965
2133.3333333333335,-1.006380055921866,2.285127287024089
2150.0,-1.0771941141070547,2.458705185092552
2166.666666666667,-1.6113851330941054,2.451030064029382
2183.3333333333335,-1.8932904404182036,2.3222372273551377
2200.0,-1.9151461800999954,2.3991194223000063
2216.666666666667,-1.3046219409110842,2.1228892902388883
2233.3333333333335,-0.9242122587594999,1.694058733155646
2250.0,-0.9570696458729392,1.1853157248290829
2266.666666666667,-0.8817773711747612,1.3464137596923833
2283.3333333333335,-0.025435460359428647,1.6357934941199332
2300.0,0.0027612916666633625,1.7035092214166658
2316.666666666667,0.0925050704036946,1.5526479389500727
2333.3333333333335,-0.2117219006002977,1.6742475845811742
2350.0,-0.2675857806380674,1.5878471562156253
2366.666666666667,-0.692437372615266,1.8104533362658226
2383.3333333333335,-0.5485655311577294,2.0530078391996898
2400.0,-0.5945586181667557,2.149862604359356
2416.666666666667,-0.6718482003611089,2.0467269381110955
2433.3333333333335,-0.3441923885111209,1.953104753738887
2450.0,-0.4997044887611731,2.0621507519369917
2466.666666666667,-0.8823638684888138,2.144026933066675
2483.3333333333335,-0.7891433380523643,2.1082762744928
2500.0,-0.9835623920126717,2.4090010345005877
2516.666666666667,-0.8700569576576443,2.309855333455678
2533.3333333333335,-0.6154586125459137,2.3574436565788033
2550.0,-1.0102077705686543,2.44567716606637
2566.666666666667,-0.941396009516795,2.080964128133339
2583.3333333333335,-1.2145478367372027,1.7300806607529549
2600.0,-1.464170280533323,1.6081297562666659
2616.666666666667,-1.5427909171555605,1.4656458540444481
2633.3333333333335,-1.4588100223558174,1.6256301376753528
2650.0,-1.2259103864999932,1.5591144255833267
2666.666666666667,-1.5602774417931473,1.41199566029683
2683.3333333333335,-1.5373597082403319,1.5180222015714397
2700.0,-1.5621978730499881,1.3977297537333309
2716.666666666667,-1.834328448177772,1.4666680016888887
2733.3333333333335,-1.9664003123105025,1.690084145083018
2750.0,-2.4098337636546305,1.8456647389558236
2766.666666666667,-2.4561023484444435,2.2208201662222127
2783.3333333333335,-2.097911884844445,2.0663416556888925
2800.0,-2.4329190845398525,1.9280768985022458
2816.666666666667,-2.5625850209333567,2.2211881291444477
2833.3333333333335,-2.7390329068089514,2.460301715441059
2850.0,-2.5009911843333454,2.296787451166668
2866.666666666667,-2.6622178105277587,2.198290189749996
2883.3333333333335,-3.201005584274442,2.0763055567698823
2900.0,-3.5153906376290394,2.2267053741924756
2916.666666666667,-3.232892311649754,2.5861852053695538
2933.3333333333335,-3.22446074301183,2.63798623471042
2950.0,-3.2581383068034033,2.621836675871268
2966.666666666667,-3.4199207098160485,2.608710878250232
2983.3333333333335,-3.4424748938911005,2.363299429791947
3000.0,-3.9674059777666293,2.3605476735833277
3016.666666666667,-3.8888082040333267,2.3627931509222275
3033.3333333333335,-4.431440025972218,2.952404431527781
3050.0,-3.9299168478666426,2.9741669292666666
3066.666666666667,-4.879148771862898,2.698268373289113
3083.3333333333335,-4.712588935758047,2.7025360366422047
3100.0,-4.521525831818938,2.890756533982361
3116.666666666667,-4.395634851996457,2.936177415554438
3133.3333333333335,-3.9181292617764467,2.7695251066644566
3150.0,-3.1734417068688723,2.606410293740971
3166.666666666667,-4.33910691699118,2.9434471291174327
3183.3333333333335,-4.845502682967409,2.784721167110221
3200.0,2.9127438437322937,2.3485933628776374
3216.666666666667,2.133118355827897,2.235214762520154
3233.3333333333335,2.1378160966544786,2.475665831810125
3250.0000000000005,1.653808872561781,2.632749677772211
3266.666666666667,1.2201361865257805,2.476663561507723
3283.3333333333335,1.3903307108612442,2.311612148714521
3300.0000000000005,1.379779078499989,2.1121305684999876
3316.666666666667,1.4297342804888944,2.088568957466663
3333.3333333333335,1.6350387581666672,1.9883985293777684
3350.0000000000005,1.5350336552996404,1.8170173630946373
3366.666666666667,1.4748644593053448,1.8089972596150656
3383.3333333333335,1.4836567721751655,1.889622785810773
3400.0000000000005,1.4853876779610322,1.699933351574218
3416.666666666667,1.3553363456660545,1.6096458674773668
3433.3333333333335,0.9020381818666701,1.2901410659555617
3450.0000000000005,0.5631930728394926,1.2593447691357773
3466.666666666667,1.1127577138346763,1.2355225721583278
3483.3333333333335,-3.8817393789467745,1.7631012465987512
3500.0000000000005,-3.6090023268292604,1.866845313207216
3516.666666666667,-4.395410859065214,1.9506840068640439
3533.3333333333335,-4.333090993855546,2.237286588683318
3550.0000000000005,-4.333944246890089,2.141773009104536
3566.666666666667,-4.463587786953867,1.988381505738526
3583.3333333333335,-4.219982395670984,2.1183211727938804
3600.0000000000005,-4.166716419080952,2.062373796037308
3616.666666666667,-4.235225105711107,2.0508338644333333
3633.3333333333335,-4.307277293088899,2.042645945627783
3650.0000000000005,-4.1236185063062845,1.9721940438438428
3666.666666666667,-4.381632133783989,2.0573024523896986
3683.3333333333335,-4.4820168886332175,2.184134096409315
3700.0000000000005,-4.537825591741748,2.135782051351363
3716.666666666667,-4.368624144177769,2.2629764561111143
3733.3333333333335,-4.298220361269528,2.4996613306542206
3750.0000000000005,-4.396526619486153,2.2758153344677985
3766.666666666667,-4.710048160357942,2.0704785586904997
3783.3333333333335,-4.5066626388424345,2.3467640006596078
3800.0000000000005,-4.375685779168769,2.0831900856451426
3816.666666666667,-4.3443074723053305,1.8882870265148979
3833.3333333333335,1.167217426507707,-0.429649564615643
3850.0000000000005,0.953679241654153,-1.6458813266299779
3866.666666666667,0.9086092502885982,-1.7012453694805252
3883.3333333333335,0.8617495650508122,-1.7628966958243157
3900.0000000000005,0.9546794656171298,-2.0579333327836022
3916.666666666667,1.103700133705001,-1.8586115352360224
3933.3333333333335,0.9587125780333042,-1.912236054422215
3950.0000000000005,0.7673827886439651,-2.121807889979963
3966.666666666667,0.6492451871111072,-2.0794201760833504
3983.3333333333335,0.2918534724925645,-1.8054113476663336
4000.0000000000005,0.2931440340822201,-1.9698306755533344
4016.666666666667,0.12334647509579569,-1.9038517472874672
4033.3333333333335,-0.29271663847521,-1.9270435463823652
4050.0000000000005,-0.4304414733333277,-1.9579805999999975
4066.666666666667,0.37292065168696403,-2.0229004722027812
4083.3333333333335,0.4779318419790061,-1.916705766955411
4100.0,0.6850538292934223,-2.078859374397359
4116.666666666667,0.6050775179857957,-2.045643697262311
4133.333333333334,0.7332603995775795,-2.1273069051803954
4150.0,0.15891645564449391,-2.0657580762547902
4166.666666666667,0.15588117504715324,-2.0962171651348607
4183.333333333334,0.053297233971915776,-2.17014943805876
4200.0,0.22847930224887456,-2.046375620972847
4216.666666666667,-8.828819564939154,-0.20766579820542685
4233.333333333334,-6.241326479991495,-0.5333889296295925
4250.0,-6.248877068004017,-0.40846714363089487
4266.666666666667,-5.819225375801945,-0.2954445067547419
4283.333333333334,-5.8130419095570955,-0.1137930320901234
4300.0,-5.842206320933342,-0.012486630233327092
4316.666666666667,-5.973304498422231,-0.004213267511105727
4333.333333333334,-5.696115787087124,0.027625912523679175
4350.0,-5.573148723291779,-0.0801099864173058
4366.666666666667,-6.118704616858234,-0.008281773507646167
4383.333333333334,-6.445063484126988,0.08871475856918576
4400.0,-6.4349322926666686,0.1438875940000028
4416.666666666667,-6.222215031712403,0.09452091877629917
4433.333333333334,-6.53496502940982,0.04533188974230773
4450.0,-6.53391107061469,0.10321876650007455
4466.666666666667,-6.54856712855386,0.07079333713622392
4483.333333333334,-6.608259870416669,0.0276884187500045
4500.0,-6.661742761535885,0.14147268040980668
4516.666666666667,-6.296035691822175,-0.2216340825333622
4533.333333333334,-0.8691379358845709,-4.93319860266291
4550.0,0.3042154984696963,-9.767156305156332
4566.666666666667,-0.2660079251670625,-9.582798479012347
4583.333333333334,-0.8762976298236879,-9.621051946405252
4600.0,-1.165381588916568,-9.986024550681291
4616.666666666667,-1.3873874810078741,-10.003095416239319
4633.333333333334,-1.0189065151242511,-10.100454998143492
4650.0,-1.009255350933331,-10.229553478799996
4666.666666666667,-0.9275673685222156,-10.145947305833339
4683.333333333334,-0.7910788495004987,-10.261703235187028
4700.0,-0.556311687431149,-10.38051397813387
4716.666666666667,-0.5297575466333324,-10.36445627038889
4733.333333333334,0.27937525462732654,-11.30274321878721
4750.0,-0.39321400967631565,-11.374894764581251
4766.666666666667,-0.556120132911539,-11.371524503219003
4783.333333333334,-0.6561695642135703,-11.535916168703517
4800.0,-0.775319868000001,-11.447606986499999
4816.666666666667,-0.24595456038100805,-11.642166011806644
4833.333333333334,-0.6796774025917866,-11.619980598943217
4850.0,-0.8340823438104731,-11.7125538322656
4866.666666666667,-1.4353943703542444,-11.694120439234814
4883.333333333334,-1.2507825911864872,-11.859035467510274
4900.0,-1.0562282606000002,-11.875902560533332
4916.666666666667,-0.9836673668109778,-11.891576405561105
4933.333333333334,-0.9096568196124039,-11.900246179393656
4950.0,2.2369313576576597,-10.314040190056726
4966.666666666667,2.0498136956991027,-10.525665969292824
4983.333333333334,2.4372164366820765,-10.631891020607258
5000.0,2.440982783991968,-10.72728542321159
5016.666666666667,2.4202931124457825,-10.743364569169167
5033.333333333334,2.153862919691411,-10.585071631290946
5050.0,2.2347124083333343,-10.728646199999998
5066.666666666667,2.3480355786000016,-10.857221667800001
5083.333333333334,2.403267014044977,-11.06088913714569
5100.0,2.663749637347991,-11.030363829751792
5116.666666666667,2.3484362769226363,-10.990828851146645
5133.333333333334,2.4466849707070573,-11.009086680497274
5150.0,2.610115071602467,-11.08388580103385
5166.666666666667,2.227378824082435,-11.027444097256925
5183.333333333334,2.3414063722805882,-11.084837340208995
5200.0,1.9783302623623662,-10.91553431528195
5216.666666666667,1.991844172111768,-10.784700128860178
5233.333333333334,1.7585373042020924,-10.778334610032783
5250.0,1.9531479151757867,-10.777176587822769
5266.666666666667,1.9475452725777902,-10.66664381775556
5283.333333333334,0.8095911047615049,-10.067099436496555
5300.0,-0.18849863279974877,-5.120081164282143
5316.666666666667,-0.18012076714491873,-5.1098096024858215
5333.333333333334,-0.2670122653333847,-5.120218151333351
5350.0,-0.3843622469500457,-5.175038840849985
5366.666666666667,-0.35371073496833844,-5.236645318952284
5383.333333333334,-0.10652786631181584,-5.1494403298846825
5400.0,-0.8780656540770976,-5.228325008004002
5416.666666666667,-0.6748916595833442,-5.272851067111113
5433.333333333334,-1.2872954016563767,-5.332566651142239
5450.0,-1.1327841588421708,-5.39703204801468
5466.666666666667,-1.331970430671994,-5.439426273231314
5483.333333333334,-1.4661721740592732,-5.457861655450262
5500.0,-1.2978953108945412,-5.550067004797606
5516.666666666667,-1.571090867500037,-5.453057147777776
5533.333333333334,-1.548492352392062,-5.382695555777559
5550.0,-1.4228394973333365,-5.331453245333333
5566.666666666667,-1.3674651811867466,-5.282374589333778
5583.333333333334,-1.2766414148148328,-5.239715876650556
5600.0,-1.3880695862069121,-5.101621165517249
5616.666666666667,-1.14543142346544,-5.00171855423466
5633.333333333334,-0.9868579287060149,-4.946324419423666
5650.0,-1.06918609447781,-5.156374689072406
5666.666666666667,-1.2241573752901376,-5.18719955756567
5683.333333333334,-0.999356887745505,-5.21650914805191
5700.0,8.707536268506546,-0.02779623613458826
5716.666666666667,6.913863571458054,0.4798033352911901
5733.333333333334,6.55121034292145,0.3420618334889799
5750.0,6.440359844051171,0.22990296864407084
5766.666666666667,6.5572549549441375,0.6541479800400215
5783.333333333334,6.829959099572206,0.42824103181110135
5800.0,7.118146882248913,0.5563996230897664
5816.666666666667,7.217495290326347,0.5956026438228478
5833.333333333334,7.746910529488898,0.6988039293666408
5850.0,7.784461226050549,0.688647019755569
5866.666666666667,8.09538048983909,0.7369344269938144
5883.333333333334,8.409071013547555,0.8278365624153541
5900.0,8.806731039047158,0.6365336062468823
5916.666666666667,8.945558035345442,0.8144796486798975
5933.333333333334,8.742002264514525,0.8000559648203731
5950.0,8.511784091904048,1.1327882041979078
5966.666666666667,7.675877754889026,1.153589248859092
5983.333333333334,7.946844133577652,1.0453696939641384
6000.0,-2.76349711657498,1.1704103711522322
6016.666666666667,-1.9099345422111276,1.1710825387999964
6033.333333333334,-2.3277304268444308,0.9922519810222014
6050.0,-2.5482608479853472,0.8874702627039687
6066.666666666667,-2.9659580415204654,0.8056984476251663
6083.333333333334,-3.062845297870113,0.7597577428261685
6100.0,-3.3439744593796865,0.8291734569117896
6116.666666666667,-3.637619720470174,0.9472125249667335
6133.333333333334,-3.7771890756656044,1.0294322497804083
6150.0,-3.7269138987179473,0.9386794424908376
6166.666666666667,-3.8397843624756827,0.9990149944305518
6183.333333333334,-3.824861670540156,0.9846422478198656
6200.0,-3.926428841545892,0.8585213531400904
6216.666666666667,-4.014487148211295,0.8382746832274602
6233.333333333334,-4.298586605913456,1.0955513376076356
6250.0,-4.482694569333342,1.1784376346666687
6266.666666666667,-4.281465835381268,1.158263428044179
6283.333333333334,-4.158903568947709,1.1215110254301217
6300.0,-3.6778822722500157,1.0509589746333359
6316.666666666667,-3.251692828508192,1.0053009737937137
6333.333333333334,-3.5973405397062845,1.1007630180604315
6350.0,-3.744514002635972,0.9957743476142856
6366.666666666667,-3.708866411566197,0.9611595490620415
6383.333333333334,-3.860282510555015,1.0958193332109973
6400.0,-4.147796203600004,1.1347281673999972
6416.666666666667,-4.086080546622231,1.0499217413333175
6433.333333333334,-4.036336326748998,1.0748057799299482
6450.000000000001,-3.811778268883131,1.1178455146333726
6466.666666666667,3.4811869682769245,3.821988604991972
6483.333333333334,1.944729166188884,4.32080667198889
6500.000000000001,2.2616818613612475,4.324542109809903
6516.666666666667,1.7575129306000008,4.467562778600007
6533.333333333334,1.8287155569493347,4.482546445721599
6550.000000000001,2.108781069066642,4.413336037066697
6566.666666666667,2.1513347446054705,4.429773282342164
6583.333333333334,2.3297589306986626,4.609317107820603
6600.000000000001,2.306235361000005,4.791706339766623
6616.666666666667,2.4117248287490383,4.941209293306701
6633.333333333334,2.0117737654271273,5.005192243304999
6650.000000000001,1.9027894177678168,5.038937688388374
6666.666666666667,1.6387706912499995,5.0580080310055555
6683.333333333334,2.194316358156862,4.966077078500357
6700.000000000001,2.683269188400059,4.705272436500022
6716.666666666667,2.906458303446548,4.568407563364417
6733.333333333334,2.788607066433427,4.443590212754746
6750.000000000001,10.301492285733795,6.48674999400008
6766.666666666667,8.374166054533314,6.8602521457666485
6783.333333333334,8.474680710134743,6.8976720414958015
6800.000000000001,8.373325458453609,6.964905490559141
6816.666666666667,8.354661972038883,6.897815582705555
6833.333333333334,8.15715767394637,7.026773272669221
6850.000000000001,8.380681116999995,7.015865975833353
6866.666666666667,8.346435765554995,7.23554997171919
6883.333333333334,8.745135077522585,7.365365895207243
6900.000000000001,8.664871429848274,7.445288811589156
6916.666666666667,8.371761340787083,7.471788530898772
6933.333333333334,8.169636863637367,7.436232496926184
6950.000000000001,8.101126515156011,7.256920216574831
6966.666666666667,8.01503603023433,7.076674972864673
6983.333333333334,8.392377959507032,7.098695013109107
7000.000000000001,8.136258632749197,7.180601646997006
7016.666666666667,8.282569785572218,7.119748099605567
7033.333333333334,8.295707308284758,7.217316962007895
7050.000000000001,8.050694991550003,7.446496368166699
7066.666666666667,8.643490861796872,7.371243921589217
7083.333333333334,8.193015605627698,7.502459373376614
7100.000000000001,8.30894178249998,7.640227021666661
7116.666666666667,8.645517385515571,7.645341362659729
7133.333333333334,8.311570503627769,7.854933613033328
7150.000000000001,7.458428518870855,8.13862068620582
7166.666666666667,2.5075049485181946,8.420789008658009
7183.333333333334,2.9317745096466656,8.809184605142264
7200.000000000001,3.1221575666166124,8.884330319176208
7216.666666666667,2.9380886230222227,9.013459066133336
7233.333333333334,3.4131354811532835,8.974000950405982
7250.000000000001,3.2676366873477045,8.982937428175605
7266.666666666667,3.3740990872285783,8.920976008173698
7283.333333333334,3.266398605870624,8.64023863575458
7300.000000000001,3.2830031551441072,8.459656400600311
7316.666666666667,3.382028139328991,8.800816816287446
7333.333333333334,3.2404407089100693,9.088884953282067
7350.000000000001,2.701721101001575,8.87123081994662
7366.666666666667,2.6400682535434266,8.94457074562837
7383.333333333334,2.618636706008121,8.890109918246434
7400.000000000001,2.6470906315156992,8.96050572708023
7416.666666666667,2.6416515373742704,9.179099605013832
7433.333333333334,2.4465505656889053,9.134142894755556
7450.000000000001,2.4287614163762736,9.212055989314761
7466.666666666667,2.356395344851436,9.184106889920287
7483.333333333334,2.684419365006381,9.361443092337199
7500.000000000001,2.5887604557333628,9.493431280033327
7516.666666666667,2.759024269395815,9.504271621004946
7533.333333333334,2.9716881784559077,9.271917955088652
7550.000000000001,3.024759494894972,9.305205480613887
7566.666666666667,3.1622343830248636,9.33479004636206
7583.333333333334,3.3799292737705167,9.445068732844414
7600.000000000001,3.1712207529570344,9.28727325748787
7616.666666666667,11.175594752225631,1.6934726671994125
7633.333333333334,11.513387110366256,-4.492800533550136
7650.000000000001,11.120133326346552,-4.943144765499369
7666.666666666667,11.081512446076143,-4.792278077117323
7683.333333333334,11.112698268906675,-4.71889493018409
7700.000000000001,11.66723109381603,-4.845778429713416
7716.666666666667,11.783489169748457,-4.869785197101461
7733.333333333334,11.684506962366662,-4.868720499333333
7750.000000000001,11.843920888439115,-5.017307402065625
7766.666666666667,11.87357605525016,-5.020565425376195
7783.333333333334,15.863825438329856,-11.08127337482926
7800.000000000001,18.256705895066602,-17.068842067000343
7816.666666666667,18.236296557612146,-20.188965014790732
7833.333333333334,18.88386108980006,-19.67014383022225
7850.000000000001,18.715339069167925,-19.8698903408371
7866.666666666667,19.154372699799893,-20.08402600513034
7883.333333333334,19.403147390873215,-20.196335150102836
7900.000000000001,22.638935314359706,-22.69102273852944
7916.666666666667,22.96775434509969,-23.758789792598147
7933.333333333334,23.606688170685345,-23.669966581251742
7950.000000000001,23.752973936331983,-23.84907771197736
7966.666666666667,23.8538861247222,-23.920202479411113
7983.333333333334,23.794068204646777,-23.8630365192096
8000.000000000001,23.94910310216893,-23.90692163333332
8016.666666666667,24.38294056408334,-24.02975000372222
8033.333333333334,24.393206927365338,-23.97160585674583
8050.000000000001,24.634399993473572,-23.933410891320285
8066.666666666667,24.803702160561674,-23.99036127135087
8083.333333333334,25.08230162047515,-24.3722517795805
8100.000000000001,25.780282975383322,-24.36633905956673
8116.666666666667,26.08506296000001,-24.467275163333326
8133.333333333334,26.341201399399726,-24.693251263904187
8150.000000000001,26.764281215035314,-24.66808416686213
8166.666666666667,27.030418952866714,-24.948339421088892
8183.333333333334,27.488423944283408,-24.96242580906769
8200.0,27.677407061250022,-25.180761240749998
8216.666666666668,27.488606404016164,-25.20757121416765
8233.333333333334,27.41619538468394,-25.382293905235308
8250.0,27.746823090066634,-25.63767331813333
8266.666666666668,28.07528275658337,-25.817075070555518
8283.333333333334,28.186718161389166,-26.113096365181843
8300.0,28.245861755633328,-26.44584315196664
8316.666666666668,28.32316432495976,-26.60136899355879
8333.333333333334,28.372959562486777,-26.680706176699456
8350.0,28.585966519166675,-26.830632720833393
8366.666666666668,14.786285345577856,-16.98410129341478
8383.333333333334,13.02330762400333,-6.724579795565339
8400.0,11.566653508266675,-7.940044241866688
8416.666666666668,11.208398922677548,-7.385570227958196
8433.333333333334,11.427370199822226,-7.302871735333307
8450.0,11.737214850975514,-7.1753960977822295
8466.666666666668,12.47171131140579,-7.229148609032216
8483.333333333334,12.992967398795779,-7.283670948989939
8500.0,12.593165115506588,-7.430481259105324
8516.666666666668,12.781611789291903,-7.280783672415475
8533.333333333334,12.699705982930347,-7.103681473981432
8550.0,12.953487917524953,-7.10187709499756
8566.666666666668,12.578363787925985,-7.228507436243892
8583.333333333334,1.3057466133800482,-2.219941682727175
8600.0,2.5585667727530494,-1.9568284998332146
8616.666666666668,3.438654796490652,-1.8135666121661358
8633.333333333334,3.2809143614611065,-1.6627848223055566
8650.0,3.358761207873618,-1.557112363122691
8666.666666666668,3.4040252083234277,-1.6978387259647898
8683.333333333334,3.2727473318444478,-1.5553607884944174
8700.0,3.472268714442774,-1.4488906541729152
8716.666666666668,3.6944323063962696,-1.3855435712224684
8733.333333333334,3.736552971081126,-1.5099706872786072
8750.0,3.7597782108266684,-1.6779301870983867
8766.666666666668,3.9625015733111746,-1.8185793160222148
8783.333333333334,3.989281955977727,-1.8057318382221985
8800.0,4.018420909583289,-1.6857106939500013
8816.666666666668,12.719488911691304,-1.2699535999999951
8833.333333333334,11.408089640538963,-0.923513146254006
8850.0,11.923274189277933,-1.2852261248623917
8866.666666666668,12.521412276556907,-1.3988364150183468
8883.333333333334,12.813236990813069,-1.5172004883216512
8900.0,12.605066505622297,-1.3702311043376705
8916.666666666668,12.50896522860009,-1.4826125442333855
8933.333333333334,13.199337291948515,-1.8406600331723197
8950.0,13.673954202400008,-1.8009077530666768
8966.666666666668,13.94996396204899,-1.8637942201299145
8983.333333333334,14.924907790979908,-2.0737029578689765
9000.0,15.63464503983742,-2.1193874505226593
9016.666666666668,16.504895648736785,-1.9909982838469509
9033.333333333334,16.662460470025586,-1.9350316924257427
9050.0,16.68415929656151,-1.7373320823401783
9066.666666666668,17.359886444955624,-1.8138562261889954
9083.333333333334,3.3622224656735016,0.03081346202933921
9100.0,-0.29299869726936456,0.9527127116216899
9116.666666666668,0.6874692007606674,0.5393300379199631
9133.333333333334,0.6015343391652804,0.6059003051409464
9150.0,0.8787469413332977,0.538345838399984
9166.666666666668,1.1319480386696668,0.42687322048790155
9183.333333333334,1.3696006640572143,0.6645159734601841
9200.0,1.4688991851852138,0.7299765493827242
9216.666666666668,1.2597808087234108,0.7732048191904031
9233.333333333334,1.1824554849305495,0.67528563416667
9250.0,1.2110577318637439,0.5172887177020814
9266.666666666668,1.2541839174405385,0.2771289768181137
9283.333333333334,1.1900628116613905,0.41619932262239134
9300.0,1.317073738333336,0.3377360815166685
9316.666666666668,1.1994442339663227,0.5060230920650164
9333.333333333334,1.3297494416388997,0.5269395116388845
9350.0,1.573511297346014,0.2541245565514926
9366.666666666668,1.6725891534243973,0.46657063446555186
9383.333333333334,1.8751542748555656,0.3818765136444572
9400.0,1.5760307457123874,0.34698904134134695
9416.666666666668,1.9730339840049387,0.31745099542124133
9433.333333333334,1.8889599175854608,0.32284434114054755
9450.0,1.7564725753332795,0.549177980666669
9466.666666666668,1.7039989715499857,0.48969264883332364
9483.333333333334,1.8380424368034736,0.38742476940275417
9500.0,1.6977585481758932,0.6175449722138787
9516.666666666668,1.9449648866111147,0.7266533104722381
9533.333333333334,1.8776677461824802,0.6940073403798026
9550.0,1.9148296218339196,0.6873717884839328
9566.666666666668,8.537178802006013,1.6349075487368057
9583.333333333334,14.472820800049934,3.1311604808968667
9600.0,13.725731223721462,3.4736416542395556
9616.666666666668,14.10439942603456,3.517794208381663
9633.333333333334,14.385878051024484,3.629034075784317
9650.0,14.599512876147559,3.7037285090636005
9666.666666666668,14.764989775132003,3.5461795055805694
9683.333333333334,14.896206405552798,3.7548375050379263
9700.0,15.056929348666673,3.7095038467333317
9716.666666666668,15.267520538628048,3.7616417003607348
9733.333333333334,15.478579300233216,3.577228163368316
9750.0,15.745350344860348,3.5749653830838506
9766.666666666668,15.586865021999998,3.466249398066665
9783.333333333334,15.780484552816699,3.5773985861055277
9800.0,16.003205133800787,3.4082987320480633
9816.666666666668,16.017935525254025,3.3527435995113475
9833.333333333334,16.003315883044387,3.3571738012222436
9850.0,15.767887449883183,3.5092265012345485
9866.666666666668,16.15662028943193,3.3627839808014675
9883.333333333334,16.728795383212336,3.428557728727069
9900.0,16.439070649166666,3.170230069999998
9916.666666666668,16.607482658217965,3.2695659648879887
9933.333333333334,16.41693000672003,3.2081762478739266
9950.0,15.37602075441006,3.261826876905134
9966.666666666668,4.778606215677954,1.9174239544667093
9983.333333333334,4.179653603553775,1.710992256699413
10000.0,4.059733626003616,1.7753306068299086
10016.666666666668,4.250849871500678,1.793849594733064
10033.333333333334,3.93423218226664,1.637282176088886
10050.0,3.8993974726031095,1.5192074478572828
10066.666666666668,3.555167199326828,1.4288955321426424
10083.333333333334,3.369278859763987,1.0702937584279535
10100.0,3.102078002190122,0.922264302555179
10116.666666666668,3.1175433673655193,0.7448601146003023
10133.333333333334,3.1435927459207518,0.948402150771444
10150.0,3.290932456488402,0.9784950783441815
10166.666666666668,3.214082998550827,0.9738221199678304
10183.333333333334,3.451439294383236,0.8319131681125784
10200.0,3.4719319251207708,0.8211359231884068
10216.666666666668,3.793481535738838,0.8510843000221248
10233.333333333334,3.6922050201602934,0.731972075804304
10250.0,3.4558332594558254,0.8222096176097522
10266.666666666668,3.578350361650622,0.7367254958179131
10283.333333333334,3.6901110739110923,0.6421657773333088
10300.0,3.6536232493427065,0.5477252848560401
10316.666666666668,3.410636132472215,0.7002649677833752
10333.333333333334,3.065098150454653,0.8019804748724746
10350.0,3.049087999199606,0.7591843048024044
10366.666666666668,3.2932082922149992,0.7888838755455609
10383.333333333334,3.3043484998056534,0.975152448764502
10400.0,3.3451370543333425,0.9681762356000528
10416.666666666668,3.5104877749654415,1.134362174528055
10433.333333333334,4.140939825796058,1.1804079822088873
10450.0,4.686979627897226,1.4368014907287083
10466.666666666668,5.337200720611953,1.2064683328835697
10483.333333333334,4.924515308251222,1.0805326547654661
10500.0,4.422758845527244,1.040952676178581
10516.666666666668,4.407595749800153,0.8573968970862572
10533.333333333334,4.252073875284588,0.8205890490143728
10550.0,4.5272289142738265,0.8988789889778469
10566.666666666668,-2.1209788050669283,-0.1729230864469813
10583.333333333334,-1.2831563802122625,-0.50484262421208
10600.0,-1.1956313586960052,-0.5013687536434992
10616.666666666668,-1.138399169481941,-0.26650045254038396
10633.333333333334,-0.8024818659444211,-0.32646091277775935
10650.0,-0.8376794860306471,-0.3883592669830264
10666.666666666668,-0.6733913222221265,-0.23743600388501626
10683.333333333334,-0.5999494610415487,-0.2772987435709301
10700.0,-0.5971785290478319,-0.16050524618973175
10716.666666666668,-0.49148605196794964,-0.15785227192365137
10733.333333333334,-0.3628529478649535,-0.1556898462768589
10750.0,-0.4472152669669671,-0.015167801701708993
10766.666666666668,-0.09909061090011138,0.0857424880837448
10783.333333333334,0.07824414087780625,0.09929466725554052
10800.0,0.01630128313301097,0.039788386055453866
10816.666666666668,0.1795713397921378,-0.05806416904562657
10833.333333333334,0.27774746621674096,-0.11449010307224805
10850.0,0.30953791074945497,-0.07469230475713505
10866.666666666668,0.394229637944444,-0.24239889549989155
10883.333333333334,0.17336811034449,-0.08761801155559414
10900.0,0.34595689994999507,-0.05548766066962118
10916.666666666668,0.14875332236643984,-0.06752052976645526
10933.333333333334,0.001836905336001969,-0.16268901432382704
10950.0,0.35636166925002527,-0.09922722211669267
10966.666666666668,0.6084916827555198,-0.029050198622224396
10983.333333333334,0.6104479712735864,-0.06599753460189811
11000.0,0.4305295478521764,-0.31822096993009374
11016.666666666668,0.35952503957156245,-0.19503566392493557
11033.333333333334,0.2968812841947327,-0.3207736610660887
11050.0,0.7477560687333745,-0.1798442967333327
11066.666666666668,0.8899104165359875,-0.1368801750987243
11083.333333333334,0.9760809691186345,0.15751984900254695
11100.0,1.0290857273892788,-0.09039139721944947
11116.666666666668,1.0168823772497457,-0.16571639792117973
11133.333333333334,1.4800510324389127,-0.23755311653340883
11150.0,1.6859992346332928,-0.26485914876665567
11166.666666666668,1.5475420996552212,-0.10368970270834511
11183.333333333334,1.7167152462491195,-0.16571250314289432
11200.0,1.8829197935323223,-0.11985648731339996
11216.666666666668,1.6919123985508402,0.27690478866121443
11233.333333333334,1.7095632315000302,0.15287692091111846
11250.0,2.041675237502049,0.07134307670500582
11266.666666666668,1.9112790059718083,-0.006863845654335489
11283.333333333334,1.821615692477945,0.21286029093582734
11300.0,2.0028910761881367,0.3234049956311298
11316.666666666668,-3.6909002182911874,-2.5532805702153736
11333.333333333334,-7.180470682384802,-7.419012301509841
11350.0,-7.781668809371345,-8.389596563598515
11366.666666666668,-7.895857348304399,-7.98252486284306
11383.333333333334,-7.226354879902094,-7.92047905497162
11400.0,-6.73882225561113,-7.92138458736032
11416.666666666668,-6.961925953642475,-7.861761726660065
11433.333333333334,-7.136121618396335,-7.718266881509243
11450.0,1.9154577294131594,-4.17539627721037
11466.666666666668,9.74137710535212,-0.4668426007448382
11483.333333333334,8.856092031146678,-0.5988284683982555
11500.0,8.82564785632814,-0.8603400315991135
11516.666666666668,8.393756580938069,-0.7077292993900784
11533.333333333334,8.050986459490865,-0.8353061750875448
11550.0,8.244957233333329,-0.8800827666666616
11566.666666666668,8.332285209726386,-0.8293529875986986
11583.333333333334,8.416821608352809,-0.9928372062062043
11600.0,8.996644031449017,-1.0129655118059133
11616.666666666668,9.043851481520695,-1.0017268132642618
11633.333333333334,8.732497873971752,-0.9778919344773751
11650.0,8.89707764466665,-0.7457402620000061
11666.666666666668,9.629021432024857,-0.7596821951208799
11683.333333333334,9.607669990779673,-0.7397054044655695
11700.0,9.827589563833337,-0.8608270077333289
11716.666666666668,9.674461199566272,-0.9297073016961509
11733.333333333334,9.721382860177096,-0.829120887318642
11750.0,9.496508829070933,-1.0672900572594106
11766.666666666668,8.932643653190372,-1.0979011041756137
11783.333333333334,8.668542086048673,-1.1905569215121816
11800.0,2.88563234526709,2.060736266132957
11816.666666666668,4.160594013930345,2.163112878054177
11833.333333333334,4.111789180205553,2.4237041379944415
11850.0,4.135790863564958,2.6430525922627863
11866.666666666668,3.984266966788784,2.739060755921825
11883.333333333334,4.183261747562651,2.659815495964648
11900.0,4.514298972533323,2.7269268098666655
11916.666666666668,4.4375841972930985,2.770969276132518
11933.333333333334,4.624745550824574,2.9141225933422223
11950.0,4.549195142549314,3.2148845302502855
11966.666666666668,4.322611549196771,3.4428077802123447
11983.333333333334,4.453729350372558,3.6427452600823194
12000.0,4.095257918083343,3.43661783788333
12016.666666666668,4.113984613612361,3.49023181944298
12033.333333333334,4.334783934502336,3.5818651476063215
12050.0,4.274485980023318,3.5228700583124875
12066.666666666668,4.6097851137555645,3.5091576282555548
12083.333333333334,4.416546882674714,3.721786639347389
12100.0,4.435309110804033,3.6891073288107634
12116.666666666668,4.385713110233362,3.5377825311611284
12133.333333333334,4.5524562070666885,3.6455302773333087
12150.0,4.403959001899041,3.4169659346493018
12166.666666666668,4.717365634017012,3.4925687807959265
12183.333333333334,4.645353134200868,3.4698861324991683
12200.0,4.729580534083697,3.7425942568784203
12216.666666666668,4.5545115012172595,3.8618308548162874
12233.333333333334,4.476171666316661,3.939736974011116
12250.0,4.275276692325674,4.295221751301297
12266.666666666668,4.076463853597341,4.267120500632374
12283.333333333334,4.187670114816656,4.259607933478054
12300.0,4.172489005299997,4.407368231566671
12316.666666666668,3.962069079194483,4.568300747555503
12333.333333333334,3.62219437113665,4.185317118890536
12350.0,3.1821733984810594,4.088998335670179
12366.666666666668,2.9541005675477945,3.9796274711166957
12383.333333333334,3.3096775466400032,3.9044229357845746
12400.0,3.5716575256743304,3.9299648430569514
12416.666666666668,3.745752930773509,3.8467284049752983
12433.333333333334,3.831468824302791,3.932039932315193
12450.0,3.650389505266699,3.8382062849167218
12466.666666666668,3.7873221124660343,3.818616182358792
12483.333333333334,3.7889918012234434,4.039378558747643
12500.0,3.93078912288858,4.225406089988314
12516.666666666668,3.8089480253998587,4.112615517405576
12533.333333333334,3.406977462080072,4.139841840451994
12550.0,3.1615450432900554,4.219974317132861
12566.666666666668,3.0953016033910674,4.31861585923522
12583.333333333334,3.1550226028055874,4.234684673725185
12600.0,2.6199661993000043,4.340716897733329
12616.666666666668,2.7534874187309697,4.143026239578762
12633.333333333334,2.999719313368931,3.9401147447224782
12650.0,2.7698090189332967,4.030460300933343
12666.666666666668,8.117717064724555,3.2348515491698717
12683.333333333334,18.44483222036662,1.720511291686066
12700.0,16.605339234999988,1.6509930157999986
12716.666666666668,17.022382185990313,1.708282808162574
12733.333333333334,17.067540491057628,1.6399312198587326
12750.0,17.367428734840793,1.472662141541015
12766.666666666668,17.111154375712125,1.344998550186022
12783.333333333334,17.02364442071636,1.285540766794017
12800.0,17.066458867232733,1.291202133000341
12816.666666666668,17.07792460911107,1.3634364580444547
12833.333333333334,17.25641130278331,1.43158152899136
12850.000000000002,16.894450941371353,1.4719653519053975
12866.666666666668,16.732337775009704,1.9596513141620706
12883.333333333334,16.772300920309196,1.755401774830379
12900.000000000002,16.897647306663643,1.967100810761268
12916.666666666668,16.28819082899941,1.936562075500202
12933.333333333334,16.210645742976315,2.0175293493826887
12950.000000000002,16.38564612719999,1.9270384747833222
12966.666666666668,16.44272764389945,1.9153163834612017
12983.333333333334,16.390179021611715,2.017277070695946
13000.000000000002,16.007639170802115,2.16741910303482
13016.666666666668,15.412871969823843,2.2863639392585484
13033.333333333334,15.278173983698094,2.1660047942689817
13050.000000000002,15.12673609393626,2.2464404704770957
13066.666666666668,15.638303016666647,1.8983025333333416
13083.333333333334,16.113574614214215,1.9062092585530026
13100.000000000002,15.9820230409962,2.2187418505746925
13116.666666666668,15.591837566200054,2.066294705616663
13133.333333333334,15.573090424499991,2.14091366666667
13150.000000000002,15.12042192863556,2.2032956340330054
13166.666666666668,14.457983041631904,2.1092667246345296
13183.333333333334,13.681001654342019,2.2187519289300788
13200.000000000002,13.033828869472089,1.9055443884435685
13216.666666666668,12.319635611255357,1.9089024847153178
13233.333333333334,11.60293940121057,2.0069785518074648
13250.000000000002,11.34228364965023,2.352710190676088
13266.666666666668,17.73040453744774,0.8216636229277985
13283.333333333334,20.17920099541981,-1.2867224735146645
13300.000000000002,19.71888633081746,-1.7808953602198998
13316.666666666668,19.68924513075813,-2.0787801657121108
13333.333333333334,19.025692596999875,-2.1715600786111215
13350.000000000002,19.148166339069455,-1.8587557678339328
13366.666666666668,18.810103860545027,-1.6895949277944002
13383.333333333334,18.766825280833334,-1.5790040361944417
13400.000000000002,18.525158137452042,-1.7085104164415255
13416.666666666668,18.14232379916663,-1.6130294100000282
13433.333333333334,17.77529840747959,-1.6778882572380536
13450.000000000002,16.825712727777766,-1.9241082999999726
13466.666666666668,16.272846178677806,-1.9131145252500172
13483.333333333334,15.662483647447443,-1.9208339588477552
13500.000000000002,15.277852897151346,-2.0073313733299885
13516.666666666668,15.089941980193313,-2.167416458454173
13533.333333333334,14.096743101169585,-1.9096318171539957
13550.000000000002,13.627812741657797,-1.9425054430902644
13566.666666666668,-4.23834408008315,0.691291080589274
13583.333333333334,-0.6827106449276328,1.120187539852233
13600.000000000002,-1.6786119626979834,1.118067060780394
13616.666666666668,-1.611299254662463,1.5359043912797619
13633.333333333334,-1.3386244901123538,1.7881225819041369
13650.000000000002,-1.9952075057057388,1.784666233333307
13666.666666666668,-2.3920425864887775,1.742702296636077
13683.333333333334,-2.6147900293217488,1.7246859172091453
13700.000000000002,-2.987204170666663,1.7427291202665887
13716.666666666668,-3.0997640192777727,1.8435382253333326
13733.333333333334,-3.152328288823057,1.8885397280664393
13750.000000000002,-3.4543717681637016,1.978885515968025
13766.666666666668,-3.4426418471999902,1.9892163733333401
13783.333333333334,-2.8223000861764107,2.1407026650936705
13800.000000000002,-2.5802565017666543,2.234849394766601
13816.666666666668,-2.454886584161909,2.28689041637573
13833.333333333334,-2.321760023168192,2.1115371084960834
13850.000000000002,-2.5795661255255085,2.1550845970970123
13866.666666666668,-2.3672357036574807,2.207311857473163
13883.333333333334,-2.486085708888993,2.114521946666703
13900.000000000002,-2.591349456716787,2.2164225067500487
13916.666666666668,-2.8896781206571047,2.278936344067048
13933.333333333334,-2.6840032848480466,2.09373258727702
13950.000000000002,-2.5290585659322353,2.4401545530364284
13966.666666666668,-2.927100707879385,2.773677839419208
13983.333333333334,-2.8097966865685047,2.647938431704591
14000.000000000002,-2.8961212094380944,2.5369004889111495
14016.666666666668,-2.5926505979723027,2.3864232917011767
14033.333333333334,-2.9693774777166997,2.2968904883780272
14050.000000000002,-3.071107573223457,2.1545076322016947
14066.666666666668,-3.1790133039104504,2.1455008853993154
14083.333333333334,-3.3549243849071497,2.0852345879323826
14100.000000000002,-3.5384993700684197,1.973352059613143
14116.666666666668,4.035390782333166,-2.5978290729900064
14133.333333333334,2.96601399541669,-4.119952309750031
14150.000000000002,2.8827252312032114,-3.6740129264603643
14166.666666666668,2.5147984240334327,-3.643194938511114
14183.333333333334,2.5415850073611135,-3.8017434195277877
14200.000000000002,2.468004687781698,-3.88586233879158
14216.666666666668,2.621709382186686,-4.044572988133708
14233.333333333334,2.479566246015881,-3.7232123357932116
14250.000000000002,2.50563897437439,-3.9328946568069294
14266.666666666668,2.8145254650964526,-4.106266001659533
14283.333333333334,2.6518257516888966,-4.221847726044437
14300.000000000002,2.7442498845922567,-4.439495852376264
14316.666666666668,2.4921518200883725,-4.362078565653308
14333.333333333334,2.3485680877838924,-4.007556375956485
14350.000000000002,2.1503821969276657,-3.691255986703068
14366.666666666668,2.191414629836802,-3.9643900086247417
14383.333333333334,2.1899522929111086,-4.159014601977803
14400.000000000002,6.2885907872015,-3.7064432447332107
14416.666666666668,11.551806462358767,-2.8939975415762733
14433.333333333334,10.491193349999982,-3.2023187138889018
14450.000000000002,9.983656548725511,-3.256242790438033
14466.666666666668,10.32644796258174,-3.33927686076696
14483.333333333334,10.443174736156951,-3.121593796120292
14500.000000000002,10.412749302998696,-3.297653181109514
14516.666666666668,9.92033634689628,-3.297576946561917
14533.333333333334,10.310097881800015,-3.177015910266623
14550.000000000002,11.018833549709363,-2.9653747507556476
14566.666666666668,11.105749167595464,-2.763062222133222
14583.333333333334,10.917963124222211,-2.764960235333328
14600.000000000002,10.584285289999983,-2.6450265373333517
14616.666666666668,10.615415889849533,-2.6210339010828076
14633.333333333334,10.68443368664193,-2.588447934364048
14650.000000000002,10.51263273228427,-2.6047296314352497
14666.666666666668,10.572219499289682,-2.683428501476256
14683.333333333334,10.724721080853017,-2.808229747119345
14700.000000000002,10.882180550142165,-2.7395533109163392
14716.666666666668,10.810395683333214,-2.3920907991389413
14733.333333333334,10.68048624718888,-2.3034026614777683
14750.000000000002,11.039810960456764,-2.256816733771704
14766.666666666668,11.034812089932428,-2.0202677052281253
14783.333333333334,11.15995423921403,-2.3126916286865895
14800.000000000002,10.925959281501786,-2.546349909890179
14816.666666666668,11.036509989511107,-2.4964068600000027
14833.333333333334,11.374885113228839,-2.5390431269968405
14850.000000000002,11.504689403822434,-2.6673379410783213
14866.666666666668,11.624049649367931,-2.6650602954701728
14883.333333333334,11.344682151525271,-2.5566137277889083
14900.000000000002,11.375811320333352,-2.620686707666692
14916.666666666668,11.3862391827525,-2.5655169158968523
14933.333333333334,11.463318922900681,-2.5577711010788535
14950.000000000002,11.531076526229091,-2.3227296256070114
14966.666666666668,11.639883262540295,-2.2132519302858156
14983.333333333334,11.718785253537895,-2.1482590476849373
15000.000000000002,12.032650526666401,-2.01193070999993
15016.666666666668,11.920366145209375,-2.2170095136906682
15033.333333333334,11.159540408630734,-2.604241491986503
15050.000000000002,9.928184033316635,-4.944428110728106
15066.666666666668,9.894072921121488,-4.6032465894558285
15083.333333333334,9.788460335233857,-4.440083390687417
15100.000000000002,9.833008987179317,-4.482763274358935
15116.666666666668,9.94120964974596,-4.733049000618511
15133.333333333334,9.890463243111776,-4.607479976222998
15150.000000000002,9.945157305633314,-4.452180259999982
15166.666666666668,13.435672909666694,-4.160275132888895
15183.333333333334,12.703595118083216,-4.333343982940012
15200.000000000002,12.56563406501746,-4.275427851674157
15216.666666666668,12.524052136011088,-4.600693936944443
15233.333333333334,12.382330270807612,-4.591599626574401
15250.000000000002,12.522862894353398,-4.778391114207674
15266.666666666668,12.694190635416708,-4.67546355947223
15283.333333333334,12.706666354769341,-4.604536582033257
15300.000000000002,12.988371734998397,-4.650145784382318
15316.666666666668,12.953267674951261,-4.4867593925093265
15333.333333333334,12.96012814224446,-4.241774316977806
15350.000000000002,12.956745453912788,-4.438183241142197
15366.666666666668,12.903856258152958,-4.432481111832609
15383.333333333334,12.96974761030046,-4.462255708245916
15400.000000000002,13.054915469065309,-4.147174443784454
15416.666666666668,13.47565872504016,-3.7951320633050245
15433.333333333334,13.360824952599822,-3.81663978639999
15450.000000000002,13.281663361785585,-3.849097042162302
15466.666666666668,13.52858999305209,-3.836102100817075
15483.333333333334,6.069859670872954,0.22078473212036115
15500.000000000002,7.740722578755944,0.06016718655983519
15516.666666666668,7.917899640222236,0.14230747516664105
15533.333333333334,8.401379343977313,0.36337105241352796
15550.000000000002,8.504007526903552,0.38190737414620185
15566.666666666668,8.678469452559874,0.44417359071198714
15583.333333333334,8.721097734465534,0.37864020028858697
15600.000000000002,8.92644889306692,0.3555429946667648
15616.666666666668,8.988172095944478,0.529058992677761
15633.333333333334,9.317741571066666,0.295810719655581
15650.000000000002,9.592991199015787,0.28389956054382054
15666.666666666668,9.675010813334488,0.2584239957701017
15683.333333333334,9.695495827852824,0.1327012931909825
15700.000000000002,9.650654428271592,0.1434536375957369
15716.666666666668,9.800899450047233,-0.042034810621479714
15733.333333333334,10.001752818463235,0.03079917982310812
15750.000000000002,10.095357286312796,0.09216180819562254
15766.666666666668,10.031893821944317,-0.03779502057138315
15783.333333333334,10.28546347530742,-0.04606821960719341
15800.000000000002,10.6823961612613,-0.2117932782283311
15816.666666666668,10.60632997066668,0.14751347671112763
15833.333333333334,10.954604717831147,0.03420436710577485
15850.000000000002,10.895449479480863,0.1738358212847357
15866.666666666668,10.98182675430982,-0.12306764559044463
15883.333333333334,11.223713676562932,0.05503382905086982
15900.000000000002,11.070991700350497,0.11809424231338811
15916.666666666668,8.660794463084233,-0.2927156391915706
15933.333333333334,-5.8076793355558705,-0.517348716222246
15950.000000000002,-6.353319731333538,-1.1201590280999634
15966.666666666668,-6.65875472555446,-0.9362494840565657
15983.333333333334,-6.657702497854507,-1.0671906218220275
16000.000000000002,-6.234633644577243,-1.478103699900132
16016.666666666668,-6.151445030907454,-1.6184319339843154
16033.333333333334,-5.842038612515961,-1.65030661951802
16050.000000000002,-6.173575413166688,-1.5373972315000113
16066.666666666668,-5.482135120087793,-2.02824848514813
16083.333333333334,-5.337374016219219,-2.171176855766773
16100.000000000002,-5.189913381080988,-2.320494730580644
16116.666666666668,-5.138960041043205,-2.6762250458806887
16133.333333333334,-5.315897047934455,-2.6825677911523593
16150.000000000002,-5.575703480938114,-2.594733022954061
16166.666666666668,-5.764707897382053,-2.758227642126635
16183.333333333334,-5.552274064408901,-2.6524644451228863
16200.000000000002,-5.402411628671428,-2.493221634149262
16216.666666666668,-5.734227142222194,-2.4971412441111434
16233.333333333334,-5.64264750066667,-2.359965296433363
16250.000000000002,-5.412112929348,-2.414077285792945
16266.666666666668,-5.484538802555498,-2.1778782560444276
16283.333333333334,-4.29168554800922,-1.4814735605914835
16300.000000000002,3.2485548291372264,5.715283146720254
16316.666666666668,2.5991992138847446,5.059711355594473
16333.333333333334,2.8310333892889026,5.227145576666621
16350.000000000002,3.4114765880100135,5.283919666567142
16366.666666666668,4.156630979206344,5.429043825368258
16383.333333333334,4.298039202226635,5.606070503117287
16400.0,3.9039027886557975,5.676329972163874
16416.666666666668,3.726455299805613,6.082699307590667
16433.333333333336,3.2936586514241735,6.011512850674516
16450.0,3.2739603325671323,6.080968781992248
16466.666666666668,2.82326024704047,6.072584349492214
16483.333333333336,2.7214714535931503,6.196913522811435
16500.0,2.0809070154077394,6.438558905869598
16516.666666666668,2.1817264508776923,6.583577695055547
16533.333333333336,2.0633515876561637,6.6657384847298395
16550.0,2.27080623325003,6.316521463999967
16566.666666666668,2.0668035267555513,6.343634063022223
16583.333333333336,2.039120931560888,6.320233120033366
16600.0,1.8801737935999983,6.306555627333364
16616.666666666668,2.068000246024579,6.283265888249041
16633.333333333336,1.639548806768868,6.097681998212081
16650.0,1.7670734076923582,6.341059163369993
16666.666666666668,1.3268364637310472,6.32755547328441
16683.333333333336,1.0400071794773649,6.239551337166602
16700.0,1.102865607094998,6.296849509805912
16716.666666666668,0.346669333750361,6.286791873215388
16733.333333333336,0.26944909644095316,6.166734459475775
16750.0,0.019686528602338,6.469947569148839
16766.666666666668,-0.275611661207107,6.111948619197553
16783.333333333336,-0.2307808667780602,5.935086092674407
16800.0,-0.5142409632017214,6.086313352573711
16816.666666666668,-0.5985746977755716,5.996774608670299
16833.333333333336,-0.5792917610209003,6.177024082746285
16850.0,-0.3719263352314265,6.442390146686642
16866.666666666668,-0.9541845506951496,6.35966337015905
16883.333333333336,-1.1819335694450548,6.087163028163936
16900.0,-0.9393557529764877,5.971683823695168
16916.666666666668,-1.1587728438775111,6.001236787071395
16933.333333333336,-1.3817094047596568,5.9330784699660315
16950.0,-1.8252702427096559,5.943279384517948
16966.666666666668,-1.071186507812187,4.421494801139059
16983.333333333336,3.033336370533102,-3.8145866126316372
17000.0,1.2803999847893703,-10.695791325678208
17016.666666666668,0.9871486790173256,-11.89712260374632
17033.333333333336,1.4635948641668421,-12.079250834722195
17050.0,2.278843178055333,-12.175879730103226
17066.666666666668,2.084867492465011,-12.192712488888855
17083.333333333336,1.6728401618698192,-12.212755252048249
17100.0,1.7096182830748663,-12.366410333616797
17116.666666666668,1.5706565677434008,-12.435804143512051
17133.333333333336,1.534890380412433,-12.482121056494938
17150.0,1.1709208883835525,-12.607195212416606
17166.666666666668,1.279210481442773,-12.92558518527035
17183.333333333336,0.9417278051415175,-13.316986567467092
17200.0,0.7396212162999981,-13.442811168333334
17216.666666666668,0.6002121075743778,-13.559878299899797
17233.333333333336,1.8393716342450213,-15.387845158503197
17250.0,1.3546192598295097,-16.88400551218657
17266.666666666668,1.2973849008325011,-16.67969412807193
17283.333333333336,1.3923371984205313,-16.85053774272601
17300.0,1.1824152917999347,-17.010529712699974
17316.666666666668,1.4744550935600718,-17.002675715462694
17333.333333333336,1.0304483563018523,-16.972265888103617
17350.0,0.9846717311366414,-17.200109774821073
17366.666666666668,0.8547605651143433,-17.130095961280812
17383.333333333336,1.271395208222195,-17.185989786722217
17400.0,0.824647640146569,-17.42624853586537
17416.666666666668,1.0176058387273101,-17.69887435702666
17433.333333333336,0.9378012683143686,-17.910423350623475
17450.0,0.9089904304932057,-17.948215898206257
17466.666666666668,0.8724564227058147,-18.14355755682287
17483.333333333336,1.005717852818035,-17.967500378421924
17500.0,1.023682868250802,-17.9230385588461
17516.666666666668,1.255947506606563,-17.94024600212987
17533.333333333336,1.387136119422322,-18.041712124133298
17550.0,1.3692503729957783,-17.91011647848101
17566.666666666668,1.3776961051050989,-17.86024950847513
17583.333333333336,1.3807584094547696,-17.80491474633983
17600.0,1.4817393009333168,-17.994542366133377
17616.666666666668,1.3536528623955877,-18.145709318045824
17633.333333333336,1.551813123289867,-18.1208437631187
17650.0,1.5984060438780812,-18.1611321685657
17666.666666666668,1.5235789643555169,-18.326892203644444
17683.333333333336,1.5016053462508732,-18.2248973426936
17700.0,1.8811119855856298,-19.49501391321296
17716.666666666668,1.3780790820272713,-21.20233247130607
17733.333333333336,1.2521872861180683,-21.122447128945765
17750.0,1.099738472402869,-21.405125467116893
17766.666666666668,1.1339558921039947,-21.429755641001705
17783.333333333336,1.0193227285129904,-21.397885016271022
17800.0,0.8898886037792301,-21.455341194086458
17816.666666666668,0.7431420592593265,-21.597065165020606
17833.333333333336,0.7151758529291243,-21.70892336513417
17850.0,0.8503908081833895,-21.93356725359993
17866.666666666668,0.6753350229885005,-21.99866506862125
17883.333333333336,0.6906920717935195,-22.084259693314362
17900.0,0.7065575825419833,-22.126560142761896
17916.666666666668,0.7004713903499334,-22.302904762733323
17933.333333333336,0.4325603699075348,-22.450337032299117
17950.0,0.5530583110502744,-22.578378020872734
17966.666666666668,0.653499238457685,-22.619722358560043
17983.333333333336,0.6024347199930932,-22.556456376460392
