0.0,1.5792104333333328,2.2273702333333403
16.666666666666668,1.9335046536492102,2.2821779781102793
33.333333333333336,1.879101354088155,1.769323137168582
50.0,2.0942674238521435,1.7949549074755544
66.66666666666667,2.313605722456145,1.4168050804288486
83.33333333333334,2.6490605862195458,0.6151841432877355
100.0,-6.111700209254626,5.81224445024178
116.66666666666667,-8.049024691687524,6.075064660997049
133.33333333333334,-7.647501550219552,5.57930599882719
150.0,-7.049825249174582,5.243192450858759
166.66666666666669,-7.175329183822222,5.802857623111117
183.33333333333334,-7.353515721006085,6.342278181271418
200.0,-7.478514253376687,6.29794060635318
216.66666666666669,-7.310888071155553,6.077877777555553
233.33333333333334,-6.925803077699999,5.52737857114445
250.00000000000003,-6.760427455883825,4.998912517676516
266.6666666666667,-7.3160641503837125,5.014657640551663
283.33333333333337,-7.31609097140637,4.894320298679104
300.0,-7.381620721054391,4.567367493093089
316.6666666666667,-7.321141946297225,3.9367158382149023
333.33333333333337,-6.942064230420764,3.5474822255516654
350.0,-6.99676860595298,3.2010973645656158
366.6666666666667,6.254377731287882,3.7105596507309193
383.33333333333337,6.91930118606384,3.340266300389282
400.0,7.154615942183334,3.375267339783332
416.6666666666667,6.8937438896114775,3.442353926302041
433.33333333333337,6.505364962000547,3.786931252629545
450.00000000000006,6.443831920983343,3.999624453499994
466.6666666666667,6.400517525018073,3.8999741902840324
483.33333333333337,6.350695286056991,3.4663675372869074
500.00000000000006,6.482860076736458,3.163804860717849
516.6666666666667,6.785359086404308,3.1579898766661074
533.3333333333334,6.804291762022221,3.3298058035944433
550.0,6.947678411899996,2.9047062702333317
566.6666666666667,7.297001382444433,2.9368130742000003
583.3333333333334,7.12037164660895,3.0650864458874474
600.0,7.318959119447216,3.360735056776559
616.6666666666667,7.4130683622056015,3.362055774674421
633.3333333333334,7.4443595158730185,3.056073766877564
650.0,7.532905370170163,2.8833371405405437
666.6666666666667,7.707010803299132,2.8699308515061275
683.3333333333334,7.854121796500301,2.839624076920941
700.0,7.711545333186092,2.531677928945818
716.6666666666667,7.725995045206323,2.229642113469016
733.3333333333334,7.17601786930559,2.3759393251777823
750.0,6.75089099824913,3.418088425262623
766.6666666666667,7.909711873444444,2.843206812694452
783.3333333333334,7.855379852659663,2.782479771013284
800.0,7.878548278554781,2.813240006726604
816.6666666666667,7.871728831306564,2.778773958670661
833.3333333333334,7.7629841981148795,2.56324763417609
850.0000000000001,8.337520004504473,2.2871719468468696
866.6666666666667,8.326138957400003,2.2392980703555554
883.3333333333334,8.511393216968981,2.4228508996893527
900.0000000000001,5.149953022305339,3.96028725623754
916.6666666666667,3.067752898346977,3.86332678942697
933.3333333333334,3.498941742954059,3.9416282819708655
950.0000000000001,3.10860318949474,3.4831099802401213
966.6666666666667,2.948513789389139,3.243300402401198
983.3333333333334,2.9472331086518624,3.102512316207644
1000.0000000000001,2.93224591473333,3.7471211256000085
1016.6666666666667,4.123037811049932,3.7542216694027344
1033.3333333333335,2.9477837946224033,3.9810825957958
1050.0,3.018410562637365,3.9662803813186778
1066.6666666666667,3.3296936748669355,3.919932846634514
1083.3333333333335,4.277870496807871,3.698212136648244
1100.0,2.6199991906666766,4.124348156666662
1116.6666666666667,4.024338274074065,3.6282754187739514
1133.3333333333335,3.4971445934545553,4.247895236864647
1150.0,3.916700816360024,4.184304704707443
1166.6666666666667,4.07614255644445,3.717019703555542
1183.3333333333335,3.322410283735902,3.3571404455716616
1200.0,3.2670924472000036,3.519661798933338
1216.6666666666667,3.1925736279745065,4.270704110800776
1233.3333333333335,3.574497863702583,3.485183625925913
1250.0,3.564357308000006,3.910952983083336
1266.6666666666667,4.475169439630928,3.3300110020621396
1283.3333333333335,3.7120012587831592,2.645440800669879
1300.0,4.642304819806282,2.7983915091182374
1316.6666666666667,3.1545817951840736,3.1952483686130595
1333.3333333333335,4.619745621167709,2.805590632239983
1350.0,3.477085550399996,2.6563271447999943
1366.6666666666667,3.6170938911366357,2.543698698285044
1383.3333333333335,4.271237275594441,2.8033237864777782
1400.0,3.0199001471764135,3.0461755239880035
1416.6666666666667,3.68938262700874,2.728996029246484
1433.3333333333335,4.712648569427778,2.398706475233336
1450.0,4.55639349516182,2.3469952304637927
1466.6666666666667,4.589537495027193,2.6320642685314684
1483.3333333333335,15.081511035493369,1.3922903982841894
1500.0,14.899464290762046,1.2284041121560838
1516.6666666666667,15.219338523003204,1.3302158413204779
1533.3333333333335,14.903748058805554,0.805141334388902
1550.0,15.986178524712354,0.029982102367852204
1566.6666666666667,16.167266031765095,-0.09493651623846044
1583.3333333333335,15.991629685990338,-0.2958455930590291
1600.0,16.72895363857809,-0.36611169638694496
1616.6666666666667,16.905473196009975,-0.2719894483513424
1633.3333333333335,17.02097543139903,0.25417496090267944
1650.0000000000002,16.908622903002957,-0.17697773603606015
1666.6666666666667,16.69161072601532,-0.6649534810728077
1683.3333333333335,17.243398998978293,-0.33216670587483765
1700.0000000000002,18.61151359889999,-0.14775566466666734
1716.6666666666667,18.419789143128433,-0.07332944666000421
1733.3333333333335,18.4384193966844,0.03336573893324688
1750.0000000000002,17.429715027200015,0.1515137117332836
1766.6666666666667,1.6951378514116255,2.818660993513502
1783.3333333333335,3.9942560592537264,2.521610468468767
1800.0000000000002,3.6076858230563977,2.3104749915248606
1816.6666666666667,3.830726571517375,2.2750316018647903
1833.3333333333335,3.150385956100002,2.2543799108555773
1850.0000000000002,3.457407734132538,2.9813945718614616
1866.6666666666667,3.2065933001446765,2.9739915859010666
1883.3333333333335,2.799160665655043,2.844864964521153
1900.0000000000002,3.0360794861097284,2.499071893113234
1916.6666666666667,4.249403471749527,2.864155483266603
1933.3333333333335,3.5094678825468257,2.7774204315046487
1950.0000000000002,3.850922242502946,3.3474085487934757
1966.6666666666667,4.155082963954202,2.9583368436440503
1983.3333333333335,3.725161661094458,2.697155732228882
2000.0000000000002,3.9853945468333416,2.7119980134166686
2016.6666666666667,4.387808419188893,2.957299468211111
2033.3333333333335,3.994240215829145,2.987708593467334
2050.0,4.31537741066667,3.3298451293333384
2066.666666666667,3.6959273696622037,3.2347790606090707
2083.3333333333335,3.5446134466699917,2.9878238981351948
2100.0,4.140627800700345,3.8170913435717746
2116.666666666667,3.0871255285682486,3.040406932234969
2133.3333333333335,3.200028584411107,2.695430162466669
2150.0,3.63880547888779,3.222663350099877
2166.666666666667,4.343228596785662,3.2950271315537756
2183.3333333333335,3.9161713317309292,3.4404701195126033
2200.0,4.648416814462257,2.919786726903806
2216.666666666667,4.076091776770727,2.981471786273859
2233.3333333333335,4.106605516280361,3.062033382952586
2250.0,4.381032760430212,3.0121102836251463
2266.666666666667,4.050225379538867,3.6497696758222427
2283.3333333333335,4.484781507614613,4.084113560644909
2300.0,4.7267015983333325,3.8535635590833306
2316.666666666667,3.6348572646045487,4.398161692685231
2333.3333333333335,4.032667281972086,3.9370491204389073
2350.0,4.901636551634919,4.079267086569906
2366.666666666667,5.007941559488906,3.634058127494447
2383.3333333333335,4.770737003839832,3.7458077808120667
2400.0,3.1635886028408002,4.366656559002667
2416.666666666667,2.653985086949288,3.620096957046262
2433.3333333333335,2.513813656161386,3.432867914896387
2450.0,2.415648260483332,3.6835260391499998
2466.666666666667,3.9588766870444663,3.3701197372666125
2483.3333333333335,3.8086895427157934,3.078970483669615
2500.0,3.2882894133900322,3.41853644865766
2516.666666666667,2.334232418145945,3.848501345328661
2533.3333333333335,3.6238440371666734,3.4829540545833364
2550.0,2.499246111427619,3.677750424521067
2566.666666666667,3.467687664943578,2.999884977538773
2583.3333333333335,3.5094349608154314,3.11586908390791
2600.0,3.9760110457895257,2.938692715007518
2616.666666666667,3.2755440546662316,3.4614159215775255
2633.3333333333335,3.4475187690765696,3.2334151874396055
2650.0,4.765189222388782,2.7612090335832136
2666.666666666667,3.4026824133199787,2.8959271373626585
2683.3333333333335,3.0871911940418615,3.0566372451607506
2700.0,-4.991370131466432,3.2633988674666727
2716.666666666667,-3.468020073001617,1.6035259329561422
2733.3333333333335,-4.22189205249598,2.1723330767394113
2750.0,-5.367410229599996,2.619632933466665
2766.666666666667,-5.536604707996877,2.665115569786455
2783.3333333333335,-5.841609027908914,2.4716282012779502
2800.0,-4.965281460496903,2.3828674653493493
2816.666666666667,-4.36044583965955,1.9007700708416442
2833.3333333333335,-4.814370421054405,1.8769888569680742
2850.0,-5.658699107692309,1.9909056179487152
2866.666666666667,-5.178013976900123,1.8361582337583477
2883.3333333333335,-5.983277101335351,1.8763335850943084
2900.0,-5.987724292768089,1.944424319783877
2916.666666666667,-5.795600681014352,1.8480965252474642
2933.3333333333335,-6.421564643721865,1.8001945390028349
2950.0,-6.55909713208333,1.7788779223500002
2966.666666666667,-6.753030086009677,1.714545150141731
2983.3333333333335,-7.79944329177735,1.873748999878271
3000.0,-8.870289179980139,1.998932667743
3016.666666666667,-8.124998456904981,1.7021528906435899
3033.3333333333335,-8.681121476298529,2.0256880709709675
3050.0,-7.779724833019512,1.2286813722335934
3066.666666666667,-8.184333725517693,1.0947604018481618
3083.3333333333335,-8.350158649743927,1.1601560718436865
3100.0,-9.6013607856,1.9451349400000009
3116.666666666667,-5.6653724811824775,2.979045581705901
3133.3333333333335,3.875608082872611,3.394396540093237
3150.0,3.332071321938177,3.1189933020384264
3166.666666666667,3.0242461221111174,2.986147361777772
3183.3333333333335,2.125535499372869,3.0741381309611473
3200.0,2.803882459959958,2.7409865081915172
3216.666666666667,1.4260570109776605,3.483683149026802
3233.3333333333335,1.3682237518036766,3.269020858073482
3250.0000000000005,1.5110334950475708,2.9540622316658105
3266.666666666667,1.4202656176356176,3.155387749652956
3283.3333333333335,1.938798828316142,2.100064908430456
3300.0000000000005,2.7929973094239475,1.5101905883116595
3316.666666666667,2.7482515911665133,1.4618543874702181
3333.3333333333335,2.9357032474651565,1.44006740845133
3350.0000000000005,2.636778868015953,1.870145129202093
3366.666666666667,2.436392540486909,2.3188126000833758
3383.3333333333335,2.5183867359401892,2.037373735628922
3400.0000000000005,2.1670146467532194,2.2813699772561002
3416.666666666667,2.924758982431535,1.6647598314295164
3433.3333333333335,2.9116447015199376,1.8144106697065499
3450.0000000000005,2.97738386946669,1.7802893838000127
3466.666666666667,2.13748382308334,2.075848011544449
3483.3333333333335,2.1177131295688243,1.8626134572526278
3500.0000000000005,2.6334471931333234,2.3815044195333726
3516.666666666667,2.1524493487465652,2.449630020371329
3533.3333333333335,2.797774395027788,2.0800078535000015
3550.0000000000005,1.8582015312590368,2.5367368233478085
3566.666666666667,2.7099309683611175,2.3770916313333417
3583.3333333333335,2.608984970213123,2.549198676223781
3600.0000000000005,2.886957829764948,1.9744016876271528
3616.666666666667,3.4101538486104155,3.671799234842185
3633.3333333333335,3.2523641268055585,3.351616794938896
3650.0000000000005,3.616703169829069,2.798787444017079
3666.666666666667,3.977015050686444,2.901078758568192
3683.3333333333335,4.386015058730955,3.1950172657490823
3700.0000000000005,4.619586433000046,3.3629741418333086
3716.666666666667,3.6514823558680716,3.5383625342039204
3733.3333333333335,3.792876188266662,2.9830712976999987
3750.0000000000005,3.5296689604623843,2.8660226168662555
3766.666666666667,3.5932386177788858,2.9468146075918566
3783.3333333333335,3.877442335697628,3.331788884149184
3800.0000000000005,3.520631891679141,3.6515097419209726
3816.666666666667,4.229697386250024,3.715434185111062
3833.3333333333335,4.16567769605916,3.153933885320433
3850.0000000000005,4.071442963466672,3.3495906621666736
3866.666666666667,4.470204451592468,3.9214634241509585
3883.3333333333335,5.024100724099117,3.897155902532041
3900.0000000000005,7.607306471614791,2.3588462655633564
3916.666666666667,7.943165684314696,2.770684320592156
3933.3333333333335,7.614345087266576,2.7009503445388856
3950.0000000000005,7.500766783933367,3.162199329866653
3966.666666666667,7.2638181191507645,2.894662889850065
3983.3333333333335,7.60241038697702,2.698674187919091
4000.0000000000005,7.606065218609283,2.429344332582971
4016.666666666667,7.502668040742604,2.0046643745498147
4033.3333333333335,7.960455348274153,1.890746185020291
4050.0000000000005,8.157943288888886,1.4092884439613365
4066.666666666667,8.773460846454538,1.14937632965185
4083.3333333333335,7.85221348686871,1.5942541700854733
4100.0,7.817846324879839,1.9518805956240457
4116.666666666667,8.149006007681301,2.4158861538279934
4133.333333333334,7.984395774422162,2.1911780503110982
4150.0,7.602503122153509,1.5293990057731943
4166.666666666667,8.099655241029442,1.3600804300460705
4183.333333333334,7.087664809904963,1.9697282770607634
4200.0,7.801652440113298,2.280526746826587
4216.666666666667,8.145593961504376,2.2496944734130957
4233.333333333334,8.0642134728003,2.2512152035138593
4250.0,7.99549692964075,1.9412199731537094
4266.666666666667,8.399911147079088,2.184551382029909
4283.333333333334,8.535995382624654,2.0192590601634097
4300.0,8.983472379996675,2.169951693925788
4316.666666666667,8.550827058087098,2.4534354101319242
4333.333333333334,1.4129847187097937,4.350696306624365
4350.0,1.813549444522162,4.6788237773892805
4366.666666666667,2.58697800956667,4.389658056322228
4383.333333333334,2.4748544267533332,4.409833691404306
4400.0,2.3484179608695612,4.830679339047138
4416.666666666667,2.529578876190428,4.755435626118386
4433.333333333334,1.873403695624385,5.600824960708554
4450.0,2.622093198186962,5.171670016866268
4466.666666666667,2.676901054652736,5.219753473784187
4483.333333333334,2.8146462440842566,5.094886023147726
4500.0,2.1204273181165494,4.779108470083334
4516.666666666667,1.9767730007865325,4.754864344909717
4533.333333333334,2.4900686685669298,4.724357088377915
4550.0,2.701559054933288,5.494239465066687
4566.666666666667,2.717742089850481,5.809804500144519
4583.333333333334,1.5416503718297128,5.5735954516307356
4600.0,2.0151172071297725,5.21333840767949
4616.666666666667,2.0503974627444435,4.818281232883327
4633.333333333334,2.4623821180569325,5.730554831570458
4650.0,2.4051655640859195,5.6274962391608385
4666.666666666667,1.855611530791427,4.795416524686452
4683.333333333334,3.157522292186677,5.114339158525214
4700.0,1.8188756552609606,5.267314467800563
4716.666666666667,2.4246389182646912,5.417721899483063
4733.333333333334,3.4863808127159714,5.519970367029863
4750.0,3.2248382651174374,5.25321591489256
4766.666666666667,3.442294635467688,4.853496103512879
4783.333333333334,2.5826029825975505,5.350509098728417
4800.0,2.296606492203878,5.877791469315347
4816.666666666667,2.9706937538064158,5.567262573746457
4833.333333333334,2.5159643266265963,5.922124636887165
4850.0,2.7408953909999987,5.961686890666668
4866.666666666667,2.5831852008345857,5.943276479458078
4883.333333333334,2.640247133199745,5.723458337085247
4900.0,2.9012520340333574,5.920658883599977
4916.666666666667,2.69757907046668,5.631831664688873
4933.333333333334,2.2700309987675436,5.643522218185334
4950.0,2.5990804333333384,5.358936309190801
4966.666666666667,2.6488626170062224,5.268352204570236
4983.333333333334,2.835540809693738,5.198841085448306
5000.0,2.655072466499999,5.260016577633332
5016.666666666667,2.4672998633500054,5.401383227511103
5033.333333333334,2.9130431855166634,4.884665126838917
5050.0,1.650613817233864,4.845954554788137
5066.666666666667,2.1861382735123676,4.862762642449855
5083.333333333334,1.8514591274725785,4.563737512742785
5100.0,2.936216192083335,4.655745589966653
5116.666666666667,2.8097235400288483,4.711385022915629
5133.333333333334,2.773198182339168,4.538495433840151
5150.0,1.0966225508088157,5.104200728914498
5166.666666666667,-9.719964583397266,2.222947894441671
5183.333333333334,-7.330957587348444,1.4823289966911404
5200.0,-7.1660060614785355,1.8151135014752189
5216.666666666667,-7.62191084539319,2.285829445826445
5233.333333333334,-7.89018836142516,3.02497384089823
5250.0,-8.175456736140276,3.0482590143859456
5266.666666666667,-8.815621270755546,2.9860631424888875
5283.333333333334,-8.434575169421947,2.843832870133304
5300.0,-8.559151108183345,3.00064398393336
5316.666666666667,-9.54839933620259,3.062398184360082
5333.333333333334,-9.275897922055206,2.35457577980404
5350.0,-9.110805020546115,2.2864216516317115
5366.666666666667,-9.889549498143516,2.366429184914719
5383.333333333334,-9.928655330998511,2.6192645398754633
5400.0,-10.635359566633342,2.9441866953523297
5416.666666666667,-10.164433812293856,2.854473781897936
5433.333333333334,-10.563493883972132,2.859003595505361
5450.0,-9.776022968000829,2.665203732916473
5466.666666666667,-9.727734830052276,2.3878657664998344
5483.333333333334,-10.04716501182228,2.3542290801777805
5500.0,-10.165815835032497,2.2554548795102916
5516.666666666667,-3.015892502392494,4.1151547421688255
5533.333333333334,-3.7076602732833237,3.6137470393000104
5550.0,-3.9470485162670648,3.544323544488847
5566.666666666667,-2.6410217642345435,3.5360540634571636
5583.333333333334,-2.53164053253377,3.3059471965739484
5600.0,-3.536133534017024,3.7519522480240473
5616.666666666667,-3.3894987860139816,4.133247864801859
5633.333333333334,-3.735293918520428,3.986399707731686
5650.0,-2.986073421669563,3.496390792481203
5666.666666666667,-2.6276306807555363,3.5988831888277586
5683.333333333334,-3.3662300243076326,3.521970541156372
5700.0,-3.5862809628333485,3.444373284666686
5716.666666666667,-4.028093985679355,2.5475850718529722
5733.333333333334,-3.660333224671602,2.637921475495436
5750.0,-2.7520355324587,2.464561746258502
5766.666666666667,-3.161209832222226,2.5252385405666655
5783.333333333334,-4.052031596199919,3.0023540790797485
5800.0,-4.266823300233347,3.095363419333345
5816.666666666667,-4.287962336792071,2.816771790016008
5833.333333333334,-5.155365015914262,3.5123379142151085
5850.0,-3.738558281100095,4.019587848199995
5866.666666666667,-4.2481321130565215,4.10464987225835
5883.333333333334,-5.27487121491494,3.743392669402714
5900.0,-4.582710551559116,3.714353867783894
5916.666666666667,-4.371627398849427,4.095852014957478
5933.333333333334,-4.751909436584906,4.181090760213398
5950.0,-5.262577816700001,4.108062052366661
5966.666666666667,-5.555616409655625,4.332512848111119
5983.333333333334,-5.848464918633358,3.7735770229333494
6000.0,-6.025873564938517,3.850509842372867
6016.666666666667,-5.981021251340995,4.229567363729239
6033.333333333334,-4.81111915476031,4.1613237460841255
6050.0,10.035801161086239,2.467757493153393
6066.666666666667,9.081776926511107,2.3629227444833165
6083.333333333334,9.109352212361113,2.069675056722192
6100.0,8.74563723008258,2.3402094616987794
6116.666666666667,8.419960136178007,2.4598819622262016
6133.333333333334,8.47878719788994,2.273688696318504
6150.0,8.820860601502789,2.35660122513131
6166.666666666667,8.981108865913388,2.3444579039547953
6183.333333333334,9.195043158467898,2.5524078287956784
6200.0,8.938947250958808,2.7833749448557445
6216.666666666667,9.830698974909884,3.055528870396316
6233.333333333334,12.290845448185165,2.5950837836607064
6250.0,11.702969190100024,1.9751618372999922
6266.666666666667,12.131562209205542,1.7139706459388921
6283.333333333334,11.820325098923783,3.046100507189231
6300.0,12.524206429782659,3.338783936071
6316.666666666667,12.441322726154356,3.04421415937635
6333.333333333334,13.72324335619417,2.294160612638142
6350.0,14.296596746623356,2.863987662000391
6366.666666666667,14.265552629068798,2.7164556043311663
6383.333333333334,13.741909374207738,2.8648137431913283
6400.0,13.439921838799998,2.993911514966679
6416.666666666667,13.785888585791358,2.8550233450339473
6433.333333333334,14.233836281416675,2.8582591137888835
6450.000000000001,14.848279445687602,2.768616850699277
6466.666666666667,15.25495573990001,2.2216728242944517
6483.333333333334,15.54421801069956,2.480862408230425
6500.000000000001,15.835131975237717,1.6518080730698903
6516.666666666667,16.442905643777074,0.672406032020835
6533.333333333334,5.355908388866008,3.927040102450128
6550.000000000001,-0.2331653402666619,3.916493221066577
6566.666666666667,0.47381766887997784,3.9588375767323125
6583.333333333334,1.0122755033283308,3.8192029897819704
6600.000000000001,0.7763737837585049,4.3895526813907395
6616.666666666667,1.9232640015023497,4.552300043798997
6633.333333333334,-0.06391994597215583,4.288472384916644
6650.000000000001,0.28143821932630364,4.189809076905109
6666.666666666667,1.3767205097987207,4.04262209260371
6683.333333333334,1.301116765895615,3.8028205386919227
6700.000000000001,1.5081181854905963,3.8428005526070868
6716.666666666667,1.3373822218275706,4.437304496665009
6733.333333333334,0.4291407461837362,5.043158283033265
6750.000000000001,1.2213084624187476,4.6191551499250405
6766.666666666667,0.400292042353479,3.7733781824824604
6783.333333333334,0.363373725248517,3.6650788233819074
6800.000000000001,0.47807920959066813,3.875156156140397
6816.666666666667,1.0615388931020475,4.534657491762552
6833.333333333334,0.4645390632371894,4.574747346161992
6850.000000000001,1.0830947862137474,4.194866574159173
6866.666666666667,0.13338354944944503,3.5426070352241066
6883.333333333334,2.442594923974346,5.265122229903066
6900.000000000001,2.357992293026337,5.806141696629941
6916.666666666667,2.6591814255488875,6.225143196684411
6933.333333333334,2.2447929524969084,6.084748439183626
6950.000000000001,2.8058178088553842,5.77916095899761
6966.666666666667,2.6460289106550934,5.471705143443444
6983.333333333334,2.7263419790130006,5.2359415615812415
7000.000000000001,2.663895974566652,5.116510348700007
7016.666666666667,2.6124942473333315,5.269918156111115
7033.333333333334,3.144170147918059,5.157248301838997
7050.000000000001,2.751753245951777,5.4291637737489795
7066.666666666667,3.348982863264996,5.259660443838589
7083.333333333334,3.54070008706479,5.92440536805688
7100.000000000001,2.8324488015143983,6.251997199101414
7116.666666666667,3.103433447564415,5.995940336946526
7133.333333333334,2.5736218120334007,5.803660984755587
7150.000000000001,2.67213999069985,6.09556610034924
7166.666666666667,3.320550539875816,6.159307215125312
7183.333333333334,3.011194000325842,6.69727597310112
7200.000000000001,3.1685907479591577,6.163225310044963
7216.666666666667,4.4907508626940436,5.261455937150178
7233.333333333334,3.3924458602944148,5.811235102666664
7250.000000000001,4.426788882999989,5.741830144999986
7266.666666666667,2.449421086000015,6.514746014111082
7283.333333333334,0.7042916420739112,4.937384361453042
7300.000000000001,-3.4790299057463794,3.8437561494752073
7316.666666666667,-2.1934950408444487,3.6009045106666764
7333.333333333334,-3.2020010702444086,4.001792481966673
7350.000000000001,-2.5273601540798176,4.6069925771046325
7366.666666666667,-2.438154038381827,4.868227899621062
7383.333333333334,-2.612254260738601,4.905986901140039
7400.000000000001,-2.559443236840531,3.88605282484693
7416.666666666667,-3.034403819977829,4.1835077122222835
7433.333333333334,-2.6727267266931243,4.839457526710028
7450.000000000001,-2.7977450886833855,4.959028389716679
7466.666666666667,-2.529753422070176,4.156312579608304
7483.333333333334,-3.064812095923988,4.503672669431936
7500.000000000001,-1.7968011278497813,3.663959910418707
7516.666666666667,-1.7050138996379824,3.510984132330827
7533.333333333334,-2.307230627672298,3.7694970044989815
7550.000000000001,-2.834289984451156,4.174381194711579
7566.666666666667,-2.32856831573102,3.5813880688933213
7583.333333333334,-2.72265902725745,3.563370353352086
7600.000000000001,-3.53998467635482,3.4385507503250525
7616.666666666667,-2.0761294081806962,3.4176014887112807
7633.333333333334,-2.918209256088886,3.6638912527111103
7650.000000000001,-2.2334336898661324,3.461437950266591
7666.666666666667,8.277984983130432,4.794695703401686
7683.333333333334,6.265874234957299,5.609825907841147
7700.000000000001,6.713901355222424,4.924375108062604
7716.666666666667,6.42763369484444,4.844508577333354
7733.333333333334,6.662396763007438,5.228628585624507
7750.000000000001,6.680398740746473,4.940896569893711
7766.666666666667,6.824668477838816,4.576965064023555
7783.333333333334,6.858197627263649,4.87829826647212
7800.000000000001,6.727373279166654,4.910372671816672
7816.666666666667,7.033575652249001,4.358170322828998
7833.333333333334,7.187412679460285,3.8099560420178724
7850.000000000001,7.219913540516717,4.030774814883347
7866.666666666667,7.146890291555548,4.406997828000006
7883.333333333334,7.377764587649393,4.432910036697658
7900.000000000001,7.4236929154536035,4.495482668860053
7916.666666666667,7.50656100865989,3.9915740458840516
7933.333333333334,7.9528603938913935,4.180219700394636
7950.000000000001,8.081227180916748,4.510634570000023
7966.666666666667,7.984781791291267,4.544799221332434
7983.333333333334,8.022087746446525,3.53512894086056
8000.000000000001,8.151881867483343,3.439277080366659
8016.666666666667,7.994448945107793,4.168902850193487
8033.333333333334,8.794849926444455,4.073391643111144
8050.000000000001,8.921764614507264,4.339955501867619
8066.666666666667,8.877195160888864,4.345365595272229
8083.333333333334,8.72763355902985,4.0140273938062005
8100.000000000001,8.699453767968569,4.10897764905692
8116.666666666667,8.814186545708694,3.777456521737675
8133.333333333334,8.795615068573197,3.7832276103552034
8150.000000000001,9.277312517316052,4.093255581168819
8166.666666666667,9.14742431105563,3.924599460783569
8183.333333333334,8.732601457976088,4.527884308019818
8200.0,8.28999460790396,3.9193366409204926
8216.666666666668,8.10977269464423,3.318674661943711
8233.333333333334,7.572613054317296,3.729435205214056
8250.0,8.380698785275978,3.8127229642487857
8266.666666666668,8.805002506816656,3.620537969188928
8283.333333333334,8.222295264148217,3.3504807254007916
8300.0,7.706453969550001,3.1125482002500195
8316.666666666668,7.865736837068533,2.8744871859652017
8333.333333333334,8.111337454622197,2.768647350577789
8350.0,8.32869857990448,2.6894206711019875
8366.666666666668,8.653530495611093,2.8985719385833333
8383.333333333334,8.605550547215287,3.010368739619059
8400.0,8.675290829396065,2.688341615131801
8416.666666666668,8.890976241310558,2.261412481820278
8433.333333333334,8.897974743574533,2.4042770339998043
8450.0,9.242129879610218,2.5041326316009185
8466.666666666668,9.299346893226618,3.2468519403180105
8483.333333333334,10.017864426337452,2.4215602094762216
8500.0,9.86626613643604,2.181022781051985
8516.666666666668,9.471389260388879,2.583069152044452
8533.333333333334,9.34927720590558,2.565813670494433
8550.0,9.682771699950036,2.9435212756500033
8566.666666666668,11.89454571386824,2.422057643521824
8583.333333333334,13.229359850241543,1.9785527945249581
8600.0,13.296912131631634,1.9920590947947943
8616.666666666668,13.265895904494453,1.6325132483833231
8633.333333333334,13.278440080631919,1.5006073061357992
8650.0,12.54121832985533,2.600049768397207
8666.666666666668,11.75175671158913,2.9268810516090924
8683.333333333334,12.26615201336442,1.9820116697191716
8700.0,13.394357370203522,1.9573135862863353
8716.666666666668,14.487248158004908,2.0376236351592367
8733.333333333334,14.83523616023975,2.725029688966594
8750.0,13.614942226649996,2.2867969184666608
8766.666666666668,14.37632324506682,1.7516244399999785
8783.333333333334,14.991825403366686,1.0843015517832986
8800.0,14.408388826826826,2.679675570804111
8816.666666666668,15.587521920238224,3.046414521883129
8833.333333333334,15.859907945851422,1.7520226965187267
8850.0,17.112048462633297,1.6317121756666797
8866.666666666668,16.446041496048043,2.0775044021343936
8883.333333333334,17.502341354607967,1.6234635265059327
8900.0,18.389826488533338,1.0825718869333365
8916.666666666668,18.530590418047314,0.7555518047167983
8933.333333333334,19.100190045672868,0.37593280369066256
8950.0,19.145505010822088,0.16763959753209845
8966.666666666668,19.116441984220483,-0.293096753104921
8983.333333333334,19.748404635493767,-0.6518011665340668
9000.0,20.970385887806096,-1.0379586993169916
9016.666666666668,20.639173114196577,-0.6892047464325238
9033.333333333334,22.0752122206953,-0.9103942845965758
9050.0,22.132368505860818,-1.2763605098901352
9066.666666666668,20.853223711448006,-1.4254173506409185
9083.333333333334,0.17290121088745308,5.82458628242871
9100.0,0.6495271513525646,6.640252444931058
9116.666666666668,0.15496922643803107,6.336773937449561
9133.333333333334,2.3226027038409987,5.520817121121655
9150.0,1.8158270918377595,5.744847967083953
9166.666666666668,1.9205116666666637,6.085647904266681
9183.333333333334,1.293727058937205,6.637166095652171
9200.0,1.756622429949238,6.436173358375669
9216.666666666668,1.7104521190110817,6.67221399993341
9233.333333333334,1.132000138229676,6.713526855699512
9250.0,0.9790172867067451,6.461381566399457
9266.666666666668,1.01066027956666,6.063561016044454
9283.333333333334,1.0309299325488201,6.2099438399710625
9300.0,1.245791953453468,6.076891141141151
9316.666666666668,1.4549311557334494,5.822220429837545
9333.333333333334,11.398174893536671,2.4644892382974515
9350.0,9.583117205065195,2.7429961241892364
9366.666666666668,9.534922285533312,2.602453961411123
9383.333333333334,9.307006323017381,3.0799663782474207
9400.0,9.232678107203572,3.0161655658495947
9416.666666666668,9.311796449041186,3.139391266194208
9433.333333333334,9.54345216411969,2.892218698365042
9450.0,9.874274525616661,2.1994017086833337
9466.666666666668,10.374380329940987,2.2397237104439154
9483.333333333334,10.393733217124753,2.5946594217169285
9500.0,10.329901111739247,2.6032526335336903
9516.666666666668,10.129579387445185,2.3205982981731097
9533.333333333334,10.226771197380437,2.383520426784325
9550.0,10.189120992702357,2.1467936130975116
9566.666666666668,9.989665808728823,1.661254012077347
9583.333333333334,7.232280979375519,2.107735511161209
9600.0,-5.05564302826122,0.8666004133267108
9616.666666666668,-3.324973719863208,0.8592339940855619
9633.333333333334,-4.305684678272526,0.3142714970263147
9650.0,-4.0101745524904056,-0.23702960356490937
9666.666666666668,-3.7609523831770035,-0.7070457159542788
9683.333333333334,-4.056746091604066,-0.3055765337784514
9700.0,-4.4808529210938675,-0.9431075969318314
9716.666666666668,-4.17283399560433,-0.9985200147741266
9733.333333333334,-4.1309308713669415,-1.1808733274594865
9750.0,-3.869820324845732,-1.2817252999666362
9766.666666666668,-3.467742981022209,-0.9856502838055854
9783.333333333334,-4.651066871698128,-1.2532307176513284
9800.0,-2.7071187169582074,-1.5153005492087084
9816.666666666668,-3.7986941137234993,-1.2098491073147941
9833.333333333334,-3.775788800199612,-1.3660493149922388
9850.0,-3.247012711394343,-1.0098692176078983
9866.666666666668,-3.736992716319777,-0.7832814736077125
9883.333333333334,-4.783039214230758,-1.5661141607091318
9900.0,-3.3615903662004243,-1.9357298716616618
9916.666666666668,-3.042068152839121,-2.2034270364507123
9933.333333333334,-4.218961324598862,-1.824069733449943
9950.0,-4.187088673193108,-2.0207830038056755
9966.666666666668,-3.7222654442666077,-2.434842901500011
9983.333333333334,-3.043119812607148,-2.2775884217161866
10000.0,-3.490979457574076,-2.6455487736737173
10016.666666666668,-3.865420107503555,-1.8954845017315616
10033.333333333334,-2.6745988129907383,-2.391917551445913
10050.0,-3.2375719976155035,-2.106044476204772
10066.666666666668,-3.6958042059997624,-1.762578229777831
10083.333333333334,-4.150086928485033,-1.5955108588949747
10100.0,-3.9584001259259374,-1.4717416820987665
10116.666666666668,-3.469406780898504,-1.0954484955633497
10133.333333333334,-3.3842950357382477,-1.8682028950900964
10150.0,-3.854573765965959,-1.653220393460125
10166.666666666668,-3.9645958419912324,-2.4529025647352207
10183.333333333334,-3.078397838304978,-2.586763951273501
10200.0,-3.9555516343510146,-1.93359211403617
10216.666666666668,-3.2774478109953424,-1.5385081821373843
10233.333333333334,-4.1289420282914735,-1.752957191332071
10250.0,-4.252664953997644,-2.2043365524453375
10266.666666666668,-3.8676834727399996,-1.806455344261243
10283.333333333334,-4.059889470277748,-1.0268124297222394
10300.0,-3.5640798192429513,-1.7212279924295435
10316.666666666668,-3.99362744485001,-2.009563350572223
10333.333333333334,-3.754470752326166,-2.1656579026624434
10350.0,-4.186820511344681,-2.04912702676009
10366.666666666668,-4.23600052268328,-2.390401603766602
10383.333333333334,-3.7176723755111074,-2.2353024531777757
10400.0,-4.573239648014687,-2.4359114414748153
10416.666666666668,-4.3315803795833165,-2.70737901055553
10433.333333333334,-4.444674569869779,-2.2440648613244654
10450.0,-4.670034686833361,-2.592231918416635
10466.666666666668,-3.593200339513545,-2.267988984872798
10483.333333333334,-3.558846309343558,-1.816306186987937
10500.0,-3.652471130915444,-2.079571916758369
10516.666666666668,-4.003751154526329,-2.5268289176487064
10533.333333333334,-4.599604010007231,-2.908631246985079
10550.0,7.788514038264149,2.4306590517573925
10566.666666666668,7.488497963688925,2.4122528964610708
10583.333333333334,7.431986792668513,2.874182054160411
10600.0,7.612541814914931,3.2282760646646693
10616.666666666668,7.6614345285246825,2.9987175359430562
10633.333333333334,7.975998615135349,2.3383864228892213
10650.0,7.923871933333342,2.437344833600003
10666.666666666668,6.377288506186735,3.8430845226117913
10683.333333333334,6.820799257049256,3.6673907043256633
10700.0,6.379324972180831,3.5799663219407076
10716.666666666668,6.892907408083337,2.6421148520277895
10733.333333333334,7.2601218761476565,3.067201431015773
10750.0,7.242902895672493,2.8840634461988284
10766.666666666668,7.66133756022555,2.8798047107890663
10783.333333333334,7.571730231777798,2.1874083680000176
10800.0,7.645109356799991,2.0540242463333325
10816.666666666668,7.728029172177758,3.412869963081732
10833.333333333334,7.145454329092102,3.41951491705324
10850.0,6.935398510855834,3.38096271628365
10866.666666666668,-0.335743368427476,4.103022767290701
10883.333333333334,-9.288744547088,35.68234873330094
10900.0,-58.800245988810495,-30.080959520245457
10916.666666666668,-30.68442151581642,0.0
10933.333333333334,-33.49587654216282,0.0
10950.0,-13.94038895933376,0.0
10966.666666666668,-13.316187711832542,33.20476146171853
10983.333333333334,-11.143393804205122,12.637076051461962
11000.0,-9.42002852322363,4.860763620873489
11016.666666666668,-3.0218099099105022,-5.498485675466754
11033.333333333334,-22.18774754473276,-10.64353339201043
11050.0,-2.6860361705671,-10.967063857733617
11066.666666666668,1.0437639139570705,-5.00511740747025
11083.333333333334,1.3667538375534376,0.9532875226608679
11100.0,2.78102002831909,2.3816557986672535
11116.666666666668,3.5867956318475867,4.037774415757081
11133.333333333334,3.1111881445498337,4.152195104803909
11150.0,3.6632236936133773,4.510974552809944
11166.666666666668,3.9960682008546846,4.467993067521364
11183.333333333334,4.263022922427428,4.646125226471755
11200.0,3.9080227258000027,4.613369652599996
11216.666666666668,3.887099167911758,4.38662521826464
11233.333333333334,3.030820539937803,4.2789674426240545
11250.0,3.558578486616674,5.355643223166666
11266.666666666668,3.172583839450193,5.93095499687475
11283.333333333334,3.1885131281547956,4.642528742720106
11300.0,2.522670722333316,5.22153409666667
11316.666666666668,2.267663237589782,5.604271114483317
11333.333333333334,2.498329441839491,5.481948809816931
11350.0,3.0909014280613927,5.1089039211878315
11366.666666666668,2.453945899811287,5.64788443853632
11383.333333333334,4.093412330564073,5.568538435613234
11400.0,3.742322122894779,5.787155046289792
11416.666666666668,3.12029301705398,6.148505436773245
11433.333333333334,3.2434386432728206,5.297705754472749
11450.0,3.887992444222113,5.873951982057694
11466.666666666668,3.475421770281392,6.1920791234791
11483.333333333334,3.37320724945058,7.304862709102732
11500.0,3.556061457894712,7.560999361403538
11516.666666666668,3.247847873128753,7.03629800669561
11533.333333333334,3.497579193333337,6.693728933038888
11550.0,4.317616155906036,6.777200565885145
11566.666666666668,3.1198982985325867,6.972339922533524
11583.333333333334,7.224359952275756,7.208804429791696
11600.0,6.729325707136892,8.311601161530724
11616.666666666668,7.115451343313426,8.71083519382301
11633.333333333334,7.454356679624988,9.427775391412661
11650.0,7.245310776800142,8.552796311199973
11666.666666666668,7.419857329227227,9.04726962058087
11683.333333333334,6.823051195406514,8.999274917239468
11700.0,7.512557427827808,9.445083380513973
11716.666666666668,7.632082341283745,9.028933108335204
11733.333333333334,7.754045123987112,9.147345930119876
11750.0,7.374195587293616,8.72057536678345
11766.666666666668,7.257608300466455,8.471260281770224
11783.333333333334,7.385945962283335,8.354099917733327
11800.0,7.714517381680776,8.916503639030074
11816.666666666668,7.685569040094449,8.97694914253336
11833.333333333334,7.363844319241485,9.493621029151376
11850.0,7.001982407303638,9.517656138185759
11866.666666666668,7.369348749291959,8.80216536661114
11883.333333333334,7.531628112121229,8.130565846969459
11900.0,7.2218927424333526,8.589255524199993
11916.666666666668,7.0799946861529035,8.396411979388255
11933.333333333334,6.808371982916625,8.690234298062583
11950.0,7.17152655303776,8.13389149523812
11966.666666666668,7.2381639567550655,7.217808220577768
11983.333333333334,7.639354545956985,6.962812615370943
12000.0,7.814977924445629,6.707106929798202
12016.666666666668,7.6154826612052675,6.457338834590042
12033.333333333334,7.168717497624635,6.6704536183149905
12050.0,7.351726657466671,6.5085335910166675
12066.666666666668,7.867647384087369,6.725987067481726
12083.333333333334,7.40798259783549,7.082016072094592
12100.0,-2.565467148250352,5.538140742891239
12116.666666666668,-14.810314523749824,2.9664518478944313
12133.333333333334,-12.676843908111225,2.714449501272143
12150.0,-13.871989706112608,3.9338133930079056
12166.666666666668,-12.71606821724744,4.189659457211911
12183.333333333334,-13.041758124011103,3.9258523118888897
12200.0,-13.04331118083622,4.076941319744506
12216.666666666668,-12.501291542823033,3.8538257561830123
12233.333333333334,-12.699121118610973,3.940632440439343
12250.0,-13.524186930653999,3.8489975114328954
12266.666666666668,-13.576349935116596,3.819924301372229
12283.333333333334,-13.107545677816686,3.914794908426426
12300.0,-14.248820637057321,3.7719814788528705
12316.666666666668,-14.444852009218293,3.8841480945891433
12333.333333333334,-14.643833397632141,3.856090942988158
12350.0,-15.543259770415558,4.112893778319286
12366.666666666668,-13.942654038611781,4.128625428753604
12383.333333333334,-14.38586618144079,3.968429867372655
12400.0,-15.715440099366981,4.177085619823437
12416.666666666668,-15.982617392089567,4.35038470121613
12433.333333333334,-16.81452574235553,4.51777256454442
12450.0,-16.427851189266672,4.415677960933326
12466.666666666668,-17.050478951164536,4.690813515824499
12483.333333333334,-16.477558114488946,3.748929139792379
12500.0,-15.358446634132529,3.361788430236456
12516.666666666668,-16.325934946354792,3.4815747523330964
12533.333333333334,-17.13593670947942,3.652005085281449
12550.0,-17.972206529241518,3.670885392115764
12566.666666666668,-18.23584267764566,3.49283539591323
12583.333333333334,-17.94425419428862,3.147224116549971
12600.0,-17.75890797393333,3.21620355751666
12616.666666666668,-17.724024814203126,3.2128686181070094
12633.333333333334,-0.6097805699143822,5.600486011666459
12650.0,3.698950594571622,4.649813558175215
12666.666666666668,2.7556463995433074,4.968984107055931
12683.333333333334,2.875277194208188,4.5689626293367915
12700.0,2.6025802983132684,3.9766606741148958
12716.666666666668,2.2280495893222056,4.4665939714445155
12733.333333333334,1.8972125130541315,5.087907719375054
12750.0,0.9952275285690269,5.074541752140592
12766.666666666668,0.9095969434106498,5.12676163277746
12783.333333333334,1.3138400626595936,4.963258432212169
12800.0,1.319693506889698,5.202955532517743
12816.666666666668,0.5197389325341579,4.918291501021281
12833.333333333334,1.943826627941261,4.030439004849003
12850.000000000002,1.297386536402089,3.9599667293274163
12866.666666666668,1.9387115442611988,4.228268255783265
12883.333333333334,1.971721170431546,4.251461056801246
12900.000000000002,1.3013797134000666,4.529046861283334
12916.666666666668,1.016345123224358,4.701974807503922
12933.333333333334,1.026928449794597,4.592574460478408
12950.000000000002,0.2640238156577417,4.201451881057152
12966.666666666668,-0.7753564216944884,4.449058194250034
12983.333333333334,-0.6221604443722893,4.538480690620491
13000.000000000002,-0.7192206704147832,4.648749522821884
13016.666666666668,-0.038284208248501025,4.695376606558954
13033.333333333334,-0.03421934888110828,4.598219003071991
13050.000000000002,-0.9206940007824888,4.103888963819424
13066.666666666668,-0.2220725976071745,3.6066161746016148
13083.333333333334,-0.5552175828035009,4.189247893443222
13100.000000000002,-0.25877646610168115,4.036690847175068
13116.666666666668,-0.45548593598573295,4.3129033622102435
13133.333333333334,-0.9520489501083957,4.247511512811966
13150.000000000002,-1.0976740800067506,4.414907981073794
13166.666666666668,-1.2517578550998167,4.701472773825819
13183.333333333334,-1.9557736253404507,5.145808822550162
13200.000000000002,-2.3735806218666546,5.04805686426671
13216.666666666668,-3.3752142210427283,4.815306731975734
13233.333333333334,-3.364809465496255,4.3458220249626605
13250.000000000002,-3.49158954583325,3.9628149514165307
13266.666666666668,-2.5640709728160944,4.434641277178438
13283.333333333334,-3.7009741918631143,4.850091687738313
13300.000000000002,0.38484455479234025,3.2790816240823983
13316.666666666668,20.75095227864767,1.1653213307345647
13333.333333333334,19.498614361022323,1.6312569868298579
13350.000000000002,19.365101057865907,2.052523250200065
13366.666666666668,19.35985588609442,1.9193054648277685
13383.333333333334,19.255619816172764,1.8245098358086498
13400.000000000002,19.16921211353333,1.960380030633348
13416.666666666668,17.580304795584492,1.7399472497108306
13433.333333333334,17.685733854623617,1.8742514787984617
13450.000000000002,17.448008219646066,1.8368135217825947
13466.666666666668,17.160918198087938,1.6653637310821003
13483.333333333334,16.869552412178848,1.9455910633522437
13500.000000000002,17.4212205965333,1.873842334333349
13516.666666666668,17.24373175314053,1.9358227655422227
13533.333333333334,17.186144386745518,0.7845143247987136
13550.000000000002,17.267423321178534,0.5597174428572153
13566.666666666668,17.8264684766505,0.7605921727662849
13583.333333333334,17.484115338624857,1.0589755480629235
13600.000000000002,17.362474008600014,1.2140432935995817
13616.666666666668,17.153889285571076,1.7241785203168698
13633.333333333334,17.69321766997777,1.7908586079944386
13650.000000000002,17.216183654085732,1.76277369854133
13666.666666666668,17.530555755399977,1.8821537531042745
13683.333333333334,17.244082254345088,2.0666616579488664
13700.000000000002,17.276686226739983,2.612307972893782
13716.666666666668,17.794639930188925,2.6336915253777287
13733.333333333334,17.84609661604132,2.232284833733574
13750.000000000002,17.88598736145255,2.0202561544893807
13766.666666666668,17.97775638958333,1.8011276600554744
13783.333333333334,17.866029274292703,1.8792789648602028
13800.000000000002,8.62599775782077,2.621429612093864
13816.666666666668,10.839367127200195,2.85915275928902
13833.333333333334,10.202189751575045,2.7535021493938032
13850.000000000002,10.419915227354796,2.4701591242484002
13866.666666666668,10.122342539644402,2.079952858711081
13883.333333333334,10.266230264772258,1.93539666932773
13900.000000000002,10.514236196157142,1.9422106014201213
13916.666666666668,10.040520508244436,2.0490569212666685
13933.333333333334,10.317095628011113,2.496441166050005
13950.000000000002,10.883618782482474,2.4772684942942793
13966.666666666668,10.691694293270002,2.7255411086845522
13983.333333333334,12.732987858841152,1.7532285599622526
14000.000000000002,12.577110925499905,1.6789085664500696
14016.666666666668,11.225384172658103,2.483742378788404
14033.333333333334,11.283145390495983,2.020822687087825
14050.000000000002,12.638440570914215,2.39068887296349
14066.666666666668,13.131879952222217,2.746761563688894
14083.333333333334,12.388508156061832,2.723120040115731
14100.000000000002,12.91885401415741,1.656178641987665
14116.666666666668,13.637623434224906,1.8920474803075742
14133.333333333334,14.319644121692082,1.517706996001765
14150.000000000002,13.90744439669653,1.7154055983483234
14166.666666666668,13.808487019870178,2.375862857624731
14183.333333333334,13.233926745989661,2.4774206562503367
14200.000000000002,13.057519921683275,2.4065740713167534
14216.666666666668,12.929095140221898,2.6617911841318085
14233.333333333334,12.924764410466024,2.720000202469134
14250.000000000002,13.334311763618256,2.7059890861903693
14266.666666666668,14.153473732423155,2.644825953069118
14283.333333333334,14.080118245005265,2.4924412804985825
14300.000000000002,14.24710488827258,2.3285461636679874
14316.666666666668,14.718981856844202,2.5973808101461255
14333.333333333334,15.261515261807281,2.406510705131188
14350.000000000002,15.348536521066825,1.9314349572165284
14366.666666666668,15.752476220916705,1.5736437241556578
14383.333333333334,15.62164244338779,2.0378491630241165
14400.000000000002,15.986460678044335,1.784471611027808
14416.666666666668,16.07577847222228,1.4624106888888833
14433.333333333334,16.381689798355605,1.959276219422226
14450.000000000002,16.4934549584001,1.9099452896667675
14466.666666666668,16.752279901051544,1.7670847725198588
14483.333333333334,17.2788454375047,1.6513198841412957
14500.000000000002,18.13703963776698,1.3921790142666122
14516.666666666668,18.090761588076973,2.044088558864527
14533.333333333334,18.33226275021935,2.3802359732078466
14550.000000000002,5.520196973662975,3.5926753858572114
14566.666666666668,5.3827665175532164,4.638261759340768
14583.333333333334,4.67381064830917,4.223028248336992
14600.000000000002,4.551715892673968,3.334541099633677
14616.666666666668,4.291043127167206,3.456525526995993
14633.333333333334,4.6842333895028,3.5718345022952342
14650.000000000002,5.557385751466634,3.584703582266608
14666.666666666668,5.705511346666669,3.603472585777794
14683.333333333334,4.275694534731937,3.9391369310153355
14700.000000000002,3.920070110555618,4.570656798035371
14716.666666666668,4.512938216346974,4.239702277082304
14733.333333333334,5.091913531725367,4.30558112730761
14750.000000000002,5.5132185277278625,4.595721399303476
14766.666666666668,5.872948528205965,4.604225342320105
14783.333333333334,5.103995582222183,4.310875099999955
14800.000000000002,5.731240527527532,4.277911955805832
14816.666666666668,5.684200935526724,4.264580230906763
14833.333333333334,5.107910204908006,4.262419721616364
14850.000000000002,4.385792093249987,4.0125632230334025
14866.666666666668,4.483580079520527,3.9123030052170336
14883.333333333334,5.126150892418813,3.8375080503273926
14900.000000000002,4.851518522639084,3.478712256471754
14916.666666666668,4.780876449999953,3.532250665999999
14933.333333333334,4.624566976668884,3.2135785300288497
14950.000000000002,4.96105305330337,3.2284870663329346
14966.666666666668,4.7160063727777075,3.1109056708667806
14983.333333333334,4.698197725369834,3.4857189119786454
15000.000000000002,4.893303250341931,2.6876601059689706
15016.666666666668,4.541560933611156,2.422658364486772
15033.333333333334,4.156828778800133,2.9654963810444266
15050.000000000002,-2.2809324435506353,3.0678771448666806
15066.666666666668,-1.1343514494975597,3.114167240912833
15083.333333333334,-1.6658110349110837,3.059680004733366
15100.000000000002,-2.068881448557606,2.63908576776718
15116.666666666668,-1.6782892547915778,2.7182725425329948
15133.333333333334,-2.2850507610195763,2.7359542882454115
15150.000000000002,-2.667407612883273,2.918291750449954
15166.666666666668,-2.2957701754955995,2.561359325015275
15183.333333333334,-2.581823807307299,2.284318207374043
15200.000000000002,-3.0102188485001333,2.3818358235001087
15216.666666666668,-3.59653608338318,3.1264808862722573
15233.333333333334,-3.0358503769565783,3.0151636838954428
15250.000000000002,-2.895291932432438,2.4780601378377893
15266.666666666668,-3.3586459865743583,2.6354210997768845
15283.333333333334,-4.028013958625289,2.5720658695306446
15300.000000000002,-2.8555458023344986,2.1782079104052388
15316.666666666668,-3.570388848472628,2.0677851861458545
15333.333333333334,-3.3733699855905313,1.8107165149758457
15350.000000000002,-3.7403824748546004,1.7419160320305187
15366.666666666668,-4.401183786961117,2.284531019449989
15383.333333333334,-4.046347847497789,1.5812304689942045
15400.000000000002,-3.1425321780000797,2.3011719021666317
15416.666666666668,-4.4794528947944645,2.047827904727794
15433.333333333334,-3.804552772655523,2.231848297788889
15450.000000000002,-4.422471713012883,2.56107148418393
15466.666666666668,-4.4444642047800045,2.415512531498984
15483.333333333334,-6.564669203030463,2.030570758275078
15500.000000000002,-6.31001072231106,2.0531564716950563
15516.666666666668,-6.97634026205864,1.7408135672947314
15533.333333333334,-6.602972662034499,1.7726340617462646
15550.000000000002,-6.548092127985515,1.871696261983224
15566.666666666668,-7.274399593178028,2.013090650381613
15583.333333333334,-7.102199311822582,1.981896076115833
15600.000000000002,-7.635008410128312,1.7664053387140144
15616.666666666668,-7.124927221537553,1.1852129514641752
15633.333333333334,-7.717357242792201,1.8470914190785006
15650.000000000002,-7.5509405338669255,1.4288197923128216
15666.666666666668,-8.335342450602422,1.0638331158032235
15683.333333333334,-8.802523273417854,1.6166313724947348
15700.000000000002,-0.7221482639301591,2.566029432532923
15716.666666666668,1.932843349192267,2.38293424240821
15733.333333333334,1.8105352153153211,2.2321221331609333
15750.000000000002,1.4323838504583524,1.97418467230287
15766.666666666668,1.712536943042058,2.653772913582454
15783.333333333334,1.7324208020889653,2.725798459288876
15800.000000000002,1.6139116806386007,3.8417356558884377
15816.666666666668,1.4128060742462112,3.747333425787073
15833.333333333334,0.7416640080284311,3.336561009442199
15850.000000000002,1.304004513333264,2.9251809433333107
15866.666666666668,0.6424371379666632,2.5022536314833355
15883.333333333334,1.0917203274941698,2.5514328687520984
15900.000000000002,1.3153721163417018,3.229844104747647
15916.666666666668,1.1323839670405205,3.3601910529605963
15933.333333333334,0.6703088040504875,3.834947792177127
15950.000000000002,0.11808457166926062,3.4650350406536505
15966.666666666668,0.1412943703389179,3.4652092139900734
15983.333333333334,0.2618997940499931,3.656873278416698
16000.000000000002,0.6213752261633136,3.6131422530261754
16016.666666666668,-0.0013229053859973303,4.053168865065395
16033.333333333334,-0.1412925184594028,3.341224726583557
16050.000000000002,-0.22660471312365446,3.021044545608747
16066.666666666668,-0.4661322476318576,2.6054358540618203
16083.333333333334,-0.7656346547896297,2.851108988372738
16100.000000000002,-0.9644792705627881,2.7171603780885034
16116.666666666668,-1.3066249600521722,2.656834501945393
16133.333333333334,-1.4665381388140037,2.4797804803794317
16150.000000000002,-1.1022057865737613,2.146809145610498
16166.666666666668,-0.9142615005498722,2.2188750542062365
16183.333333333334,-1.0485212077618715,2.5069646006865964
16200.000000000002,-1.2868359379097771,2.239225982359882
16216.666666666668,-2.209735672039037,2.300784968594348
16233.333333333334,-2.6901276961584495,2.167261086447908
16250.000000000002,-3.9682132001333756,2.5211236699350508
16266.666666666668,2.9207856140380652,2.311300941546027
16283.333333333334,6.803220210721783,2.012449335324223
16300.000000000002,6.453072902236759,2.2877084799032676
16316.666666666668,5.9117885309153975,2.2869382454728786
16333.333333333334,4.555114982100626,2.7579630028634936
16350.000000000002,4.159373609095448,2.8742932478261167
16366.666666666668,4.433118199082874,2.8320677559390863
16383.333333333334,5.703238510927964,2.665787473870574
16400.0,5.7093373251081765,2.374075211255449
16416.666666666668,5.788284109799996,2.0922385752111157
16433.333333333336,5.577933748260901,2.3707780114495485
16450.0,5.901444087674724,2.050865027910824
16466.666666666668,5.680854897576379,1.990909610258957
16483.333333333336,5.493727219698796,2.1301438138014053
16500.0,5.363894634398005,2.534613032967357
16516.666666666668,5.2844281893673335,2.5553856249680216
16533.333333333336,8.047243676286259,1.865518943851023
16550.0,7.918501321489275,1.5576549455603586
16566.666666666668,7.694166940655434,1.5282592368666905
16583.333333333336,7.571407224911192,2.0740045820445214
16600.0,7.525890431884305,2.300731068865587
16616.666666666668,7.050590896784875,2.2984313643733443
16633.333333333336,7.207696254394901,2.1017440477760485
16650.0,7.008628958333329,2.083642333333332
16666.666666666668,6.507714101645065,1.8113531262490215
16683.333333333336,5.859920010235959,1.5434082549352761
16700.0,6.1405050719202166,1.6585252334164617
16716.666666666668,6.226504385555605,2.193241393555547
16733.333333333336,6.072238360234865,1.882636121401674
16750.0,6.151749645866672,1.7693773741333332
16766.666666666668,5.8227149496888675,2.01046280284448
16783.333333333336,5.746526041387355,1.981507028453075
16800.0,5.548053371457086,1.921784714171664
16816.666666666668,9.345257180879448,2.602220182947079
16833.333333333336,9.847143725263496,3.962007893806142
16850.0,9.883670948266696,4.176396676633283
16866.666666666668,10.014053345899269,4.1161152324670995
16883.333333333336,10.701739298971788,3.987593311428107
16900.0,11.399504293703263,4.098430486106874
16916.666666666668,12.09105753299915,4.23546795121259
16933.333333333336,11.171892825633524,3.9687776377944965
16950.0,10.95157755392643,3.720295699138467
16966.666666666668,11.46520785017205,4.037069292807186
16983.333333333336,11.936463248396533,4.001621404102088
17000.0,12.07832341004656,3.8426327523619155
17016.666666666668,12.14665861896504,3.609016137707666
17033.333333333336,12.011117885418285,3.813683160074196
17050.0,12.007616881440661,3.7744714212607158
17066.666666666668,12.266082660737261,3.9101628010606753
17083.333333333336,12.154762617481683,4.1622186415345475
17100.0,11.605710635784568,4.555580363014844
17116.666666666668,12.450758100355563,4.2073230108998825
17133.333333333336,11.985456130244431,3.9080606271554967
17150.0,12.510642540306439,3.6872415844867152
17166.666666666668,12.282630182608003,4.000455037201937
17183.333333333336,12.434485815066681,4.1089368539503255
17200.0,12.70136924901659,4.403280626766672
17216.666666666668,12.266133744444385,3.9629613845555407
17233.333333333336,12.671873049427782,4.01608650034456
17250.0,5.7872300094714255,4.258733989761551
17266.666666666668,6.832028948747669,3.9157350158476203
17283.333333333336,7.058291216824576,4.060582709684066
17300.0,7.852535470781245,3.724819141129445
17316.666666666668,7.437200092169878,3.9654708205761553
17333.333333333336,6.55768370998989,3.675676600677148
17350.0,6.600737338394944,3.606396988577974
17366.666666666668,8.10336304406066,3.6832829283839965
17383.333333333336,6.946823415408568,3.053492413426892
17400.0,7.751853510794536,2.823283191354326
17416.666666666668,8.053768287191577,3.336704022155436
17433.333333333336,7.762120181893785,3.5945498291895155
17450.0,8.165370439580276,3.6627495001166124
17466.666666666668,8.314543692386847,3.4736646944444685
17483.333333333336,8.7178310047781,3.448713582999977
17500.0,9.56319289302985,2.6079525919960003
17516.666666666668,9.720383992062766,2.395428013884782
17533.333333333336,8.83355072011847,2.8422458657532372
17550.0,8.874803953176578,2.9634729705520533
17566.666666666668,10.388998076846008,1.968273750322566
17583.333333333336,10.462559262379127,1.7972894524079353
17600.0,8.850417683332866,2.9782898379168024
17616.666666666668,-1.4927496426443994,4.935919848388901
17633.333333333336,-0.2478906662068877,4.824400258542391
17650.0,-0.7078638658336769,5.413313476744843
17666.666666666668,-0.7723435768990966,5.508294568390575
17683.333333333336,-0.5124531803808937,5.667038116382931
17700.0,-0.6916686635317807,5.501320342037714
17716.666666666668,-0.19699193884447574,5.451510828993225
17733.333333333336,-0.7371060303900792,5.736495926781106
17750.0,-0.8275864375186575,5.991536147874539
17766.666666666668,-0.9398452119659388,6.142723721856025
17783.333333333336,-0.8022172212020633,5.88005581871792
17800.0,-0.9502494141648345,5.006144054031887
17816.666666666668,-0.9671094245823164,5.353692017380248
17833.333333333336,-1.144655603251554,5.342175585536497
17850.0,-1.5132522191212288,5.04668303709436
17866.666666666668,-1.4023787095492566,5.330177826340923
17883.333333333336,-0.6807164099677498,5.829085264613179
17900.0,-1.4487325951691192,5.739702371497584
17916.666666666668,-1.7954286841971852,5.6096250238047345
17933.333333333336,-6.96650498386144,4.773664559880253
17950.0,-8.268000319159515,3.3284122343138374
17966.666666666668,-8.91681319773892,3.673570051405569
17983.333333333336,-8.657851823310898,3.7974715467114093
