0.0,4.201999333333333,-3.573269399999996
16.666666666666668,4.174991188710936,-3.1392564248526296
33.333333333333336,0.1373834928333295,0.6324390228111126
50.0,-2.5936670334666685,5.339863915466663
66.66666666666667,-1.7993473539094622,4.336337775764653
83.33333333333334,-2.904760405355559,4.50959204913333
100.0,-2.879220901115553,4.253119639810188
116.66666666666667,-2.877711181481485,4.573393725159639
133.33333333333334,-1.8667072796990374,4.8669910425731535
150.0,-1.2015632048118505,4.877991209457204
166.66666666666669,-1.1494107653333354,4.996348681999997
183.33333333333334,-1.3426346310621218,4.7333641291917194
200.0,-1.9230724485198225,4.8307053291687545
216.66666666666669,-2.308972419176877,4.681967075372399
233.33333333333334,-2.4102254089266903,5.126388245050302
250.00000000000003,-1.2732858182346145,4.976811351833416
266.6666666666667,-0.7716729476190485,4.625813547619042
283.33333333333337,-2.24164847718363,3.5755937879449182
300.0,-2.9495438743628215,4.235720940029988
316.6666666666667,-2.5669699336233816,4.463983783043287
333.33333333333337,-2.0991256020555524,5.1116427355889105
350.0,-2.705275605406303,5.324718358905471
366.6666666666667,-3.0112648047190285,5.4796906452170555
383.33333333333337,-3.135089287981404,5.074826331894636
400.0,-1.390744104859373,4.986181920086536
416.6666666666667,-1.4863464309515915,5.043918440567184
433.33333333333337,-1.0588440535474595,4.652090355106224
450.00000000000006,-1.0491797803735223,4.03841103646823
466.6666666666667,-0.736110972930913,4.574207246439887
483.33333333333337,-1.1345162860527207,4.713465222227775
500.00000000000006,-0.8980225472333362,5.40735756586667
516.6666666666667,-1.011405403165084,5.409976687317444
533.3333333333334,6.734231090832363,4.792031559553555
550.0,7.909297343154915,5.154872648490916
566.6666666666667,7.178954025336455,4.970227641163389
583.3333333333334,6.870416633077654,5.1124703858429275
600.0,6.7956566682015405,4.862200602002003
616.6666666666667,6.856409371114442,4.859763602759723
633.3333333333334,6.828740899505307,5.2816858757712195
650.0,7.479152966966512,5.085007927286366
666.6666666666667,8.182789497972704,4.605501027485379
683.3333333333334,7.564113456901349,5.018057183127569
700.0,6.9603695904761915,6.052517669264091
716.6666666666667,6.585492911511126,5.428085922522237
733.3333333333334,6.9291741745571755,5.722395386795483
750.0,7.656676240153791,5.072986236509528
766.6666666666667,8.248084489627775,4.990109216972267
783.3333333333334,6.095780591103324,5.1693624225560555
800.0,5.987064193619855,5.974138437597858
816.6666666666667,-5.3333280368389,9.148945317994443
833.3333333333334,-4.972157165360779,7.553795912527666
850.0000000000001,-5.2644779908333135,7.627127354999991
866.6666666666667,-4.5554066209431605,6.697777875642311
883.3333333333334,-4.802081765917041,7.975171820095507
900.0000000000001,-5.2219567823499995,8.12730639505
916.6666666666667,-6.711859602118786,7.429778194511155
933.3333333333334,-6.497884919073796,7.342742443589312
950.0000000000001,-6.260118405299995,7.4521592602333335
966.6666666666667,-4.6332307745521515,7.039685265338464
983.3333333333334,-5.160190636579401,7.723839503451727
1000.0000000000001,-5.5783954887053735,7.294297764798137
1016.6666666666667,-5.750035063931963,7.552524130003887
1033.3333333333335,-6.457201910287667,7.3618717498747985
1050.0,-6.539508968701007,7.177531232849751
1066.6666666666667,-6.1584038841111255,7.013917224022224
1083.3333333333335,-6.028152763874951,6.557018413035256
1100.0,-5.715155811099993,6.591524278399994
1116.6666666666667,-6.429317277788945,6.986487092267151
1133.3333333333335,-5.248007990644377,6.756163584977798
1150.0,2.1239487739796776,6.274523676395132
1166.6666666666667,0.921040180045571,6.578859207525991
1183.3333333333335,1.8033116335333303,7.029450563222206
1200.0,2.2235529569284624,7.361870896064699
1216.6666666666667,1.653227591923741,6.957785743304989
1233.3333333333335,1.6348496297664703,6.549858991557108
1250.0,0.2586887168082632,6.214069915142432
1266.6666666666667,0.30554718308623985,6.30662063082348
1283.3333333333335,0.6131785526236946,6.159623505602747
1300.0,0.8080737759620128,6.063950572613696
1316.6666666666667,0.7375080361775141,6.283968249618195
1333.3333333333335,0.8296595819846893,5.922039692801643
1350.0,0.8771912480834374,6.259512277916647
1366.6666666666667,2.0007798356918842,6.71182955646615
1383.3333333333335,2.266818565721279,7.4564624751418
1400.0,1.593577374287144,7.155579354060357
1416.6666666666667,1.2141319285024088,6.9675820331723
1433.3333333333335,1.6958426915931109,6.737496722466552
1450.0,2.66748045887018,6.961183451337963
1466.6666666666667,2.225626720379607,6.6438768819180885
1483.3333333333335,1.6356557265245082,6.7995833412539515
1500.0,1.4606197285667066,7.169340410066658
1516.6666666666667,-2.480291482711108,5.821009194711123
1533.3333333333335,-2.3136191247671283,5.849394706925037
1550.0,-2.0183877774328196,5.502431117175776
1566.6666666666667,-1.8507335316666673,6.184247656944446
1583.3333333333335,-2.1000669829970575,5.892595817953445
1600.0,-2.1447720522810454,5.284895694905097
1616.6666666666667,-1.9920174023670207,5.661036021080478
1633.3333333333335,-1.5856154651951597,6.097979148270348
1650.0000000000002,-1.5000397285714324,5.337881172431075
1666.6666666666667,-0.9867553625298284,5.468825129968364
1683.3333333333335,-0.9455701537724306,5.748266794672911
1700.0000000000002,-0.7714093729999907,5.804478311766679
1716.6666666666667,-0.7367035455760811,6.407528252254951
1733.3333333333335,-0.30285343402812187,6.291177783947548
1750.0000000000002,-0.8115174961814267,6.408613314090359
1766.6666666666667,-0.5049920847111199,6.179556033944444
1783.3333333333335,-0.46255029946719894,6.441765604456647
1800.0000000000002,1.0857324626668197,6.352688077249988
1816.6666666666667,-0.3902126169836478,6.3249366473362265
1833.3333333333335,-0.17632071018842793,6.207917136479351
1850.0000000000002,-0.5303887427619812,5.88862119490255
1866.6666666666667,-0.4896688936824622,6.0699491425325505
1883.3333333333335,-1.5135076434227381,6.002551163218382
1900.0000000000002,-1.5263370312697808,5.93237615425194
1916.6666666666667,-1.6136114986826604,6.012830666666651
1933.3333333333335,-1.2451877818463086,6.060536595699288
1950.0000000000002,-1.3199541022666554,5.964709183400019
1966.6666666666667,-0.5122176444500071,6.009659987771662
1983.3333333333335,-0.1695165491190019,5.788195269101221
2000.0000000000002,-0.42148216218557943,6.121759887256387
2016.6666666666667,1.2831677696858683,6.055406184160285
2033.3333333333335,1.3396808949111065,5.949395197616682
2050.0,0.649237026266648,5.835266415199998
2066.666666666667,-0.020947385614381003,5.979588826495727
2083.3333333333335,-0.34485102428991576,6.018311889933834
2100.0,0.26614845987007285,5.564960255155752
2116.666666666667,0.7415886275362114,5.115836272835812
2133.3333333333335,0.7571138247123484,5.484409521610805
2150.0,0.8257272929131272,5.595557656978481
2166.666666666667,1.1489727449058391,5.643465917597662
2183.3333333333335,1.5838060996390695,5.887795694902554
2200.0,1.609830471402366,5.71214690228448
2216.666666666667,1.6871494595333292,6.421975121049965
2233.3333333333335,2.4784610569875563,6.056142387534659
2250.0,2.391950341083318,5.893283942683352
2266.666666666667,1.891825069841245,5.279496092685116
2283.3333333333335,1.310752441700966,5.526701323731135
2300.0,1.4808481052666653,5.468617935883337
2316.666666666667,1.9424276405934298,4.1957606013759765
2333.3333333333335,2.4184627895172945,4.9752154234958565
2350.0,2.6094381469765087,4.841266887906052
2366.666666666667,2.434334178088721,4.963772447903818
2383.3333333333335,2.8295136133551244,4.928682278273145
2400.0,2.779509916057393,4.898588958487733
2416.666666666667,2.948885708225532,4.4384346126589245
2433.3333333333335,2.8689380842023446,4.543906725909266
2450.0,3.1881631682649663,4.817067679314364
2466.666666666667,3.648721608306976,4.649854163051792
2483.3333333333335,3.8154994727505325,4.143147960577242
2500.0,4.25249957839414,3.742620531550884
2516.666666666667,4.522295190243125,3.4685661557220575
2533.3333333333335,4.033958496266833,3.243264530222182
2550.0,4.532747044781808,3.6327611500248937
2566.666666666667,4.2276184981295994,4.31210846950568
2583.3333333333335,3.8217639353611235,3.9068917832222008
2600.0,3.455666998632662,3.5351428524428843
2616.666666666667,4.995908183136218,3.8565737116830454
2633.3333333333335,4.925976170935467,3.9538135088044095
2650.0,4.585675044444356,3.82075872192148
2666.666666666667,3.9298024249750125,3.5257153075535417
2683.3333333333335,4.460141080404247,3.776642865917041
2700.0,4.9078065523189895,3.932425205789128
2716.666666666667,5.429607756444467,3.5911450871110975
2733.3333333333335,5.844006137001774,4.028941347934758
2750.0,5.773609530380379,3.8714260674341054
2766.666666666667,5.22698568684444,4.041823449688891
2783.3333333333335,5.150550553221086,3.7945731781612784
2800.0,4.6714146817591145,3.827310274212892
2816.666666666667,4.287699878916679,3.807157769111101
2833.3333333333335,3.1419298041464083,4.189242147056974
2850.0,-2.0002788111667815,6.2808098557166625
2866.666666666667,-0.8527443828948794,5.671240754190275
2883.3333333333335,-0.9420903891670764,5.873800753914204
2900.0,-0.4857391593536568,6.0289346481759125
2916.666666666667,-0.3247735490343105,5.626436604112563
2933.3333333333335,-0.4194164959424185,5.662917446028566
2950.0,-0.29222544085000146,5.587161167616667
2966.666666666667,-0.5443728293722382,5.338160609177823
2983.3333333333335,-1.2024270142095637,5.310877263368303
3000.0,-2.6144171167999932,5.452123115066668
3016.666666666667,-1.1214053376854671,6.1038659179867025
3033.3333333333335,-0.10619073388031164,5.691098793751028
3050.0,-0.06165553450413335,4.766924567252089
3066.666666666667,-1.3196595407611917,4.92325592646193
3083.3333333333335,-2.2910134944722484,6.068750058658666
3100.0,-0.6342816515151628,6.097565555128208
3116.666666666667,0.027641452804144352,5.74747510795396
3133.3333333333335,-0.0835477725855734,6.193164656359903
3150.0,-0.7160433579579666,6.46936701111111
3166.666666666667,-1.281599110355528,6.172214326083384
3183.3333333333335,-0.14004505486632157,6.398956295292094
3200.0,0.8592798925297129,6.315901272142055
3216.666666666667,0.0352438583374937,6.068979471464269
3233.3333333333335,0.6733156814963005,6.164423046895674
3250.0000000000005,-0.4137971009509987,6.439068132182239
3266.666666666667,-0.9266803583333513,6.539527811111105
3283.3333333333335,-1.2443180940314325,6.513752635639825
3300.0000000000005,-0.5556886505505721,7.216272990640661
3316.666666666667,-1.0871155581098417,6.4491932711366555
3333.3333333333335,-1.499090312966837,6.6655558233888845
3350.0000000000005,-0.8288236898673522,6.738177286102858
3366.666666666667,-1.2541788400833294,6.832861387799986
3383.3333333333335,-1.1811166219387423,6.772839833527872
3400.0000000000005,-0.579705235422936,7.841768776981777
3416.666666666667,-0.44289810831664533,7.9013468699055425
3433.3333333333335,-0.9694377004984996,7.532421804874268
3450.0000000000005,-1.0672022370481453,7.88087523628186
3466.666666666667,-0.9663184297204023,7.5635787415986115
3483.3333333333335,-0.908030038435428,7.5119534505814345
3500.0000000000005,-1.1175493341003917,7.597859516458233
3516.666666666667,-0.9102738500497219,7.755071147873871
3533.3333333333335,-0.7601798219112659,6.963959772247191
3550.0000000000005,-0.673695228033295,6.894190111516678
3566.666666666667,-0.4902652379532647,6.967102420806249
3583.3333333333335,-0.4818750831611087,6.730824263005551
3600.0000000000005,-0.5355203119537986,6.964913311116706
3616.666666666667,-0.49832464035846863,6.62220644104877
3633.3333333333335,-0.643395304477778,6.640760727722223
3650.0000000000005,-1.0700788087230702,6.60920507330017
3666.666666666667,-1.0253456319999936,6.397703843111105
3683.3333333333335,-1.744891721502956,6.602324429915825
3700.0000000000005,-0.9329721175324661,6.765041392640656
3716.666666666667,-1.3647645854722448,7.0794491557333075
3733.3333333333335,-0.481685736193016,7.241019556943755
3750.0000000000005,-0.03738403931368357,7.198399418057654
3766.666666666667,0.1991627086346296,6.780224074879215
3783.3333333333335,-0.10723266006006438,6.778278905260817
3800.0000000000005,-0.5377723036500384,6.872463567683173
3816.666666666667,0.7160607499641727,6.804580862571637
3833.3333333333335,-0.8183321715697711,6.109031334682661
3850.0000000000005,-0.7661957399801229,6.9684641792606845
3866.666666666667,-0.1240000179896516,6.687617813102552
3883.3333333333335,0.13773697532777457,6.841159023177779
3900.0000000000005,-0.2254095125167084,7.365466908116686
3916.666666666667,-1.568069013514203,6.241518668092971
3933.3333333333335,-0.9657900383363845,6.024773671786333
3950.0000000000005,-0.5670928052473925,6.2807285157421155
3966.666666666667,-1.2542207236777825,6.59821162198889
3983.3333333333335,-1.8210847649936115,6.517611057028519
4000.0000000000005,-1.6107843149367307,6.388584209248159
4016.666666666667,-1.6203214623923115,6.947645537652158
4033.3333333333335,0.2216084114494919,6.551926983990683
4050.0000000000005,0.08337500859572224,6.683507848575703
4066.666666666667,0.25223614014616397,6.328343486987751
4083.3333333333335,0.07802327340120808,6.5810265516849835
4100.0,0.3813430677500176,6.412363150583319
4116.666666666667,0.3733609160604918,6.443853415771325
4133.333333333334,-0.29540155110006466,6.392036637645076
4150.0,-1.6305293660305302,6.515962866808032
4166.666666666667,-1.2478346240925227,6.019993146553447
4183.333333333334,-0.5411719527778173,6.128852648611089
4200.0,-0.15066664808879576,6.102473531881155
4216.666666666667,-0.3442723544611592,6.024957829200026
4233.333333333334,-0.5680318208444595,6.084079807844445
4250.0,-0.7700171363333447,6.228280479999984
4266.666666666667,-0.5832794596185795,6.356039832780547
4283.333333333334,-0.20140712008781567,6.664349330965475
4300.0,0.6659915746679962,6.410972385956169
4316.666666666667,0.7685310932600432,6.920504558847758
4333.333333333334,0.29683685780669194,6.917993170101709
4350.0,0.6992712040833411,7.010642788366663
4366.666666666667,0.4961243813593145,6.495984794052971
4383.333333333334,0.32738023679999256,6.815778968327768
4400.0,0.6447499201798109,6.198552729736942
4416.666666666667,-0.6191501070828977,6.420318130178651
4433.333333333334,-0.576197922577889,6.126024868244457
4450.0,-0.4649773027652987,6.387856388072613
4466.666666666667,0.17313117291111516,6.48009201451111
4483.333333333334,3.9003783211943968,6.759667842722184
4500.0,3.1004527139973304,7.202437108591926
4516.666666666667,3.301860107488776,6.894107264070562
4533.333333333334,3.1643622786666117,6.873218519888832
4550.0,3.1329336570474258,6.845936135070145
4566.666666666667,2.7458631839077356,7.29652740532532
4583.333333333334,2.229759190615855,7.35261183242265
4600.0,2.385110326107218,7.7835661748251495
4616.666666666667,2.406919712468722,7.470507820897937
4633.333333333334,2.7584458375765104,7.474729941157751
4650.0,3.1933140623376692,7.514861014385606
4666.666666666667,3.3134974192055595,7.451139702977787
4683.333333333334,3.801353792030917,6.970540187392928
4700.0,3.66702596191428,6.454705745756217
4716.666666666667,3.115670350648181,6.722624959428085
4733.333333333334,3.7856438404258235,6.517471850225132
4750.0,3.6241814708270605,5.914986205121839
4766.666666666667,4.287532675148694,6.04475324199885
4783.333333333334,2.9630494577777413,6.403534376944463
4800.0,4.21372656106104,6.080036329145802
4816.666666666667,3.29639774358888,5.968800647755557
4833.333333333334,3.1804420836196012,6.659737496448225
4850.0,4.618847426172609,6.844052800701053
4866.666666666667,3.270167027710992,5.788264580355555
4883.333333333334,4.076168376867764,5.517627870825587
4900.0,4.035434174895881,6.148320829218728
4916.666666666667,3.980859865438267,5.682016499099586
4933.333333333334,4.0725755171338305,5.786731356072747
4950.0,3.8684315813593257,6.306642680043307
4966.666666666667,3.7180065010621766,6.0746180320709575
4983.333333333334,4.1573715594594445,6.540239320742887
5000.0,5.136974217017031,6.2091042563897165
5016.666666666667,4.298518550408546,6.024492325590553
5033.333333333334,5.263893191355666,5.8294046318889015
5050.0,6.253227017425389,5.854407997882278
5066.666666666667,6.1842586428222175,5.720636767977775
5083.333333333334,4.980174502973313,5.396315618145005
5100.0,5.512413668498852,5.4050709238600785
5116.666666666667,6.454105072258353,5.197423619651335
5133.333333333334,6.541425998189772,5.726298636404015
5150.0,6.078012906600004,6.179949546066672
5166.666666666667,5.165572082869222,5.3300495528153
5183.333333333334,5.6716853045111595,5.505682256566652
5200.0,5.27687181511821,5.2002853846819885
5216.666666666667,5.638809359055556,5.5216897865555525
5233.333333333334,7.439377036028269,5.53691135131441
5250.0,5.784789044394691,4.967529612537312
5266.666666666667,6.3967489779999855,4.882357401555555
5283.333333333334,6.560298255700076,4.244638244867097
5300.0,7.396361900399207,5.046565019011973
5316.666666666667,7.088432380743322,4.859872836131965
5333.333333333334,7.382726914889011,5.197463763861175
5350.0,8.11529465714286,5.019228108403362
5366.666666666667,6.504191494967059,4.9236012020905875
5383.333333333334,7.258195571002533,4.5916862220555075
5400.0,8.752326560313506,4.919015511372335
5416.666666666667,8.442761146283353,4.796462794633402
5433.333333333334,5.448628392029255,5.102383891401286
5450.0,4.430472374341002,4.36138752686019
5466.666666666667,4.356754290461889,4.5082083317492225
5483.333333333334,4.414826321043313,4.8213441957290355
5500.0,4.126176174194627,5.566200279435814
5516.666666666667,4.040980577811064,5.064907761827061
5533.333333333334,3.409345087977306,4.707919940325726
5550.0,3.870434462740185,4.522303409607348
5566.666666666667,4.164519627302503,4.3094597951420015
5583.333333333334,4.607597012689703,3.7735493675115124
5600.0,4.660512412356173,3.513266382741369
5616.666666666667,7.03564320762218,3.0403571282222153
5633.333333333334,6.873514264206798,3.453161111483109
5650.0,6.938835441920974,3.254078072969844
5666.666666666667,6.666405644500001,3.4598013493333535
5683.333333333334,6.04344968966599,3.3319636120255165
5700.0,6.322293021827579,3.0035761977655486
5716.666666666667,6.2259168470137025,2.8135280451896443
5733.333333333334,6.472986943444469,2.7248296067222038
5750.0,6.054117361678318,2.7656183842676407
5766.666666666667,5.739575414896229,2.44868507427017
5783.333333333334,5.734078038980506,2.695541522549852
5800.0,5.384636943228386,2.680765184057975
5816.666666666667,6.319062698288887,2.6201793898888863
5833.333333333334,6.257812727533359,2.512093208788871
5850.0,6.34815336436381,2.528986737773359
5866.666666666667,6.333069048007542,2.731634427439226
5883.333333333334,6.366145088851854,2.470084318939819
5900.0,5.945216659700005,2.748947973633334
5916.666666666667,5.857396702656645,1.7285885841993753
5933.333333333334,5.718179104573285,2.018123837512445
5950.0,4.6967653485910414,3.2262948993662928
5966.666666666667,-7.686340862802177,5.145356875838119
5983.333333333334,-7.307428340966657,5.313567273100003
6000.0,-6.84054339458915,4.4000250185203855
6016.666666666667,-7.3646314956445424,4.668783099555586
6033.333333333334,-7.352096842468207,5.010089826329255
6050.0,-6.162417536316666,5.5868427996333185
6066.666666666667,-6.161968598672876,6.191483268104844
6083.333333333334,-6.043727289849034,6.15186442130647
6100.0,-6.052923781744043,6.383122223864204
6116.666666666667,-6.141710102172236,5.710870013094448
6133.333333333334,-6.178011424393366,5.5406616442112195
6150.0,-5.899611985826244,5.331910964832414
6166.666666666667,-5.87199774360818,5.755151992952843
6183.333333333334,-7.651372288977869,5.920995802736043
6200.0,-7.902719906997518,5.788222763887505
6216.666666666667,-7.40797517526791,6.36294735916485
6233.333333333334,-7.660744660208772,5.841529783341664
6250.0,-7.696215337166665,5.9310335508999765
6266.666666666667,-7.376408095338932,6.2471737342500955
6283.333333333334,-7.859076122222113,5.966610444444365
6300.0,-7.854480772283331,5.095084960166663
6316.666666666667,-7.846877830663746,6.490095936657793
6333.333333333334,-7.943735930796003,6.155571704344935
6350.0,-7.901614438650024,6.1623836620833226
6366.666666666667,-7.770769823547078,6.300745527109787
6383.333333333334,-7.959574916316923,6.489532105244741
6400.0,-1.739446371283325,6.110843604616663
6416.666666666667,-0.9664086397523619,6.622526769381962
6433.333333333334,-3.0155016706260986,6.489626630163468
6450.000000000001,-3.783020069633286,6.809906674466654
6466.666666666667,-3.696275445036208,6.906345100824024
6483.333333333334,-2.5908149561996128,6.315620445723212
6500.000000000001,-2.2606528939666557,6.665124035650019
6516.666666666667,-1.7558138509588161,7.2879627932132856
6533.333333333334,-3.273549849844576,7.115058646037289
6550.000000000001,-2.725851716383306,6.852904660133335
6566.666666666667,-2.9782490612720576,6.7053019310689335
6583.333333333334,-2.6754125149222823,6.452350455388874
6600.000000000001,-2.629194894422368,6.574275309163412
6616.666666666667,-2.1081546129175686,6.429140947112398
6633.333333333334,-2.4378434168498098,6.977306221994679
6650.000000000001,-2.2618167197499637,7.058832493400027
6666.666666666667,-2.579264411044378,7.338202462217764
6683.333333333334,-2.672761267194184,7.030162661363775
6700.000000000001,-2.879078666083707,7.046241903414933
6716.666666666667,-3.4505571481500588,7.194607602063592
6733.333333333334,-3.7296661784015654,7.8690621938791585
6750.000000000001,-2.6086135653843527,7.938640429903314
6766.666666666667,-1.4518150720610898,7.988193599622221
6783.333333333334,-1.0018299694360853,7.500423006000464
6800.000000000001,-1.6520432151870523,7.308410541348156
6816.666666666667,-1.9312873869424994,7.168836140162382
6833.333333333334,-1.517883175973352,7.428643630129431
6850.000000000001,-2.9234676349666158,7.258035240883317
6866.666666666667,-3.1374681774885818,7.502716775581149
6883.333333333334,-3.228059841146691,7.094481500111168
6900.000000000001,-2.5221740991666413,6.766344923166643
6916.666666666667,-2.6345440041354085,6.453514543221631
6933.333333333334,-2.2529385374166218,6.974692541577774
6950.000000000001,-2.5135231873465944,6.635602148126065
6966.666666666667,-2.981738164166616,6.604588235277786
6983.333333333334,-3.217073954321004,6.514882838065851
7000.000000000001,-2.2796847305825656,6.847072929564903
7016.666666666667,-1.689741088289219,7.089452229973925
7033.333333333334,-1.1938300795380015,7.314310001932671
7050.000000000001,-1.8221999174523773,7.090113958508922
7066.666666666667,-2.1437215500528213,7.047853286282046
7083.333333333334,-2.910458653590779,7.833799955453928
7100.000000000001,-1.9476643818826984,7.472992332950222
7116.666666666667,-1.0702271311742957,7.549104604929449
7133.333333333334,-0.6621226393444393,7.4123290856666815
7150.000000000001,-1.2175163450042834,6.997621278054869
7166.666666666667,-1.8047506342439785,6.619857645132964
7183.333333333334,-2.429484468760081,6.727216008856715
7200.000000000001,-2.414495029885004,6.9911938128935605
7216.666666666667,-1.8031231080151209,6.884480189016746
7233.333333333334,-1.7389631475066964,6.723588351561817
7250.000000000001,-1.0558245629018725,6.8654576275696115
7266.666666666667,-0.4854230673610953,6.998878654238906
7283.333333333334,-0.20371722611930873,6.9311740552655525
7300.000000000001,-0.6117228156424451,7.359963691403952
7316.666666666667,-1.4945928747202992,6.385079085133531
7333.333333333334,-7.376244108777819,4.0170945068
7350.000000000001,-6.800136158899981,3.7171323972000128
7366.666666666667,-6.671430966168041,4.047812808593041
7383.333333333334,-6.512123383586545,3.940012565409282
7400.000000000001,-7.529316531669458,4.146230242914523
7416.666666666667,-7.630773532342458,4.29244482611891
7433.333333333334,-6.716174715807465,4.266544374871529
7450.000000000001,-6.499651613452761,4.149145518541378
7466.666666666667,-6.798366878645336,3.9433440053164457
7483.333333333334,-6.860314903259763,3.720831801409749
7500.000000000001,-6.645723086923224,3.8635125289522363
7516.666666666667,-6.791218406086902,4.002407341089408
7533.333333333334,-6.711269933722617,3.8860202214436637
7550.000000000001,-7.610762988533312,3.890868100500047
7566.666666666667,-7.389635211304474,4.4536941156693635
7583.333333333334,-7.650511355316618,3.6125686687231893
7600.000000000001,-6.298205617067482,3.260192910187078
7616.666666666667,-6.642781601566676,3.3298874854666694
7633.333333333334,-6.25052106620001,3.540843464413353
7650.000000000001,-7.127889196233375,5.673910759000522
7666.666666666667,-8.880523388633563,7.4240052432012416
7683.333333333334,-9.116186260894253,6.53665870256919
7700.000000000001,-9.433464751400031,5.696991413966965
7716.666666666667,-9.45531312033428,6.277197850957855
7733.333333333334,-9.38681287311103,6.453621289222222
7750.000000000001,-11.273429871197626,6.708224499333326
7766.666666666667,-11.27986989042221,6.40284456202235
7783.333333333334,-11.439640246929077,6.963355958929671
7800.000000000001,-12.154942372973004,6.309783766216228
7816.666666666667,-12.304324661180463,6.2044804728746135
7833.333333333334,-12.694859257600973,6.459870009671509
7850.000000000001,-12.729092010438645,6.2560668864931674
7866.666666666667,-13.093159255577776,5.541659742955543
7883.333333333334,-13.566923258677786,5.34543477768889
7900.000000000001,-13.454269815317813,4.249246483483081
7916.666666666667,-12.897367624459983,3.881719201782446
7933.333333333334,-12.553510276390275,3.3521259911699093
7950.000000000001,-12.813647481333243,3.3021885083332454
7966.666666666667,-12.852013605846214,2.831523282976263
7983.333333333334,-13.577124306480139,2.6768627578543858
8000.000000000001,-16.020142858979415,3.112229535384276
8016.666666666667,-15.010146449132462,3.6421611679902055
8033.333333333334,-15.582534600405545,4.166545560383355
8050.000000000001,-15.514435175055798,4.3771077962508915
8066.666666666667,-14.593984200533324,4.632464932644444
8083.333333333334,-14.71772991026579,5.110465859681956
8100.000000000001,-14.621973483341701,5.039591246223141
8116.666666666667,-14.846273947573785,5.125838117608803
8133.333333333334,-15.228470912261082,4.91368218008887
8150.000000000001,-16.063552008332426,3.106957001665714
8166.666666666667,0.5640872430271828,3.7479692641376685
8183.333333333334,2.5094104170694265,5.200628031562397
8200.0,0.48354545779233,5.0146850800865
8216.666666666668,0.3481558388277565,5.635211603938882
8233.333333333334,0.6197145392052251,6.013793686679986
8250.0,0.928155775976011,6.046933564030595
8266.666666666668,0.6905803671665647,6.2709137113719695
8283.333333333334,0.7270905476015741,6.127768660574719
8300.0,0.5372620972139028,5.4839417710210405
8316.666666666668,0.8112999408926892,5.304870064248923
8333.333333333334,0.9701953300428348,5.562078198671561
8350.0,1.0724831329327273,5.456523469003506
8366.666666666668,1.3518268074425872,4.600264144777357
8383.333333333334,4.1062055775839195,3.678064216491825
8400.0,5.794663701800822,1.2149848018842653
8416.666666666668,5.4384145364223615,1.0487400400888844
8433.333333333334,5.3877163505383665,0.9633332638694525
8450.0,5.408520443957502,0.9206352273572339
8466.666666666668,5.412796333867521,1.011092242096465
8483.333333333334,5.866310601644338,1.4485356432778418
8500.0,8.112302331284518,1.8492366064468273
8516.666666666668,6.051299281514612,0.593994846560099
8533.333333333334,5.770831769548542,1.0152291097395578
8550.0,5.969061846666685,0.6517378869999856
8566.666666666668,5.974996088799949,0.4268145322105655
8583.333333333334,6.256509175888893,0.2492945991999953
8600.0,6.972384261125058,0.5437899139876012
8616.666666666668,7.566073527930731,0.5188341111220964
8633.333333333334,7.928665192166652,0.5365730564332907
8650.0,8.210518035383291,0.8129278768333272
8666.666666666668,8.55905862520071,0.39491268322526046
8683.333333333334,8.812536854467735,0.35661339526035396
8700.0,8.87171496096017,0.2847197659319468
8716.666666666668,8.354870838519032,-0.33362051366236345
8733.333333333334,8.13914883138334,0.28763261880559327
8750.0,2.3902992457087495,1.348188198003975
8766.666666666668,-10.930612511517038,1.6760565819438087
8783.333333333334,-8.264673954756882,2.3784041396239597
8800.0,-8.768162729141753,2.8942812343979587
8816.666666666668,-8.005952637505576,2.3684124439887437
8833.333333333334,-7.884785360866925,1.9083714051282248
8850.0,-7.468347655627718,1.9285909053613237
8866.666666666668,-9.588499218151478,2.059585318296051
8883.333333333334,-9.518667891526412,2.15935645089123
8900.0,-9.631037639419736,2.246238278889443
8916.666666666668,-9.32749062582597,2.205867658709498
8933.333333333334,-9.211228858370832,1.3006944416569817
8950.0,-9.346164529035498,0.5319017975678695
8966.666666666668,-9.01261882521107,0.33266569217775943
8983.333333333334,-9.395229997011112,0.00998990662219748
9000.0,-9.608811453553555,-0.11260720829161962
9016.666666666668,-9.684778010033927,-0.11987350191010875
9033.333333333334,-11.242873077422068,0.4255593202434703
9050.0,-19.924612497294525,5.101107808466818
9066.666666666668,-20.285403363623686,8.483695218945822
9083.333333333334,-19.633874953012402,7.923889709328757
9100.0,-19.634689645487843,8.291615875024963
9116.666666666668,-19.108071069082147,7.69997099036609
9133.333333333334,-21.459734511583562,7.660244492507369
9150.0,-21.558697504009274,8.03132926423129
9166.666666666668,-21.960414179572307,8.649672615322103
9183.333333333334,-21.564874244858544,7.991333113332416
9200.0,-22.074051125255004,7.719279736261925
9216.666666666668,-22.02287777804534,8.712421248329722
9233.333333333334,-22.746046647616666,8.80918941272224
9250.0,-23.02118079646499,9.294678784959205
9266.666666666668,-22.93453851203845,9.254116326470077
9283.333333333334,-23.201632162143564,8.86557625511265
9300.0,-23.783529739999942,8.577421290933271
9316.666666666668,-23.10362560639999,8.405782283555562
9333.333333333334,-22.95481217769439,9.066062981329537
9350.0,-22.592529558933265,9.053219457333345
9366.666666666668,-23.374081663350125,8.908845985585872
9383.333333333334,-23.76374698074076,8.860237509317738
9400.0,-23.748165815229434,8.798798048948944
9416.666666666668,-24.75643665045134,8.897114988432957
9433.333333333334,-24.535092800727426,8.82642342684212
9450.0,-26.069785897213897,9.075099913797171
9466.666666666668,-25.479381087893366,8.616352804076548
9483.333333333334,-25.43887060563396,8.853791646806783
9500.0,-25.178636382515847,9.123623273573557
9516.666666666668,-24.730172863560462,9.268597667312452
9533.333333333334,-24.586827739566868,9.019869139331394
9550.0,-24.637941923311665,9.012208784058686
9566.666666666668,-25.10264557499991,8.95418596388831
9583.333333333334,-24.412412271891295,8.4335727068088
9600.0,-1.6551934934632169,3.946507536051349
9616.666666666668,7.183229103266539,1.828468245294402
9633.333333333334,4.386994320016673,1.5980727278945055
9650.0,4.167007770700063,1.6863760127833545
9666.666666666668,4.103273275123589,1.5025648092786508
9683.333333333334,4.121842805616602,1.4701836874237078
9700.0,4.5117957917208065,1.6462012372314656
9716.666666666668,4.866580844660912,1.4669002560605704
9733.333333333334,4.642262840513133,1.4863943697040105
9750.0,5.275124874725311,1.5706152631035328
9766.666666666668,5.5629993475029265,1.7912755062828236
9783.333333333334,5.4866481464757095,2.0667908932622803
9800.0,5.696652129471317,2.215421878365195
9816.666666666668,5.443100172338905,2.000640477060422
9833.333333333334,5.134737377293763,1.76013354683134
9850.0,4.962647758083343,1.4363378556333353
9866.666666666668,4.1446545707498945,0.80809845819998
9883.333333333334,3.8803421923871855,0.7504456615469915
9900.0,4.785931268751029,0.2488946272469394
9916.666666666668,5.303769821877782,0.4770036115501983
9933.333333333334,5.617549703803714,0.9168737829050901
9950.0,4.9845103802499855,0.6666474890000945
9966.666666666668,4.362001911554062,1.1277131739554436
9983.333333333334,4.504595651258956,1.415313833277716
10000.0,5.634888298663309,1.8592120529824914
10016.666666666668,6.003608861717305,1.9262229855078343
10033.333333333334,6.390206190676925,1.639816492975619
10050.0,5.5937021766666755,2.06314206333324
10066.666666666668,5.231889811216653,1.6012515956555102
10083.333333333334,5.073441138487871,0.954422272783561
10100.0,4.451257022466627,1.3945283203333527
10116.666666666668,5.7345210746063655,1.7906448648862874
10133.333333333334,5.647459088916671,2.366552171958202
10150.0,4.811375008512756,2.4400731387081445
10166.666666666668,4.74120159405323,2.4030627718309834
10183.333333333334,4.36803360694792,2.2869564185481686
10200.0,4.292011610009999,2.2869595236736786
10216.666666666668,4.655943266511155,2.3004115051999543
10233.333333333334,4.798837027135806,2.1962062820688355
10250.0,4.714793155555556,1.2256570386401375
10266.666666666668,4.515292158507001,0.24736138180214598
10283.333333333334,4.771490483914671,0.4619622870681147
10300.0,5.4228397256410705,0.7513006358974555
10316.666666666668,6.42056351153947,1.5227431803637972
10333.333333333334,6.688990084749247,2.4125586469648783
10350.0,5.715020049741479,2.1408794206102884
10366.666666666668,3.8954792999058374,1.075321805174863
10383.333333333334,5.505895079979002,1.2807804541175447
10400.0,5.616802683741892,1.639946385842859
10416.666666666668,4.7481386524857365,0.7915669000666855
10433.333333333334,4.510400211200015,0.9125694698667086
10450.0,4.352442067265159,0.7890952273150523
10466.666666666668,4.99725905018329,1.1062197152888857
10483.333333333334,5.0995784610611015,0.9248021148444577
10500.0,5.104116558637459,0.9330734259369114
10516.666666666668,3.4564530745858537,6.538464411478173
10533.333333333334,4.279502621666665,5.695729746066668
10550.0,4.354210270151715,5.964967143421702
10566.666666666668,4.537578153541013,5.777643154883997
10583.333333333334,6.133475575644465,5.559884233755544
10600.0,4.296170874812719,5.597487613593201
10616.666666666668,5.053253074042536,5.246250798916126
10633.333333333334,4.7142269381713255,4.871920541873047
10650.0,4.6352058933633655,4.935575121444088
10666.666666666668,4.425136112890821,4.862983104080929
10683.333333333334,4.360886139041933,4.719127942897665
10700.0,4.228097643511564,4.470358215975401
10716.666666666668,4.044653546598775,4.744606300534365
10733.333333333334,4.4289667742482255,4.416497406075293
10750.0,4.592155792103974,4.637367028085943
10766.666666666668,4.561279903098531,4.506880180481947
10783.333333333334,-2.946602609749072,6.084227849496951
10800.0,-7.309654305914962,5.562908708075953
10816.666666666668,-6.655153346677755,5.391592588305547
10833.333333333334,-7.606281706225049,5.546063751820343
10850.0,-6.40003825137565,5.248774852693098
10866.666666666668,-6.350022664487558,5.209879046927644
10883.333333333334,-6.04479867730604,5.0538633767454755
10900.0,-6.420583767699508,5.303749495152417
10916.666666666668,-6.890439401953537,5.427955432051288
10933.333333333334,-6.74005479836274,4.500817521905911
10950.0,-6.442889684924912,4.513022608295454
10966.666666666668,-7.3247607952579905,4.130817849197667
10983.333333333334,-7.105731702440116,4.526931787638226
11000.0,-6.523866653956355,4.297436795968691
11016.666666666668,-6.501074352396634,3.6655350473139237
11033.333333333334,-6.497462298128719,3.3637189122383426
11050.0,-6.425344375133341,3.706264184466664
11066.666666666668,-6.6263129366962366,4.375922712683248
11083.333333333334,-6.600101841733365,3.7755501278665693
11100.0,-6.942920563384946,3.462959053473252
11116.666666666668,-6.849841997834319,3.6521827125502004
11133.333333333334,-5.666312128426619,3.3143995277943823
11150.0,-5.236796554560658,3.32131416084704
11166.666666666668,-5.5488651389388455,4.565811349483977
11183.333333333334,1.508357657093664,2.752342576567272
11200.0,0.6484378034545719,2.2871374910812228
11216.666666666668,-0.0489737481777751,2.082696244755559
11233.333333333334,0.17690026230773165,2.3388359087845236
11250.0,0.013854426900017938,2.459510769949935
11266.666666666668,0.5604007025555242,2.8279097215556463
11283.333333333334,2.200565167860516,2.5621796379032724
11300.0,2.615480195795796,2.8067467984984966
11316.666666666668,0.9003343525970744,3.1665575842397673
11333.333333333334,1.0343580437167008,2.61450267953333
11350.0,1.1413892686656704,2.3386337022155583
11366.666666666668,1.1402754248484428,1.7480939630303436
11383.333333333334,1.2119039958979412,1.8494405884052385
11400.0,1.21623388631965,2.0675076105438897
11416.666666666668,1.019010994491662,1.8703152997277446
11433.333333333334,2.794197409287978,2.159151084169918
11450.0,2.4304591187426827,2.1066234527264047
11466.666666666668,1.976599923567394,-0.463767317915291
11483.333333333334,3.1918607013009512,-16.07751156883708
11500.0,2.4598653935434935,-18.25346096992001
11516.666666666668,3.1260639341451846,-18.206728470770816
11533.333333333334,2.9479466764894813,-18.564486151529795
11550.0,2.6816306865666726,-18.41124684456671
11566.666666666668,1.8173474987229334,-18.468835545766023
11583.333333333334,1.665482661111117,-18.432610291999993
11600.0,2.0231733479999683,-19.072367601433314
11616.666666666668,2.4495466083861444,-19.368827962006442
11633.333333333334,2.316310346070452,-19.66702178807587
11650.0,2.3798751681615506,-20.039141426150238
11666.666666666668,2.303669467300648,-20.36781041368036
11683.333333333334,2.176237258512596,-20.541681182563533
11700.0,2.2453271426666745,-20.64970623416667
11716.666666666668,2.0254461387835,-21.204736907822387
11733.333333333334,2.8337724542732476,-22.273487234110696
11750.0,1.95501346583292,-22.2644536560947
11766.666666666668,2.3209981452496904,-22.600185182607785
11783.333333333334,2.5238273007448306,-21.46176992745256
11800.0,2.7672504015698034,-22.559424634235462
11816.666666666668,2.7663772403716713,-22.508203393784605
11833.333333333334,2.9941981838696723,-22.24621814548993
11850.0,2.9659971872730315,-21.534180920406378
11866.666666666668,3.2176493433666766,-22.18637153507794
11883.333333333334,3.069905798145401,-22.270353547992663
11900.0,3.231826117467427,-22.28069324684677
11916.666666666668,3.3116315357075226,-22.1362793379875
11933.333333333334,2.886482391552416,-21.772847952401502
11950.0,4.865361062697816,-18.2452494483085
11966.666666666668,9.190615588529571,-0.19508230610767252
11983.333333333334,8.27565582338425,1.3255014518962989
12000.0,8.223625689990019,0.658790985885709
12016.666666666668,8.27868342105675,2.2074099701520393
12033.333333333334,8.843574937166274,0.9852774034673666
12050.0,9.281214302551318,0.8954842426379963
12066.666666666668,9.255492484473335,0.31362183704087376
12083.333333333334,8.843327644816858,0.9594348614696772
12100.0,9.296623763184076,0.883747489386406
12116.666666666668,9.182059082944454,0.6753483863888171
12133.333333333334,8.52890665440152,1.323817445978884
12150.0,7.485476624478894,1.3091472750208493
12166.666666666668,7.974297562700009,1.1200755166167773
12183.333333333334,8.4250943414986,1.6297278419933665
12200.0,8.952272144832692,2.3848688645531224
12216.666666666668,9.512830465799757,2.4484579147074568
12233.333333333334,9.75608613373338,2.395319948111143
12250.0,9.736937618916647,2.4357181240000054
12266.666666666668,10.012088286251501,2.3348436592387416
12283.333333333334,9.535811710109614,2.361979352256151
12300.0,8.29058934533936,1.1421923155077716
12316.666666666668,8.123201404905748,1.6072374849055495
12333.333333333334,10.042847540036687,1.2422704290033806
12350.0,10.022044644805733,1.2724264627647435
12366.666666666668,9.804613014901872,1.1874802997943776
12383.333333333334,9.50141786072221,1.6497088135999964
12400.0,8.683064574437767,1.467245036715708
12416.666666666668,8.561052720916386,1.7518751564615191
12433.333333333334,9.34910204853693,1.624741637436838
12450.0,8.77527933546678,1.8098171490666624
12466.666666666668,8.662042974057423,1.7051211040091905
12483.333333333334,8.413029927697204,1.4318735525206954
12500.0,8.387827843883331,1.4875282122666669
12516.666666666668,8.808675144466589,1.3674028569235541
12533.333333333334,8.761610309633499,1.0052097740981314
12550.0,8.826942920833341,1.1083870124999917
12566.666666666668,9.42591814139514,0.9198712823314278
12583.333333333334,9.545914966335333,1.26729272452511
12600.0,9.779200218018008,1.5036028134134163
12616.666666666668,11.257235290433256,1.7613498830389076
12633.333333333334,10.957345648066585,1.8336596568722032
12650.0,10.822044540902038,2.1708239042120243
12666.666666666668,27.832472748666863,0.15850332386665014
12683.333333333334,30.034639180939617,-0.03783461795255508
12700.0,29.695715390824216,0.5648534663833505
12716.666666666668,29.735631168628057,0.3877149742167168
12733.333333333334,29.24392441427303,0.35090236273368
12750.0,29.825397042307756,-0.0458374437063155
12766.666666666668,29.360940532245497,-0.20990900000001259
12783.333333333334,28.151233957077785,-0.06631217918333221
12800.0,28.228386902415476,-0.20542611014483833
12816.666666666668,29.33134008753199,0.5968703536647815
12833.333333333334,30.13038551731667,1.202675076772214
12850.000000000002,30.032934422938514,1.2537071731135314
12866.666666666668,30.082197132294905,0.9788917889666173
12883.333333333334,29.742324921988637,0.9710692705482706
12900.000000000002,29.975107264515742,0.8900074741537438
12916.666666666668,29.563656665190504,0.8685002132866748
12933.333333333334,29.47920112746673,0.6724761560443769
12950.000000000002,29.31139731612628,0.7688296773899391
12966.666666666668,29.076896904822068,0.5979112593445216
12983.333333333334,28.65894461949863,0.44869417663822597
13000.000000000002,28.75056282556389,0.12592597727650617
13016.666666666668,28.529757448013104,0.4142051059496196
13033.333333333334,28.819039462896328,0.1311228787606197
13050.000000000002,29.086669091653885,0.19550930154927035
13066.666666666668,29.31960839508639,-0.20385310940681023
13083.333333333334,29.195163238277804,-0.4664464770279064
13100.000000000002,28.62228976640001,-0.11677578546663847
13116.666666666668,28.314295818908363,-0.040394940701746235
13133.333333333334,26.603834548903322,-0.1189233391137717
13150.000000000002,27.94688688840583,0.16523356385152915
13166.666666666668,28.401895472491873,0.568765606169694
13183.333333333334,28.773209503999997,0.29927757511110936
13200.000000000002,27.174560064591553,0.1260797138612672
13216.666666666668,26.747151832011053,0.6845532703498948
13233.333333333334,26.251740173358574,0.3138564236978773
13250.000000000002,25.610022069106122,-0.1284872417587139
13266.666666666668,11.418569443006062,2.0500137473318945
13283.333333333334,13.193061725687182,1.061728539724589
13300.000000000002,12.407350339857844,0.7893766676682844
13316.666666666668,13.070990241085576,1.0540015871872206
13333.333333333334,12.039938300499461,0.9802914768120846
13350.000000000002,11.484789119509813,0.7885260789396086
13366.666666666668,10.776809321532566,0.8507095769101172
13383.333333333334,10.64951535555547,0.4841284311110377
13400.000000000002,10.132791408050048,0.0021617631498412476
13416.666666666668,9.662594583416643,0.2700046315833108
13433.333333333334,9.69715696778337,0.5356972244166739
13450.000000000002,9.390780260869567,0.38560627246376594
13466.666666666668,9.270194881027804,0.25067806936108294
13483.333333333334,9.471200228897926,0.6578731594394753
13500.000000000002,9.247813474325827,0.9218175650849479
13516.666666666668,8.834254439124656,1.4180728347313225
13533.333333333334,8.96995136685537,1.3663208555777544
13550.000000000002,7.880467122809795,1.1038809491008672
13566.666666666668,7.996894225731595,1.208814951929598
13583.333333333334,8.344467809388899,1.1443015514444368
13600.000000000002,8.35519112064345,1.1848535153910942
13616.666666666668,8.641677674770829,1.1646039671170016
13633.333333333334,8.997677472238923,1.4460939359307052
13650.000000000002,8.745235053566706,1.558684749733399
13666.666666666668,8.818657559183274,1.8497035648056974
13683.333333333334,8.247983364124341,2.091570442481994
13700.000000000002,7.846216250325254,2.6320155447224067
13716.666666666668,8.382093887905071,2.5317408289255683
13733.333333333334,8.348301432977763,2.0784694632888003
13750.000000000002,8.45441312408817,1.1993743047475824
13766.666666666668,8.533954604597717,0.4933628715697392
13783.333333333334,8.261904955872922,0.4231615577911117
13800.000000000002,8.603084859720104,0.776292630134839
13816.666666666668,9.008450161005982,0.8177351039121323
13833.333333333334,9.249312096335174,0.8121000360153497
13850.000000000002,8.884745419519485,0.5410022911411542
13866.666666666668,8.165494961038814,0.5367770119786509
13883.333333333334,8.198991066305547,0.5445195764722234
13900.000000000002,8.30742956222897,0.408958526726669
13916.666666666668,2.4297626820634974,1.9837669323895557
13933.333333333334,2.4887819519371903,4.034949177465956
13950.000000000002,3.7070242628183325,3.0529795429786164
13966.666666666668,3.6517964048299447,2.9645358168407885
13983.333333333334,3.9697663309876714,2.9258890781057105
14000.000000000002,4.034103120733315,2.8577091860165935
14016.666666666668,4.391364634363587,2.5610469061710206
14033.333333333334,3.3300191899101304,3.385460560828122
14050.000000000002,4.461295613056416,3.2896275386693596
14066.666666666668,3.678078843220968,3.2091782393503934
14083.333333333334,3.9074570797084176,2.9319175728203692
14100.000000000002,3.6979269851926038,3.0520207695846913
14116.666666666668,4.0439738809983705,3.316318658387491
14133.333333333334,3.8364546930222314,2.8094499650555287
14150.000000000002,3.687988457599981,2.6839232613333244
14166.666666666668,3.857384035439637,1.4276653659329337
14183.333333333334,2.9062221877933556,1.8547869960905594
14200.000000000002,3.5180865503083725,2.6287464037685413
14216.666666666668,3.849472887475729,4.272536041423046
14233.333333333334,4.098337931959679,3.5742423195413675
14250.000000000002,4.635237752014585,2.8592192197801976
14266.666666666668,-15.021115872305936,5.866388371643984
14283.333333333334,-34.57141402904528,8.91131647360827
14300.000000000002,-31.168137743648398,8.279034829850751
14316.666666666668,-32.78783530782287,7.932779180748916
14333.333333333334,-32.67337450375368,7.508228481287115
14350.000000000002,-32.43950264977471,7.3608024577789415
14366.666666666668,-32.30861063936397,7.391049177838844
14383.333333333334,-33.064205244855785,7.356503624578963
14400.000000000002,-33.31531815386662,7.192302726033323
14416.666666666668,-35.35125368416102,7.562575409494492
14433.333333333334,-33.90961168313332,7.74132818097778
14450.000000000002,-34.437316468791174,7.17372888723663
14466.666666666668,-35.124546529723865,7.193345224709803
14483.333333333334,-35.030189271348206,7.551555650050059
14500.000000000002,-35.044087127927874,7.555797717117134
14516.666666666668,-34.663656072302736,7.588499738863903
14533.333333333334,-34.89763129639625,7.476967507623969
14550.000000000002,-35.06612976521608,7.2016714910289785
14566.666666666668,-36.060481423202944,7.15174083692184
14583.333333333334,-37.99673720684445,7.523216307905516
14600.000000000002,-37.98554342651665,7.447963678816702
14616.666666666668,-37.80184926678896,7.238617105608359
14633.333333333334,-37.796022831815954,7.182271786009693
14650.000000000002,-37.619530937666575,6.958228252333331
14666.666666666668,-37.742845663084964,6.9282159720226355
14683.333333333334,-38.417225672969806,7.520961209493635
14700.000000000002,-39.69454557490007,7.227578865466689
14716.666666666668,-39.90011506398046,6.878265581546258
14733.333333333334,-40.59777707082717,7.0325311617898905
14750.000000000002,-41.18007545517746,6.9901089646156525
14766.666666666668,-41.415131262755565,6.815995065577826
14783.333333333334,-41.13138651897017,7.449936102787451
14800.000000000002,-40.885189155410714,7.57419905350717
14816.666666666668,-40.845732192177636,7.86325340413337
14833.333333333334,-42.727641614452864,8.454946355455727
14850.000000000002,-43.464073740074824,7.629366667790278
14866.666666666668,-44.12543499387171,7.334293776487528
14883.333333333334,-44.25576148517591,7.226986858545888
14900.000000000002,-44.672788523450365,7.075853565283312
14916.666666666668,-45.02385618111461,6.999367280887606
14933.333333333334,-45.1877410267333,7.346944035972215
14950.000000000002,-45.25894170118388,7.553947117992217
14966.666666666668,-45.51339273661101,7.8852988977223015
14983.333333333334,-45.895098838400486,8.574497337240553
15000.000000000002,-46.12617846906891,8.695316917553683
15016.666666666668,-46.70741336000001,8.856085030822252
15033.333333333334,-56.44565906069165,9.135153239263698
15050.000000000002,-62.03978875637751,11.756090421110494
15066.666666666668,-61.99400433594607,11.088914532132803
15083.333333333334,-62.64908918195208,11.30887283299429
15100.000000000002,-62.993698326626635,11.345176785669075
15116.666666666668,-62.971390988511054,12.267770405688973
15133.333333333334,-62.91320702473759,12.104125716402887
15150.000000000002,-62.83923836840087,12.46125841994334
15166.666666666668,-63.976781997322846,13.24689848258898
15183.333333333334,-64.0,13.599157922150074
15200.000000000002,-64.0,14.527024179368382
15216.666666666668,-64.0,15.476020072622322
15233.333333333334,-64.0,14.674825883047413
15250.000000000002,-64.0,14.006847998732717
15266.666666666668,-52.83242228519533,8.59507149241865
15283.333333333334,-15.278913193492329,3.7664775653006686
15300.000000000002,-11.391939142900224,4.459360382566701
15316.666666666668,-11.448519433688613,4.691125396268398
15333.333333333334,-12.524390680381682,5.102950235731411
15350.000000000002,-12.872629201666669,5.460341650566686
15366.666666666668,-12.129286976822172,5.614256689666641
15383.333333333334,-12.634213589111159,6.516531455249996
15400.000000000002,-12.674159128782673,6.051086437883984
15416.666666666668,-12.839046723672963,5.654172454060399
15433.333333333334,-12.793949860514793,5.2740135627946865
15450.000000000002,-12.287371942678684,5.636235849125514
15466.666666666668,-11.660876395696475,6.082020788167078
15483.333333333334,-11.809743724586578,6.134220890270683
15500.000000000002,-13.04543782449991,6.320704561600023
15516.666666666668,-13.76047737513754,6.2324643575898895
15533.333333333334,-3.5391328460836875,4.413627877955619
15550.000000000002,15.649062982749916,-0.27686360333421145
15566.666666666668,15.468908610609514,0.33472517361130216
15583.333333333334,16.66390719551563,0.41620283484296355
15600.000000000002,16.29927086431049,0.7156425943994512
15616.666666666668,16.399973030296053,-0.04682484903125811
15633.333333333334,16.01135218807237,0.3528334201055925
15650.000000000002,16.230041555677733,0.8269215379121302
15666.666666666668,15.926150362942579,0.9041047648824282
15683.333333333334,17.53434374573953,0.3720206605915004
15700.000000000002,17.60943954758083,0.4447535248581569
15716.666666666668,17.133087747505428,0.3195324457166268
15733.333333333334,17.247759991584825,0.596067097675708
15750.000000000002,17.313953300266746,0.5811449367999546
15766.666666666668,17.96271756902343,0.7052227155355527
15783.333333333334,36.40067206791109,2.144224695466672
15800.000000000002,40.90773877448388,3.2843751237526466
15816.666666666668,40.14678050486161,3.314839129655662
15833.333333333334,39.98464557619524,4.096628857848854
15850.000000000002,39.69076115654434,3.7569245316072983
15866.666666666668,40.211345186590094,3.0606222535121392
15883.333333333334,39.79962402384801,3.3819942539052956
15900.000000000002,40.02641817519148,3.1916904010655327
15916.666666666668,40.56141628736684,3.288967156994457
15933.333333333334,40.95348691593341,3.105299817422248
15950.000000000002,41.6945645711143,2.8307990782011188
15966.666666666668,42.10895885593964,2.5362186367119595
15983.333333333334,41.743561561808754,2.3674668132343313
16000.000000000002,42.04310074747117,2.6102429775831544
16016.666666666668,42.231636066605724,2.7750596393205336
16033.333333333334,37.2687477511117,-0.06180326715521975
16050.000000000002,27.36041187622117,-3.3980221876769163
16066.666666666668,28.595909677260615,-1.9181516286008264
16083.333333333334,28.958811207459448,-2.458164845033142
16100.000000000002,29.64731277071459,-2.8409007354322826
16116.666666666668,28.328471952966648,-3.8363921116444617
16133.333333333334,28.40585587497916,-4.005523104486642
16150.000000000002,29.05880274564139,-4.650356404141482
16166.666666666668,28.935293387644357,-4.793443121244409
16183.333333333334,28.710719299027794,-4.897026265000031
16200.000000000002,29.07805770519333,-4.8133767769037785
16216.666666666668,29.541246425936997,-4.58427516267421
16233.333333333334,29.482518821316674,-3.9232813488388985
16250.000000000002,30.99112662021012,-4.314610490845704
16266.666666666668,31.118554642145536,-3.7623912665390304
16283.333333333334,29.85205289134012,-3.9860268202212317
16300.000000000002,29.674363006075993,-4.032793831347189
16316.666666666668,29.909842184659023,-4.197641551114415
16333.333333333334,30.152522724246953,-4.032198404831567
16350.000000000002,30.42674231830907,-3.860248198699528
16366.666666666668,30.935084768578896,-3.3029722701293833
16383.333333333334,31.98305594685117,-2.8570815372297216
16400.0,32.12005453633491,-3.357381859813156
16416.666666666668,31.742196149952743,-4.038190967161466
16433.333333333336,30.539724153450294,-4.0848192482427494
16450.0,7.639767228064794,2.747217569433528
16466.666666666668,-2.592408894638653,4.811780888922088
16483.333333333336,1.0396024412061244,3.830354815762564
16500.0,-1.0072080452061587,3.889946294386488
16516.666666666668,-0.513372337537338,3.7331248656878433
16533.333333333336,-0.4551045049404292,3.942892219117435
16550.0,-0.08491822570378603,3.813340569015509
16566.666666666668,-0.1085700109665933,3.9355170665892234
16583.333333333336,-0.5699001200553767,4.070341290660986
16600.0,-1.2092426297762457,3.9455692032899554
16616.666666666668,-0.7290583103376753,3.815710008835438
16633.333333333336,-1.1626288972735093,3.6387177626629197
16650.0,-1.265640876343029,3.905709333583579
16666.666666666668,-0.7632271130666641,4.356675356311097
16683.333333333336,-0.3835578071425727,4.557641739063857
16700.0,-0.6000805213333428,4.836526542666639
16716.666666666668,-0.6521093638889204,4.245163070222188
16733.333333333336,-1.2308152102014107,3.9424591863860554
16750.0,-0.7083250186851843,4.051947674808118
16766.666666666668,8.401604013414614,4.679075370099366
16783.333333333336,7.13981102515839,4.68588524976085
16800.0,6.844249408949964,4.2932944205997075
16816.666666666668,7.127158903635358,4.217685587966179
16833.333333333336,7.002240966433629,4.094856165699401
16850.0,7.2345046060999225,3.9359794919999893
16866.666666666668,6.726577812322821,4.155545302512372
16883.333333333336,7.153721621184352,4.382230146903631
16900.0,7.610909796430362,4.986996951868612
16916.666666666668,8.051909973840111,4.888784202902806
16933.333333333336,7.990558846658907,5.417514673493212
16950.0,7.869857127999973,4.936987056000067
16966.666666666668,7.175127308580701,4.890858054026259
16983.333333333336,7.1826501844007025,4.628361289766454
17000.0,6.964427241020482,4.598946567750588
17016.666666666668,0.17615534852914516,7.793394712099261
17033.333333333336,-26.68278342343675,9.845599401112336
17050.0,-32.90740183233806,9.295840329353203
17066.666666666668,-31.69408798838929,9.414008462663164
17083.333333333336,-31.482287640727275,9.59959650462044
17100.0,-31.676200090043398,9.31292064437225
17116.666666666668,-31.694713662235454,9.00448583842754
17133.333333333336,-32.10246777741231,9.37180632754994
17150.0,-33.777395339000016,9.41574686133333
17166.666666666668,-32.954059254585964,9.67780332038332
17183.333333333336,-32.42606958371693,8.697946307750138
17200.0,-35.36815616391254,8.494088187130801
17216.666666666668,-34.865939991965156,8.62550628738967
17233.333333333336,-34.47508983307899,8.231272077661762
17250.0,-34.949500606,8.66175778324998
17266.666666666668,-35.242632990345165,8.40298008493692
17283.333333333336,-35.982341983654784,8.249230377242176
17300.0,-36.86323016683382,8.667085326529607
17316.666666666668,-37.02996385379829,9.047977998954678
17333.333333333336,-36.92663759743254,9.5455946050417
17350.0,-36.86664768901137,9.54582202802194
17366.666666666668,-36.98770668962854,9.68304725452176
17383.333333333336,-38.009387717396706,10.238939619284755
17400.0,-37.92716817270803,10.665730393576249
17416.666666666668,-38.55423938091433,10.414528116383059
17433.333333333336,-44.74947415380043,10.521947898929675
17450.0,-49.32109670090001,11.551477497433345
17466.666666666668,-48.61157988888891,10.918359818750096
17483.333333333336,-49.018375054,11.525417310861101
17500.0,-49.47823679279256,11.56156382889553
17516.666666666668,-52.02395540198436,11.60282394852975
17533.333333333336,-52.32425713396649,11.485541267594368
17550.0,-52.80585531970001,11.75128599236665
17566.666666666668,-52.92072300786674,11.635738530127789
17583.333333333336,-53.82100686499991,12.002160247221955
17600.0,-54.394902631280054,11.810127827521187
17616.666666666668,-55.103535609789276,11.685473905677778
17633.333333333336,-54.993718288461075,11.192111460435912
17650.0,-57.617529640679656,10.578596454472775
17666.666666666668,-57.8327201138153,10.794517024537765
17683.333333333336,-58.04617322190607,11.559509571986409
17700.0,-58.17789136741731,11.496824317142075
17716.666666666668,-59.084443961322414,11.498851285233137
17733.333333333336,-59.3839800000389,11.764745019338825
17750.0,-59.773619966000325,12.80491875432275
17766.666666666668,-61.78684419278751,14.19619684269014
17783.333333333336,-62.12535115193741,14.173622853610516
17800.0,-61.93360698197712,14.755921257397215
17816.666666666668,-61.53287766958067,14.563404163774887
17833.333333333336,-45.2835375456052,11.384737795990226
17850.0,-18.71916430000094,8.947919453333457
17866.666666666668,-19.489744516699783,7.748746403366708
17883.333333333336,-18.432804466116917,7.457668394930414
17900.0,-18.97269038853315,8.16936041126636
17916.666666666668,-19.617885417358835,8.083688303629375
17933.333333333336,-20.828323199950077,8.311818100027814
17950.0,-20.31013829910085,8.424513694072614
17966.666666666668,-20.429567303,8.490398878888893
17983.333333333336,-20.525961824393473,8.246501997168085
