0.0,-7.362133499999997,7.936188033333337
16.666666666666668,-7.326586164179019,7.979381011571992
33.333333333333336,-7.1965508358490595,7.998596330503145
50.0,-7.184906623581294,8.064713615709762
66.66666666666667,-7.195962980798487,8.111966167283024
83.33333333333334,-7.0680405315777755,8.030834806555555
100.0,-7.2293563894999915,7.895241864583336
116.66666666666667,-7.34931576386666,7.696078056711108
133.33333333333334,-7.4303712250208225,7.535801681981234
150.0,-12.813146500917123,7.025510217625471
166.66666666666669,-11.463815924806845,6.973308635784559
183.33333333333334,-11.563634846046048,6.434683170859747
200.0,-12.001751748682016,6.016742967334007
216.66666666666669,-12.2127355838,5.875804111644446
233.33333333333334,-12.086644979254821,5.652895338058747
250.00000000000003,-11.735780588133325,5.395030844266668
266.6666666666667,-11.801620105022224,4.958472424599997
283.33333333333337,-12.17802373478889,4.55260679631111
300.0,-12.123005505951788,4.23309932653367
316.6666666666667,-11.956124196107218,4.189005573112
333.33333333333337,-11.662539423516021,4.156808577411297
350.0,-11.88088178306666,4.284867098449997
366.6666666666667,-12.346189875509978,4.277847531109998
383.33333333333337,-12.453089471324553,4.015358804935802
400.0,-12.167528262554107,3.8041013856476864
416.6666666666667,-11.458206995255559,4.038612348333332
433.33333333333337,-11.434320618611114,3.8534528587499985
450.00000000000006,-12.021221272866667,3.5180185753
466.6666666666667,-12.402697421487785,3.626726623396208
483.33333333333337,-12.355846360688888,3.4854476915000014
500.00000000000006,-12.441907379376977,3.3616793756455094
516.6666666666667,-12.650764125241963,3.2204112497483552
533.3333333333334,-12.717953804045441,3.0626955072319215
550.0,-12.657696062709887,2.9169606516375723
566.6666666666667,-0.42727798884996115,4.4698466011722395
583.3333333333334,5.039306506597738,5.498928774870765
600.0,5.058814699600394,5.60860073020313
616.6666666666667,5.290298724088884,5.981590546355557
633.3333333333334,5.423618553045081,6.125061970186463
650.0,5.433837210111059,6.288623771523286
666.6666666666667,5.212159757868762,6.449105008864478
683.3333333333334,4.98822101484258,6.501937577983229
700.0,4.990724160666664,6.3967057064
716.6666666666667,5.10342393908909,6.6552533758814345
733.3333333333334,5.427711728419762,6.7670422528875545
750.0,5.498775339716673,6.959360160949994
766.6666666666667,5.584880143480182,6.74548548481574
783.3333333333334,5.050774279801009,6.866506193346675
800.0,4.1959403637681225,6.642705319340332
816.6666666666667,4.127337400722224,6.656171636188889
833.3333333333334,4.481142646682212,6.679397039963348
850.0000000000001,4.7159504974625825,6.423232015137709
866.6666666666667,4.000011619604229,6.802679644922472
883.3333333333334,-7.173323487161997,5.091853572563717
900.0000000000001,-9.509524182632633,4.903635970520516
916.6666666666667,-9.289556680682132,4.914498380064539
933.3333333333334,-9.164712745070966,5.352303032923043
950.0000000000001,-9.527616916941813,5.4045993992662895
966.6666666666667,-9.930944388449777,5.3507372420543575
983.3333333333334,-10.123792345327335,5.429084019584652
1000.0000000000001,-10.428989904197907,5.254980632333834
1016.6666666666667,-10.190371794277779,5.48401855411111
1033.3333333333335,-10.392726281881288,5.333535077616753
1050.0,-10.737927914040355,5.091704036101387
1066.6666666666667,-11.072799918683337,5.274632135483333
1083.3333333333335,-11.118922877206407,5.162049177134298
1100.0,-11.375644282458772,5.077959432783619
1116.6666666666667,-11.623832684555556,5.178662069588888
1133.3333333333335,-11.758159485063567,5.149262795091214
1150.0,-12.031572054599998,4.92297305923333
1166.6666666666667,-12.264657200215906,4.871902933665509
1183.3333333333335,-11.806692848942305,5.047210613916718
1200.0,-5.541217958766669,4.405745154066665
1216.6666666666667,-5.9163135666555595,4.266670169011108
1233.3333333333335,-6.46365863075129,3.9907884965295124
1250.0,-6.528514638400006,4.0495467218666645
1266.6666666666667,-6.614823646482318,3.819416731806322
1283.3333333333335,-6.8645159503889035,3.889421455833331
1300.0,-6.781642658833333,4.194596717066668
1316.6666666666667,-6.740699573833331,4.196645152394444
1333.3333333333335,-6.9994174091398715,4.260564416241877
1350.0,-6.467245533032259,4.59799232012903
1366.6666666666667,-5.795779997875654,4.530425278345012
1383.3333333333335,-5.839993532377305,4.599905336340395
1400.0,-5.917045368000001,4.68698927333333
1416.6666666666667,-6.04279833714477,4.4905138092388235
1433.3333333333335,-6.134167512295037,4.417057960752602
1450.0,-6.123053588861091,4.753606767133564
1466.6666666666667,-6.394056953436241,4.5152998257631225
1483.3333333333335,-6.569190160272229,4.524565297961103
1500.0,-6.7043489091575035,4.469731669663666
1516.6666666666667,-6.688255062455552,4.4178143947333375
1533.3333333333335,-8.644610812456303,4.640364491328994
1550.0,-9.986710703985324,3.752099644272137
1566.6666666666667,-10.044353447584179,3.9848992289288256
1583.3333333333335,-10.244766145210722,4.023510605691602
1600.0,-10.368484780537473,4.082541715723583
1616.6666666666667,-10.347004715722337,4.229406831328695
1633.3333333333335,-10.324191059957757,4.379443350608636
1650.0000000000002,-10.517809633333348,4.722662406896557
1666.6666666666667,-10.733064968998834,4.822358008640124
1683.3333333333335,-10.806750209706259,4.857624881353769
1700.0000000000002,-10.897392211883343,4.748671282499999
1716.6666666666667,-10.993928902266667,4.804512466599996
1733.3333333333335,-11.17695327606197,4.851394450863451
1750.0000000000002,-11.171858085761658,4.83493460394497
1766.6666666666667,-11.441305937605566,4.852437322055556
1783.3333333333335,-11.578577656522222,4.791349891427775
1800.0000000000002,-11.584382494780733,4.82838331469068
1816.6666666666667,-11.71623088550894,4.774869666783216
1833.3333333333335,-11.908731203437167,4.772399836959299
1850.0000000000002,-11.745569467967961,4.381461303303291
1866.6666666666667,-12.002681539161115,4.0565188937388905
1883.3333333333335,-11.539789485183336,4.373677625749997
1900.0000000000002,-11.32263975849151,4.115993154795196
1916.6666666666667,-17.05254110208578,4.095632309718736
1933.3333333333335,-16.232093904849997,2.6488209799333324
1950.0000000000002,-16.722328977133344,2.6381651123333274
1966.6666666666667,-16.99274020888889,2.827738514416674
1983.3333333333335,-17.27057742283273,2.960872646275947
2000.0000000000002,-17.593114648533348,3.061132078933329
2016.6666666666667,-18.049083001800895,2.774139932988715
2033.3333333333335,-18.494986762002334,2.590104719567991
2050.0,-18.701423226014636,2.404430424351296
2066.666666666667,-19.01302852095064,2.4058588665056475
2083.3333333333335,-19.59879674980809,2.3891270589751374
2100.0,-7.869888927027217,3.9730241972972813
2116.666666666667,-5.733707247236113,4.07730298311134
2133.3333333333335,-5.526169915377769,3.9418435730555603
2150.0,-5.530814250799194,4.0373995472693895
2166.666666666667,-5.5045527738630655,4.09562685517241
2183.3333333333335,-5.578155454439371,3.9260224573312996
2200.0,-5.881718355955963,3.8969411550550586
2216.666666666667,-6.2597968984742325,4.1103907924740195
2233.3333333333335,-6.704381917799904,4.231461955312337
2250.0,-6.977506290804595,4.301024902648677
2266.666666666667,-7.273366303532398,4.430258801683506
2283.3333333333335,-7.21011200685804,4.186135368121233
2300.0,-7.137497914266593,4.237752118247197
2316.666666666667,-6.999683369631841,4.189874311988442
2333.3333333333335,-6.937417248559673,4.3173813851851826
2350.0,-7.081191406872372,4.376262118373075
2366.666666666667,-7.098926386485282,4.24069660352751
2383.3333333333335,-7.1132099244133,4.25437773579135
2400.0,-7.15773636546666,4.159377754333334
2416.666666666667,-7.170589529340451,4.239705187932373
2433.3333333333335,-7.205196176444448,4.476444069944438
2450.0,-7.390834679689848,4.498957259613135
2466.666666666667,-7.594880632393982,4.541575389139009
2483.3333333333335,-7.755143762985211,4.496698036825713
2500.0,-7.7299456051359,4.697487912372856
2516.666666666667,-7.448263385437165,4.651568246634428
2533.3333333333335,-7.245195029340014,4.609523184973545
2550.0,-6.982647146473242,3.9963474728364217
2566.666666666667,-5.988944696268491,3.1495384142364444
2583.3333333333335,-6.5989950903681445,2.9431767279835395
2600.0,-6.570905731383331,2.948942541799993
2616.666666666667,-6.87054701933333,2.9532364640000037
2633.3333333333335,-6.94441710385,2.7353671652500013
2650.0,-7.022917258666663,2.7346861223999954
2666.666666666667,-7.174512597660821,2.5372332792913563
2683.3333333333335,-7.2928298114391925,2.574205454693595
2700.0,4.528347337873406,2.843086314404946
2716.666666666667,7.1314350308071095,2.968349228745156
2733.3333333333335,7.091109531593584,3.128500347340338
2750.0,7.56120471888554,2.9732122456289476
2766.666666666667,8.173404580000005,2.789628606944448
2783.3333333333335,9.138406429166666,2.7911585202777793
2800.0,9.508997951892617,2.375174558195772
2816.666666666667,9.611488964773168,2.7398554425009927
2833.3333333333335,9.8331133295184,2.890395984901574
2850.0,9.51751109360186,2.7628445704956164
2866.666666666667,10.26944061355434,2.7705273848742595
2883.3333333333335,10.589587423389464,3.1129015682007743
2900.0,11.0439231145312,3.448148806389724
2916.666666666667,11.648376781266675,3.338485175977779
2933.3333333333335,12.206407351333326,3.468914516133338
2950.0,12.937956769384694,3.6063061601967674
2966.666666666667,13.466211937750002,3.4409002618499946
2983.3333333333335,14.434956817790011,3.4409341515237437
3000.0,14.95909033713333,3.1433617534666776
3016.666666666667,15.383383814342123,2.960397566649984
3033.3333333333335,15.735729301928737,2.832077746512142
3050.0,14.933094324062015,3.427067082007672
3066.666666666667,2.888545055616604,3.119527784146814
3083.3333333333335,2.0954961115669017,4.2073743450947685
3100.0,1.7744138214500031,4.3587653885333255
3116.666666666667,1.5999304147999773,4.648084658626825
3133.3333333333335,1.532840051994449,4.338586839455561
3150.0,1.4747225571333344,4.193040930150001
3166.666666666667,1.6741890101787111,4.213495813908317
3183.3333333333335,1.803486107022221,4.066420096622218
3200.0,1.9990215031349037,3.932746086293144
3216.666666666667,2.037987052355576,3.9774555769777686
3233.3333333333335,2.211370914183927,3.955293877555106
3250.0000000000005,2.267089289272607,4.041333702552549
3266.666666666667,2.3922257728086262,3.9725992445556217
3283.3333333333335,2.4103326427777816,4.150855410000002
3300.0000000000005,2.5055917185592786,4.215454047440378
3316.666666666667,2.5320482489311025,4.297114565300681
3333.3333333333335,2.550294312564236,4.339262705751704
3350.0000000000005,2.5796536462666553,4.5403309299000085
3366.666666666667,2.454635543906359,4.566832065668146
3383.3333333333335,2.4192269085333353,4.611714438400004
3400.0000000000005,1.9644712623960794,4.474457480176115
3416.666666666667,-1.0598269451562572,0.19593330486041416
3433.3333333333335,-1.5037444032905336,-0.5465409800622577
3450.0000000000005,-1.7623968910256298,-0.7261329608391822
3466.666666666667,-1.8587696772169278,-0.7935927199400225
3483.3333333333335,-1.7533285896103914,-0.8554715294083673
3500.0000000000005,-1.1020742702332798,-0.690625593549988
3516.666666666667,-0.6980092537668396,-0.45226239706341614
3533.3333333333335,-0.6909251145551671,-0.4629423044900714
3550.0000000000005,-0.664219976211883,-0.8181414662335637
3566.666666666667,-0.6344553937500034,-0.9793456328611189
3583.3333333333335,-0.5446912765425984,-0.9903861556334544
3600.0000000000005,-0.8240064756313795,-0.997948933768194
3616.666666666667,-0.7453785540793226,-1.0415212269748688
3633.3333333333335,-0.9756057201111086,-1.3818500109999958
3650.0000000000005,-0.9921917520000055,-1.5024474410000161
3666.666666666667,-1.128016950927777,-1.7101206014888837
3683.3333333333335,-0.9699495090479382,-1.9851101743799366
3700.0000000000005,-1.061265467466664,-2.2537210200666737
3716.666666666667,-1.06344397999221,-2.3846179223613246
3733.3333333333335,-1.0431851529111127,-2.494395583200006
3750.0000000000005,-1.2151432801666668,-2.609534578916665
3766.666666666667,-0.9278334137999646,-2.6319168499888344
3783.3333333333335,-11.033448782871673,2.1035367858413863
3800.0000000000005,-15.020366329985018,3.946081323138432
3816.666666666667,-15.117288863529955,4.2074866204550485
3833.3333333333335,-15.404553184645252,4.318505480240751
3850.0000000000005,-15.674944209340666,4.272422537362655
3866.666666666667,-15.796524081962499,4.306341002541912
3883.3333333333335,-16.132565470634926,4.349370663186814
3900.0000000000005,-16.617206177472085,4.383242399049518
3916.666666666667,-17.816836333194434,4.360484833250006
3933.3333333333335,-18.028871034593816,4.120534752146149
3950.0000000000005,-18.00318600159204,3.9983472172968213
3966.666666666667,-18.54219519724446,4.174379289066659
3983.3333333333335,-19.20921066621065,4.174206975981539
4000.0000000000005,-19.741596284842437,4.338870585442731
4016.666666666667,-20.120050476361804,4.149895027080882
4033.3333333333335,-20.36084648575869,4.403393122577411
4050.0000000000005,-20.522259064030706,4.256159560827487
4066.666666666667,-20.41182390370371,4.538695999033839
4083.3333333333335,-20.56239603937835,4.783405590360048
4100.0,-20.734028410972154,4.972029573403365
4116.666666666667,-21.061422551352095,4.951145246126939
4133.333333333334,-21.338456569702032,5.036966702951798
4150.0,-21.760653378787875,5.1393908056276985
4166.666666666667,-27.148380999155428,3.5240478770222508
4183.333333333334,-27.726552057247833,2.412442435871747
4200.0,-28.143499666266848,2.400698907846068
4216.666666666667,-28.253428138577775,2.316365187677774
4233.333333333334,-28.68905857734427,2.32520566758935
4250.0,-28.7611443954712,2.4551470424908484
4266.666666666667,-29.17012091599024,2.4480464796518095
4283.333333333334,-29.566091869884936,2.2482003414985416
4300.0,-29.861865147990663,2.259572914307149
4316.666666666667,-29.479667209127655,2.26238932224443
4333.333333333334,-11.201381957666534,3.229041139388904
4350.0,-4.915251198185166,3.0579377645687633
4366.666666666667,-4.724785665732855,3.0265155542993756
4383.333333333334,-4.621187555511098,2.973398946095281
4400.0,-4.72072440146813,3.146223476960294
4416.666666666667,-4.794340676722236,3.567211902138895
4433.333333333334,-4.637626953126897,3.6617476770492066
4450.0,-4.476206755944058,3.9469405324009235
4466.666666666667,-4.579682140355551,3.847601491822222
4483.333333333334,-4.684674034320263,3.7826127743512603
4500.0,-4.895900647966666,3.8530350221999954
4516.666666666667,-5.07406895003601,3.842708923762821
4533.333333333334,-5.163624841277782,3.8761162823333324
4550.0,-5.449977262783325,3.937882615983337
4566.666666666667,-5.505453420408172,3.938056341496595
4583.333333333334,-5.62563328347222,3.9524495508333333
4600.0,-5.79093864019068,3.9134181709650613
4616.666666666667,-5.593732675224779,4.043142534532148
4633.333333333334,-5.842173736735007,3.932976262169954
4650.0,-6.13882136716716,3.8974861442942887
4666.666666666667,-6.299663705117132,3.846619377122888
4683.333333333334,-6.291624400657871,3.968578413452625
4700.0,-6.361627630498578,3.99344837980657
4716.666666666667,-6.548391690512734,4.040192500745211
4733.333333333334,-6.474146606803404,4.153553353610147
4750.0,-7.94647204158337,4.096720022699985
4766.666666666667,-7.927895584597857,2.7226934820021196
4783.333333333334,-8.164424757555567,2.619372227499993
4800.0,-8.515855082274458,2.5921110978322637
4816.666666666667,-9.044948347759455,2.5234644439558003
4833.333333333334,-9.258962039902267,2.760904653889685
4850.0,-8.973759626190482,2.4175128877122907
4866.666666666667,-8.51420886055556,2.500495009555538
4883.333333333334,-8.766668184459997,2.5795920006659974
4900.0,-9.063337169702605,2.5590557717678646
4916.666666666667,-9.320491722766672,2.549514624249999
4933.333333333334,-9.558767852051764,2.2925773042589843
4950.0,-9.892568850083329,2.209307157250001
4966.666666666667,-10.122092536427791,2.2023484542777725
4983.333333333334,-10.279660086311116,2.209976697522226
5000.0,-10.645004377250014,1.9417531719666725
5016.666666666667,-11.32144450507525,1.8947241216947082
5033.333333333334,-11.744471916731186,1.9144929433245612
5050.0,-11.959556490220457,2.06590297946296
5066.666666666667,-12.313262857556555,2.2166732106497715
5083.333333333334,-12.159576520134376,2.203997072769202
5100.0,-11.83099145569451,2.3350966736868415
5116.666666666667,-6.4546967628160985,3.550450714851539
5133.333333333334,-5.441926383288577,4.4879810604771
5150.0,-5.611818683566435,4.611447862354316
5166.666666666667,-5.773592165145206,4.744079177688929
5183.333333333334,-5.93419898086853,4.779620185318975
5200.0,-6.2384157752833405,4.608058245933335
5216.666666666667,-5.923928264973068,4.491827753067908
5233.333333333334,-5.982554278794964,4.4894979790061695
5250.0,-6.248002069416678,4.374165455116667
5266.666666666667,-6.296368666133072,4.402122153793564
5283.333333333334,-6.2488145826666415,4.469473907644486
5300.0,-6.317366218318318,4.641780844544546
5316.666666666667,-6.3582108080888835,4.874210027866669
5333.333333333334,-6.57891069080649,5.067939634217108
5350.0,-6.539752234840736,5.295493348761306
5366.666666666667,-6.672124020114568,5.42625649611835
5383.333333333334,-6.996902138877776,5.729433105944444
5400.0,-6.777935822292563,5.916527617697692
5416.666666666667,-6.938572805861104,6.078040848916669
5433.333333333334,-6.970944332176617,6.203946019319344
5450.0,-7.250560736037387,6.182289534217993
5466.666666666667,-7.454050384085881,6.387103555157154
5483.333333333334,-7.416367463503978,6.355497752398422
5500.0,-7.468115176676676,6.296717443443438
5516.666666666667,-7.5837974946278,6.537053204122227
5533.333333333334,-7.585603155173949,6.571799429688616
5550.0,-7.779795968819887,6.39234067731598
5566.666666666667,-7.772184514327782,6.453147470566664
5583.333333333334,-7.926059552279407,6.250165818535191
5600.0,-8.064943928354214,6.503261116106935
5616.666666666667,-8.338400066633312,6.49655206736736
5633.333333333334,-4.180027288014745,5.524142034274059
5650.0,-2.8226935772492068,5.283681487097312
5666.666666666667,-3.266538521757644,5.29097140322438
5683.333333333334,-3.2895020776611847,5.395161492109497
5700.0,-3.3481872460499957,5.399828850983338
5716.666666666667,-3.5171885102097598,5.3233104215935025
5733.333333333334,-3.5682495299483037,5.4501152540158895
5750.0,-3.4313856068568627,5.387977957407412
5766.666666666667,-3.6044107849146845,5.347370105430496
5783.333333333334,-3.4933755449499966,5.411422340227779
5800.0,-3.600530823383331,5.190657416399999
5816.666666666667,-3.670668445277787,5.240671355166664
5833.333333333334,-3.775842711928585,5.3191653959737435
5850.0,-3.797524137296038,5.34463214778555
5866.666666666667,-3.9857016905905964,5.218251889945492
5883.333333333334,-4.281661245272632,5.148772537435383
5900.0,-4.4237182222111295,5.125498966466862
5916.666666666667,5.957720722222486,5.316635794444425
5933.333333333334,8.272260686344419,4.355861929061106
5950.0,7.633104442178908,4.141465379210394
5966.666666666667,8.126466400177693,4.3582288421233795
5983.333333333334,8.521007336799995,4.506966359333338
6000.0,8.659992146023,3.976769642004335
6016.666666666667,8.754893148044443,3.8955712398888944
6033.333333333334,8.98929119984445,3.9711636678555524
6050.0,8.998544284807606,3.9812513122438857
6066.666666666667,8.93847022277898,3.925335844967318
6083.333333333334,9.301068449874968,4.045464579945534
6100.0,9.35175155733333,4.2322203470000055
6116.666666666667,9.59786084646665,4.421271422244439
6133.333333333334,9.66682137292223,4.402481946388886
6150.0,9.781119606470897,4.342982014435043
6166.666666666667,9.819735157904379,4.579995329285361
6183.333333333334,10.141714471579066,4.677688172166778
6200.0,10.119827465165175,4.932360905305309
6216.666666666667,9.466292868772188,3.825129876244399
6233.333333333334,9.381193313395622,3.051219361675353
6250.0,9.6499865349825,3.338703807946031
6266.666666666667,9.742295000894892,3.311869301867599
6283.333333333334,10.01669376472419,3.282834826551237
6300.0,10.517625030666661,3.0999569022666758
6316.666666666667,10.91497490684788,3.0365915192262856
6333.333333333334,11.302461799035289,2.7362449523397863
6350.0,11.388342745322658,2.7919722486409873
6366.666666666667,11.348834141631931,2.7958274134066903
6383.333333333334,11.78492047099228,2.8014303413015607
6400.0,12.083159899520385,2.917568932134293
6416.666666666667,12.167425857684409,2.8593723793730215
6433.333333333334,11.863942187619463,2.9010873080159785
6450.000000000001,11.650772670533334,2.7497458112833417
6466.666666666667,11.670684666810818,2.7348703030050974
6483.333333333334,12.081192825206,2.9046509171231536
6500.000000000001,12.47413253608334,3.179807092166675
6516.666666666667,13.208677429184755,3.427666287131574
6533.333333333334,13.618723638269147,3.220038142015447
6550.000000000001,8.377960291642317,2.2086296545373627
6566.666666666667,1.651417422566841,3.3972642965038085
6583.333333333334,0.5582333627582301,3.1697975780569543
6600.000000000001,0.32219426136137114,3.35696089259259
6616.666666666667,0.241190302094448,3.4276815460110983
6633.333333333334,0.47564908828634556,3.391539235782207
6650.000000000001,0.7873110613666737,3.5625800545666735
6666.666666666667,0.8159515047603196,3.644182860960962
6683.333333333334,0.630322301875912,3.7281003095238265
6700.000000000001,0.31662571291934494,3.8160062655650475
6716.666666666667,0.5632920091647206,3.740095546513185
6733.333333333334,0.6415289192181243,3.5922595108057043
6750.000000000001,0.45875984030967465,3.696462097835481
6766.666666666667,0.019810640156911884,3.6329670428642498
6783.333333333334,0.10139627889503021,3.4599466390361813
6800.000000000001,-0.36539787686701636,3.3664557470666687
6816.666666666667,-9.356234055166803,5.305047241962341
6833.333333333334,-8.480018051177776,5.314898773638899
6850.000000000001,-9.10550048334171,5.873670656785179
6866.666666666667,-8.753738140460683,6.202220106882544
6883.333333333334,-8.565217898554874,6.501676963904186
6900.000000000001,-8.92371969816857,6.377911198273172
6916.666666666667,-9.266925477111123,6.2943329568499955
6933.333333333334,-9.359499163323887,6.4098231280914915
6950.000000000001,-9.176827580845037,6.417170828974605
6966.666666666667,-9.458778970940168,6.615931284615387
6983.333333333334,-9.611416553716671,6.38282864922778
7000.000000000001,-6.8707219925526966,6.387827418190902
7016.666666666667,-1.39825717230838,5.87045582093828
7033.333333333334,-1.6535251429222255,5.871021677188906
7050.000000000001,-1.406501120993863,5.8679138641153905
7066.666666666667,-1.4972172538056854,6.126211866645192
7083.333333333334,-1.7224706509659313,6.156881550040008
7100.000000000001,-2.023342299466937,6.234685628685628
7116.666666666667,-2.4569024379157116,6.185628432009778
7133.333333333334,-2.750799707983337,6.437519022949982
7150.000000000001,-2.916499857433444,6.646368242966661
7166.666666666667,-2.9673910297333115,6.522554220833339
7183.333333333334,-2.9413047721277774,6.66569008087778
7200.000000000001,-2.973252156210482,6.675130577555752
7216.666666666667,-3.0699347454666723,7.001975382133347
7233.333333333334,-3.0490259246722218,7.243371563827809
7250.000000000001,-2.9455558255350662,7.541551124539567
7266.666666666667,-2.783577697065207,7.66897213484519
7283.333333333334,-2.740555703885277,7.7735897102050995
7300.000000000001,-2.56163795918501,7.812373858516991
7316.666666666667,-2.4209974549385915,7.802728007092439
7333.333333333334,-2.4869370341496055,7.786404290676877
7350.000000000001,-2.545976362801928,7.665365694510312
7366.666666666667,-2.2829245246913517,7.432844076298513
7383.333333333334,-0.9148566431195472,5.757846202182098
7400.000000000001,-1.1324569599700158,5.821217045377334
7416.666666666667,-1.24350938185556,5.875347990300015
7433.333333333334,-1.1957835684804998,6.035318856523671
7450.000000000001,-0.9206615984863534,5.926653529740497
7466.666666666667,-0.39546296212779275,5.788366080738904
7483.333333333334,-0.2813981463611205,5.511606498383335
7500.000000000001,-0.47342028966663907,5.354213954616679
7516.666666666667,-0.386250258806121,5.420500571892947
7533.333333333334,-0.23157060375202493,5.586311673602033
7550.000000000001,-0.5817088187333886,5.414739643666629
7566.666666666667,-0.7474898257661949,5.255495433567371
7583.333333333334,-8.770601974930374,3.128048039122441
7600.000000000001,-8.943228240820384,2.6701601379189372
7616.666666666667,-8.367821682869216,2.425422241698641
7633.333333333334,-8.625920373213404,2.3999079723028127
7650.000000000001,-9.188044430000037,2.374424405
7666.666666666667,-9.166963643539338,2.3265339099894473
7683.333333333334,-9.467718121566694,2.3452705581555495
7700.000000000001,-9.713985769915025,2.1910001545726927
7716.666666666667,-9.946778011784017,1.9444954699032382
7733.333333333334,-10.308000389331353,1.7421571779547518
7750.000000000001,-10.776977328286112,1.6413878810012286
7766.666666666667,-10.985182773139812,1.9129698251807452
7783.333333333334,-10.986750747194403,2.025641133288829
7800.000000000001,-11.224335904362352,2.0553451105561034
7816.666666666667,-11.523663647507087,1.9688693620310376
7833.333333333334,-11.751340456555571,1.9409478640722386
7850.000000000001,-11.90662978436665,1.954804649916696
7866.666666666667,-11.985365573734848,2.2281743509706384
7883.333333333334,-11.97892584542319,2.3441297558558607
7900.000000000001,-12.033690806196928,2.4511530190904645
7916.666666666667,-12.161487350828605,2.5349661798576357
7933.333333333334,-12.281913747873936,2.5625609943138254
7950.000000000001,-12.636468621315307,2.3825560095643574
7966.666666666667,-13.037992164412241,2.5616853241712474
7983.333333333334,-13.680308673970323,2.535515940742588
8000.000000000001,-14.071089019890085,2.48456602217223
8016.666666666667,-14.384472855998892,2.435337343142146
8033.333333333334,-14.839651361480746,2.305786543766301
8050.000000000001,-7.687301400349474,2.373047826696884
8066.666666666667,0.6943401129731275,3.3625414167137637
8083.333333333334,0.5683092672996252,3.5446832232217
8100.000000000001,1.0354848805402956,3.4348484688010466
8116.666666666667,1.3468721064643387,3.323003775823041
8133.333333333334,1.6526735344555683,3.1136152491111173
8150.000000000001,1.9606469754710574,3.1146548771218954
8166.666666666667,2.206930066761158,3.12380777011283
8183.333333333334,2.065972371099985,3.3152570418111273
8200.0,1.893956609131748,3.8308821540086533
8216.666666666668,2.007423252743055,3.9546109869490538
8233.333333333334,2.0968879239111056,3.93076831933333
8250.0,2.1974327892500045,3.7683156704999754
8266.666666666668,2.3706742928221756,5.587458277133429
8283.333333333334,2.380638583252926,20.743642075390596
8300.0,-27.188131333725057,-10.740629685151879
8316.666666666668,-64.0,-36.0
8333.333333333334,-64.0,-36.0
8350.0,-26.746325609963627,0.0
8366.666666666668,-28.210706636351574,-4.296207944673252
8383.333333333334,5.8894601644556,13.806126984444052
8400.0,4.512677705375283,7.779474325428525
8416.666666666668,4.996162475593403,7.288047305385998
8433.333333333334,5.042661464977787,7.198217509422234
8450.0,5.233629202569236,6.511660875909228
8466.666666666668,5.639108460558076,6.266086392184944
8483.333333333334,6.031264919804115,5.8574114768260275
8500.0,6.466541913486873,5.8241912124854
8516.666666666668,6.5315153548555696,5.921516507999993
8533.333333333334,6.976246835895722,5.858664730604184
8550.0,6.623053249316677,5.91536512105
8566.666666666668,5.751832531188875,5.75474862354445
8583.333333333334,5.8676164648361615,5.71362068629056
8600.0,4.154111087560435,4.065814044188758
8616.666666666668,5.207505419959967,4.1019213043742635
8633.333333333334,5.4138706483111125,3.8130119173777612
8650.0,5.578007811902373,4.08720867472418
8666.666666666668,5.590309405324691,4.097662706615452
8683.333333333334,6.023023921378287,4.23733536002555
8700.0,6.3523935589999905,4.312006988000008
8716.666666666668,6.57114161728085,4.376147354077041
8733.333333333334,6.870312967150003,4.326372152027775
8750.0,7.016595193516635,4.116716191666674
8766.666666666668,7.142014759018435,4.162176824712347
8783.333333333334,7.313246888210435,3.9089851501723807
8800.0,7.610377929050459,3.9432868778220294
8816.666666666668,8.091552684463343,4.075740663173967
8833.333333333334,8.46139405967986,4.197705829525878
8850.0,8.813450495695712,4.1650656485652515
8866.666666666668,9.005571473647928,3.998533504702372
8883.333333333334,9.025798985776209,3.8536995387471498
8900.0,9.185564839499996,3.756447590083333
8916.666666666668,10.108913278401678,3.6937568213707994
8933.333333333334,12.661600752349955,2.1610661054221274
8950.0,13.049171951578604,1.638688221003653
8966.666666666668,13.600945453997472,1.71799969772919
8983.333333333334,13.863388664093794,1.6368098594617342
9000.0,14.527455134966665,1.5622033224833103
9016.666666666668,15.373161218348086,1.6020522685175944
9033.333333333334,16.07416942724445,1.5339576904166696
9050.0,16.484407964333307,1.5547266896666487
9066.666666666668,16.899769154289565,1.492375123543778
9083.333333333334,17.165662662296636,1.3175044392581512
9100.0,1.2590303968971148,4.342074363513392
9116.666666666668,-5.04919418580809,5.539389971482649
9133.333333333334,-5.053163786292781,5.7481422202585035
9150.0,-5.266654139393936,6.042359589976692
9166.666666666668,-5.200237765205869,6.104678085436035
9183.333333333334,-5.27690399840005,6.371151250666696
9200.0,-4.9984462136833425,6.510308018266674
9216.666666666668,-4.844060363973566,6.5782946378756195
9233.333333333334,-4.719374887466693,6.778741602066735
9250.0,-5.263885967183044,7.1050250807929185
9266.666666666668,-3.9778234375069546,7.880693092951526
9283.333333333334,-2.980098078311125,8.404466542755548
9300.0,1.1208785053471357,26.459545512193692
9316.666666666668,-34.95038924448218,-15.114011516329647
9333.333333333334,-64.0,-36.0
9350.0,-64.0,-36.0
9366.666666666668,-64.0,-36.0
9383.333333333334,-64.0,-36.0
9400.0,-64.0,-36.0
9416.666666666668,-13.892955559515157,0.0
9433.333333333334,-22.517102998280446,3.9347075418018704
9450.0,-57.042326816512336,-29.9445222742819
9466.666666666668,-29.831733244377826,-8.900349439114162
9483.333333333334,-0.17110062405351556,6.477112402699753
9500.0,2.0622205476762425,6.571892460736228
9516.666666666668,1.4296405616347418,5.93012347449169
9533.333333333334,1.7109484857388726,6.256173542738896
9550.0,1.9647976904218138,6.237084274912768
9566.666666666668,1.7676926644455617,5.681682995613325
9583.333333333334,1.5588756403718478,5.097016472111558
9600.0,1.665645050658643,4.8275756335668065
9616.666666666668,1.9648740886389822,3.9614164098728546
9633.333333333334,1.8429886327435718,3.966438651783227
9650.0,1.9193565952523806,4.0309812457437975
9666.666666666668,2.0314308799100718,4.110372626820051
9683.333333333334,2.139338482835859,4.308918844455587
9700.0,1.900945753256504,4.27500135455912
9716.666666666668,1.8564321762437015,4.373262849307992
9733.333333333334,1.633826187142689,4.570959466688922
9750.0,1.6029258018716226,4.565952172544477
9766.666666666668,1.5970543549986558,4.852810261960437
9783.333333333334,1.3702086947250882,4.682841572975349
9800.0,1.0042425200000094,4.681683878083264
9816.666666666668,0.8556501872761763,4.872447495862537
9833.333333333334,0.9170121779612905,4.973531279679678
9850.0,1.1838014004830975,4.930258286356856
9866.666666666668,1.2053966985421367,4.70833320602888
9883.333333333334,1.060382088015785,4.550465418874444
9900.0,1.5012117986699955,4.6825090532003255
9916.666666666668,1.3756748144242832,5.2201357373786585
9933.333333333334,1.6405914932444616,5.3245329072722205
9950.0,1.8005038361333445,5.446241274533334
9966.666666666668,1.6965035780167643,5.648751920110116
9983.333333333334,1.6346652550393939,5.884314289787982
10000.0,1.4727900011666757,5.602203214750008
10016.666666666668,1.8114829175833944,5.701502979138932
10033.333333333334,1.8022249099041507,5.716328478561691
10050.0,2.1682747042333386,5.329639378800023
10066.666666666668,2.277350113933064,5.2627565858681065
10083.333333333334,2.24775012391027,5.137721125887107
10100.0,2.0429436976821598,5.123868077538768
10116.666666666668,1.9163379043777633,5.106769063711085
10133.333333333334,1.9004645953269008,4.9400296828948855
10150.0,2.164987041560009,4.887780938574063
10166.666666666668,2.4790455083777974,4.222059825177216
10183.333333333334,2.830003990220227,3.948919918222577
10200.0,3.1075086305819397,4.788104850258555
10216.666666666668,3.3077116174968015,3.9431713963907202
10233.333333333334,3.3838268428571303,4.281986765079426
10250.0,2.7340514550723007,3.092292604347662
10266.666666666668,-0.456911497828854,-0.14318758991059402
10283.333333333334,-0.5432507939388413,-0.19090160657776256
10300.0,-0.3983049498331605,-0.01176752974642351
10316.666666666668,-0.16755778124746137,-0.03213147983588984
10333.333333333334,-0.48444163855817257,-0.23818488057361326
10350.0,-0.6225232999999959,-0.5414501135338322
10366.666666666668,-0.5649452416486009,-0.7303189061308384
10383.333333333334,-0.5945911630669801,-0.6202815083472579
10400.0,-0.6054720407296222,-0.5468513011494258
10416.666666666668,-0.7096766704426377,-0.5876265477705314
10433.333333333334,-0.5809286724448951,-0.6368139827822282
10450.0,-0.7720946353176702,-0.6967776129898233
10466.666666666668,-0.5705499548181185,-0.8476011899922758
10483.333333333334,-0.384409332594797,-0.6822955667777172
10500.0,0.04748208951049312,-0.24768500442890506
10516.666666666668,0.20598234734031912,-0.05784038381409436
10533.333333333334,0.3966695344988067,0.18273978251748543
10550.0,0.11464815498006323,0.12539907596279973
10566.666666666668,-0.268779321339302,-0.24768668644011138
10583.333333333334,-0.33139788379745655,-0.31735177658829017
10600.0,-0.13356169554827835,-0.2199654018458421
10616.666666666668,0.0006032798379180249,0.23025240223778298
10633.333333333334,-0.2808138027168062,0.22120484520958433
10650.0,1.628427376726534,2.4340948696195728
10666.666666666668,2.4598860008007755,2.8120618488377236
10683.333333333334,2.4764049081702515,2.7902736348148185
10700.0,3.0230489140429944,3.121551965667137
10716.666666666668,3.104790877422612,3.260001554567715
10733.333333333334,3.146307250822222,3.560580231716675
10750.0,3.333604049582909,3.696397590957611
10766.666666666668,3.233770156078904,3.7540073821086652
10783.333333333334,3.2113081137624584,4.05715424606195
10800.0,3.0144342036315748,3.8217285692154173
10816.666666666668,3.535463707529557,4.051896601626931
10833.333333333334,3.3046855937207837,3.8584994292306845
10850.0,3.144975132601305,4.007582458745096
10866.666666666668,3.0039331986159525,3.826740873603453
10883.333333333334,3.0246698245447043,3.7695250479197964
10900.0,3.119677332266053,3.7235113981156327
10916.666666666668,1.0182131184943937,-2.3787750562057504
10933.333333333334,-0.06482094161253697,-5.111541115186843
10950.0,0.2176691532000039,-4.5256120666166675
10966.666666666668,0.36589977668335555,-4.532524963277777
10983.333333333334,0.5643029273192234,-4.440034926813404
11000.0,0.7701583972819854,-4.339943296698334
11016.666666666668,1.0699084512700827,-4.361974956400363
11033.333333333334,1.0263315030222142,-4.385382156644441
11050.0,1.088667554166662,-4.354550862500002
11066.666666666668,0.9358968398555372,-4.274229563366689
11083.333333333334,0.9960588336220513,-4.113044340413132
11100.0,1.1752223292646233,-4.161701143972008
11116.666666666668,0.5527719648072417,-4.204986780069953
11133.333333333334,-0.0973997423042773,-4.09890301704922
11150.0,-0.4143927938530762,-4.146592581142765
11166.666666666668,-0.8124870028915303,-8.257223190831747
11183.333333333334,-1.9854631281974282,-14.768016065932914
11200.0,-2.453986902399984,-15.445804499599978
11216.666666666668,-2.559979130158734,-15.780369673015857
11233.333333333334,-2.3221563702222197,-15.629634810222232
11250.0,-2.239541486666668,-15.543314791199993
11266.666666666668,-1.9887617442223189,-15.51819239534122
11283.333333333334,-1.9030226245753954,-15.485439325313541
11300.0,-1.7966688843744811,-15.530826422905214
11316.666666666668,-1.5830798661332683,-15.559871510611147
11333.333333333334,-1.3975920343373691,-15.659763102995516
11350.0,-1.0532356430902534,-16.063818479387283
11366.666666666668,-1.2382545431173562,-16.344911232650354
11383.333333333334,-1.313804532040858,-16.321895330848193
11400.0,-1.311068880239514,-16.19558154544243
11416.666666666668,-1.579923481905557,-16.12163294111665
11433.333333333334,-1.468855966355093,-16.193577481466644
11450.0,-1.6744825513179675,-16.278658942842828
11466.666666666668,-1.8324787018064908,-16.40141943141575
11483.333333333334,-2.129302722372174,-16.738186747076465
11500.0,-2.310753091266668,-16.96410106888334
11516.666666666668,-2.410211099729711,-17.069313099570838
11533.333333333334,-2.580113326066673,-17.371933198244445
11550.0,-2.6537288333333278,-17.402957962452113
11566.666666666668,-2.418591335443412,-17.378767302582048
11583.333333333334,-2.5138877550454684,-17.32704365262808
11600.0,-2.6709731538102246,-17.30072381812573
11616.666666666668,-2.7445029888389234,-17.513679152927825
11633.333333333334,-2.6663763881999367,-17.371734949622205
11650.0,-2.452930154936119,-17.343520602986576
11666.666666666668,-2.1992263191213097,-17.571939892289365
11683.333333333334,-2.0104171746873423,-17.757898340981594
11700.0,-0.7505313463660082,-12.625015788888955
11716.666666666668,1.5547009311355031,-10.740813363097994
11733.333333333334,1.055268333333335,-11.144753940170936
11750.0,1.293015314783335,-11.16565212046666
11766.666666666668,1.1488641859655144,-11.192225369911798
11783.333333333334,0.8476597574617006,-11.10153668682248
11800.0,0.3740590999999995,-11.023157333333332
11816.666666666668,0.4950435269301217,-10.866246236635016
11833.333333333334,0.8357738070135524,-10.697969123950479
11850.0,0.9933037325333316,-10.786267696666664
11866.666666666668,1.087835047512626,-11.167307575965747
11883.333333333334,0.9672958458499928,-11.432538899644458
11900.0,1.0321766244556188,-11.590910916080412
11916.666666666668,1.1204628006944395,-11.583390701111108
11933.333333333334,1.300825662490639,-11.522704878536143
11950.0,1.4240719761261125,-11.239356830280325
11966.666666666668,-0.041039927966834006,-4.710917392613419
11983.333333333334,-0.0913432333611068,6.233891476232505
12000.0,0.014335922689292124,8.000577745378736
12016.666666666668,0.006117389133446151,8.126768646528836
12033.333333333334,-0.10586998902208924,8.19504779012099
12050.0,0.11754225599930121,8.444296680362758
12066.666666666668,0.14375301543118113,8.83201912884672
12083.333333333334,-0.292840578321969,9.073337140513074
12100.0,-0.4914717856428219,9.284963374053705
12116.666666666668,-0.9403168496247952,9.278224107748267
12133.333333333334,-3.157400200228304,8.887146946199104
12150.0,-25.27258448863349,4.160472918899941
12166.666666666668,-37.347202327003295,-2.391697642324402
12183.333333333334,-37.67623234813334,-4.309988559355589
12200.0,-38.579855452378595,-4.8998348348856675
12216.666666666668,-38.70458430248635,-4.946855138772373
12233.333333333334,-38.22540368041667,-5.252111241805554
12250.0,-38.10538270795869,-5.510371458474871
12266.666666666668,-38.457459807810345,-5.701383314456045
12283.333333333334,-39.13907004792428,-5.623781738522595
12300.0,-39.77112774265732,-5.697009499300708
12316.666666666668,-40.21482105260702,-5.805114928646773
12333.333333333334,-40.46602686226667,-5.8281541429888835
12350.0,-40.5471703111944,-5.988312767316344
12366.666666666668,-40.71982019470825,-5.889054165839284
12383.333333333334,-41.08805882940395,-5.824615964424473
12400.0,-44.441835370597026,-10.269971785638496
12416.666666666668,-44.798781734620306,-11.368265783036595
12433.333333333334,-45.37536669890613,-11.021473638142062
12450.0,-45.70683328981156,-11.441910576988517
12466.666666666668,-45.86214476121391,-11.824700418714992
12483.333333333334,-46.05415830273195,-12.158396447404069
12500.0,-46.36407062046021,-12.364327995414337
12516.666666666668,-47.0287545226528,-12.45075871713905
12533.333333333334,-35.1113693504059,-7.179536148000218
12550.0,-14.783531844334004,1.97432884813299
12566.666666666668,-10.361244363226124,5.906003628764348
12583.333333333334,-9.763728672386181,6.182782562925909
12600.0,-10.017252242749985,6.541110295083337
12616.666666666668,-10.657069595653438,6.425614038708195
12633.333333333334,-11.40237005963537,6.230635345934079
12650.0,-11.743227621394023,6.113328024812409
12666.666666666668,-11.460575216675066,6.116814706679979
12683.333333333334,-11.578826106149995,6.255118176822195
12700.0,-11.804129803388113,6.197076887593411
12716.666666666668,-11.905153644622219,6.126747524316664
12733.333333333334,-11.998002295382404,6.158212354267948
12750.0,-12.104876956928463,6.414928320510242
12766.666666666668,-12.62714359011112,6.749697038833361
12783.333333333334,-3.680142403668559,6.325612736768384
12800.0,-1.460076553976983,5.65084731705853
12816.666666666668,-1.8004755761777662,6.064078626927774
12833.333333333334,-1.8938137583111154,5.93420657677775
12850.000000000002,-1.8465696253212633,6.29362581166737
12866.666666666668,-1.952934675241887,6.318340179357181
12883.333333333334,-2.195534944289583,6.326028697610751
12900.000000000002,-2.4397645329164006,6.289372902085391
12916.666666666668,-2.399085120854223,6.465144917951237
12933.333333333334,-2.69452027553335,6.733796951777785
12950.000000000002,-2.681794102614284,6.800188145098042
12966.666666666668,-3.018624435500026,7.116265790416684
12983.333333333334,-3.024998775012496,7.3591870649121285
13000.000000000002,-3.0463127254294258,7.1426644964649455
13016.666666666668,-2.8975834675333,7.043595547777759
13033.333333333334,-2.8972518291590226,7.047125453526763
13050.000000000002,-2.9403778165247596,7.0551857639959925
13066.666666666668,-3.012484960513584,7.15085742595742
13083.333333333334,-2.958145407066664,7.296694988044439
13100.000000000002,-2.997998392742842,7.246502156322986
13116.666666666668,-3.0522182508111135,7.254711373222198
13133.333333333334,-3.232749178289168,7.510593609971665
13150.000000000002,9.483236862298725,5.979307523128064
13166.666666666668,12.647374344688668,5.375206866827754
13183.333333333334,11.867823487693862,5.681219388055239
13200.000000000002,11.68868567179998,5.604227311916685
13216.666666666668,11.41619275495437,5.778952148812709
13233.333333333334,11.032267926138854,5.4690092501054846
13250.000000000002,11.234639091150097,5.135638318799968
13266.666666666668,11.288461633633172,5.030619537148192
13283.333333333334,11.137778834055574,5.1001233189444415
13300.000000000002,10.796622296199233,4.967094551114093
13316.666666666668,10.5851179947696,5.235834359229627
13333.333333333334,10.363008411555775,5.2554052976043835
13350.000000000002,10.084931199983323,5.45621425343999
13366.666666666668,9.771844243034117,5.540727361230055
13383.333333333334,9.336723934888099,5.845410407296347
13400.000000000002,9.067212609666676,5.850588946166724
13416.666666666668,8.730022809084366,5.90499929336999
13433.333333333334,8.328314445460572,5.9885419360486605
13450.000000000002,8.15978094022994,6.1377751540230205
13466.666666666668,7.732343818744459,6.088410135177831
13483.333333333334,15.333720001361478,5.353374840944729
13500.000000000002,14.620048898557638,5.250342287071105
13516.666666666668,14.047505145155487,5.3868507888222545
13533.333333333334,13.643190775511085,5.317185079622328
13550.000000000002,13.506087141629179,5.553427095269032
13566.666666666668,13.42497344414011,5.648319512699178
13583.333333333334,13.227984924740156,5.618034930598634
13600.000000000002,13.102660492583345,5.464387373549991
13616.666666666668,12.817960203699968,5.737007236455569
13633.333333333334,12.338274784271285,5.785191293578638
13650.000000000002,11.714080526315849,5.779174357894741
13666.666666666668,11.397977856960427,5.916251657982117
13683.333333333334,11.203838498112074,5.7321251642678765
13700.000000000002,11.339230714473963,5.763108315807845
13716.666666666668,11.438142102952899,5.810843958725399
13733.333333333334,11.613091857978961,5.787927744538897
13750.000000000002,11.839450148351736,5.708499438827949
13766.666666666668,11.785471181069937,5.615523967183877
13783.333333333334,11.627853030666675,5.535142869244443
13800.000000000002,11.37453997653332,5.6928175181333405
13816.666666666668,11.175289975199991,5.615840102222226
13833.333333333334,11.271946812166382,5.627980109285307
13850.000000000002,8.176297958265888,5.713431926666715
13866.666666666668,-1.6689099795610034,6.04730368383333
13883.333333333334,-0.28200322074592266,6.133300577738927
13900.000000000002,-0.6610660944834422,6.278380036960895
13916.666666666668,-0.6153924073333747,6.091611819122231
13933.333333333334,-0.691821880844455,5.90309610042778
13950.000000000002,-0.7687702499666662,5.794536719438875
13966.666666666668,-1.079967408878867,5.819411178877236
13983.333333333334,-0.9318286289662749,5.5872136121061144
14000.000000000002,-0.9418758930395921,5.604939462059731
14016.666666666668,-0.8210148396031871,5.559274153743524
14033.333333333334,-0.967401521244441,5.575873073244476
14050.000000000002,-0.8539332704295273,5.70744310036634
14066.666666666668,-0.8772469130045784,5.806722982408756
14083.333333333334,-0.9387223117610899,5.793938799105529
14100.000000000002,-0.8768088131398959,6.018119477872265
14116.666666666668,-0.9227558166249296,6.019958249397034
14133.333333333334,-0.9435687703444621,6.291736929744425
14150.000000000002,-1.1515948123120372,6.496171956334673
14166.666666666668,-0.9530822811739209,4.211315247868269
14183.333333333334,-0.5299041680604277,-3.276120894691554
14200.000000000002,-1.249666697015154,-4.585487264248766
14216.666666666668,-1.1822740537277638,-4.76139666849444
14233.333333333334,-0.9844536375264094,-4.83026028009121
14250.000000000002,-1.0379938994324547,-5.07771002817558
14266.666666666668,-0.8672573882447836,-5.274936285895896
14283.333333333334,-0.7351734256222086,-5.257523050538921
14300.000000000002,-0.6689363714810365,-5.170128383208253
14316.666666666668,-0.9119926958701419,-5.410632550141749
14333.333333333334,-0.8258510860292002,-5.5145541066688795
14350.000000000002,-0.8731270648148195,-5.475909933083174
14366.666666666668,-0.8840860305159214,-5.629536838142655
14383.333333333334,0.712855664221013,-8.043651862586833
14400.000000000002,0.456969041770849,-8.717024750441947
14416.666666666668,0.4626331148666676,-8.929916455588994
14433.333333333334,0.3819276397865581,-9.122825167122452
14450.000000000002,-0.039927797350014185,-9.266477206933326
14466.666666666668,0.0778559355710393,-9.390651206298683
14483.333333333334,-0.1323598913333386,-9.438682436222217
14500.000000000002,-0.5964190123895493,-9.344551139052891
14516.666666666668,-0.42085694654813766,-9.498934611664733
14533.333333333334,-0.010864493415639153,-9.77896924533979
14550.000000000002,-2.0902224333338872,-8.172611996617063
14566.666666666668,-22.38366874681234,-1.5128498971884263
14583.333333333334,-33.61793164395023,3.4119715207174046
14600.000000000002,-33.10981487635172,3.6366404908458305
14616.666666666668,-33.53179055027487,4.617160398939444
14633.333333333334,-33.91279165568156,4.674874570112886
14650.000000000002,-34.62579313040004,4.733936769066665
14666.666666666668,-34.704719929516834,4.572754177428294
14683.333333333334,-35.26726047138096,4.436837394297292
14700.000000000002,-35.430455510866665,4.424142478066658
14716.666666666668,-35.39610669564789,4.343459301111538
14733.333333333334,-35.58961858376069,4.098384272649574
14750.000000000002,-35.539235559929914,4.070554534267116
14766.666666666668,-35.5337346222222,4.407789852777817
14783.333333333334,-35.8697149969985,4.89331415336005
14800.000000000002,-36.058863002434485,5.08280556246463
14816.666666666668,-36.24563968477777,5.153418252622122
14833.333333333334,-36.3389585651008,5.298234171325456
14850.000000000002,-36.94520141504084,5.430921219543168
14866.666666666668,-20.61037168942115,3.431231519144167
14883.333333333334,-3.579689177888116,0.6208363795545733
14900.000000000002,0.2786559475331737,-0.5603054083000577
14916.666666666668,0.36094461301211983,-0.8469681306486909
14933.333333333334,0.47646859199999364,-0.8520421874999918
14950.000000000002,0.4998114324008982,-0.6788094417249221
14966.666666666668,0.6854381899070883,-0.5431503402770798
14983.333333333334,0.7499322599966629,-0.37133855677839056
15000.000000000002,0.7869532245789383,-0.3645112367684267
15016.666666666668,0.7977144650047308,-0.7967723545216885
15033.333333333334,0.7464463069938172,-0.9079602414232417
15050.000000000002,0.7126667262798255,-1.4497611838923448
15066.666666666668,0.9508857865978312,-8.164912013519332
15083.333333333334,0.6683535967203166,-10.677287597350814
15100.000000000002,0.5059371295519746,-10.589379487789538
15116.666666666668,0.43680941626038294,-10.56807964252376
15133.333333333334,0.3590350665222208,-10.462479468038872
15150.000000000002,0.19354266188086136,-10.511832770968846
15166.666666666668,-0.22669534802759933,-10.735647070055109
15183.333333333334,-0.5156203714802096,-10.844593209866064
15200.000000000002,-0.43174654509902444,-10.718341789632195
15216.666666666668,-0.4811799794166555,-10.603056700861107
15233.333333333334,-0.5894075295187404,-10.764684739897982
15250.000000000002,-0.7198049078430678,-10.770935776470584
15266.666666666668,-0.8902288742789443,-10.744490787706884
15283.333333333334,-0.961886514277785,-10.98483955222224
15300.000000000002,-0.9361284789395024,-10.973217202818011
15316.666666666668,-0.9865535817706256,-11.148613328261563
15333.333333333334,-0.8539540508063618,-10.891389841786186
15350.000000000002,-0.5406988265562933,-7.589058516140415
15366.666666666668,1.3089439417705047,3.045153355461728
15383.333333333334,1.0930603700705244,3.434754624237847
15400.000000000002,1.1006446911623318,4.1297234595131105
15416.666666666668,1.102439833716476,4.181263627586212
15433.333333333334,1.0615165004222131,4.541217262227752
15450.000000000002,1.037087752873484,4.809134250574727
15466.666666666668,0.9318716660666636,4.560684290844433
15483.333333333334,1.0272326508053458,4.56039406258531
15500.000000000002,0.8849633373333132,4.843794299333333
15516.666666666668,0.6812481197111028,5.086574464755556
15533.333333333334,1.063126886666661,4.811744588277755
15550.000000000002,1.2900619482816145,4.738140732732658
15566.666666666668,1.4421992405950892,4.904586016757923
15583.333333333334,1.201006245944435,5.091053646416668
15600.000000000002,1.0536331526166882,5.271252009200015
15616.666666666668,0.747114870457311,5.363351243661867
15633.333333333334,0.6176884089509153,5.2430553478896575
15650.000000000002,0.5959937946666503,5.217734830000103
15666.666666666668,0.4441769134011901,5.646641112111625
15683.333333333334,0.4697069582955859,5.8433869107985705
15700.000000000002,0.45547452689237655,5.938141034594986
15716.666666666668,0.16105748885548804,5.947658239405618
15733.333333333334,0.15147675093333865,5.786674299066666
15750.000000000002,-6.222973962076965,6.103167975049884
15766.666666666668,-7.952277284388748,5.522077756613765
15783.333333333334,-8.125950750854681,5.427485848135196
15800.000000000002,-8.211138851542387,5.793439143004898
15816.666666666668,-8.425405337236976,5.96900752990169
15833.333333333334,-9.164304337926833,5.9730977293960645
15850.000000000002,-9.765864207070292,5.93680056791726
15866.666666666668,-9.605066655200375,6.307215126595648
15883.333333333334,-9.775347914979694,6.455978953504534
15900.000000000002,-10.182440240416762,6.497878920166648
15916.666666666668,-10.53325205413894,6.404868258083271
15933.333333333334,-10.841392121883354,6.510082347894466
15950.000000000002,-11.247462275366717,6.256598850083341
15966.666666666668,-11.565359607753878,6.109446100122368
15983.333333333334,-11.522799885626164,5.990524576388215
16000.000000000002,-4.064024855371244,4.761662403431371
16016.666666666668,3.9972714408889045,3.773523690222222
16033.333333333334,4.771080201101105,2.7687423064230834
16050.000000000002,5.095285600199909,2.733450165867003
16066.666666666668,4.993755582424515,2.86388557141347
16083.333333333334,4.826683408445752,2.8808117648675657
16100.000000000002,4.763933133666678,2.9025403180832443
16116.666666666668,4.797875490522228,2.9509114205777895
16133.333333333334,4.68525751317878,3.029662122928165
16150.000000000002,4.603823590240234,3.203868721021102
16166.666666666668,4.9960037584958465,3.234116404607812
16183.333333333334,4.524156961866907,3.1795238565155075
16200.000000000002,4.411612564467786,3.125381007796204
16216.666666666668,1.7641631854055502,3.8171133625444464
16233.333333333334,-0.5645130111638428,4.748108316725969
16250.000000000002,-0.79147492013334,4.799287093133331
16266.666666666668,-0.797033998388889,4.953218854722227
16283.333333333334,-0.7857275732444441,4.773895054488901
16300.000000000002,-1.0711088119166983,4.867253286416674
16316.666666666668,-1.079069602576105,4.760396918618018
16333.333333333334,-1.1719219819520847,4.548953160835981
16350.000000000002,-1.2656933534999648,4.598450943833351
16366.666666666668,-1.0164627039622622,4.732338540598478
16383.333333333334,-1.4141427657560135,4.9928180548336965
16400.0,-20.24951510803564,-2.059551264097207
16416.666666666668,-40.92706424339705,-12.211448795347707
16433.333333333336,-49.6749646895006,-20.460115348611733
16450.0,-50.07788177807237,-20.67945461230615
16466.666666666668,-49.28552285832502,-20.51155570813631
16483.333333333336,-49.336736092222246,-20.985180632222246
16500.0,-49.99415060000002,-21.167185073333343
16516.666666666668,-50.294673311488864,-21.206931483438932
16533.333333333336,-50.65389359433883,-21.36283094824821
16550.0,-50.84511775514999,-21.379909452433353
16566.666666666668,-50.97533543689822,-21.390927030484754
16583.333333333336,-50.87480501893725,-21.33683329207376
16600.0,-51.03476775633855,-21.401108936248562
16616.666666666668,-51.46323931084461,-21.459346834716012
16633.333333333336,-37.185613073651666,-14.948342789133681
16650.0,-15.892024430435013,-6.108655059503743
16666.666666666668,-0.23570070664248677,0.9864622338774645
16683.333333333336,-0.0745730953198886,3.3451694435657346
16700.0,0.47300137783885027,3.541981596081347
16716.666666666668,0.08675659661840342,3.7160441946915763
16733.333333333336,0.29120376568874023,4.024444782311323
16750.0,-0.04651567305388752,4.546556024783763
16766.666666666668,0.1535021595702068,4.890678117868842
16783.333333333336,0.300684264776822,4.820483990478575
16800.0,0.4481908045273642,4.851082907462686
16816.666666666668,0.5721311415126835,5.0374596310901385
16833.333333333336,0.6676072845045565,4.991578325955554
16850.0,0.5155284646177154,5.339404908545709
16866.666666666668,0.34304427795552755,5.437513276405588
16883.333333333336,0.17570422935560656,5.531640874811013
16900.0,0.23441287712195644,5.435598119959963
16916.666666666668,0.1398657452317792,5.318979025171842
16933.333333333336,-0.04222650390947718,5.150170432304459
16950.0,0.08558207083333778,5.1011091854166715
16966.666666666668,-0.28595144305554626,5.085877211805548
16983.333333333336,-0.6893956175412416,5.4549396844466855
17000.0,-0.6172225523308437,5.522159328654972
17016.666666666668,-0.23005889518165046,5.4425760305458075
17033.333333333336,4.234439317005393,6.866263162679239
17050.0,3.3938510691974315,6.825157724042648
17066.666666666668,3.488316769116666,7.137618016122216
17083.333333333336,3.5362052529776964,7.094582021244429
17100.0,3.7165966988666495,7.221379837999967
17116.666666666668,3.8849762686110987,7.550206630333434
17133.333333333336,3.9595633434101414,7.429153411650626
17150.0,3.974303668116697,7.569794714099963
17166.666666666668,3.933719423865221,7.640513049529401
17183.333333333336,3.7302565001722487,7.582632865093616
17200.0,3.5910923777334247,7.451528747233395
17216.666666666668,3.7158454522222093,7.687574697555506
17233.333333333336,3.7027860427760975,7.762626698787691
17250.0,3.721482524195431,7.8705722567283605
17266.666666666668,3.8761256555056285,8.18045634209247
17283.333333333336,3.883671716439945,8.1307802603095
17300.0,3.962528031599977,8.139839370800011
17316.666666666668,4.267199494501691,8.199082872794952
17333.333333333336,0.3721365972425083,10.916748130134119
17350.0,0.3870904697880743,12.225177035319703
17366.666666666668,0.15338950075594412,12.347075209760499
17383.333333333336,0.2504987155810866,12.616309548659032
17400.0,0.21472628023021667,12.652307960443752
17416.666666666668,0.22309645459248476,12.907149276327985
17433.333333333336,0.18537677831712857,12.808543577105345
17450.0,0.7530010122394135,13.174268670585292
17466.666666666668,1.0389146781109106,13.253306171603056
17483.333333333336,1.3200219530665207,13.473423751533378
17500.0,1.3126936456543212,13.78955548300032
17516.666666666668,1.4980046269777678,13.94049905857779
17533.333333333336,1.5952011938636192,14.244861716308163
17550.0,1.566171216666665,14.544556100000005
17566.666666666668,1.452039847948142,14.583236658293092
17583.333333333336,1.2638000577189867,14.81880648738006
17600.0,1.2885552804597733,15.044768161485832
17616.666666666668,1.6535997097889106,15.276482215077788
17633.333333333336,1.9577771615974056,15.502100181362906
17650.0,2.313054751485694,15.722608487412213
17666.666666666668,2.385538921023999,15.842381957857734
17683.333333333336,2.2323805399333057,15.989392201211169
17700.0,1.9883800192429697,16.02710433956981
17716.666666666668,2.2360399960261574,16.205983642457536
17733.333333333336,2.3372914673940444,16.242015353856434
17750.0,2.565014174729852,16.53460361323357
17766.666666666668,2.5552159724360015,16.748121579399186
17783.333333333336,2.635893038119105,17.10243147274186
17800.0,2.660933305201164,17.20536998159706
17816.666666666668,2.6747077853333328,17.36066659146667
17833.333333333336,2.6930057702517773,17.51836468438664
17850.0,2.981049827633346,17.627690317799985
17866.666666666668,3.334078819297231,17.652711287832442
17883.333333333336,3.847293340589217,17.801425199356654
17900.0,4.202798293392943,18.31510775292268
17916.666666666668,3.7640757371018694,18.305755030537465
17933.333333333336,3.870735242706438,18.33133403382751
17950.0,4.098075290423606,18.269775197488684
17966.666666666668,4.076086968487998,18.12150564674882
17983.333333333336,4.186815132211684,18.468927333061224
