0.0,4.803470900000002,-11.141578233333332
16.666666666666668,3.258275800133528,-5.357477133110779
33.333333333333336,2.4631148977333353,-5.572627446866667
50.0,2.4696537213060124,-5.552991441246044
66.66666666666667,2.4306459765863124,-5.485307575976726
83.33333333333334,2.297441519783472,-5.326351247128748
100.0,2.4216343762547936,-5.3446128430882105
116.66666666666667,2.6499323434995223,-5.471927135934633
133.33333333333334,2.7295095791222224,-5.461998640511112
150.0,2.8324592377058804,-5.650395994235293
166.66666666666669,2.9128681792284987,-6.020532765482741
183.33333333333334,2.800662616069742,-6.226136905747125
200.0,2.7848321100833338,-5.230195866916664
216.66666666666669,-4.146764209583336,3.4387636521388956
233.33333333333334,-3.4163566952412694,3.3944055074629356
250.00000000000003,-3.110094739066671,3.588636561533331
266.6666666666667,-3.4425008051851873,3.3108732765229405
283.33333333333337,-3.5797715834877195,3.085526860182497
300.0,-3.390889937499995,2.6222109841666645
316.6666666666667,-3.1384742032198845,2.4042359306862435
333.33333333333337,-3.200009129075646,2.111334651008833
350.0,-3.522032292153928,1.939556649891722
366.6666666666667,-3.675247640926017,1.7097559365460477
383.33333333333337,-3.6040578053415615,1.365465070207324
400.0,-3.7476174176616905,1.199972392537314
416.6666666666667,-3.5196166427449054,1.196119224629445
433.33333333333337,7.13905991184927,3.452871821411921
450.00000000000006,7.633658430369636,3.436928760506158
466.6666666666667,7.409465377572018,3.443432079713042
483.33333333333337,6.898863834488883,3.5807536600166645
500.00000000000006,6.550023442145593,3.38989798084291
516.6666666666667,6.576601625785121,3.0800036739981143
533.3333333333334,6.848944095072226,2.953030061299996
550.0,6.938383648800006,3.001732034150002
566.6666666666667,6.8327199061302615,2.8958427336498365
583.3333333333334,6.533948106918761,2.894574217335774
600.0,6.356119094062358,2.7343688559147177
616.6666666666667,6.708686522155503,2.758566949566236
633.3333333333334,7.094867980258037,2.8949017579134657
650.0,7.214515016091967,2.960613630651343
666.6666666666667,7.281453568188892,2.9592444512499974
683.3333333333334,7.305366421032148,3.0693695526025992
700.0,7.505452328033339,3.076060914333339
716.6666666666667,4.405862821736719,3.3020194651510226
733.3333333333334,-0.43023660342948905,3.5548944818242445
750.0,-0.3227439296815162,3.493066491028849
766.6666666666667,-0.4146135555222232,3.6694547990111115
783.3333333333334,-0.5234449022222228,3.5750865604666675
800.0,-0.5836178569951636,3.5073664361514116
816.6666666666667,-0.5124882032460679,3.5102386342115497
833.3333333333334,-0.5081107933554271,3.6406932642518948
850.0000000000001,-0.511596240916663,3.6849060888333347
866.6666666666667,-0.5867717523261544,3.73151326265355
883.3333333333334,-0.7293154123438356,3.7912481337976733
900.0000000000001,-0.7091397770666633,3.8790297765666706
916.6666666666667,-0.6170015680639037,3.832763108912267
933.3333333333334,-0.7136598101657189,3.881109326993658
950.0000000000001,-0.7813429058686571,3.835250039185366
966.6666666666667,-0.8186759428302002,3.989070306540192
983.3333333333334,-0.954582336866665,3.893467413022222
1000.0000000000001,-0.9111194600934286,3.8388359604938267
1016.6666666666667,-0.8858405455272398,3.6842937484535505
1033.3333333333335,-0.926506531335334,3.809277703773994
1050.0,-1.1574004538397462,3.8186837642012255
1066.6666666666667,-0.9031673298666694,3.7560341361777696
1083.3333333333335,-0.9525553306513371,3.711960860802938
1100.0,-10.027549592607432,1.8024245375957382
1116.6666666666667,-14.073483296351743,0.47155529583610556
1133.3333333333335,-14.102908491113332,0.3111757311088899
1150.0,-14.288297494363846,0.08346326003001109
1166.6666666666667,-14.554125614601748,-0.0053503708687748265
1183.3333333333335,-15.128881300576914,0.023785590780496475
1200.0,-15.580986327415582,-0.16648869446672865
1216.6666666666667,-15.997341773083336,-0.4396783277222221
1233.3333333333335,-16.30759979911112,-0.5573047953333378
1250.0,-16.710585295264302,-0.6255726285642811
1266.6666666666667,-17.43898952133333,-0.6493869336888958
1283.3333333333335,-17.478649128186316,-0.634699253460064
1300.0,-17.58891006264799,-0.5493347425212668
1316.6666666666667,-17.537806695726925,-0.5347608839258887
1333.3333333333335,-17.728820262942588,-0.454283961480747
1350.0,-10.329003286666666,-0.011314986666663196
1366.6666666666667,-8.950173947579488,0.6996248736124923
1383.3333333333335,-9.412912805083335,0.7342737801888883
1400.0,-9.539569829866668,0.9443983320000051
1416.6666666666667,-9.84549440382222,0.9072222584
1433.3333333333335,-10.047037670442558,0.9686035363651495
1450.0,-10.086184948000007,0.9986766488000052
1466.6666666666667,-10.22815351964444,0.8725299975166588
1483.3333333333335,-10.179729074471618,0.8007980389471401
1500.0,-10.161855178771322,0.7632082601424015
1516.6666666666667,-9.832655485748429,0.7947234423489534
1533.3333333333335,-9.17604882626314,0.6047514511144442
1550.0,-9.25382373573573,0.5977745163663721
1566.6666666666667,-9.366499077256075,0.4647189274114792
1583.3333333333335,-9.410320142701746,0.33137108056387554
1600.0,-9.482893450816668,0.36580275116666516
1616.6666666666667,-9.671356732206121,0.3895485623965757
1633.3333333333335,-9.808891933777776,0.5624262925555608
1650.0000000000002,-10.179606084442227,0.6396293599966651
1666.6666666666667,-10.51749562494854,0.631363397980304
1683.3333333333335,-10.851044909166667,0.7181876236944449
1700.0000000000002,-11.134727924515696,0.6733851010020063
1716.6666666666667,-11.453519144166666,0.862678104644443
1733.3333333333335,-11.448311720913075,0.9700566921617594
1750.0000000000002,-11.554614066266872,1.057123071014495
1766.6666666666667,-11.213981242044477,1.4757031144222146
1783.3333333333335,0.3378630912901045,4.012270474726257
1800.0000000000002,0.5522987560727326,4.072892469469471
1816.6666666666667,0.4403390149698272,4.595283608481425
1833.3333333333335,0.43019403140555035,4.976571970116674
1850.0000000000002,0.132312064266658,5.234149852200011
1866.6666666666667,-0.4361595568562061,5.091236185031402
1883.3333333333335,-0.31467677369444275,5.076453373944446
1900.0000000000002,-0.43847388807264,5.096213003115108
1916.6666666666667,-0.46157828460555916,5.3644662956000015
1933.3333333333335,-0.26266823287732166,5.475563919564007
1950.0000000000002,-0.353191458725393,5.557404088922258
1966.6666666666667,-0.347427244583469,5.661772230330333
1983.3333333333335,-0.37159198266446003,5.5578103138419035
2000.0000000000002,-0.48181634222888475,5.51086215972014
2016.6666666666667,-0.35629505968190694,5.4525721097319595
2033.3333333333335,-0.35636142669221127,5.419198324737633
2050.0,-0.3946521634570372,5.315416631059847
2066.666666666667,-0.2995115115773118,5.075160230880228
2083.3333333333335,-0.2800106032888966,5.028648503066666
2100.0,-0.179477988683332,5.087605745116666
2116.666666666667,-0.21773259640751866,5.292888230185752
2133.3333333333335,-1.6433756420457224,5.414539364267849
2150.0,-2.9330700165833323,3.6808223655833343
2166.666666666667,-2.792752830846937,3.7711634964646485
2183.3333333333335,-2.159703399110662,3.6327324363125966
2200.0,-1.9509107271031152,3.4557898291021214
2216.666666666667,-2.030153772386208,3.425439033905853
2233.3333333333335,-2.036517446862814,3.5776972445670374
2250.0,-1.9459840974000024,3.4783978913166624
2266.666666666667,-1.8359941220442817,3.580334510210204
2283.3333333333335,-1.8593739890532541,3.63562141370809
2300.0,-2.1518123756711716,3.566559437135235
2316.666666666667,-2.0903664053140254,3.6680955709145495
2333.3333333333335,-2.1403102482165632,3.517179956537409
2350.0,-2.255272895368979,3.642974049208728
2366.666666666667,-2.2232438718581466,3.608855315457731
2383.3333333333335,-2.4459631818227403,3.541047886624385
2400.0,-2.6206935495901607,3.4961556101092914
2416.666666666667,-2.5890393969222205,3.5875485656111117
2433.3333333333335,-9.020084702177888,3.4063968091221963
2450.0,-16.471147277388692,2.051031822127732
2466.666666666667,-16.462207820211063,1.939234778109298
2483.3333333333335,-16.34169209596666,2.019202965644441
2500.0,-16.400503738250002,1.7255797171666754
2516.666666666667,-16.72496894865977,1.541001859665214
2533.3333333333335,-16.891344314168048,1.3355433671254786
2550.0,-17.030006879466672,1.138210008400011
2566.666666666667,-17.290829780477793,1.0181449719166664
2583.3333333333335,-17.447140975950916,0.8477721528568983
2600.0,-17.42746762159788,0.9260554252776436
2616.666666666667,-17.52405137434617,0.8834006470653526
2633.3333333333335,-17.83341168891665,0.7468150660225422
2650.0,-18.00487337142857,0.43415444840160194
2666.666666666667,-11.36762139672417,0.5836416194972723
2683.3333333333335,-3.6289995143588043,1.1124913511511483
2700.0,-3.607254750940638,1.1071938920365303
2716.666666666667,-3.572893264899121,0.94462905959089
2733.3333333333335,-3.6806608292388905,0.9121281106388921
2750.0,-3.673030899432478,1.0423226969287256
2766.666666666667,-4.16030752704927,0.9998280883883881
2783.3333333333335,-4.284336396882452,0.9491525521828336
2800.0,-4.495348708333333,0.8816795249999966
2816.666666666667,-4.482367816764047,0.7578642583764641
2833.3333333333335,-4.674290187088891,0.7403916196444413
2850.0,-4.772387722316807,0.5692907815556689
2866.666666666667,-4.954616739984423,0.47301469150261993
2883.3333333333335,-5.115932658064154,0.4381026767399278
2900.0,-1.6383164453652892,1.3957603170577335
2916.666666666667,-1.1320840916444617,1.8486565935111183
2933.3333333333335,-1.4468449141706923,2.1211720738297526
2950.0,-1.2431730411333337,2.189161063766668
2966.666666666667,-1.1478649301635053,2.2559917460516115
2983.3333333333335,-1.2648826083735991,2.274010294041863
3000.0,-1.439315152100002,2.3482594385833395
3016.666666666667,-1.636850511700296,2.410453620954924
3033.3333333333335,-1.6747627269388867,2.528006969416669
3050.0,-1.8875186057361957,2.4866910652993224
3066.666666666667,-1.8591901987561765,2.4476521947581835
3083.3333333333335,-1.900584238131562,2.3142219728911053
3100.0,-1.898025355655653,2.1560406214547845
3116.666666666667,-1.8935751689066775,2.108069745005844
3133.3333333333335,-1.7426067203611117,2.061849867083333
3150.0,-1.8206816494327651,2.0549360046713354
3166.666666666667,-2.047026575030591,1.9985636937381812
3183.3333333333335,-1.6182685914230008,2.677505994736841
3200.0,-1.176975063333299,17.24011397616622
3216.666666666667,-63.22744432017046,-34.40479760119365
3233.3333333333335,-64.0,-36.0
3250.0000000000005,-64.0,-36.0
3266.666666666667,-64.0,-36.0
3283.3333333333335,29.731069901108047,33.63663136608316
3300.0000000000005,22.198756860060016,13.811530612462063
3316.666666666667,19.20542486863523,0.8755271148924797
3333.3333333333335,8.005620663157599,-3.3373587261984294
3350.0000000000005,6.205508608945476,0.39684728045989803
3366.666666666667,5.237675426041339,2.8274871456248345
3383.3333333333335,4.388831657715585,3.3656580505636065
3400.0000000000005,3.6034611461961736,3.744213830280286
3416.666666666667,3.509355888583194,4.02105867911735
3433.3333333333335,3.3967682746753294,4.314065191558446
3450.0000000000005,3.480275573217258,4.259261526865651
3466.666666666667,3.1641856150833267,4.0774853743499975
3483.3333333333335,3.147427905433336,3.823162063622223
3500.0000000000005,3.20357773672813,3.6532821830818616
3516.666666666667,3.2034600966966997,3.610896007474147
3533.3333333333335,3.0234554579753516,3.742918555311358
3550.0000000000005,2.8475925246246314,4.0381796096763525
3566.666666666667,2.882032687363952,4.187349674247206
3583.3333333333335,2.9164668716408255,4.618865024009479
3600.0000000000005,3.1494615795204743,4.960905781318679
3616.666666666667,-2.3281320175740374,6.689171285855042
3633.3333333333335,-2.509246674471631,6.552648468336383
3650.0000000000005,-2.18511095771664,6.068056915499991
3666.666666666667,-1.915452719066674,5.712902034838885
3683.3333333333335,-1.9396326163003692,5.238340020146517
3700.0000000000005,-1.7074159627860788,5.1525619173134425
3716.666666666667,-1.8467293019120692,5.042983635112002
3733.3333333333335,-1.7604890899722228,4.922666426055549
3750.0000000000005,-1.6056152037999927,4.617547278966645
3766.666666666667,-1.6848317990338315,4.605206654639347
3783.3333333333335,-1.8764979655616654,4.7527800668943305
3800.0000000000005,-2.102646648874427,4.8387705833249965
3816.666666666667,-2.0349245648786742,4.934783875095784
3833.3333333333335,-2.0781954850574667,4.89257918886668
3850.0000000000005,-0.8832256943331793,1.7047249129997706
3866.666666666667,0.9125788750806015,-3.109863892453654
3883.3333333333335,1.2444475228781147,-3.1862000936134676
3900.0000000000005,1.37589977697697,-3.2277451743743986
3916.666666666667,1.585659526173931,-3.5258306636835806
3933.3333333333335,1.454942860767002,-3.764259309940054
3950.0000000000005,1.356999122933337,-3.9536960333333386
3966.666666666667,1.2590130674892992,-4.045030527463728
3983.3333333333335,1.0951789033572334,-4.226054478844979
4000.0000000000005,0.9763682522666765,-4.322946976266674
4016.666666666667,0.8355949560446863,-4.653877562786958
4033.3333333333335,0.879359218859428,-4.8547637283475105
4050.0000000000005,0.9277024373333331,-5.184500452000003
4066.666666666667,1.2107661200799327,-5.546732608147418
4083.3333333333335,1.4737205361777737,-5.580634344577778
4100.0,1.47289359537129,-5.554136044588747
4116.666666666667,1.529421106946754,-5.593269804800074
4133.333333333334,1.4097610406204888,-5.606551731218787
4150.0,1.2053683658666732,-5.525606131000005
4166.666666666667,1.1133378176499988,-5.5769707813555565
4183.333333333334,1.1470678833609989,-5.722935226040308
4200.0,1.2084748238333358,-5.96251701933332
4216.666666666667,1.17986548440011,-6.0455428714602375
4233.333333333334,1.1905460119999973,-6.225623842444455
4250.0,0.9503311931034479,-6.222312929052141
4266.666666666667,0.7649620069722195,-6.2215232661555575
4283.333333333334,0.6269528901382667,-6.149909350230435
4300.0,0.4871943456394923,-7.58923532823083
4316.666666666667,1.7610336568269924,-15.324314253123497
4333.333333333334,2.0497950920960157,-17.529589282619085
4350.0,1.9735733183333308,-18.085136375416685
4366.666666666667,1.732474290451559,-18.48303943110333
4383.333333333334,1.5574418649778148,-18.499404906755544
4400.0,1.810174423383331,-18.446277376833336
4416.666666666667,1.7017881391640308,-18.77656132669669
4433.333333333334,1.7604061778277946,-18.970138873216673
4450.0,1.72286748512411,-19.083124974712646
4466.666666666667,1.638786813802678,-19.08020324735847
4483.333333333334,1.685520079653683,-19.155906445165954
4500.0,1.7840096727863886,-19.227887823244952
4516.666666666667,1.879281468624182,-19.32621787530309
4533.333333333334,1.8617844733055628,-19.323863094055554
4550.0,1.9619647219780254,-19.326983766933065
4566.666666666667,0.9691773534776711,-19.352396972138887
4583.333333333334,-11.71028509933345,-20.630296511677777
4600.0,-11.31756702358822,-20.66008090308178
4616.666666666667,-11.163602997193024,-21.010167465732863
4633.333333333334,-11.224994349885609,-21.126778267793963
4650.0,-11.283514489016662,-21.2332970204
4666.666666666667,-11.287075528444438,-21.305665047977776
4683.333333333334,-11.56957813100439,-21.277340032799724
4700.0,-11.774496625446055,-21.44443367482074
4716.666666666667,-12.103904561977785,-21.364663099294425
4733.333333333334,-12.203854315603314,-21.47169017732245
4750.0,-12.27127632975179,-21.557875124154588
4766.666666666667,-12.230413039166391,-21.58064860854701
4783.333333333334,-12.225415036833027,-21.703877297179105
4800.0,-12.146132244742958,-21.624835285107793
4816.666666666667,-12.236851233227627,-21.54818639858677
4833.333333333334,-12.419346899899942,-21.472833936129163
4850.0,-12.531542477833254,-21.552013088384093
4866.666666666667,-12.43615111878043,-21.511018919499772
4883.333333333334,-0.7234947851998592,-9.410108175818813
4900.0,1.2143558199000826,2.770230130266425
4916.666666666667,0.21893499571323835,4.627757712243916
4933.333333333334,0.9754477310245412,5.432153735403473
4950.0,1.631883047800001,5.652127370833315
4966.666666666667,1.8806979801245782,5.902531322500275
4983.333333333334,1.7932207594738305,5.982609418803411
5000.0,1.4666785106333298,6.288505048366666
5016.666666666667,1.2436162108833395,6.655181877505577
5033.333333333334,1.3060843454474969,6.814488391343863
5050.0,1.3068444414921894,7.0235523257394465
5066.666666666667,1.0902256099283651,7.117538747542888
5083.333333333334,0.9842447898222075,7.1568897921228265
5100.0,0.8858477536898209,7.035226371081132
5116.666666666667,0.9761420570570574,7.197026108897791
5133.333333333334,0.9323482803333334,7.165515736177786
5150.0,0.9747001932000006,7.31322421633334
5166.666666666667,1.012429231598274,7.338489689856527
5183.333333333334,1.0877182580141995,7.481487517732245
5200.0,6.023966280073355,4.896619375304334
5216.666666666667,6.0081600030555435,4.610448082911117
5233.333333333334,5.611886435355535,4.619818533866632
5250.0,5.5571476115224305,4.482008034984159
5266.666666666667,5.862515664150006,4.47453080113889
5283.333333333334,5.740452347851341,4.399025897522264
5300.0,5.8406536260536495,4.5115551459436976
5316.666666666667,5.847312064065368,4.524067087443715
5333.333333333334,6.094288825466645,4.409029771466666
5350.0,6.048087172710608,4.441280354945058
5366.666666666667,6.244080007311115,4.354801007022221
5383.333333333334,6.26786832150145,4.482157962591472
5400.0,6.2744974215333285,4.583105075116667
5416.666666666667,6.0343603929277805,4.546374892739921
5433.333333333334,5.831305146477779,4.532949138716662
5450.0,5.981138647933341,4.536321207333337
5466.666666666667,6.299707531088899,4.489612834244445
5483.333333333334,6.046976357614599,4.7618180511100165
5500.0,5.708599197833489,4.689344039090062
5516.666666666667,5.835357797379411,5.038894875924997
5533.333333333334,5.86429861277779,5.038001411266648
5550.0,5.9597897691919135,5.006090888010538
5566.666666666667,6.080935134938879,4.876206290644445
5583.333333333334,6.312598508653668,4.785783970033844
5600.0,6.365457311372354,4.758525634467231
5616.666666666667,6.85238451082765,4.694180525529416
5633.333333333334,7.2381111816664045,4.249022761574291
5650.0,7.333154617016311,4.198459790559441
5666.666666666667,7.3777133316602646,4.092947546701126
5683.333333333334,7.375087697994418,4.138412089494458
5700.0,7.229214213680349,4.074393153186511
5716.666666666667,7.225820653297826,3.939055599461906
5733.333333333334,7.190974739019501,3.8831105087988456
5750.0,7.118457293256543,3.926234454248035
5766.666666666667,7.288602285742041,3.9052680547563554
5783.333333333334,7.274345517241382,3.8809135814925866
5800.0,7.297669906513415,4.007043048309167
5816.666666666667,7.268445927355562,4.001306840155535
5833.333333333334,7.138903338751147,4.061239999483476
5850.0,4.670968038033429,1.0986780388668116
5866.666666666667,2.3753434214281617,-1.8475702540119072
5883.333333333334,2.132143296788873,-2.1743954870444506
5900.0,1.5613738057322768,-2.4140864588800515
5916.666666666667,1.3153078663220485,-2.218836132766385
5933.333333333334,1.0142694499361715,-2.0128092730356735
5950.0,0.9255010538666637,-1.9040682111999936
5966.666666666667,0.9533492388750168,-1.8917086519498525
5983.333333333334,1.0462336020131229,-1.912451031453684
6000.0,0.9834518578578634,-1.9060261281281452
6016.666666666667,0.8701700622222136,-1.8948067095833347
6033.333333333334,0.659667703127066,-2.006084171240859
6050.0,0.5868161153666451,-1.7850150424833489
6066.666666666667,0.635929999244072,-1.482895236273688
6083.333333333334,0.5215960939969875,-1.1981259107442528
6100.0,0.6486853145000038,-1.0907693588333411
6116.666666666667,0.7679152046856833,-0.9475572906731404
6133.333333333334,1.0526669415862164,-0.8644867949106432
6150.0,1.2552231778889444,-1.0064064106219839
6166.666666666667,1.3703308949136563,-1.2095251872397217
6183.333333333334,-1.4442231218500354,0.687058258157044
6200.0,-6.112946146215166,4.868615151128789
6216.666666666667,-5.690743525666679,4.872873528527806
6233.333333333334,-5.679488288266968,4.921076112155039
6250.0,-5.588067888722068,4.904979464297641
6266.666666666667,-5.4129936040257505,4.945326690982287
6283.333333333334,-5.431743451696374,5.020093929163215
6300.0,-5.326637491166672,5.249510404333329
6316.666666666667,-5.440759006611108,5.348980698833334
6333.333333333334,-5.784597286273238,5.3874944454530365
6350.0,-6.282337001368031,5.28896445301968
6366.666666666667,-6.825865276533333,5.288114789511109
6383.333333333334,-6.97493438502771,5.260868672547628
6400.0,-6.834497627100004,5.357633006466665
6416.666666666667,-6.6358862001835055,5.2696889581581585
6433.333333333334,-6.764772232988887,5.394872664944435
6450.000000000001,-6.764943558270736,5.4929798952261555
6466.666666666667,-6.584597505970069,5.469709126294995
6483.333333333334,-6.844517012345685,5.475015731431434
6500.000000000001,-6.780206859527604,5.450519422965605
6516.666666666667,-16.056838220845126,4.718614309888782
6533.333333333334,-15.522988434189752,4.391744536314087
6550.000000000001,-15.731792987878766,4.224376318065261
6566.666666666667,-15.065230554844442,4.378252344133336
6583.333333333334,-15.342283132341871,4.385381093380978
6600.000000000001,-15.533881280279243,4.3012782880744735
6616.666666666667,-15.72026656757313,4.365363441991987
6633.333333333334,-15.951389505605484,4.4128544906316165
6650.000000000001,-16.15276180636031,4.23986986786544
6666.666666666667,-16.257130187165657,4.022713113558682
6683.333333333334,-16.340793255827926,3.884497421816458
6700.000000000001,-16.53561963869139,3.779456050342184
6716.666666666667,-16.9902119741889,3.7050942171444516
6733.333333333334,-17.59221407777779,3.5656027082125643
6750.000000000001,-17.85677078907562,3.8410598856022493
6766.666666666667,-17.961104976382636,3.9350064367795046
6783.333333333334,-18.305961119205556,4.110859865255554
6800.000000000001,-18.70240523813335,4.297813155200015
6816.666666666667,-19.15151166744445,4.253022926166668
6833.333333333334,-19.61930177435898,4.29887453651905
6850.000000000001,-20.09714430133337,4.546833813866687
6866.666666666667,-20.627827012831613,4.897083906143856
6883.333333333334,-20.97247389084447,4.913560027466645
6900.000000000001,-21.57713684794797,4.830330649449456
6916.666666666667,-22.17230372866666,4.695863918488886
6933.333333333334,-22.941954692019834,4.599021081887443
6950.000000000001,-23.36791729466934,4.673672825603871
6966.666666666667,-13.310195981914845,5.44907057341328
6983.333333333334,4.478231881035011,7.004160148952276
7000.000000000001,5.16934156666666,8.588882270833288
7016.666666666667,5.9521798115384605,8.491173279914534
7033.333333333334,6.173407143888908,8.60705475738889
7050.000000000001,5.945759857471266,8.769057765517262
7066.666666666667,5.653259065423485,8.919629477466971
7083.333333333334,5.211298715933332,8.908400320666676
7100.000000000001,5.188780330965451,8.898771127680497
7116.666666666667,4.82824424979466,8.904966084060383
7133.333333333334,4.521900712105054,8.937917172030653
7150.000000000001,4.684565866783191,9.028347850466208
7166.666666666667,4.788216743139538,9.11450486263535
7183.333333333334,4.7793091809388635,9.184976504127809
7200.000000000001,4.62031706675021,9.18595256691732
7216.666666666667,4.545473118228032,9.260558160007818
7233.333333333334,4.541099688822214,9.332894594366671
7250.000000000001,4.648164595221433,9.32595386759907
7266.666666666667,4.906497845315796,9.518257410495057
7283.333333333334,4.9806509903889,9.470051258600007
7300.000000000001,4.99990495770451,9.45063476719974
7316.666666666667,4.939970202686211,9.40652423247864
7333.333333333334,5.033574362862852,9.468581269447219
7350.000000000001,2.800783494002536,9.122554857387803
7366.666666666667,0.6822197369333268,8.236343595816685
7383.333333333334,0.8270282190938477,8.238150460841428
7400.000000000001,1.1445494844666715,8.038115590966669
7416.666666666667,1.78401099867446,7.808149317816763
7433.333333333334,1.9869127599234007,7.742070188511499
7450.000000000001,2.189330825936987,7.784796569465267
7466.666666666667,2.2901127286438965,7.671811217312655
7483.333333333334,2.3853618439805566,7.50451065686437
7500.000000000001,2.546596228979005,7.385176253002977
7516.666666666667,2.689850544555561,7.439281337222221
7533.333333333334,2.695972571094442,7.706335886044443
7550.000000000001,2.951450054400023,7.851629079833356
7566.666666666667,3.1728765570823607,8.013343521052047
7583.333333333334,3.203203536659841,8.091246071693561
7600.000000000001,2.9087510785714046,8.097257318381612
7616.666666666667,2.4611150876936754,8.119787345418331
7633.333333333334,2.048662760222208,8.172159972777797
7650.000000000001,1.8204999609195154,8.203252930884569
7666.666666666667,-8.515376564204505,5.649002532405077
7683.333333333334,-10.771477505955565,4.185247577255549
7700.000000000001,-10.684925148515157,4.153710849499491
7716.666666666667,-10.560947288838863,3.850405086987938
7733.333333333334,-10.730919009720791,3.6399234238682885
7750.000000000001,-10.911978044731182,3.561951391182793
7766.666666666667,-11.00385316333167,3.399652430215107
7783.333333333334,-11.151448135465625,3.4693893401943723
7800.000000000001,-11.299218652626307,3.463491156694992
7816.666666666667,-11.436051717931187,3.312192613990331
7833.333333333334,-11.568098380545836,3.1782330474348157
7850.000000000001,-11.773324248866686,3.161053580266657
7866.666666666667,-12.049506113906958,3.0153555939914334
7883.333333333334,-12.327704107420397,2.865103477071848
7900.000000000001,-12.580229641954304,2.8015270725195736
7916.666666666667,-12.66983562281697,3.024149028519828
7933.333333333334,-12.681144086090296,3.028204481031705
7950.000000000001,-12.710017821293976,2.9686387148741127
7966.666666666667,-13.089866496618365,2.983769130556939
7983.333333333334,-13.659152884071503,2.738915839821257
8000.000000000001,-13.84784830852092,2.694989677822261
8016.666666666667,-14.026664624391058,2.7284975424313127
8033.333333333334,-14.242124572016461,2.4928915625403105
8050.000000000001,-14.479126715992036,2.2807284252373803
8066.666666666667,-14.869353841995672,2.0559031384085693
8083.333333333334,-15.106089014012566,1.8120215532432802
8100.000000000001,-15.446317062466804,1.7705121606075689
8116.666666666667,-15.815622897227778,1.7035947260166724
8133.333333333334,-16.296191907066675,1.5871954831777653
8150.000000000001,-16.651259011005813,1.4673361109226997
8166.666666666667,-11.560275056378485,2.1244302805583466
8183.333333333334,2.6684921594760533,4.687218525681636
8200.0,1.9992502760000268,5.015147742950008
8216.666666666668,2.3757507767848427,5.336489951667006
8233.333333333334,1.9730222313020849,5.550570473936087
8250.0,1.5422148331332504,5.9533137639653155
8266.666666666668,1.3483383475904727,6.03059521634152
8283.333333333334,1.2283449718755373,6.169520710957524
8300.0,1.239926586290188,6.185657874146253
8316.666666666668,0.9049573924886801,6.24508215369163
8333.333333333334,0.5699223817984385,6.22787673553551
8350.0,0.04715157750541853,6.349181044822403
8366.666666666668,-0.1029344153763979,6.424011830931996
8383.333333333334,-0.0178537749096732,6.4940032613751475
8400.0,7.185358702999888,6.426887498850008
8416.666666666668,5.311097221977775,6.00248604660001
8433.333333333334,5.20679393732735,6.192063982609428
8450.0,5.631609628350015,6.069440622316673
8466.666666666668,6.085724492012023,6.201840269074152
8483.333333333334,6.515727124269298,6.163302587907181
8500.0,6.982663969115414,6.273670637831102
8516.666666666668,7.355906584465484,6.149533464684723
8533.333333333334,7.693428430872226,6.207729741694451
8550.0,7.996346616933296,6.213592979200036
8566.666666666668,8.446506061316887,5.9202696567901185
8583.333333333334,8.944368906703346,5.6472962252570635
8600.0,9.321441323873918,5.581264009909911
8616.666666666668,9.122682765267385,5.564908851052236
8633.333333333334,9.360806871836722,5.29721495535028
8650.0,9.699400037878785,5.180869554545456
8666.666666666668,9.552814351825937,5.166785141847059
8683.333333333334,9.666364377777779,5.24632530740741
8700.0,9.89348229193333,5.235009583033334
8716.666666666668,10.860380342235567,3.95052118637048
8733.333333333334,11.259910673614574,3.595980736512725
8750.0,10.83666760041688,3.3689963087377013
8766.666666666668,11.130063912377775,3.1606994954888705
8783.333333333334,11.727894775065755,3.009566590549457
8800.0,12.083308131984026,2.7450445720639443
8816.666666666668,12.398734675071019,2.4870599778836153
8833.333333333334,12.358420415992047,2.326411500372023
8850.0,12.174952324466656,2.3213756395333323
8866.666666666668,12.278980568190583,2.404756582721072
8883.333333333334,12.28139645739536,2.556648041909842
8900.0,12.480697402162447,2.4982768521888006
8916.666666666668,12.775253963164937,2.309240038674882
8933.333333333334,13.112864062413722,1.9891186044533398
8950.0,13.47104034486088,1.9624799944860987
8966.666666666668,13.897495175611121,1.7557045229666493
8983.333333333334,14.38462323517477,1.527582021730578
9000.0,14.77428689766663,1.3651368709999894
9016.666666666668,15.027643185551668,1.221774055827591
9033.333333333334,15.329198701942518,1.1702713574203574
9050.0,15.630541509262049,1.0374684660336417
9066.666666666668,15.918501099911163,1.050834236799971
9083.333333333334,16.645936642500967,1.1167573387251004
9100.0,17.34890378600699,0.8315035104947526
9116.666666666668,17.671067144744477,0.7924049942277883
9133.333333333334,17.75094975893721,0.6531290665056136
9150.0,16.125751159614758,0.7620434242180582
9166.666666666668,-0.8143133051288316,5.5993945299146475
9183.333333333334,-1.210783435178587,7.727264978327378
9200.0,-1.9778014661691619,7.508921262686583
9216.666666666668,-1.5018542014202085,7.727705819337251
9233.333333333334,-1.3853646343788242,7.818576865459903
9250.0,-1.2863630926037306,7.860555560769606
9266.666666666668,-1.3413062991963869,8.14892329504437
9283.333333333334,-1.500715176070511,8.321593992992993
9300.0,-1.5743722703259957,8.34532428157018
9316.666666666668,-1.4293262013617891,8.19791672112167
9333.333333333334,-1.3129304277750127,8.174484456605342
9350.0,-1.5564794307820509,8.283893218209096
9366.666666666668,-1.5925112078199448,8.291823894022643
9383.333333333334,-1.5974778822222222,8.234546289333332
9400.0,-1.4242321013333445,8.230223284000006
9416.666666666668,-1.0354615334943913,8.255966457243627
9433.333333333334,-0.9269243763791765,8.361484685858578
9450.0,-0.9960884985173953,8.202766896435111
9466.666666666668,-0.8622907054889521,8.120795141563981
9483.333333333334,-0.7260390195931189,7.931168398977254
9500.0,-0.40655810303030493,7.942561730003324
9516.666666666668,-0.29704188535582604,7.961919941406549
9533.333333333334,-0.4884520123950958,7.84324505759544
9550.0,-0.7250279417378344,7.683310268491523
9566.666666666668,-1.1310197643210882,7.517336046200888
9583.333333333334,-1.2918477051641015,7.393326965750485
9600.0,-1.404559756756765,7.3173650052552555
9616.666666666668,-1.5016837799666762,7.192388846083335
9633.333333333334,-1.5732004365000045,7.128285440633341
9650.0,-1.8323727474474252,7.129391489956613
9666.666666666668,9.635185280557337,4.344526409571376
9683.333333333334,18.585536413900016,1.374677817933327
9700.0,18.418716342484963,1.0560503260187013
9716.666666666668,18.23763302963522,0.9678544189793645
9733.333333333334,18.562954452380954,0.7073200435786425
9750.0,18.90030979691822,0.7295901134766024
9766.666666666668,19.361764641622212,0.6080791664666669
9783.333333333334,19.018195836718977,0.47745458436440913
9800.0,19.354978701917624,0.48133545346007056
9816.666666666668,19.656838691597034,0.43644187303020715
9833.333333333334,20.271264046141454,0.20803962712401414
9850.0,20.62453875056723,0.15222966845178823
9866.666666666668,20.82361523444033,-0.024664223657241212
9883.333333333334,20.5727056161914,-0.09214017744425002
9900.0,20.38769213687375,-0.16921059672678407
9916.666666666668,20.464000583780834,-0.17254284754042482
9933.333333333334,20.750777907702147,0.1843225970470431
9950.0,12.48787748817304,-3.856254118490408
9966.666666666668,8.55289730740736,-8.423580310799831
9983.333333333334,8.810245528250466,-8.452634984462241
10000.0,8.66787892118944,-8.804164477861104
10016.666666666668,8.640800127939057,-8.89947156824603
10033.333333333334,8.823586500022193,-8.770977822499727
10050.0,8.990528848757629,-8.881715031515744
10066.666666666668,9.178014996572223,-8.884806682322223
10083.333333333334,9.219680591465377,-8.839727253140099
10100.0,8.788941149565796,-8.84095879836341
10116.666666666668,8.440291865466685,-8.858323894477794
10133.333333333334,8.533911184911126,-8.941053008311119
10150.0,8.606895112789605,-8.984143204620331
10166.666666666668,8.432263721888924,-9.006485086488869
10183.333333333334,8.522402322443469,-9.092299051282591
10200.0,8.563967110103016,-9.20913073014291
10216.666666666668,8.620442302611103,-9.29382156816667
10233.333333333334,8.420827830363713,-9.470036145067315
10250.0,8.31705083411627,-9.469303612926844
10266.666666666668,8.234412128094794,-9.423798788388378
10283.333333333334,8.39432225051365,-9.400640760864013
10300.0,8.508030374169978,-9.502318447377148
10316.666666666668,8.91644449441665,-9.546707993361075
10333.333333333334,1.8113330008939341,-7.882539612388073
10350.0,2.035577204733291,-7.1561400833166795
10366.666666666668,2.213342793355559,-6.95003671155554
10383.333333333334,2.2321250240271833,-6.873924822730123
10400.0,2.4070981810522967,-6.724263358891093
10416.666666666668,2.237351654924097,-6.8447579676248855
10433.333333333334,2.273430527622841,-6.882336728530322
10450.0,2.2181915427786145,-6.854116109645174
10466.666666666668,1.9598058996055352,-6.871049082133339
10483.333333333334,1.954657315288887,-6.846876472944446
10500.0,1.9898565459207447,-6.880377585447887
10516.666666666668,1.948883286636611,-6.855057879624085
10533.333333333334,1.930134523189368,-6.896381142298921
10550.0,2.002647048484851,-6.805667815584424
10566.666666666668,1.9195297411764798,-7.068180804682128
10583.333333333334,1.9833805776109443,-7.134550558425132
10600.0,1.9279693413206633,-7.216986590962134
10616.666666666668,1.8286995710299303,-7.123769975026397
10633.333333333334,4.118718628594354,-1.9991650424469245
10650.0,4.768751242938122,-0.5951807660163398
10666.666666666668,4.358777719326107,-0.4680693606293413
10683.333333333334,4.575124467672749,-0.28205597807234634
10700.0,4.824183356044687,-0.06646165122561412
10716.666666666668,4.93551502760504,0.16846870121474145
10733.333333333334,4.936524834473936,0.2864576506036811
10750.0,5.107489815833295,0.1743462495833261
10766.666666666668,5.414545985553892,0.26197837851704975
10783.333333333334,5.541429137681173,0.009672944444446774
10800.0,5.68761229584791,0.01671503446728685
10816.666666666668,5.753706305133345,0.040626092800008534
10833.333333333334,5.744299904290154,0.16588595065490186
10850.0,5.765345961429967,0.2448921663424163
10866.666666666668,5.8727912592814775,0.5979858856301208
10883.333333333334,5.322877068047929,0.8656232659677215
10900.0,5.236217177044806,0.9305926721139506
10916.666666666668,5.470540135653898,0.8867044598872873
10933.333333333334,6.609822556725918,0.8515886602762461
10950.0,18.22869322968147,1.7071827299482811
10966.666666666668,20.356434003557496,2.307821016067263
10983.333333333334,20.357828999013577,2.407896591404829
11000.0,20.539785290733334,2.284815032799997
11016.666666666668,20.416864876227045,2.378930737479869
11033.333333333334,20.588795542466627,2.4221241643333684
11050.0,20.7358650740963,2.3857638069631943
11066.666666666668,21.072425327174734,2.4777656267411325
11083.333333333334,21.20022269549437,2.5506682292666443
11100.0,21.568031861347336,2.583215522044341
11116.666666666668,21.75388947743351,2.5405892440002344
11133.333333333334,22.1480917537111,2.560610023544441
11150.0,22.316428626329813,2.7281437836751934
11166.666666666668,22.279351849036594,2.8454297623355016
11183.333333333334,22.68865226804514,3.0341529152131614
11200.0,24.760564492999997,0.6199411308000904
11216.666666666668,27.049488088366772,-9.726783520779211
11233.333333333334,26.832295265026964,-12.257914219771001
11250.0,27.480311112999992,-12.816821628166657
11266.666666666668,27.981573664164845,-13.002417855206073
11283.333333333334,28.222737830498595,-13.331203272386196
11300.0,28.54195627265,-13.44351813965
11316.666666666668,28.660241759954232,-13.500763562078363
11333.333333333334,28.863987005097027,-13.449698945878476
11350.0,28.912376806812333,-13.40216002944925
11366.666666666668,28.936229245482817,-13.409538129174278
11383.333333333334,29.06628687634379,-13.350688814718456
11400.0,29.424888950266684,-13.325912267166697
11416.666666666668,29.28500312754733,-13.208792715819857
11433.333333333334,29.07648893230501,-13.249919933616798
11450.0,29.041974154053964,-13.78812195201813
11466.666666666668,29.576323580495462,9.735054931247486
11483.333333333334,-64.0,-36.0
11500.0,-1.3561827874042862,0.0
11516.666666666668,-64.0,-36.0
11533.333333333334,-38.660266094539146,-17.529250455823625
11550.0,-19.758031559541397,-4.173563747892485
11566.666666666668,15.521597136008626,-11.70283717811144
11583.333333333334,18.829009399004573,-22.501573366333048
11600.0,12.909789247740925,-22.031749670568903
11616.666666666668,8.801906491115368,-18.01801701467591
11633.333333333334,6.805315137162997,-17.327614534205985
11650.0,5.469294688822151,-16.97530437190523
11666.666666666668,4.5750517771110895,-16.930037480772235
11683.333333333334,4.074174914499987,-16.831743762666655
11700.0,3.7450175690000083,-16.684142439333332
11716.666666666668,3.4730145479555494,-16.521983279394444
11733.333333333334,3.5418600852426256,-16.54291494308265
11750.0,3.564106763396405,-16.59292577862648
11766.666666666668,3.4155183164110734,-16.610441704533333
11783.333333333334,3.433272359270416,-16.44306616914324
11800.0,3.4324223728003203,-16.501734808544263
11816.666666666668,3.466707846444447,-16.67427944203336
11833.333333333334,2.677624550077831,-16.75929937266667
11850.0,-18.804987050516814,-16.961121068931046
11866.666666666668,-22.779581693331075,-16.726597277333553
11883.333333333334,-22.30130276151627,-16.835104571073373
11900.0,-22.406081736718345,-16.998202938469223
11916.666666666668,-22.31310526488711,-17.26512333717051
11933.333333333334,-22.421912914342826,-17.47681331741907
11950.0,-22.720818947137385,-17.68113864605241
11966.666666666668,-23.04458291803544,-17.836926027214147
11983.333333333334,-23.201256572011108,-17.801947728055556
12000.0,-23.434641187922683,-17.822393712560377
12016.666666666668,-23.590933617908313,-17.96826597423818
12033.333333333334,-23.853655842133342,-18.10908184862778
12050.0,-24.12124863450059,-18.28086752904786
12066.666666666668,-35.76387757898428,-17.071436098194436
12083.333333333334,-42.62953470389265,-16.587932633589116
12100.0,-42.39129006484728,-16.936929267184112
12116.666666666668,-43.1203297001557,-17.04344825301536
12133.333333333334,-43.2758661558386,-17.223963589693646
12150.0,-43.396517967942984,-17.083795380623197
12166.666666666668,-43.41669734763889,-17.303857891666663
12183.333333333334,-43.7997306543568,-17.55157743742925
12200.0,-44.11804202077074,-17.709791766466456
12216.666666666668,-44.68787560716309,-17.835081951740783
12233.333333333334,-44.793639739806466,-17.824552265426533
12250.0,-45.26972949507839,-17.947937936119448
12266.666666666668,-45.586910841804205,-17.62256998811879
12283.333333333334,-45.682141907576,-17.522455348885565
12300.0,-45.92154253539896,-17.459069855971997
12316.666666666668,-46.00091659130243,-17.462778526098294
12333.333333333334,-46.31041822451667,-17.5289969940389
12350.0,-46.59622357142857,-17.69525304848484
12366.666666666668,-46.67252183486668,-17.756979022977728
12383.333333333334,-45.563293118540834,-11.966844110892016
12400.0,-44.951998983474915,-6.664516011111114
12416.666666666668,-45.664927831912486,-7.182475004550977
12433.333333333334,-45.71898016669444,-6.726579299322514
12450.0,-45.84472557407963,-6.5862917531234375
12466.666666666668,-45.90678453053153,-6.53932697243012
12483.333333333334,-46.06514009297789,-6.4950950982889
12500.0,-46.25151796053642,-6.591367896551739
12516.666666666668,-46.52635694952478,-6.298970162164388
12533.333333333334,-46.970189128901126,-6.155751547108216
12550.0,-47.400024760799994,-5.992149664533328
12566.666666666668,-36.37756422610552,-4.888773245315674
12583.333333333334,-6.450005148048209,-0.6960650745078691
12600.0,-3.2656050292309775,0.9165973337335045
12616.666666666668,-3.066574976554939,1.7242687389528315
12633.333333333334,-3.0395359863694122,2.2243886425769337
12650.0,-2.99986632597009,2.5431298385074865
12666.666666666668,-3.7146621290021504,2.507604074118509
12683.333333333334,-3.8084251993163267,2.403168677805567
12700.0,-3.6748679554110497,2.4056975647156973
12716.666666666668,-3.6340434602491456,2.45882940541652
12733.333333333334,-3.715340014078488,2.4703717993633374
12750.0,-3.5872328365833366,2.474426092316659
12766.666666666668,-3.2174176768116367,2.436086409395316
12783.333333333334,-3.2502004621421787,2.390874427347017
12800.0,-3.4497586272969922,2.318291523361678
12816.666666666668,-3.516079673805574,2.168278610138889
12833.333333333334,-3.507425714101504,2.2580310950642306
12850.000000000002,-3.804121537999954,2.331813585266699
12866.666666666668,-4.130454686838878,2.3867869493500127
12883.333333333334,-4.19433575038073,2.4766401621532967
12900.000000000002,-4.1329760538461615,2.6127063083916586
12916.666666666668,-4.036360840613013,2.6972077907379393
12933.333333333334,-4.146583353111174,2.6222494561111716
12950.000000000002,-4.325341256964572,2.6248176047429075
12966.666666666668,-4.265208698155553,2.585786194711114
12983.333333333334,-4.443457627138894,2.4805823230111144
13000.000000000002,-4.511345181474056,2.401026393546777
13016.666666666668,-13.954144379028358,1.8449668308331608
13033.333333333334,-24.246710412510392,0.8110683905380596
13050.000000000002,-23.849480798983876,0.770889407829347
13066.666666666668,-24.463146481909074,0.9069749624021181
13083.333333333334,-24.621132711667222,0.9966028361806263
13100.000000000002,-24.450997872386175,0.9520007702184524
13116.666666666668,-23.94035586464446,1.014203343074172
13133.333333333334,-23.5010165433751,0.9314967238652061
13150.000000000002,-23.366253703820522,0.9200934456623141
13166.666666666668,-23.724427819640194,0.9526007773835189
13183.333333333334,-23.944798103751896,0.8901895126507356
13200.000000000002,-24.352939350715964,0.5472573525141013
13216.666666666668,-24.20490399165411,0.5477889531012464
13233.333333333334,-24.017390352883535,0.7212766706301446
13250.000000000002,-23.900927239641497,0.6853712623506353
13266.666666666668,-24.04713103941366,0.5744475653506087
13283.333333333334,-24.374911668526853,0.55725376485646
13300.000000000002,-24.8332265527334,0.4797661112667291
13316.666666666668,-24.706067986987943,0.32319896444889196
13333.333333333334,-24.894160733322234,0.301396257609058
13350.000000000002,-24.953865233017016,0.2689640500832141
13366.666666666668,-19.435088222438168,-0.01203206510707902
13383.333333333334,12.833082159958586,0.5345088177189294
13400.000000000002,34.30885242970431,0.8637823825342481
13416.666666666668,33.946181126688934,0.49979241757779475
13433.333333333334,34.54834771625815,0.8803114695403308
13450.000000000002,34.663958176595,1.03942147268028
13466.666666666668,33.65876229967238,1.3289099595202296
13483.333333333334,33.89611118529266,1.1465015389639184
13500.000000000002,34.15597469543041,1.0503899296444295
13516.666666666668,33.70853934372334,1.2466106626393871
13533.333333333334,33.921388253721325,1.3172475714690766
13550.000000000002,34.13313370313327,1.458686476900052
13566.666666666668,34.09700362048243,1.7201395273581614
13583.333333333334,34.12535127090006,1.8828772959277655
13600.000000000002,34.508763683233425,1.8840125186000167
13616.666666666668,34.60478452851116,1.8941260786889245
13633.333333333334,34.59152677547433,1.986849534357089
13650.000000000002,34.744023439286345,2.166072587377053
13666.666666666668,34.83550135094222,2.067323029820483
13683.333333333334,34.912505010222674,2.1222128976178625
13700.000000000002,34.966372544727676,1.9998296929036148
13716.666666666668,35.30004343983103,1.7282318059196258
13733.333333333334,35.64448419757325,1.577119202570477
13750.000000000002,35.78140654453891,1.5317465793897032
13766.666666666668,35.8630348443776,1.5156102513095076
13783.333333333334,36.12199700257906,1.3326660409204665
13800.000000000002,36.66839356471765,1.0464509715308667
13816.666666666668,36.89468331636083,0.8049537181737545
13833.333333333334,37.07047968404445,0.9926331257333344
13850.000000000002,37.200180999132456,1.0419615208375785
13866.666666666668,37.32734920683679,0.9809800251181183
13883.333333333334,37.56658342640169,0.9929446845584243
13900.000000000002,36.57473042568247,1.9764559626007854
13916.666666666668,13.919213001977814,4.793071591622185
13933.333333333334,12.212411206150096,5.964341911938884
13950.000000000002,12.15405212566668,6.102488436666712
13966.666666666668,12.232394643955294,6.336472521155044
13983.333333333334,12.364339129629652,6.248576659259253
14000.000000000002,12.806619094786065,6.303533529468591
14016.666666666668,13.227535769105634,6.352913487905551
14033.333333333334,13.416628059815372,6.44810549597374
14050.000000000002,13.639927187100009,6.317989180700005
14066.666666666668,13.817093967199783,6.277805770697939
14083.333333333334,13.88816046057168,6.448953378801023
14100.000000000002,13.988745620606387,6.540391600732918
14116.666666666668,13.797815902255554,6.708234639411107
14133.333333333334,13.34267979303889,6.722342816366663
14150.000000000002,13.322194183365093,6.685727519177768
14166.666666666668,13.536829472630409,6.559925174174045
14183.333333333334,13.757125381587121,6.5006194617895785
14200.000000000002,14.06194005414373,6.421484396498304
14216.666666666668,14.259932174925476,6.40992276804586
14233.333333333334,10.709418756471598,6.023338633055513
14250.000000000002,4.962380680909667,5.888689189471928
14266.666666666668,5.311902387932831,6.136512175348814
14283.333333333334,5.188752756110798,6.324771996140837
14300.000000000002,5.15962464756912,6.598070610905834
14316.666666666668,5.324779645965884,6.519795019629076
14333.333333333334,5.04752884730698,6.561484295947967
14350.000000000002,4.80133413509295,6.4916408855245304
14366.666666666668,4.559512174118478,6.47583524311178
14383.333333333334,4.384106934039257,6.640782762470117
14400.000000000002,4.290232786393186,6.5546585874103815
14416.666666666668,4.453430101491895,6.48500681075486
14433.333333333334,4.220313182613528,6.349450887982883
14450.000000000002,4.10995269440279,6.372662910394801
14466.666666666668,3.952685849150823,6.3255373234487955
14483.333333333334,-16.460368024720978,7.232399859055556
14500.000000000002,-35.593768280660036,5.985193874462893
14516.666666666668,-34.35212440765209,6.20900159407185
14533.333333333334,-34.88111950061051,6.262069619780219
14550.000000000002,-34.960262688144056,6.090384895047541
14566.666666666668,-35.32918030459675,5.925150605613904
14583.333333333334,-35.96637067235115,5.923241316373845
14600.000000000002,-36.62656014616676,5.899106873583291
14616.666666666668,-37.18045966329277,6.069133785225969
14633.333333333334,-37.57032774447778,6.209743034011115
14650.000000000002,-37.754546570929136,6.286640094954997
14666.666666666668,-37.983244246844436,6.342500377088907
14683.333333333334,-38.104143966311064,6.326805697600013
14700.000000000002,-37.947089518116684,6.344004177933437
14716.666666666668,-38.2371325243389,6.4877251350611305
14733.333333333334,-38.68592848193543,6.576065901773126
14750.000000000002,-39.13288127030193,6.58736511268966
14766.666666666668,-39.67893231098893,6.633390569611123
14783.333333333334,-40.06759095028042,6.588971821816863
14800.000000000002,-40.56290764514983,6.565959533422724
14816.666666666668,-40.85517700173333,6.377660659644439
14833.333333333334,-41.378394701992605,6.427290214582988
14850.000000000002,-41.57339976646679,6.507262290854582
14866.666666666668,-41.860838204640295,6.773185591337009
14883.333333333334,-42.690968939202655,6.687227538691754
14900.000000000002,-41.24366540474718,6.805123415242337
14916.666666666668,-13.710851375191279,6.152587627716597
14933.333333333334,-10.009185795723518,5.985199931203424
14950.000000000002,-10.741372355538818,6.448279633633659
14966.666666666668,-10.532273944477641,6.613747290072452
14983.333333333334,-10.435151513555553,6.544054508222218
15000.000000000002,-10.887911988666685,6.5589876406666585
15016.666666666668,-11.0183903480185,6.60433679848259
15033.333333333334,-11.579534806222245,6.554419134133332
15050.000000000002,-11.901112828983356,6.606358181866678
15066.666666666668,-12.189523714222233,6.810214535777779
15083.333333333334,-12.756901353302307,6.829892727272703
15100.000000000002,-13.423055987160284,6.796117981657502
15116.666666666668,-13.96868107150314,6.788460117702259
15133.333333333334,-14.53560331379464,6.801576078753604
15150.000000000002,-14.768712177354558,6.830959818817519
15166.666666666668,-15.104190209941846,6.882268745973979
15183.333333333334,-15.355199509745292,6.99290030574474
15200.000000000002,-15.69904666611694,7.118529587522889
15216.666666666668,-15.348458532767232,7.0070380452436405
15233.333333333334,-15.447424842742745,6.932312134756977
15250.000000000002,-12.089746277687901,7.050095611739187
15266.666666666668,-2.2254519081251813,6.453787252458623
15283.333333333334,-3.8907106460728933,6.152966993702227
15300.000000000002,-4.049195090666691,6.2941329770832795
15316.666666666668,-4.382442381394321,6.134702311517255
15333.333333333334,-4.791074841327779,6.167149097611118
15350.000000000002,-4.970703908068891,6.164820911905761
15366.666666666668,-5.417271740229893,6.152975331928478
15383.333333333334,-5.686947886050128,6.178353435628743
15400.000000000002,-6.191376017774502,6.150751384474402
15416.666666666668,-6.556788969802478,6.239189746531245
15433.333333333334,-6.890672217650042,6.222918505983277
15450.000000000002,-7.199069130645429,6.09608585130245
15466.666666666668,-7.349836095825727,6.120791267917318
15483.333333333334,-7.6293774125159874,6.2588331618135165
15500.000000000002,-7.7974253611789,6.191270870121936
15516.666666666668,-7.838045286861122,5.953008909166661
15533.333333333334,-8.070666225303079,5.8398177721388045
15550.000000000002,-8.282966779373027,5.753337725429385
15566.666666666668,-7.836901060206458,5.721162203774003
15583.333333333334,-8.027014562666672,5.636356901166673
15600.000000000002,-7.8155026511333086,5.625365309066654
15616.666666666668,-7.901069039158195,5.553212487012056
15633.333333333334,-8.128294601640532,5.4427092764097385
15650.000000000002,-2.221128915399547,6.738900233666641
15666.666666666668,-0.3871082908864296,6.819329509892594
15683.333333333334,-1.0416934685954065,6.968656561208384
15700.000000000002,-0.911952463708906,7.187905168128953
15716.666666666668,-1.2642862129768637,7.370213109001065
15733.333333333334,-0.9078601687222227,7.353243720677782
15750.000000000002,-0.6444478403185622,7.2996752998672445
15766.666666666668,-0.6999573281333431,7.292377324011116
15783.333333333334,-0.977863000942578,7.252887292259934
15800.000000000002,-1.0100566247703848,7.20606402081448
15816.666666666668,-1.03808098151845,7.126563731046732
15833.333333333334,-1.0884119014792686,7.002833298187072
15850.000000000002,-1.0994880444055586,6.974229901881473
15866.666666666668,-1.4043532714840594,6.981528161327548
15883.333333333334,-1.6123519554444417,7.023439766355558
15900.000000000002,-1.8501551920833401,6.973379343000006
15916.666666666668,-1.8157900112222236,7.072854557833334
15933.333333333334,-1.876182638253162,7.114807066058595
15950.000000000002,-1.8660236261833294,7.084329028299996
15966.666666666668,-2.034818057721151,7.104983094297296
15983.333333333334,-2.037747043666662,7.186679253666665
16000.000000000002,-2.2751405512897707,7.225257626264635
16016.666666666668,-2.3688457404520293,7.2712897445221625
16033.333333333334,-2.3076820228163784,7.2012005077183625
16050.000000000002,-2.1973672962258015,7.113850851703426
16066.666666666668,-0.5643383713118242,7.163062613710551
16083.333333333334,5.1711014110333835,6.903681930225328
16100.000000000002,5.163825239583357,7.095476297916651
16116.666666666668,4.769295593485617,6.916926875176469
16133.333333333334,4.585778175408723,6.7839448223890555
16150.000000000002,4.27720887524574,6.804322333766517
16166.666666666668,4.194385506979844,6.924076089649602
16183.333333333334,4.237221610510211,6.600486072275068
16200.000000000002,4.095045415583273,6.320091513749936
16216.666666666668,3.91449899420845,6.161285643705897
16233.333333333334,3.739780895058018,6.170607249786224
16250.000000000002,3.513836746703288,6.272437406493053
16266.666666666668,3.2940401555777745,6.509664779111153
16283.333333333334,3.2137458577034073,6.576395056748809
16300.000000000002,3.121372536601617,6.593286161280644
16316.666666666668,3.1339581201253783,6.524690270272369
16333.333333333334,3.0034785906695505,6.431473074721254
16350.000000000002,2.9109329670000017,6.37409055759999
16366.666666666668,2.6187081122461344,6.409737038719188
16383.333333333334,2.45591399610555,6.546619424316666
16400.0,2.270004601215411,6.733310063619661
16416.666666666668,3.704700393538504,6.440451987609746
16433.333333333336,5.544322394624889,5.1969711132642855
16450.0,5.475701907833391,5.149771041033349
16466.666666666668,5.124724703955558,5.035115795244478
16483.333333333336,4.641068274059249,5.051032931398972
16500.0,4.207291027012649,4.984875389221567
16516.666666666668,4.4826338138513675,4.988691320521378
16533.333333333336,4.336240887982849,4.839690935890175
16550.0,4.086141520298504,4.867387124228864
16566.666666666668,4.02893073807453,4.69593949853251
16583.333333333336,4.010692805093323,4.698795070935069
16600.0,3.8983306953333217,4.708082457133285
16616.666666666668,3.767814346947499,4.685363427594623
16633.333333333336,3.6105768629796167,4.814494863448177
16650.0,3.554667075237628,4.97750326418209
16666.666666666668,3.3676358841166634,4.878735204244418
16683.333333333336,3.3220329827111366,4.934753349422244
16700.0,3.1586417023845366,4.963620158729382
16716.666666666668,3.032296052055564,4.992677677544453
16733.333333333336,2.8013517656585307,4.932826371857493
16750.0,2.6046699650000202,4.9040709677999805
16766.666666666668,2.5067686862624075,4.731706559309246
16783.333333333336,2.252954986144407,4.709514714099991
16800.0,1.8145462261869278,4.70974698390805
16816.666666666668,-9.045929340906593,4.774823236696593
16833.333333333336,-22.3762199084625,5.343029062851709
16850.0,-22.339894307753738,4.4790887429047865
16866.666666666668,-23.28302969459937,4.82675674306109
16883.333333333336,-23.37340384374443,5.005657143255597
16900.0,-23.6118757517408,5.097930772580376
16916.666666666668,-23.46685471069806,5.024617404750099
16933.333333333336,-23.662789642635115,4.937236302541816
16950.0,-23.962175500982344,4.659532718181808
16966.666666666668,-24.244789935047564,4.7759459123874
16983.333333333336,-24.411653672325247,4.758463223144589
17000.0,-24.66352314601431,4.6381914643701165
17016.666666666668,-24.797352514222197,4.5695670060277855
17033.333333333336,-25.445154041115032,4.43782539449153
17050.0,-25.791471728128137,4.494269982182187
17066.666666666668,-26.265005254335826,4.4742808266134295
17083.333333333336,-26.58635752020915,4.47324968583031
17100.0,-26.868357912643663,4.528329895785436
17116.666666666668,-27.139740803944814,4.67217718863295
17133.333333333336,-27.387062571360275,4.8119131744744745
17150.0,-27.61604721475004,4.9225948426666974
17166.666666666668,-27.884605642398096,4.941838189436422
17183.333333333336,-28.345702291126656,4.972934182674209
17200.0,-28.935595383951828,5.0331821611835394
17216.666666666668,-29.340735913018467,5.005799180289427
17233.333333333336,-29.775373622571873,5.01077682758355
17250.0,-29.969132088001242,5.085146886070887
17266.666666666668,-30.218717015466652,5.115594830044444
17283.333333333336,-30.551235611527552,5.167845319223744
17300.0,-30.781766428485714,5.378708259620209
17316.666666666668,-30.702613898712396,5.669003371750464
17333.333333333336,-30.785687147384564,5.598093451669468
17350.0,-30.9955077881559,5.667050289855079
17366.666666666668,-31.115273371373156,5.719791933677452
17383.333333333336,-31.30148151483136,5.676675202137749
17400.0,-30.985455815548864,5.666379868418416
17416.666666666668,-31.161888454471683,5.840397448835533
17433.333333333336,-31.383791296096593,6.033220204347905
17450.0,-31.836689130666763,6.089796052000035
17466.666666666668,-32.061291159514774,6.183326640485289
17483.333333333336,-12.724947829943638,6.728663820295374
17500.0,18.817307826849323,8.139010568449839
17516.666666666668,21.859454745809607,8.956031755788656
17533.333333333336,21.447972285919676,9.141018742485336
17550.0,22.15322969117892,9.585331876938467
17566.666666666668,22.791593036426203,9.596172414076287
17583.333333333336,22.363915178689,9.461814299088822
17600.0,22.63729049350325,9.208673228135925
17616.666666666668,22.848442308101507,9.164865238725087
17633.333333333336,22.906050799722202,9.095101508333325
17650.0,23.027538274295214,9.02808951708126
17666.666666666668,22.97400130632536,9.111926443088235
17683.333333333336,22.984053863468993,9.199813073206581
17700.0,22.833524952872416,9.235934577788912
17716.666666666668,23.02991978018768,9.241041567399629
17733.333333333336,23.119586894829638,9.427604794114716
17750.0,23.304155924112052,9.607619950125065
17766.666666666668,22.051704771901832,9.535035413062056
17783.333333333336,9.166061088622275,7.436674863022173
17800.0,11.153691772513872,7.634838752923591
17816.666666666668,10.730704236469078,7.556653125879674
17833.333333333336,11.610563026873175,7.442181461022313
17850.0,12.395203169319352,7.3374148321321275
17866.666666666668,13.271544092576102,7.244942932583699
17883.333333333336,13.928853535555453,7.109414511111052
17900.0,13.64542725495771,7.102828610313887
17916.666666666668,12.836380451288905,7.377776769333277
17933.333333333336,13.47176037677589,7.4899011879981465
17950.0,14.068788247499972,7.460063346583359
17966.666666666668,14.529774758616112,7.3922774572632495
17983.333333333336,14.955076778967904,7.315360211572648
