0.0,2.390448100000003,5.529473999999997
16.666666666666668,2.2742317801678595,5.449328254149298
33.333333333333336,1.9726923545505095,5.914772271791884
50.0,-4.736818369786448,13.184425369235901
66.66666666666667,-4.184080627015139,13.349104021526388
83.33333333333334,-4.3978271468444445,13.515380180088894
100.0,-4.492160948855722,13.621333154726369
116.66666666666667,-4.449251178605148,13.69676856895441
133.33333333333334,-4.287314480600003,13.975459982344448
150.0,-4.104672784340178,14.156021314467251
166.66666666666669,-4.042355097893391,13.990101399455282
183.33333333333334,-4.303148013281296,13.96410675236118
200.0,-4.291288224083337,13.695797178916667
216.66666666666669,-4.511375769045631,13.356418153660165
233.33333333333334,-4.43309835768996,12.998479324734587
250.00000000000003,-4.155670377733334,12.762355401199999
266.6666666666667,-4.117861904932709,12.346445849443887
283.33333333333337,-4.076309015925928,12.083220843703705
300.0,-4.017043036735036,11.386002917642157
316.6666666666667,-3.7347747440561325,10.883699949575638
333.33333333333337,-3.884440835553338,10.721169159052058
350.0,-3.9922845123333346,10.367533300700002
366.6666666666667,-4.018617816602806,10.0425095365595
383.33333333333337,-4.221160156859155,9.614496789255004
400.0,-4.634465578022347,9.266374999516426
416.6666666666667,-4.726891215133336,8.89075189126667
433.33333333333337,-4.454374867712155,8.844121880497159
450.00000000000006,-4.492775639666666,8.717241491266664
466.6666666666667,-4.790647997577779,8.300771451333336
483.33333333333337,-4.974551409534121,8.00498204397801
500.00000000000006,-4.636054948682012,7.630386268501831
516.6666666666667,-4.847342055366568,7.628989736473793
533.3333333333334,-5.081428160139862,7.315728964024864
550.0,-4.955634684184179,7.212539133533531
566.6666666666667,-5.040290576788894,6.944759823966659
583.3333333333334,-5.447853859701492,7.040938604532894
600.0,-5.681283441207874,7.039691952085421
616.6666666666667,-5.903653669800856,6.827215774210906
633.3333333333334,-6.3227079519277805,6.79192713881111
650.0,-6.699784280733334,6.7303925238666675
666.6666666666667,-7.0416858446943245,6.756951075800985
683.3333333333334,-7.254083912910373,6.769471126900296
700.0,-7.265818628285853,6.648634285207401
716.6666666666667,-7.293090917552322,6.617093718196445
733.3333333333334,4.3241791333828665,4.958727980281944
750.0,7.8487534668168175,4.764923974591258
766.6666666666667,7.800305950880121,4.857001636764952
783.3333333333334,7.8439439784670055,4.8539037833249985
800.0,7.691051553706483,4.7492762458604
816.6666666666667,7.49470833562777,4.839155482105554
833.3333333333334,7.723888535791354,4.767883906562116
850.0000000000001,7.8080637923371725,4.6040375110444804
866.6666666666667,8.025229483088893,4.591873442727781
883.3333333333334,7.891009198561104,4.5021711895166705
900.0000000000001,7.929136536998165,4.605883291937364
916.6666666666667,7.879731761785349,4.462311743564021
933.3333333333334,7.995742396555559,4.465422274133338
950.0000000000001,8.073434822580648,4.38277732372069
966.6666666666667,8.156837409511105,4.156903069288893
983.3333333333334,8.24514259528569,4.059109689244262
1000.0000000000001,8.30060357176412,4.185488338730628
1016.6666666666667,8.456893452995722,3.929661220839578
1033.3333333333335,8.453722337596579,4.088143979400812
1050.0,8.655228247373682,3.9514881537768867
1066.6666666666667,8.843027461705665,3.9530187047010656
1083.3333333333335,8.92866749573676,3.9163823498971846
1100.0,8.867881612010667,4.157938520073303
1116.6666666666667,8.335297562911098,4.115569769555554
1133.3333333333335,8.173168389974508,4.182904644477677
1150.0,8.355311877084365,4.246071839707111
1166.6666666666667,8.264951805500012,4.471510312577777
1183.3333333333335,8.691817379222218,4.212739006172208
1200.0,-1.765213979890484,4.585520178563131
1216.6666666666667,-3.2910163279441043,4.442611752628074
1233.3333333333335,-3.1610530113557944,4.613743454621293
1250.0,-2.8210702860166696,4.443711057566663
1266.6666666666667,-2.655545902567945,4.39482912674671
1283.3333333333335,-2.6967659231666703,4.48355048657778
1300.0,-2.8627637873792886,4.496093660439563
1316.6666666666667,-3.053364009416665,4.597764806638886
1333.3333333333335,-3.0207450555499995,4.546109988794534
1350.0,-3.104326370066665,4.534381282666667
1366.6666666666667,-3.0735642358999997,4.541838846900001
1383.3333333333335,-3.0601481200991887,4.482460568488796
1400.0,-3.119954414825919,4.389414608479099
1416.6666666666667,-3.047292080323498,4.411160286404316
1433.3333333333335,-3.2142200531555503,4.516684222311127
1450.0,-3.090033582866665,4.3155706332999975
1466.6666666666667,-3.114957876022225,4.405043106822225
1483.3333333333335,-3.407864464078542,4.354458838699242
1500.0,-3.470006946856762,4.380679935451066
1516.6666666666667,-3.4852762162500035,4.36661349791667
1533.3333333333335,-3.473129571108881,4.352231843464707
1550.0,-3.465980886453125,4.281207844444451
1566.6666666666667,-3.4723070967856735,4.418771214030693
1583.3333333333335,-3.471563009401707,4.421792149572655
1600.0,-3.463198469915046,4.491883068965517
1616.6666666666667,-3.5035447687777785,4.497954229111114
1633.3333333333335,-3.6653778113334528,4.5984808611083245
1650.0000000000002,-3.719626540073416,4.683286944627962
1666.6666666666667,-3.821580056401264,4.6122046167362125
1683.3333333333335,-4.034763645793261,4.655255817611936
1700.0000000000002,1.7269655100666779,2.4915700440500284
1716.6666666666667,2.335575735242536,2.447573401587301
1733.3333333333335,2.2375969762881467,2.8455004902006555
1750.0000000000002,2.202046493546772,3.0544710715024306
1766.6666666666667,2.488263766443894,2.892278827869676
1783.3333333333335,2.6318172071329218,2.9399163439325644
1800.0000000000002,2.9300463122000044,2.6612284350333404
1816.6666666666667,3.0641954900444417,2.5017563104000002
1833.3333333333335,3.0829549394136273,2.3772370281137247
1850.0000000000002,2.752674631599127,2.465543673920293
1866.6666666666667,2.6823540156288166,2.45516357058497
1883.3333333333335,2.9921196616161643,2.4589112199911205
1900.0000000000002,3.3656774200300497,2.4401038945585043
1916.6666666666667,3.573588526122222,2.4073256226777815
1933.3333333333335,3.598566795265032,2.512453142271014
1950.0000000000002,3.6194142396468463,2.593249934649348
1966.6666666666667,3.738504706333328,2.4562831508333374
1983.3333333333335,3.622370128927776,2.5919469038500025
2000.0000000000002,3.536612359096208,2.3022325674503756
2016.6666666666667,3.413245176888005,2.272439009431655
2033.3333333333335,3.5827821113943052,2.2102100255872066
2050.0,3.851212676580173,2.3413696433300024
2066.666666666667,3.833224327521969,2.3796431657046027
2083.3333333333335,3.9891601677449766,2.2156427284420035
2100.0,3.970789080009998,2.3585335056471717
2116.666666666667,4.057189654783327,2.4241295445388764
2133.3333333333335,4.165960785700774,2.388732309508701
2150.0,4.098566641050001,2.3993844391833354
2166.666666666667,4.053821977357659,2.395491239380884
2183.3333333333335,4.090908806744441,2.353551179133337
2200.0,3.988307107988031,2.3127974177067783
2216.666666666667,4.023522390800952,2.22204200124507
2233.3333333333335,0.16211264888887797,2.606478066666673
2250.0,0.27906466266001695,2.809469564638406
2266.666666666667,0.4344809298280779,2.8057305319256627
2283.3333333333335,0.8803401876722191,2.8007390105444445
2300.0,0.8838699582877022,2.3811921446158957
2316.666666666667,0.7513321654284021,2.5723744664223376
2333.3333333333335,0.7326682554666656,2.3217887320888857
2350.0,0.4522182495504517,2.0418608640193123
2366.666666666667,0.6007233791395745,1.9324939130954384
2383.3333333333335,0.349851238549658,1.9199534509509486
2400.0,0.4668181729635138,1.9009319159920002
2416.666666666667,0.5679361992503782,1.8483514566438997
2433.3333333333335,0.6017919805902936,1.9016094087321422
2450.0,0.6842640901216086,1.8805063511077826
2466.666666666667,0.5192699958868392,1.781118829192366
2483.3333333333335,0.5878193771160015,1.7782459204482288
2500.0,-0.036454887418536766,1.5618329442105363
2516.666666666667,-0.3653411543228393,1.7245976514576105
2533.3333333333335,-0.5754102749847374,1.7821539636515142
2550.0,-0.6939152560719634,1.9167827436115294
2566.666666666667,-0.43135658012777833,1.8051350487888917
2583.3333333333335,-0.31873703846068496,1.8238331272661508
2600.0,-0.14051176174753624,1.8968933014507314
2616.666666666667,-0.6098303640153443,2.3357123793118886
2633.3333333333335,-0.8183551866222251,2.374004690844444
2650.0,-0.6503216810143506,2.3721620757757766
2666.666666666667,-0.6829167902235511,2.492167234890444
2683.3333333333335,-0.7902535504757235,2.4626528832137193
2700.0,-0.8791709090378476,2.379185362848092
2716.666666666667,-0.9579176103103151,2.428429857868986
2733.3333333333335,-1.0389290516591636,2.4047973582180004
2750.0,-1.1883798626666633,2.3176394834666714
2766.666666666667,-1.2678561331276736,2.367619214307159
2783.3333333333335,-1.2965083005606894,2.4439746732212027
2800.0,-1.3520576640653683,2.3774275080040024
2816.666666666667,-1.1349097786337625,2.435394569651495
2833.3333333333335,-0.9780847902784695,2.280328542387861
2850.0,-0.8810917880940413,2.2270428887443687
2866.666666666667,-0.9000822905794666,2.318857107596488
2883.3333333333335,-1.0867222403611139,2.4243604878111094
2900.0,-1.1061497805194767,2.4264187329004394
2916.666666666667,-1.2043421281974485,2.5078712924740154
2933.3333333333335,-1.297835184333326,2.6528594508722185
2950.0,-1.2047833852666694,2.788377397000005
2966.666666666667,-1.1145457020771117,2.777530250382219
2983.3333333333335,-1.1315216547777696,2.959162576305563
3000.0,-1.0805798528999926,2.9175531117333398
3016.666666666667,-0.9683033738519522,2.9111208062468896
3033.3333333333335,-0.9963873327727878,3.185207278354977
3050.0,-1.0242139250000006,3.117079716666672
3066.666666666667,-1.0473393164833311,3.3594637759388863
3083.3333333333335,-1.1012038020978936,3.536648824941733
3100.0,-1.2912584031666556,3.697429745766654
3116.666666666667,-1.4700491008581125,3.7614710784255094
3133.3333333333335,-1.707085936231882,3.929686331434283
3150.0,-1.7494974907879342,3.818159029335343
3166.666666666667,-1.9420322152081955,3.8763768562680894
3183.3333333333335,-1.9997133182666538,3.707382809249976
3200.0,-1.9713060678333358,3.7045996610666707
3216.666666666667,-1.9715092512021826,3.7385779665556287
3233.3333333333335,-1.9965942133777808,3.931368637933332
3250.0000000000005,-2.0229402944666677,3.7803197580166596
3266.666666666667,-2.225657805118854,3.726737754632394
3283.3333333333335,-2.306377963787451,3.8447976567450377
3300.0000000000005,-2.157315946420242,3.6335328910755993
3316.666666666667,-1.971833806480089,3.747317488516856
3333.3333333333335,-1.7255489068883323,3.822275236159601
3350.0000000000005,-1.7677977884108746,3.8791235935301014
3366.666666666667,-1.787601038241846,4.010046657608206
3383.3333333333335,-1.614062268524991,3.834593944477726
3400.0000000000005,-1.826719468210493,3.715080798389783
3416.666666666667,-1.8865644699522621,3.7555697481296573
3433.3333333333335,-1.9287966351231223,3.9240577841531845
3450.0000000000005,-1.9152763227188678,5.200803757442047
3466.666666666667,5.201098650000194,36.0
3483.3333333333335,-64.0,-36.0
3500.0000000000005,-64.0,-36.0
3516.666666666667,-64.0,-36.0
3533.3333333333335,-20.273229251185814,12.540270135068463
3550.0000000000005,4.141855938369168,27.14942685847887
3566.666666666667,3.919368659672027,11.844427057240042
3583.3333333333335,3.3963500242454563,2.849427241982085
3600.0000000000005,2.960088288499981,1.364446242883313
3616.666666666667,2.434128426344444,2.6834281026666713
3633.3333333333335,1.8046150165500057,3.1824554802277802
3650.0000000000005,1.5063180150483642,3.0961054774774763
3666.666666666667,1.3305047529568557,2.96532305777667
3683.3333333333335,1.0842698079055602,3.0917819811555565
3700.0000000000005,1.3491410019333248,3.158592305833317
3716.666666666667,1.7023622567617276,3.07886564541716
3733.3333333333335,2.003578627124674,3.148763512778607
3750.0000000000005,2.38070823333334,2.9776349333333307
3766.666666666667,2.5497073195555604,2.8974680693111132
3783.3333333333335,2.9012814255349912,2.728465829659277
3800.0000000000005,2.8190858425275724,2.7593678646272095
3816.666666666667,2.804370280511112,2.899666615177775
3833.3333333333335,2.7536838724301536,3.0060449848901643
3850.0000000000005,2.719740673236607,3.0900483489911617
3866.666666666667,2.6461529543036786,3.217422322795304
3883.3333333333335,2.3397242027417073,3.5095604721912967
3900.0000000000005,1.9706241316666575,3.4955345350000067
3916.666666666667,1.7629067822866358,3.6619190486756645
3933.3333333333335,1.7792679086351746,3.53890945385857
3950.0000000000005,1.547521677994348,3.269621745977012
3966.666666666667,1.509600339513586,3.2038044886723163
3983.3333333333335,1.9421668342889014,3.160376935511121
4000.0000000000005,2.3985227037351957,3.2809697797899013
4016.666666666667,2.329843195847129,3.1816779753258193
4033.3333333333335,2.384793722177755,3.1421595356122496
4050.0000000000005,2.511044998666662,3.16746478076666
4066.666666666667,2.3306266154444337,3.3289119788889017
4083.3333333333335,2.2518637217333324,3.4271587431000046
4100.0,2.272773663754372,3.4779952815443416
4116.666666666667,2.1687601800000045,3.2850253938401552
4133.333333333334,2.19060893558334,3.248563855505554
4150.0,2.1985064279085287,3.1270315008011957
4166.666666666667,2.335429848744448,3.00853989395556
4183.333333333334,2.113843783664077,2.7767537066700188
4200.0,2.1531508314342944,3.1006064006996485
4216.666666666667,2.2834252573777967,-1.6386949170778657
4233.333333333334,1.7360833708347034,-3.4991186943167754
4250.0,1.7395899255039144,-3.200067678127598
4266.666666666667,1.7544499504692073,-3.4641701058859464
4283.333333333334,1.949440000600009,-3.4282497909500127
4300.0,2.2933721620833287,-3.2821773219166626
4316.666666666667,2.669871617844446,-3.2980479630833335
4333.333333333334,2.780152095322223,-3.297218435416676
4350.0,2.850413094766665,-3.4998322015666745
4366.666666666667,2.878407889311955,-3.687253695568916
4383.333333333334,2.861361615444444,-3.7359445536666485
4400.0,2.8483946805763813,-3.7705610778277503
4416.666666666667,2.6589791000778935,-3.932956951777665
4433.333333333334,2.3515078142515766,-3.90149278849422
4450.0,1.8829490971333216,-3.7222565017333142
4466.666666666667,1.5792526683110901,-3.6161319408277626
4483.333333333334,1.4871421120115627,-3.481546024879108
4500.0,1.5897131076337179,-3.3753910405199545
4516.666666666667,1.8169535362777767,-3.483155599388885
4533.333333333334,2.0803078426824655,-3.379989730392982
4550.0,2.222085263900021,-3.352409894966663
4566.666666666667,2.3320412642594475,-3.5797075664382128
4583.333333333334,2.51912064680556,-3.602380481138887
4600.0,2.5607796542666645,-3.681803505200007
4616.666666666667,2.718474350283612,-3.6071753651318086
4633.333333333334,2.693849481815022,-3.6233923456701085
4650.0,2.795590434600006,-3.6332211614166328
4666.666666666667,2.794073315854738,-3.60882948200979
4683.333333333334,2.822625394697336,-3.876896207676086
4700.0,2.875537714192906,-3.9342662024987543
4716.666666666667,2.6654489073051386,-3.677380872974786
4733.333333333334,2.024559978211318,-3.5902484450225067
4750.0,2.06913370294559,-3.414719930004993
4766.666666666667,1.9577256864555574,-3.409531953022222
4783.333333333334,1.9250167525848123,-3.3583225143150583
4800.0,1.9855972986909942,-3.2648361785799285
4816.666666666667,1.7394602126984011,-3.3711047780663814
4833.333333333334,1.9592200710978287,-2.2752428137653053
4850.0,1.790874785259282,-1.8955803806903408
4866.666666666667,2.0661847547551546,-1.7001235907009045
4883.333333333334,2.147647940451996,-1.5464985077016948
4900.0,2.126766992596286,-1.440373657028523
4916.666666666667,2.2584248691376594,-1.1831396694819276
4933.333333333334,2.441510080122239,-1.0740858465111585
4950.0,2.35135174358974,-1.0319470227272685
4966.666666666667,2.0545710299449116,-1.112265453630445
4983.333333333334,1.676001306561637,-1.1452922570867579
5000.0,1.6515473082290117,-1.0029983273743937
5016.666666666667,1.8160873473041241,-0.9462987088623299
5033.333333333334,2.135982771527772,-0.9062592463444422
5050.0,2.0221540664332176,-0.7535627938802689
5066.666666666667,1.9893745826938039,-0.8198463259370552
5083.333333333334,1.965920412954634,-0.7008625696540663
5100.0,1.9599827993339962,-0.596375155877456
5116.666666666667,2.065595999122377,-0.6070041474802641
5133.333333333334,1.1162556182964456,4.685321383314058
5150.0,1.2642769238594715,5.479569772277723
5166.666666666667,1.229666724973592,5.853219588327496
5183.333333333334,1.409551642499297,5.847638736990853
5200.0,1.3576255271561826,5.819364259024309
5216.666666666667,1.4193365898231556,5.690999032599262
5233.333333333334,1.5168940382070015,5.807742043615063
5250.0,1.5951447864734378,5.976367232467094
5266.666666666667,1.5097292017491264,5.984631515686598
5283.333333333334,1.4489560040785106,5.918780472293751
5300.0,1.4286999023356706,6.100168431197863
5316.666666666667,1.2933449874103728,5.890432252598517
5333.333333333334,1.2048358856532282,5.91701577503607
5350.0,1.147075474546062,5.764338967899388
5366.666666666667,1.1297899777777707,5.963547917460325
5383.333333333334,1.0522754259481506,5.75878650162388
5400.0,0.7166342808070717,5.79675606631649
5416.666666666667,0.5302267384581323,6.045573758223553
5433.333333333334,0.6451294806806959,6.124401700967645
5450.0,1.08058442357846,6.265811549508084
5466.666666666667,1.63630368602635,6.288131474376065
5483.333333333334,1.876692643499059,6.160072699749735
5500.0,1.8834174576788385,6.162754065315997
5516.666666666667,1.8473457629333268,6.130786406044441
5533.333333333334,1.794768855755557,6.304235869172224
5550.0,1.7385324117392027,6.456120176855095
5566.666666666667,1.4627944819131895,6.5817908073925775
5583.333333333334,7.702708736951621,5.265681776305917
5600.0,8.460812830711793,4.758879648664345
5616.666666666667,8.509684253565668,4.8429092057195255
5633.333333333334,8.669194692770564,4.738168454176399
5650.0,8.665403085459396,4.6328559955978
5666.666666666667,8.819605693617476,4.5893849526251564
5683.333333333334,8.88984954891775,4.370643714951719
5700.0,8.70490662503748,4.253533610444776
5716.666666666667,8.777516441898753,4.112479950855077
5733.333333333334,8.639218369972234,4.032785284188885
5750.0,8.692815726586705,4.015288156588365
5766.666666666667,8.721762641654175,3.9588223058862844
5783.333333333334,8.698245968862212,4.097155212295042
5800.0,8.866809945427285,4.152095020089956
5816.666666666667,8.994691264373367,4.0185262251651865
5833.333333333334,9.215320720083923,3.7966998158208196
5850.0,9.479026700583335,3.727959536500001
5866.666666666667,9.445877712500007,3.6909320946666604
5883.333333333334,9.592891342549077,3.8818421891779167
5900.0,9.99727212142857,4.092240819913419
5916.666666666667,10.126712629284306,4.300929316435531
5933.333333333334,9.974657292781357,4.3709725828085615
5950.0,10.011080484984987,4.29134022187187
5966.666666666667,9.921304590578622,4.2778969405647285
5983.333333333334,9.604530321100004,3.9019380829555557
6000.0,10.003670014502163,3.9496449350649305
6016.666666666667,9.952033823077771,3.757579729222222
6033.333333333334,10.179525775865708,3.823394219804331
6050.0,10.180572813463455,3.838367281481482
6066.666666666667,10.233433909443617,3.902670762431218
6083.333333333334,10.456152379849703,3.7665561225261097
6100.0,10.56489544660663,3.842251383825245
6116.666666666667,10.553023095573355,3.6896279548771
6133.333333333334,10.842667531004397,3.889960250102837
6150.0,11.153477382108948,4.105515429851739
6166.666666666667,11.43995745111111,4.457062531111113
6183.333333333334,11.455418010539171,4.402293568710089
6200.0,11.350686147550038,4.496561125217397
6216.666666666667,11.049387188922017,4.257004984360506
6233.333333333334,11.062662697888126,4.385260357712045
6250.0,11.393877388638275,4.512649906516294
6266.666666666667,12.003750960691892,4.232672498550722
6283.333333333334,11.95382828171111,4.437952793566667
6300.0,12.488067181142094,4.45600524279548
6316.666666666667,10.520175068665273,4.431084735068369
6333.333333333334,-1.0627601411666532,5.729001466055528
6350.0,-2.1187250009324075,5.85058547902099
6366.666666666667,-2.155238482026458,5.71521407676566
6383.333333333334,-1.9700951204231554,5.542553911938466
6400.0,-2.0521948574678017,5.316221978290683
6416.666666666667,-2.1253469263520555,5.157334827180259
6433.333333333334,-1.9006261575893415,4.940104020505501
6450.000000000001,-1.8572656900549742,4.651081740329843
6466.666666666667,-1.8845316298444337,4.651510213922218
6483.333333333334,-1.7849146215496667,4.491117341909831
6500.000000000001,-1.8149377594666682,4.462959143500026
6516.666666666667,-1.9501292053917545,4.272746609806206
6533.333333333334,-2.257858344222229,4.2236283618
6550.000000000001,-2.3070593807017437,4.165198776140339
6566.666666666667,-2.2695919071519843,4.344545721439283
6583.333333333334,-2.244251189147935,4.348628268924053
6600.000000000001,-2.288193594916659,4.528212416066676
6616.666666666667,-2.583875853333336,4.438880769038874
6633.333333333334,-2.923530739962199,4.456690948782095
6650.000000000001,-3.0388277640153696,4.378174070885449
6666.666666666667,-3.2640916558663644,4.3784645271561775
6683.333333333334,1.4912970887665353,5.479646975869383
6700.000000000001,1.1183533236173422,5.814199003936207
6716.666666666667,1.0822202750083443,5.904812050539432
6733.333333333334,0.8675806336948145,5.655731610727384
6750.000000000001,0.4448782514757312,5.6781146469234915
6766.666666666667,0.39109640307777954,5.589315736611097
6783.333333333334,0.40000411525763047,5.580558486732243
6800.000000000001,0.5699565503666247,5.51077572843328
6816.666666666667,0.24409121415860405,5.3862364457012415
6833.333333333334,0.060461853086421255,5.284863115804701
6850.000000000001,0.053470499549783945,5.1888469608971155
6866.666666666667,-0.030414444189016666,5.181106201005056
6883.333333333334,0.47749237736069333,5.187585005605606
6900.000000000001,1.147924437033347,5.215321772000004
6916.666666666667,1.2732882456771677,5.1333397374923635
6933.333333333334,1.2248520665555496,5.008815615277779
6950.000000000001,0.8988577645155233,4.901895867317018
6966.666666666667,0.6293631725166713,5.300545622666666
6983.333333333334,1.0844982997779984,5.3036880837384786
7000.000000000001,1.2851308820833582,5.338008041433324
7016.666666666667,1.3074517825095633,5.186197033227937
7033.333333333334,1.1816294464888897,4.926883361777789
7050.000000000001,2.359964167215836,4.804620098369078
7066.666666666667,1.9666641911900333,4.744588626118615
7083.333333333334,2.200835676229339,4.917475950455103
7100.000000000001,2.2070467003333207,4.9897497580666546
7116.666666666667,2.237946606213556,4.980897568682318
7133.333333333334,2.263454628311221,5.107196019490016
7150.000000000001,2.2197087494580736,5.1787704061030295
7166.666666666667,2.3135400720057784,5.076257059163054
7183.333333333334,2.4091892445550402,5.279734214427877
7200.000000000001,2.690078700499983,5.330709311833393
7216.666666666667,2.7376540580888835,5.458096714538889
7233.333333333334,2.6959415656722117,5.7608754046444375
7250.000000000001,2.6617031901333332,5.894834469066661
7266.666666666667,2.5975917528888948,6.038556850044447
7283.333333333334,2.9088358718803895,6.08869506062476
7300.000000000001,3.1166837848833824,6.328320265883304
7316.666666666667,3.1624370864505273,6.377404428185105
7333.333333333334,2.8658434868267517,6.448593388894444
7350.000000000001,2.711220397651178,6.324264725587211
7366.666666666667,2.5880974333698448,6.262782808713634
7383.333333333334,2.3808495789716146,6.1474829288411454
7400.000000000001,2.3831230418666616,6.3283597328166294
7416.666666666667,2.432048358044447,6.308364312355562
7433.333333333334,2.5618221815536626,6.219420581198285
7450.000000000001,2.6768482080000258,6.197130251083324
7466.666666666667,2.725647355966874,6.052201176905117
7483.333333333334,2.741114792120621,6.028745148198128
7500.000000000001,2.9782598720106677,6.185582215531057
7516.666666666667,3.139985552379069,6.358306652352706
7533.333333333334,3.1411553299260793,6.515920679461957
7550.000000000001,2.9819473183632836,6.4512386491017875
7566.666666666667,2.724265445871501,6.354682000377592
7583.333333333334,2.470516264106836,6.348785047765015
7600.000000000001,2.41081920625939,6.4454430826907
7616.666666666667,2.5862442894885964,6.453068556471766
7633.333333333334,2.7001905172513174,6.421548398852881
7650.000000000001,2.77121722148333,6.3877229920999685
7666.666666666667,2.690351791175978,6.12875870669911
7683.333333333334,2.6444366016269623,6.1308501173524315
7700.000000000001,2.548950389389378,6.188548413963951
7716.666666666667,2.4434733277056235,6.132052376623373
7733.333333333334,2.355353216849809,6.106383746287039
7750.000000000001,2.3003962236063913,6.0853586899660606
7766.666666666667,2.497980004946925,6.031278564209886
7783.333333333334,2.6400036873825767,6.0640761938358
7800.000000000001,2.4605803849087753,6.165506749585402
7816.666666666667,2.2318676680055525,6.123354426444449
7833.333333333334,2.289704328855561,6.327428419533341
7850.000000000001,2.524619737866671,6.540065212000017
7866.666666666667,2.539002394505498,6.477160812831613
7883.333333333334,0.40054846712224457,6.621654803859304
7900.000000000001,-5.850141159820169,5.138379066916664
7916.666666666667,-6.426831010418271,4.796452046055933
7933.333333333334,-6.4085430603316755,4.717871712636819
7950.000000000001,-6.611451154606019,4.573097051257726
7966.666666666667,-6.692900035320232,4.508629327306021
7983.333333333334,-6.803357194583485,4.5064314355800255
8000.000000000001,-7.097218427236386,4.52249400589704
8016.666666666667,-7.166255037875503,4.59852749619635
8033.333333333334,-6.904412221410691,4.395987855116437
8050.000000000001,-6.882557614507272,4.265250931098876
8066.666666666667,-6.892915118698236,4.097405809338001
8083.333333333334,-6.949105511777778,3.978996641722225
8100.000000000001,-6.990970515148487,3.9343125404070465
8116.666666666667,-6.935896317863291,3.8361568214836916
8133.333333333334,-6.9329232271999945,3.7561787199777785
8150.000000000001,-7.13461885659342,3.6858855915918216
8166.666666666667,4.30023578187982,4.23516565469401
8183.333333333334,6.119016219519511,4.610443215426572
8200.0,5.915527599716673,4.583284582500005
8216.666666666668,6.073865930233087,4.728219290610617
8233.333333333334,6.033302069951232,4.468188857435803
8250.0,5.874131511594206,4.42747571739131
8266.666666666668,5.67150533856928,4.170460549874942
8283.333333333334,5.62188094570429,4.358967503624146
8300.0,5.703635509204599,4.527255670401879
8316.666666666668,5.829693257833348,4.601388801277775
8333.333333333334,6.249431815290269,4.524682472233321
8350.0,6.546687424428888,4.255738982174424
8366.666666666668,6.515818003327761,4.258611120038904
8383.333333333334,6.421375689934382,4.395469153787123
8400.0,6.391698805966672,4.359002949683329
8416.666666666668,6.450273667981674,4.4416295390794875
8433.333333333334,6.2982907587102686,4.460589497624256
8450.0,6.281806082166657,4.531245054966646
8466.666666666668,6.370237410966654,4.406328224588975
8483.333333333334,6.485952777495,4.406031916239748
8500.0,6.685461747106872,4.367679438102357
8516.666666666668,7.0006404420188115,4.066610575461604
8533.333333333334,7.17716065015555,3.978804263555589
8550.0,7.72499940213308,4.110094175066679
8566.666666666668,8.132390741969148,3.8372695201301794
8583.333333333334,8.477181840740732,3.8088851461350304
8600.0,8.891288868284148,3.630429684658993
8616.666666666668,9.145103078790386,3.6349655191231633
8633.333333333334,9.25399642480258,3.5688458246802357
8650.0,9.728507294166654,3.4827333316666578
8666.666666666668,9.808074500767457,3.4045073927260385
8683.333333333334,9.740107400957479,3.399940999009128
8700.0,9.89422182846668,3.4866451826666984
8716.666666666668,9.974195027471938,3.3662657044155617
8733.333333333334,10.226942711305679,3.334885392635215
8750.0,10.328494769819812,3.092144160110124
8766.666666666668,10.627562482103425,3.037804562391052
8783.333333333334,10.943623259029527,2.7448784409871654
8800.0,11.414110878110947,2.4981530046976475
8816.666666666668,11.81503310779221,2.194764108874527
8833.333333333334,11.996373872297262,1.8937586272413753
8850.0,12.11464975469062,1.7256770790419165
8866.666666666668,12.357335718324215,1.52311006458432
8883.333333333334,12.83398894014112,1.4369458046088026
8900.0,2.7994317782805287,3.3772784821140713
8916.666666666668,-2.0016030263292026,5.098718591308798
8933.333333333334,-2.1623202429655355,5.262302384557441
8950.0,-1.6227256779886732,5.236650594405613
8966.666666666668,-1.657083665292998,5.079970804143125
8983.333333333334,-2.033333575649986,4.981428695905549
9000.0,-2.184605978889453,4.965796063431723
9016.666666666668,-2.036232522255493,5.096002818422369
9033.333333333334,-1.7688760452961787,5.12008538429843
9050.0,-1.2772788796999965,5.066564109966668
9066.666666666668,-0.9530633800267221,4.989803000701373
9083.333333333334,-1.1905334461760442,4.965075781385286
9100.0,-1.4045406619356982,4.9283627437114665
9116.666666666668,-1.4014230388666826,4.968555547466682
9133.333333333334,-1.403237060472204,5.081682444666664
9150.0,-1.5094693678833389,5.155812810416667
9166.666666666668,-1.5554709959221675,5.322945165383304
9183.333333333334,-1.4638701652874901,5.287843975597787
9200.0,-1.2010316514848214,5.3084489638638725
9216.666666666668,-1.0847471163889058,5.399305896111152
9233.333333333334,-1.08906909892724,5.432128492346175
9250.0,-1.141981658620697,5.539158178210887
9266.666666666668,-1.0817560605666177,5.464737762477812
9283.333333333334,-1.3209487318644888,5.370592153930889
9300.0,-1.1712252087376978,5.219256380540256
9316.666666666668,-1.1441763633332713,5.13859419824502
9333.333333333334,-1.031101568311931,5.01808477990662
9350.0,-0.9863259534934053,4.813464208754394
9366.666666666668,-1.0255188528265253,4.628089663937652
9383.333333333334,-1.157687952223889,4.485506678316399
9400.0,-1.3229032214666372,4.334402644433316
9416.666666666668,-1.389480759114885,4.337946060691886
9433.333333333334,-1.2482640188427543,4.412309722994832
9450.0,-1.3500942906666515,4.267754747499985
9466.666666666668,-1.5773042194819733,4.277975149963818
9483.333333333334,-1.619352646545799,4.272027224933453
9500.0,-1.878906123466668,4.348048174399999
9516.666666666668,-1.8397163157853824,4.368302018321489
9533.333333333334,-1.9549704460839656,4.5313252276504015
9550.0,-1.984675985871187,4.419345145831252
9566.666666666668,-2.2891855065889017,4.426113242699935
9583.333333333334,-2.071600752242761,4.27171587421488
9600.0,-2.097868237562456,4.10551802743923
9616.666666666668,-2.251242320951692,3.9798411465080394
9633.333333333334,3.79577276483705,2.9193119562507004
9650.0,4.054136342666658,3.1151692261333492
9666.666666666668,4.209226316891552,3.04853374524407
9683.333333333334,4.182189672759138,2.9340934380014523
9700.0,4.417960591200017,2.946804882399989
9716.666666666668,4.23822651116648,2.567975279173574
9733.333333333334,3.639886605842673,2.573323593616548
9750.0,3.451656186573385,2.5552613382475657
9766.666666666668,3.545114100772608,2.4507322085765053
9783.333333333334,3.8779713769999984,2.37260052233333
9800.0,3.994991794380522,2.3460742058028923
9816.666666666668,4.034973118092391,2.3821166692179356
9833.333333333334,3.9448221934398955,2.377816322732821
9850.0,3.683974612756373,2.5420464787060175
9866.666666666668,4.084743320421356,2.6437078482019003
9883.333333333334,4.250084516475087,2.8556822006108162
9900.0,4.265689306666667,2.888579322
9916.666666666668,4.428083311376405,2.860748007999196
9933.333333333334,4.509324323238397,2.898292001288236
9950.0,4.533622817710929,2.7094963569590735
9966.666666666668,4.540382800533363,2.572764137022236
9983.333333333334,4.552794484928553,2.1900684068239635
10000.0,4.450186595121934,2.0527022084785287
10016.666666666668,4.348878399366668,1.94190936277223
10033.333333333334,4.228008495360199,1.832506083116872
10050.0,4.027806520550005,1.5819298112500042
10066.666666666668,4.053591639780971,1.601007818336954
10083.333333333334,3.873710044711249,1.5441228718803737
10100.0,3.6390470205794387,1.7016967572427617
10116.666666666668,3.4082050668286716,1.5866242249761608
10133.333333333334,3.2794604366152824,1.2746648635504714
10150.0,3.30114230725362,1.2155608987827038
10166.666666666668,3.5220304265599003,1.3053514302691664
10183.333333333334,3.6558043325174814,1.4482012185758677
10200.0,3.9143830041292014,1.4810396864135913
10216.666666666668,4.098180014612861,1.6336749071090801
10233.333333333334,3.94112734851313,1.7659916341948516
10250.0,3.821005283058471,1.7490795351824004
10266.666666666668,3.934429060522252,1.8474294204000314
10283.333333333334,3.811416259649116,1.8354648385185146
10300.0,3.7755480021844257,1.8096172080206772
10316.666666666668,3.461806115641098,1.6836897260740746
10333.333333333334,3.362893576132534,1.328316712517347
10350.0,3.249332496464147,1.205466048738376
10366.666666666668,3.2611547666332825,1.2568054888222537
10383.333333333334,3.1910756935301268,1.397850413440071
10400.0,3.4075811828600058,1.221932557897317
10416.666666666668,3.352313234088888,1.4044586022555545
10433.333333333334,3.4562734135444457,1.3981414222888828
10450.0,3.5999164114666575,1.4113377388333197
10466.666666666668,3.7740092511377603,1.4337048504551044
10483.333333333334,3.817243431124449,1.4767647777555641
10500.0,3.8200268710855125,1.5031413186259868
10516.666666666668,3.6562205947970083,1.3628145997945638
10533.333333333334,3.326584427794443,1.3896278694111126
10550.0,3.3615208305000084,1.4023840864166741
10566.666666666668,3.489763917474609,1.3699524065411783
10583.333333333334,3.6135620152388923,1.249653252199978
10600.0,3.5630821609016268,1.2376568959275853
10616.666666666668,3.548098711127733,1.3038323033941206
10633.333333333334,3.7717701243072863,1.1039930662819888
10650.0,3.8230963816666574,1.002733863333336
10666.666666666668,4.002066130126163,0.9239455655216381
10683.333333333334,4.015133285859598,0.8458676711077746
10700.0,3.902145641358029,0.8232182653820493
10716.666666666668,3.8507224000722102,0.8978118657387838
10733.333333333334,3.9335879153876747,0.911175603003055
10750.0,4.001432935249999,0.8177790141333664
10766.666666666668,4.232247951443221,0.9247224950629755
10783.333333333334,4.208908787222229,1.1964875379166597
10800.0,4.423070141625045,1.49014053243423
10816.666666666668,4.474067257999995,1.6803200231444395
10833.333333333334,2.1378724898782804,-1.3087963222555046
10850.0,2.9830099923961666,-7.964529745072377
10866.666666666668,2.7924241207214884,-9.308248734067051
10883.333333333334,3.161655820950011,-9.729000265927779
10900.0,2.978666998333337,-9.675695041666657
10916.666666666668,2.7554156509111083,-9.934926994888905
10933.333333333334,2.3769690734222126,-9.765106856377763
10950.0,2.4169426623000034,-9.646432841916683
10966.666666666668,2.495235317319137,-9.804490882431011
10983.333333333334,2.4796300910045006,-9.811819766716638
11000.0,2.3151031471471457,-9.44139933183183
11016.666666666668,2.329342401161698,-9.500310125045857
11033.333333333334,2.245193403537129,-9.61072784124605
11050.0,2.2485268358308206,-9.768106486979688
11066.666666666668,2.2473992838469568,-9.800065493542148
11083.333333333334,2.1492939261742015,-9.9704729374076
11100.0,2.3682318529353243,-10.10483540412936
11116.666666666668,2.392613833989576,-10.223919287053754
11133.333333333334,3.0195280595186644,-6.190837159346266
11150.0,3.27134914274744,0.307953292633662
11166.666666666668,3.0380301781448305,1.5398039700422919
11183.333333333334,3.061318710722599,1.8977828974358901
11200.0,3.221307687260306,1.6494963867266712
11216.666666666668,3.209517040627772,1.603690183416681
11233.333333333334,3.2110723415408406,1.4753086605718728
11250.0,3.2319440179679506,1.1691285159659714
11266.666666666668,3.3368341698238124,1.2906331486910372
11283.333333333334,3.39222574853129,1.3012190355877642
11300.0,3.3619852862598063,1.2832754110722047
11316.666666666668,3.4047834133110704,1.4528666603278313
11333.333333333334,3.553649997637718,1.4634161909343761
11350.0,4.004453999532878,1.4425032880547275
11366.666666666668,4.14496295048588,2.14958653037379
11383.333333333334,4.102135342722248,4.468429802362367
11400.0,-26.68041392727551,0.6199501474331939
11416.666666666668,-64.0,-36.0
11433.333333333334,-64.0,-36.0
11450.0,-64.0,-36.0
11466.666666666668,6.6113997161035805,32.34469939786825
11483.333333333334,4.649867242777826,12.075756519722669
11500.0,3.674914094666661,0.8281857219998368
11516.666666666668,4.159212071800008,1.464445478766698
11533.333333333334,4.138435683966664,2.664805846883331
11550.0,3.923693499983471,2.773604397551707
11566.666666666668,4.117855474062991,2.7440289978621926
11583.333333333334,3.827632523444437,2.8232307643888848
11600.0,3.9276983576922855,2.736884583333326
11616.666666666668,4.143873365437654,2.8234481569569594
11633.333333333334,4.275721679660172,2.861330249153201
11650.0,4.262222130866672,2.953544063333322
11666.666666666668,3.9589386850555286,3.04666402838337
11683.333333333334,3.8193207530093662,3.0180341991179955
11700.0,3.8320114311822544,3.007546262581294
11716.666666666668,3.802427446458585,2.922319174026128
11733.333333333334,3.569287358023457,2.6172411776054374
11750.0,3.50889888640001,2.3063697183000005
11766.666666666668,3.7394160981314872,2.47062574823711
11783.333333333334,3.926146101178401,2.5453756503807394
11800.0,4.1095951530884305,2.695103999585811
11816.666666666668,4.215732291065593,3.0349631188240007
11833.333333333334,4.307915727575142,3.1194087386306855
11850.0,4.480257410880909,3.227673992989327
11866.666666666668,4.346327056605009,3.2789616846021046
11883.333333333334,4.0249339186684265,3.423149539002719
11900.0,4.222493787497925,3.512815864313138
11916.666666666668,4.418158593268707,3.5073246469742565
11933.333333333334,4.300538845444455,3.450360202699999
11950.0,4.395405763799958,3.337068451233348
11966.666666666668,4.476179192140505,3.293875383119337
11983.333333333334,4.711280372055555,3.4024550197777788
12000.0,4.856691785654855,3.5492522821268024
12016.666666666668,4.772152345599409,3.8235391075406655
12033.333333333334,4.395889757777775,3.609953201508516
12050.0,4.213171345088243,3.610182169497167
12066.666666666668,4.24787035542774,3.5787879740759614
12083.333333333334,4.421763848403566,3.684231449108798
12100.0,7.231380255311031,1.8738179448723928
12116.666666666668,7.014906604088875,1.561808618133436
12133.333333333334,7.044300874930458,1.7435550445278756
12150.0,6.737089708470867,1.7651720171752563
12166.666666666668,6.483459204202043,1.7574217948029571
12183.333333333334,6.31183515694446,1.6501904084722319
12200.0,6.1941198516925,1.634521371702533
12216.666666666668,6.018191064801883,1.5070771241092098
12233.333333333334,5.981266548972216,1.5527765045000188
12250.0,5.95894504348841,1.4396299634650909
12266.666666666668,5.774319537591022,1.5549580030126118
12283.333333333334,5.783518257781119,1.4366567657009706
12300.0,5.635149555577739,1.404275765303406
12316.666666666668,5.370609508166647,1.448754824166663
12333.333333333334,5.129512499093411,1.5334487994693162
12350.0,5.149281939480242,1.4672603903548267
12366.666666666668,5.2357103243656065,1.4474675958021233
12383.333333333334,5.379181887698607,1.218798940541437
12400.0,5.404719460830415,1.406398035250955
12416.666666666668,5.373365155699569,1.477307752597763
12433.333333333334,5.276988960355544,1.5567108219555639
12450.0,5.425484654160454,1.5054939916957246
12466.666666666668,5.238845124751239,1.5447728850369478
12483.333333333334,5.205372167612057,1.5410281019574983
12500.0,5.200890574358977,1.4762397576923043
12516.666666666668,5.210666160729965,1.4271801724141417
12533.333333333334,5.173186464237164,1.4811474417028971
12550.0,5.006138995280973,1.5382760208604327
12566.666666666668,4.906004524719172,1.6144250411856647
12583.333333333334,4.747882670007215,1.7862058319715428
12600.0,4.723791719549992,1.8804996913000038
12616.666666666668,4.723239940088844,2.02782831208884
12633.333333333334,4.610069218364754,2.0980133510810868
12650.0,4.490074732633691,1.9403472243044884
12666.666666666668,16.3746350974262,2.4018678285467314
12683.333333333334,27.102521425711142,1.163827330877779
12700.0,27.784474694269537,1.2168602678827065
12716.666666666668,27.92870096366251,1.2006608319782424
12733.333333333334,27.709579725777786,1.2670045255555542
12750.0,27.4760925511089,1.3149546727530252
12766.666666666668,27.110432937404067,1.3478142393560273
12783.333333333334,27.034084877622124,1.3827650837251995
12800.0,26.919903491936825,1.557439299301779
12816.666666666668,26.697640662186814,1.7038625261379667
12833.333333333334,26.404902693668237,2.0224008518407635
12850.000000000002,26.165040839436372,2.2541146710188293
12866.666666666668,25.86614539274058,2.332923222155679
12883.333333333334,25.67008762421764,2.4276775647991027
12900.000000000002,25.549652615899994,2.3896706542666553
12916.666666666668,25.339742392385446,2.14105186344768
12933.333333333334,25.13489107094778,2.3736476805153286
12950.000000000002,24.7669232023216,2.450745680265345
12966.666666666668,24.643453745828467,2.441722915029696
12983.333333333334,24.520944195185738,2.4778284850352925
13000.000000000002,24.579498234865124,2.486723918831182
13016.666666666668,24.368453507361117,2.391071099861093
13033.333333333334,24.234375149197632,2.244176620456438
13050.000000000002,24.24806359485254,2.09620270016655
13066.666666666668,24.114601716786066,1.9085519957799082
13083.333333333334,24.026180518561045,1.9686702582903373
13100.000000000002,26.541660900700293,1.239420115042294
13116.666666666668,26.712103121461887,0.6968273472083013
13133.333333333334,26.85431355941304,0.6029386410594059
13150.000000000002,27.07183870715361,0.5198725148074531
13166.666666666668,26.89686692882236,0.6156840420282563
13183.333333333334,26.43021992776387,0.6757228075684508
13200.000000000002,26.077156440226442,0.5474196273725769
13216.666666666668,25.965256449293726,0.7063684021132343
13233.333333333334,26.13766965075868,0.6439847816241056
13250.000000000002,25.99127647843323,0.69861215743342
13266.666666666668,25.52977427574544,0.5650712609806724
13283.333333333334,25.270781792099967,0.5200358523944408
13300.000000000002,25.038666439116692,0.48799148906670164
13316.666666666668,25.195376468811144,0.5478281763388909
13333.333333333334,25.43522195894275,0.37315493793103205
13350.000000000002,25.25483379766667,0.39394843533333634
13366.666666666668,25.17147304182354,0.2498032416513931
13383.333333333334,25.26112007733354,0.1235704022988592
13400.000000000002,25.190656149274616,0.040248527680516816
13416.666666666668,25.113774140166676,0.008368365088889733
13433.333333333334,25.060423015217737,0.22569246282497424
13450.000000000002,24.961392390361805,0.32043211018844703
13466.666666666668,24.841732976322213,0.3141174952888975
13483.333333333334,24.654706051019954,0.6026651937746694
13500.000000000002,24.397663563934678,0.6269439340496393
13516.666666666668,24.072777294269496,0.6579718441223548
13533.333333333334,23.819480635496763,0.4555983326676608
13550.000000000002,24.014316289949996,0.3991070206833687
13566.666666666668,24.37457781985278,0.47422171713444294
13583.333333333334,24.520782443538884,0.35829633422222096
13600.000000000002,24.517645001850905,0.5190168202434788
13616.666666666668,24.476197329377786,0.44964378233328656
13633.333333333334,24.340853884592253,0.3666294213051098
13650.000000000002,24.268077067934573,0.3754549673340226
13666.666666666668,24.05351565867933,0.44810916432658077
13683.333333333334,24.120315487599687,0.2621990054666291
13700.000000000002,9.049041474398408,2.5675426151999035
13716.666666666668,3.990333850180528,4.062518915763437
13733.333333333334,4.172317074652402,4.400102587921238
13750.000000000002,4.3290875618190965,4.673165146626683
13766.666666666668,4.18233196628353,4.688182448231428
13783.333333333334,4.744683033611099,4.583150425066674
13800.000000000002,4.948220157228645,4.527850088827728
13816.666666666668,4.884984563823633,4.605579727219715
13833.333333333334,4.627346319434733,4.708265511149981
13850.000000000002,4.233682309364903,4.734256127445504
13866.666666666668,4.369789336557887,4.976463269375098
13883.333333333334,4.4137891328997805,5.060520224301041
13900.000000000002,4.427248683533288,5.275315654200047
13916.666666666668,4.593099697115883,5.456104447544076
13933.333333333334,4.666412431417606,5.576462123754808
13950.000000000002,4.560220097145739,5.6508744590385716
13966.666666666668,4.6335180409669885,5.730151378256279
13983.333333333334,4.696253243472702,5.712688676339595
14000.000000000002,4.75765045555552,5.572623515558921
14016.666666666668,5.0451493356912644,5.6146887154042515
14033.333333333334,5.01346630664442,5.778073752111025
14050.000000000002,4.937154696117465,5.832198882694537
14066.666666666668,5.019227263815272,5.639540117169744
14083.333333333334,5.143888650610467,5.631611481691477
14100.000000000002,5.357556268748954,5.570910895951991
14116.666666666668,5.289266553384417,5.478010762068973
14133.333333333334,5.357172141523683,5.433819785973675
14150.000000000002,5.251617292792755,5.463141109626336
14166.666666666668,5.136683671134409,5.3432834973581755
14183.333333333334,4.802188085125899,5.336506133561223
14200.000000000002,6.878434668914764,3.6744726961459437
14216.666666666668,7.1616709662942295,2.2449067534489164
14233.333333333334,7.030068398793245,1.9698322644366613
14250.000000000002,7.120788851515212,1.6715204666666217
14266.666666666668,7.177566466766712,1.6709029101828705
14283.333333333334,7.249736566988401,1.6803937763410484
14300.000000000002,7.344400994883357,1.724343241699997
14316.666666666668,7.2205681924925145,1.8243296784896013
14333.333333333334,7.148907102962967,1.8416566712169302
14350.000000000002,7.068908187510417,1.7732488866599796
14366.666666666668,6.948957201444445,1.804591895611115
14383.333333333334,6.817603715444423,1.6872062211110934
14400.000000000002,6.791276360606147,1.6644382987678852
14416.666666666668,6.521733544222068,1.3626240727141257
14433.333333333334,6.61116716710904,1.409736762418679
14450.000000000002,6.542271955433115,1.4681600610916525
14466.666666666668,6.854706304666678,1.235793035888878
14483.333333333334,6.860457903890563,0.9254267463369974
14500.000000000002,6.301221188033321,0.8576883071999665
14516.666666666668,5.968592347964634,0.8301447115115063
14533.333333333334,5.908215460047522,0.7533241443615671
14550.000000000002,6.126702191230735,0.6304256420859881
14566.666666666668,6.442438357550976,0.6227605048246256
14583.333333333334,6.546953603777782,0.6673131128888883
14600.000000000002,6.578155291962614,0.7263466277138663
14616.666666666668,6.484476950158418,0.8840702269690599
14633.333333333334,6.416437061451589,1.1301651797652654
14650.000000000002,6.310296803664817,1.2817209927369853
14666.666666666668,6.204297025655507,1.4656569946000086
14683.333333333334,6.2338674554408415,1.4277485487007473
14700.000000000002,6.356560673427532,1.450838737086434
14716.666666666668,6.306380241066696,1.2405201223555486
14733.333333333334,5.906485809902528,1.1816832484210602
14750.000000000002,5.512621960666622,1.2428258046667309
14766.666666666668,5.2896370240889015,1.2977461014944225
14783.333333333334,5.384549807581832,1.457224943542635
14800.000000000002,-0.8496890219922093,2.10303229486933
14816.666666666668,-17.8140535059082,2.2678240411009476
14833.333333333334,-25.8315327728253,3.671983988672131
14850.000000000002,-26.236722512354252,3.4920111016317446
14866.666666666668,-26.122536118103486,3.4183915727530434
14883.333333333334,-26.001856683430603,3.334914448001779
14900.000000000002,-25.742989375999993,3.499692867249997
14916.666666666668,-25.98076513426669,3.606413662711114
14933.333333333334,-26.02795964202101,3.7206310782502316
14950.000000000002,-26.80707858991013,3.53535336704965
14966.666666666668,-27.277531094205802,3.3342639253302275
14983.333333333334,-27.53175833441558,3.2593203930014507
15000.000000000002,-28.0585706789939,3.134137750091592
15016.666666666668,-28.35883820636279,3.2309003156646794
15033.333333333334,-28.534460401050534,3.155955271863702
15050.000000000002,-28.85929984435003,3.3336971862167113
15066.666666666668,-28.744399544777767,3.486298144361155
15083.333333333334,-28.676940563701507,3.480358374257328
15100.000000000002,-28.91304281884068,3.550792988405796
15116.666666666668,-29.112757110827665,3.6986487920460043
15133.333333333334,-29.336797273886948,3.7155645823189283
15150.000000000002,-29.73226096693202,3.7809980095190223
15166.666666666668,-29.89170660450002,3.61271980244444
15183.333333333334,-30.00850194317715,3.2670851653882647
15200.000000000002,-29.720084903999975,-2.1136727773335924
15216.666666666668,-29.59016816859807,-7.234444111044524
15233.333333333334,-30.5590006705111,-7.63108050339999
15250.000000000002,-31.4399083558834,-7.803582901900021
15266.666666666668,-32.10640301172255,-7.768720727224682
15283.333333333334,-32.71554466843976,-8.173398837279743
15300.000000000002,-32.87753921876459,-8.262573825524491
15316.666666666668,-32.834264481096675,-8.443002542712849
15333.333333333334,-33.05675356947223,-8.60750766784445
15350.000000000002,-33.23063454665003,-8.706550582283317
15366.666666666668,-33.37895943400009,-8.841625409111156
15383.333333333334,-33.32467341886056,-8.85379591501081
15400.000000000002,-33.325912344172124,-8.928012008120747
15416.666666666668,-33.8115470077778,-8.9891351153333
15433.333333333334,-33.9070473147926,-9.060110414709175
15450.000000000002,-34.05672927822244,-9.037322904402174
15466.666666666668,-34.296490047579404,-9.302607630532032
15483.333333333334,-15.183921567624191,-6.993164092697654
15500.000000000002,14.96832882760799,-2.833772455843816
15516.666666666668,27.881084749269128,0.4715977953702786
15533.333333333334,27.99820182816073,0.9008147783438942
15550.000000000002,27.36675215676673,1.3594099684333065
15566.666666666668,26.827641705852912,1.6777693321827643
15583.333333333334,26.662257287111117,1.8724883342222256
15600.000000000002,26.556926142510378,1.7312664654862768
15616.666666666668,26.284985245222618,1.664957000533596
15633.333333333334,26.333037116948592,1.4790209870259894
15650.000000000002,26.363466053146887,1.360370890675991
15666.666666666668,26.418229320863954,1.416456005950812
15683.333333333334,26.583937110727575,1.5702955450280622
15700.000000000002,26.80806338143143,1.6369414535034923
15716.666666666668,26.91127935230325,1.5218444058774125
15733.333333333334,27.326271875889834,1.644251638275309
15750.000000000002,27.73395096938196,1.6540726580875451
15766.666666666668,27.887733871022895,1.7332135427791477
15783.333333333334,28.049632312955552,1.7916062862777733
15800.000000000002,24.803769624586025,1.8670266074964403
15816.666666666668,11.378490324088444,1.5555149496222036
15833.333333333334,9.931886697939296,1.4624786096742057
15850.000000000002,9.887391001802724,1.7527830300951028
15866.666666666668,10.372123443866672,1.5413197178444473
15883.333333333334,10.136973117097433,1.3459937335667855
15900.000000000002,10.291250308900075,1.3564734821667268
15916.666666666668,10.600110490236204,1.3296177493321504
15933.333333333334,11.060512596111378,1.2565132670383332
15950.000000000002,11.597918043866715,1.1055202378666698
15966.666666666668,11.549075467022606,1.1287302446112661
15983.333333333334,11.380212795338,1.1451874865134986
16000.000000000002,11.68233494813252,1.0552163414490374
16016.666666666668,12.064379969105556,1.0031947022055496
16033.333333333334,12.142797151981343,0.9263108617937648
16050.000000000002,12.044300944110168,1.0050050280128808
16066.666666666668,12.770928417393726,-1.6870806986569218
16083.333333333334,13.224024135239675,-1.7506856998281968
16100.000000000002,13.532824513876417,-1.945316583025184
16116.666666666668,13.76342803492464,-2.195309040284732
16133.333333333334,13.751624895138892,-2.078735078472225
16150.000000000002,13.813850236681656,-2.0472727752123583
16166.666666666668,14.032439441955583,-2.102657892800031
16183.333333333334,14.467305088527947,-2.130165134899212
16200.000000000002,14.887562548400084,-2.2725419226666936
16216.666666666668,15.065406123445616,-2.4032618100545737
16233.333333333334,30.64430868311888,-4.352181537028272
16250.000000000002,53.232258967180925,-9.498455626931985
16266.666666666668,53.7700995191414,-9.29172734272606
16283.333333333334,54.51669352461232,-9.350686457767782
16300.000000000002,54.403620165250025,-9.289039521833303
16316.666666666668,54.618074816535966,-9.311318178183956
16333.333333333334,54.86817444208451,-9.19339087635071
16350.000000000002,55.068001412746064,-9.105340387587589
16366.666666666668,54.95117704103674,-9.183945062948156
16383.333333333334,55.037798179679676,-9.098543515704602
16400.0,55.53048057200447,-8.883708640545176
16416.666666666668,56.31252529302226,-8.847910035205587
16433.333333333336,56.649043827023114,-8.667975382606569
16450.0,56.70111273073461,-8.770057344477733
16466.666666666668,56.490345917125246,-9.090622983213832
16483.333333333336,56.77475739456953,-9.386619534117111
16500.0,57.148363975,-9.611964641333369
16516.666666666668,57.68203950555277,-9.659398279463637
16533.333333333336,57.99377911951802,-9.572140988011553
16550.0,58.228409114449995,-9.68608964649997
16566.666666666668,58.76568120333503,-9.923887163920876
16583.333333333336,59.27480460027238,-10.048728386041715
16600.0,35.26242446446312,-4.614475449048535
16616.666666666668,9.586497359548066,2.671512703046087
16633.333333333336,6.728288189216659,4.682976017949895
16650.0,6.5725661426667035,4.797291854999978
16666.666666666668,6.926450568117423,4.648325374759617
16683.333333333336,6.74195104671553,4.832720229596359
16700.0,6.740865375575569,4.590742345579047
16716.666666666668,7.027530910689946,4.565074929880859
16733.333333333336,7.278926277811132,4.750863551276556
16750.0,7.40907288233437,4.666636297202804
16766.666666666668,7.3937724076987905,4.755831186740121
16783.333333333336,7.5507744101004635,4.805737788594583
16800.0,7.4383140486833685,4.766644062133343
16816.666666666668,7.1806297103222,4.80457460141664
16833.333333333336,7.012464892986818,4.881489618779495
16850.0,6.926267956616689,5.0692806428666675
16866.666666666668,6.8010124503839915,4.924421854710211
16883.333333333336,6.796410009613394,4.902503491817779
16900.0,6.958973316766663,4.830414128500003
16916.666666666668,7.220214022044652,4.936818204828488
16933.333333333336,7.200421411166653,5.06341030681112
16950.0,7.125981451574233,5.144095855572286
16966.666666666668,7.197073211489083,5.066615153910238
16983.333333333336,7.026095920234215,4.805246832905983
17000.0,6.7434245994655795,4.862157069539117
17016.666666666668,6.658587305741577,5.034709254844807
17033.333333333336,6.6477722016008,4.809003189739303
17050.0,6.738189904118738,4.9318850264299545
17066.666666666668,6.934874876794505,4.994823921955532
17083.333333333336,7.0996319492444595,4.914728944177578
17100.0,7.515772651927822,4.9648609595433415
17116.666666666668,7.777333345071906,5.15499846497866
17133.333333333336,7.45171291460165,5.0578184414433105
17150.0,7.241727244472267,4.9898524218108244
17166.666666666668,7.318769277466652,4.8872381438222545
17183.333333333336,7.337259039990882,4.848154302096821
17200.0,7.234695345621052,4.98190658832834
17216.666666666668,7.3665657099556245,5.102295818844466
17233.333333333336,7.70970876092666,5.188568304238746
17250.0,6.035934316466712,2.468889379683404
17266.666666666668,6.030307574314572,2.2021127988233697
17283.333333333336,6.3372953196680015,2.0812602706258243
17300.0,6.393059954139579,2.112511430018323
17316.666666666668,6.213188419511113,2.220426019800008
17333.333333333336,6.100636807427813,2.024993357066668
17350.0,6.437502693668972,2.0586783146892746
17366.666666666668,6.770015550705566,2.061523858772133
17383.333333333336,7.171255752266748,2.2294233712888682
17400.0,7.115943898447647,2.0591993358871563
17416.666666666668,7.215734494066282,2.0604416850684006
17433.333333333336,7.315356476166596,2.2835794796111952
17450.0,7.082179019342954,2.664830632666369
17466.666666666668,6.976801956600514,2.8334011970762303
17483.333333333336,7.053778244416707,2.8800151972500436
17500.0,7.16318081260407,3.00547330762569
17516.666666666668,7.210090046944462,3.121919649333356
17533.333333333336,7.393335184977855,3.101912742555651
17550.0,-6.958321507321941,4.034830919709589
17566.666666666668,-21.902445016188235,3.373090916422161
17583.333333333336,-23.202484802111258,3.484134092638915
17600.0,-23.547737016158077,3.8381868681507423
17616.666666666668,-23.632614885426058,3.70035466183652
17633.333333333336,-24.11879866536743,3.7718526419457006
17650.0,-24.897694985092492,3.9894807918625492
17666.666666666668,-24.550959797795503,3.8676184372216658
17683.333333333336,-25.00648338690459,3.7477030380522147
17700.0,-25.34598291162324,3.628969759919854
17716.666666666668,-25.654937123090193,3.4342252381794913
17733.333333333336,-25.854110094619564,3.5557329375298288
17750.0,-26.15072819888669,3.6367270851777986
17766.666666666668,-26.487815960341354,3.7439336399755065
17783.333333333336,-26.577723224198923,3.7857471726971514
17800.0,-26.82765388751041,4.102691714257078
17816.666666666668,-27.260393023495098,4.433390411950422
17833.333333333336,-22.47409868457837,3.901259188888704
17850.0,-2.925889045699744,1.652398239933244
17866.666666666668,-1.5726663814184854,2.2481430449613677
17883.333333333336,-1.089724562885152,2.190183527963779
17900.0,-1.0883615344672415,2.0821937382858065
17916.666666666668,-0.7901354564889073,2.1958130196889027
17933.333333333336,-1.0358392513119108,2.1137126552615606
17950.0,-1.1521754635984618,2.043339695264339
17966.666666666668,-1.1149086275648274,2.1153739606658957
17983.333333333336,-1.1357632570770704,2.0750170966073034
