0.0,0.0202925999999934,1.064277466666666
16.666666666666668,-0.6793171717282663,0.9096931478354977
33.333333333333336,-0.8489596837879778,0.6739322840319326
50.0,-0.15251935716191492,0.5256191019009513
66.66666666666667,-0.031716114455559274,0.7664926095555602
83.33333333333334,0.1518714632871996,0.6691248424879134
100.0,1.046738664717635,0.7958389293186727
116.66666666666667,0.39305761169970405,0.889604971725244
133.33333333333334,0.011452424898455688,1.0234501661881747
150.0,0.5382187267600924,0.9755142886886925
166.66666666666669,3.5093974008999984,1.5916067274833345
183.33333333333334,33.89609560213675,2.542072110517262
200.0,36.79571259283208,5.048984428671682
216.66666666666669,36.664257456922904,4.534563922766935
233.33333333333334,35.12667000609999,4.077251244866666
250.00000000000003,34.15786382393804,3.561183250474762
266.6666666666667,34.77380825962168,3.10521975588284
283.33333333333337,35.110957175473374,4.37177236091955
300.0,35.511581796853136,4.975614222344326
316.6666666666667,35.5851754291293,4.088218696031285
333.33333333333337,35.264478159349586,2.980599315795587
350.0,35.04070242326008,3.6566875977855484
366.6666666666667,-2.4504102831943904,-10.095628865827752
383.33333333333337,-2.883855793653206,7.946402733266698
400.0,-7.833970972372961,7.739605971978295
416.6666666666667,-6.1753442024000025,7.634517039999998
433.33333333333337,-5.318950566222442,7.500206749219832
450.00000000000006,-5.882064689905052,7.9561237931201045
466.6666666666667,-5.0492357742725185,8.187070848806549
483.33333333333337,-4.4597523741942675,7.687373237116547
500.00000000000006,-4.740949799116219,7.781661814040362
516.6666666666667,-4.202262238261116,7.128180178799999
533.3333333333334,-3.952781201638892,7.937008792227776
550.0,-4.356444942037684,7.494374168167419
566.6666666666667,-4.188487578433355,7.203210943233335
583.3333333333334,-4.821116832162278,7.649062572693972
600.0,-5.045822291999996,7.236791663999996
616.6666666666667,-5.163383058979142,6.707968420105828
633.3333333333334,-5.482217339269631,6.7625418633650165
650.0,-5.8341513334833435,7.472437762950005
666.6666666666667,1.6351439544889548,8.693976272711138
683.3333333333334,3.0069651456382966,9.829370136559495
700.0,2.9084587908545836,9.166512513043488
716.6666666666667,2.7806793652236688,8.767509725219222
733.3333333333334,2.3396351755066855,9.144392645388413
750.0,1.833815671767852,9.357841383960515
766.6666666666667,2.48977304720001,9.686161634133335
783.3333333333334,2.3820417686472433,9.659516321312486
800.0,2.849780674596047,9.540766447909384
816.6666666666667,3.4219309492253105,8.83985368406374
833.3333333333334,3.426722148609725,8.660203951662778
850.0000000000001,3.3051883435948715,8.424671579093786
866.6666666666667,3.5454770809777814,9.06408696746667
883.3333333333334,4.057628649727778,9.406969404822217
900.0000000000001,4.122249105228112,9.264643150016644
916.6666666666667,3.866193868420468,8.64707500586636
933.3333333333334,3.948714123111138,8.324754162666666
950.0000000000001,3.435932042568679,8.397352899536584
966.6666666666667,3.666663228088583,8.660454436657794
983.3333333333334,3.4102927919429242,8.442831035337887
1000.0000000000001,3.5058266439052863,8.30833225476072
1016.6666666666667,4.014853472075219,8.43754318318633
1033.3333333333335,3.680551413089579,8.549910276673772
1050.0,3.6654483903333235,8.62601339541666
1066.6666666666667,3.5138467003666642,8.375092785955555
1083.3333333333335,3.51666134468344,8.433257354371628
1100.0,3.2486009317333338,7.882628967200005
1116.6666666666667,3.273845361614657,7.715551876993271
1133.3333333333335,3.6870958601300696,7.921116963137131
1150.0,4.034302992201773,8.21730644912892
1166.6666666666667,3.6841269948333415,8.132184743222222
1183.3333333333335,3.328995826844452,7.911138109600008
1200.0,3.7495981777113405,8.383299495781433
1216.6666666666667,3.4319202127460824,7.850366222400179
1233.3333333333335,3.7661068287339083,8.22341059017114
1250.0,4.451724928731038,8.299868752592968
1266.6666666666667,4.148941286904273,8.292361617092942
1283.3333333333335,3.2302237471875155,8.388928587084232
1300.0,2.8150272989000023,8.381115108133333
1316.6666666666667,2.915358836666633,8.565378106666682
1333.3333333333335,-1.798862282292165,7.7988589371758525
1350.0,-1.4877664382808629,8.359661941829083
1366.6666666666667,-1.8435494694958594,7.973417025746212
1383.3333333333335,-1.4818637731444464,8.39583324655555
1400.0,-1.3162963190904624,8.518939180159917
1416.6666666666667,-1.134426161869827,8.452277660702574
1433.3333333333335,-0.14663262396350898,8.37089033709232
1450.0,0.6320826837990697,8.65593833348303
1466.6666666666667,0.04641238094444173,7.9197926602999935
1483.3333333333335,-0.2627571752457303,8.167667233710912
1500.0,-0.1312023695652234,8.417314833333332
1516.6666666666667,0.7349933008674898,7.632078652307859
1533.3333333333335,0.6390170448224305,7.690939146851218
1550.0,-0.007805380773714871,7.684725377655499
1566.6666666666667,-0.8695972482295459,7.69261538437119
1583.3333333333335,-1.5392701264500426,8.06351517117777
1600.0,-14.457951475721188,7.265902535651157
1616.6666666666667,-13.79217299363889,6.678118146916664
1633.3333333333335,-13.162939931305562,6.609264255472226
1650.0000000000002,-12.651949668181791,6.435686956643355
1666.6666666666667,-13.200026463722217,6.2199579893611165
1683.3333333333335,-14.145356086967436,5.956029683386243
1700.0000000000002,-13.534810401534045,5.925757028214085
1716.6666666666667,-14.227179701793535,5.627094904153483
1733.3333333333335,-13.782621610144997,6.151561861513668
1750.0000000000002,-14.173512210749996,5.96759593289998
1766.6666666666667,-13.638974684088923,6.190280477622223
1783.3333333333335,-14.401696616613908,6.436491710428142
1800.0000000000002,-15.006154657404005,5.730402303348652
1816.6666666666667,-15.203690467016846,6.141090269829353
1833.3333333333335,-15.388090224781626,5.300838830000538
1850.0000000000002,-15.88096948090615,4.9615430051779805
1866.6666666666667,-18.058222706535624,4.648198461274923
1883.3333333333335,-5.887886716372902,6.698207812690294
1900.0000000000002,15.089091493359959,8.374549312479122
1916.6666666666667,10.917827917003871,8.093363007031513
1933.3333333333335,11.125489094777771,8.573913710555553
1950.0000000000002,10.769458456683324,9.151550391200008
1966.6666666666667,10.345615511945288,8.618142054621282
1983.3333333333335,9.118183829814074,10.026664229194342
2000.0000000000002,7.813411364615621,9.665934621127233
2016.6666666666667,7.429450109279618,9.729976422466423
2033.3333333333335,8.348520311177806,9.754563736911116
2050.0,8.958381708241943,9.004348711399132
2066.666666666667,9.187704574215335,9.302756007782756
2083.3333333333335,8.367490283194467,9.317091899150848
2100.0,-0.7467556598830909,8.420742681604008
2116.666666666667,-0.168754503755559,8.257422604122219
2133.3333333333335,-0.20598760520012027,8.484524249311075
2150.0,-0.17310830424999424,8.222882647416675
2166.666666666667,0.8400975742429379,8.400946186606548
2183.3333333333335,1.6902345809166657,8.544650789722224
2200.0,1.3988199334501645,8.409863148188938
2216.666666666667,2.007058872299991,8.649936974700042
2233.3333333333335,1.614574574416596,8.404493088683349
2250.0,2.0105550679185424,8.504412569404087
2266.666666666667,2.0487312311155574,8.139522700922678
2283.3333333333335,1.7363653835249013,7.403953674851476
2300.0,1.4016412385525745,8.166137728097391
2316.666666666667,1.1496373357110923,8.037442569277774
2333.3333333333335,1.386308874806853,8.503127408299688
2350.0,1.3377277444666795,7.854901196883336
2366.666666666667,1.5545640953921398,7.62600685856261
2383.3333333333335,1.3638157169362481,7.4861582145295085
2400.0,0.8702799366499897,7.434790278066678
2416.666666666667,1.1821542511810834,7.91429493769104
2433.3333333333335,0.9182203740703611,7.60312751410702
2450.0,1.423215872586289,7.5218372603801935
2466.666666666667,1.7371444641456735,7.592201707313006
2483.3333333333335,1.609902709547559,7.4379822447771335
2500.0,0.6379568505297488,7.236220096658511
2516.666666666667,1.1362053468864464,7.525305992063488
2533.3333333333335,1.311918621277404,8.04250505700314
2550.0,1.0622122033333303,7.227055905833384
2566.666666666667,1.6603266278999433,7.956009184655507
2583.3333333333335,1.9442606273645135,7.500687021423421
2600.0,1.6526314980156793,7.515256936534934
2616.666666666667,0.7538581534111007,7.53857978354444
2633.3333333333335,1.016270817986771,7.509124164154282
2650.0,1.0060596688311836,7.9403099835997315
2666.666666666667,1.476416964022183,7.600483278822209
2683.3333333333335,1.427342955917013,7.208059602925135
2700.0,1.2661151497835714,7.1951070573759415
2716.666666666667,1.0373294489889582,7.517678201577827
2733.3333333333335,0.7906232458659553,7.468094756238547
2750.0,5.932404996396366,8.605783797147147
2766.666666666667,20.32448625317211,8.513448996394542
2783.3333333333335,18.736557229255784,9.70240252072984
2800.0,18.882306879983343,9.895101162333328
2816.666666666667,18.61284705234679,8.950482347380715
2833.3333333333335,18.996798192264986,9.326997987461832
2850.0,18.848865809583376,8.588944197750013
2866.666666666667,19.772924170488878,7.912153622133316
2883.3333333333335,20.38263446608919,7.918178318063196
2900.0,20.42428716177155,8.342910153496494
2916.666666666667,20.529341128880006,8.92044338741189
2933.3333333333335,20.867311197530864,10.373780831185293
2950.0,21.853187734784097,9.832766155594475
2966.666666666667,22.98679607032405,9.284663704746825
2983.3333333333335,22.359123188444222,10.133086516391533
3000.0,22.409944223909417,10.538177599500495
3016.666666666667,23.070145494538483,10.416089829812025
3033.3333333333335,25.625524801645273,9.161655134294918
3050.0,-19.391028567613354,-14.280493463926259
3066.666666666667,-18.849274229477782,-14.309583508577779
3083.3333333333335,-18.624438702044444,-14.454411553866656
3100.0,26.074507865816695,8.7194019405
3116.666666666667,-2.1729371641487885,7.591653695225388
3133.3333333333335,-11.78875791862222,6.499313236977771
3150.0,-9.32176040394496,5.512117721912821
3166.666666666667,-8.179432769340231,6.58779254321605
3183.3333333333335,-7.379504233588764,6.231993048531294
3200.0,-6.890014149210313,6.26488353391521
3216.666666666667,-6.5177029062871465,6.371299673921988
3233.3333333333335,-6.268583880863616,6.164844250049949
3250.0000000000005,-6.696931235948651,6.453775908778956
3266.666666666667,-7.363130890167305,6.6940157529709285
3283.3333333333335,-6.662806411711098,7.012004897800014
3300.0000000000005,0.663113855194369,7.688731172419571
3316.666666666667,1.214182026539958,8.620241232565503
3333.3333333333335,1.9997699313322517,9.329842335562255
3350.0000000000005,1.2556717556055472,9.409913502015687
3366.666666666667,2.0760746486798447,9.049743315224264
3383.3333333333335,1.3292130329946117,8.812775352612567
3400.0000000000005,0.12477667333331405,8.77329672666663
3416.666666666667,-0.046168622294515044,8.308071356016939
3433.3333333333335,0.12086129637779733,8.850657896327784
3450.0000000000005,0.9913417064269193,8.710021053080245
3466.666666666667,1.8749986339940772,9.342355947598435
3483.3333333333335,1.4961051028973442,9.217796691930817
3500.0000000000005,1.6454377023345106,9.165663038952827
3516.666666666667,1.0351803641320223,9.16126493466731
3533.3333333333335,1.3822335050585803,8.681431942934093
3550.0000000000005,0.883493562271058,8.448844803330001
3566.666666666667,0.8451886436163076,8.340779533500127
3583.3333333333335,0.551787711994005,9.219357602759715
3600.0000000000005,0.4722596107612805,8.03914731774121
3616.666666666667,-0.08337195158162655,10.270076474525572
3633.3333333333335,7.169294661685983,19.436523004245526
3650.0000000000005,6.577570104935804,22.27058426800074
3666.666666666667,5.914281902759806,22.67337629365317
3683.3333333333335,6.412417341815141,22.98125582957806
3700.0000000000005,5.808570617456364,23.098544568910995
3716.666666666667,5.871053958011075,22.38026858954439
3733.3333333333335,6.263928401471495,22.309191484180133
3750.0000000000005,6.42399943090333,22.155019903318255
3766.666666666667,6.938085292811772,22.29044655816892
3783.3333333333335,7.164872861333326,23.024061447022177
3800.0000000000005,7.064083605499983,22.515422478999913
3816.666666666667,7.223024525436579,22.945333994483345
3833.3333333333335,7.011480713067656,22.257842913000946
3850.0000000000005,7.443535372854372,22.397828538822385
3866.666666666667,0.36589613226779655,13.147906835930637
3883.3333333333335,-1.0509784032356266,6.312178770218673
3900.0000000000005,1.5681509927666841,5.479150210866656
3916.666666666667,0.5504005609777115,5.589449981755564
3933.3333333333335,1.2915711003551933,5.21360498950494
3950.0000000000005,1.1825232646478003,4.498040027934299
3966.666666666667,0.17877578555946383,4.635617469379123
3983.3333333333335,0.6668031170782586,4.7717929231286735
4000.0000000000005,-0.053530811605802545,4.406926159513107
4016.666666666667,-0.06757162437885246,4.581334632710799
4033.3333333333335,-9.02150932692384,6.434250560117953
4050.0000000000005,-35.37598656454394,4.454997869541954
4066.666666666667,-33.38843379298889,3.080117325266661
4083.3333333333335,-31.434099854965787,2.931244384098372
4100.0,-30.92895792125008,3.2808153054166675
4116.666666666667,-31.204537026216666,3.12943321611112
4133.333333333334,-31.50054956794637,3.187831453057366
4150.0,-31.576547218759355,2.594037724328849
4166.666666666667,-31.589921770083425,2.830837063972218
4183.333333333334,-33.2028830595081,2.9204910462214295
4200.0,-33.41343519423904,1.8982316683483103
4216.666666666667,-33.872175855555554,1.6827976455111109
4233.333333333334,-33.70376818104782,2.357074639706443
4250.0,-1.2596205776070013,11.607374844869659
4266.666666666667,9.671883217835143,16.536725282964003
4283.333333333334,9.521975641933322,16.259182783433328
4300.0,6.361133661055475,16.70278739246833
4316.666666666667,4.995666584657693,17.075176301810174
4333.333333333334,4.640590629831627,16.61636687269187
4350.0,5.086095131415701,16.65059337096882
4366.666666666667,4.724044055333229,16.706197245278194
4383.333333333334,4.512285380797002,17.11126974239114
4400.0,3.963174442100009,17.059432869066683
4416.666666666667,4.592037518860609,17.902083278354706
4433.333333333334,4.622294248716662,18.30947605254447
4450.0,4.174279613866634,18.88523675686666
4466.666666666667,3.648412097223626,18.126828812887954
4483.333333333334,3.4101289527193708,18.22290754081857
4500.0,4.000488821826971,17.931598758734154
4516.666666666667,4.066424329055553,17.785212058416665
4533.333333333334,3.624915187805551,18.921627595583367
4550.0,5.069677133666629,19.285265009266674
4566.666666666667,5.078356867721164,19.107550038117434
4583.333333333334,2.243949921966258,18.138012314558907
4600.0,-2.0711283236000004,5.002677407000006
4616.666666666667,-2.741690095130812,2.9973558789561485
4633.333333333334,-1.7449541401111248,2.483955711777818
4650.0,-1.7977284059940026,1.9135217582417632
4666.666666666667,-2.0188010906888443,1.8091875842444423
4683.333333333334,-1.4390505531085234,2.0976216176954963
4700.0,-1.9725245355644394,2.5890503394605386
4716.666666666667,-2.972284712422221,2.3637839095555453
4733.333333333334,-2.461165159152311,2.7348921462372635
4750.0,-2.647349610705361,2.796040015991336
4766.666666666667,-2.211138304969743,3.272633278549615
4783.333333333334,-2.619426165844384,3.194008679844421
4800.0,-2.5469602325852265,2.9802327489442897
4816.666666666667,-2.6541989001332613,3.5760292502916506
4833.333333333334,-3.2488679806610867,3.192599969699965
4850.0,-2.859696791312317,2.914337225996347
4866.666666666667,-2.7345519884415617,2.593174225441743
4883.333333333334,-2.846631823305038,2.8429745388889227
4900.0,-3.74455029661665,2.85645441015
4916.666666666667,-3.2271737342782196,2.985355339186248
4933.333333333334,-3.345382292614764,2.808743971819645
4950.0,-3.334198840006672,3.111235759910162
4966.666666666667,-3.930573734322686,3.362185804835751
4983.333333333334,-3.014839350906052,3.11120304040456
5000.0,-2.475680047333333,3.261287351800006
5016.666666666667,-2.5668690028666616,3.133637902344439
5033.333333333334,-5.023834715783432,3.9983331562611415
5050.0,-7.728532021666922,6.470323939999963
5066.666666666667,-7.721365936936991,6.705486853086423
5083.333333333334,-5.977861243160455,7.092500271635819
5100.0,-5.785567165032517,6.86843215599467
5116.666666666667,-6.111101854804443,6.87155505267344
5133.333333333334,-6.802338755033,7.2382635322828435
5150.0,-6.823059426166654,7.458625335966616
5166.666666666667,-6.993392556135092,7.126536278258206
5183.333333333334,-6.797570155044242,7.13593395942227
5200.0,-6.853964443549998,7.018065126299992
5216.666666666667,-6.701909136277768,6.749228706788883
5233.333333333334,-6.673969980044447,6.638848586733295
5250.0,-6.8494436385,6.608579229366656
5266.666666666667,-6.75488062244444,6.47272138099998
5283.333333333334,-5.944793220810434,6.395040625329333
5300.0,-6.387903438480761,7.009098818107615
5316.666666666667,-6.617556382908542,6.5381884698039805
5333.333333333334,-6.3883665663775036,6.8694356415081055
5350.0,-6.6460437181999,6.729733244787001
5366.666666666667,-6.891567599866538,6.778676535724611
5383.333333333334,-6.993599401133356,6.2076186440665255
5400.0,-6.88507416563281,6.235496223878608
5416.666666666667,-7.217624037252608,6.1923901834476185
5433.333333333334,-7.723625384566671,6.618823804622227
5450.0,-8.050173281731741,6.559592267467434
5466.666666666667,-10.43271067944447,6.686756308499987
5483.333333333334,-28.440177031558715,6.399129278990703
5500.0,-27.770466142500084,6.239984036100017
5516.666666666667,-27.37512458901115,6.267490960933331
5533.333333333334,-27.81521477005728,6.799806870635325
5550.0,-29.59614627766673,5.95232812183333
5566.666666666667,-28.999365230796226,5.867252006009137
5583.333333333334,-30.226634182123465,5.7230550109279505
5600.0,-30.12005674645354,6.194929120812529
5616.666666666667,-31.256452890130713,5.694885086185156
5633.333333333334,2.886580544195782,12.23951875101359
5650.0,16.78524265364977,15.081026085900014
5666.666666666667,11.250799773277866,14.310041146066732
5683.333333333334,11.580792419664991,15.223727956470807
5700.0,8.931391901551551,14.626747523289923
5716.666666666667,9.00110827373737,15.173938284071488
5733.333333333334,9.83566345496637,15.56775475190928
5750.0,9.751307933333281,15.402338394166735
5766.666666666667,9.25561426933774,14.863525656061325
5783.333333333334,9.056411160694434,15.490582834861103
5800.0,9.579831907733345,15.49544226233333
5816.666666666667,10.162713225838925,14.824130934742353
5833.333333333334,9.46734100705357,15.909924685793218
5850.0,9.117434506666688,14.951608902700013
5866.666666666667,9.559573904922825,14.864372392501926
5883.333333333334,8.672180070370375,14.844531234127661
5900.0,8.69385260982162,15.403159108037352
5916.666666666667,9.77869912086807,15.770337353646351
5933.333333333334,3.0373173663669077,9.632289239997345
5950.0,3.349769398400014,7.192336257333321
5966.666666666667,3.3582061078163177,6.915702070182414
5983.333333333334,3.9230288154314312,7.795507469131135
6000.0,3.9525483792563194,7.773969539286291
6016.666666666667,3.71817197244445,7.641468764800003
6033.333333333334,3.8096008140427537,7.765069191742877
6050.0,4.134780720493562,7.903101928547593
6066.666666666667,4.579273341294505,7.971855090888876
6083.333333333334,4.113302304949972,7.940523116627779
6100.0,3.778575698282471,7.42703098941137
6116.666666666667,3.4574168416944673,7.019313753916684
6133.333333333334,2.516742868188923,7.0198381793666655
6150.0,3.0054444792913872,7.072535733183627
6166.666666666667,3.678758292383,6.837307086112509
6183.333333333334,2.8683428340331854,7.0622620430118035
6200.0,9.411607910288478,8.132081247540452
6216.666666666667,9.448724413011183,8.10808065694437
6233.333333333334,9.613482921439685,8.64032695727604
6250.0,11.025840077331317,8.037926528293973
6266.666666666667,9.944190520532498,8.275384564276573
6283.333333333334,10.225370243641628,7.752242636143188
6300.0,10.544066796027384,7.9371098498414305
6316.666666666667,10.962529931711094,8.011527870822231
6333.333333333334,10.64896816101112,7.640593439305577
6350.0,10.496254438185764,7.829090929164583
6366.666666666667,10.738662697170295,7.674524892711635
6383.333333333334,10.083589055555576,7.627043500411478
6400.0,9.305717794594628,6.820520350450429
6416.666666666667,9.91104571151693,7.004881071041075
6433.333333333334,10.120312689089136,7.1789940200199895
6450.000000000001,9.857537825890885,7.109707584518492
6466.666666666667,10.191634380387713,6.8731728680937225
6483.333333333334,10.663291234100873,6.663709840601684
6500.000000000001,0.3135964646655732,7.640138775333349
6516.666666666667,-12.116981589690427,7.752195425406386
6533.333333333334,-9.202868641506814,8.442431386691036
6550.000000000001,-8.032270359629829,7.831873203568433
6566.666666666667,-7.6690723477222305,7.550579605277771
6583.333333333334,-7.772161093437878,7.760040388371705
6600.000000000001,-7.3366679285333225,7.574028911399991
6616.666666666667,-7.515885010084869,7.421556186326047
6633.333333333334,-7.513246585524394,6.970963207880114
6650.000000000001,-7.640993727611536,7.074277374234831
6666.666666666667,-7.867273117703299,7.091234020643654
6683.333333333334,-8.271830000360898,7.159216836909342
6700.000000000001,-8.518543216666673,7.385730163666696
6716.666666666667,-8.231704808676552,7.154671779767644
6733.333333333334,-9.035212560866936,7.355417567493546
6750.000000000001,-8.6834288733665,7.2784333712999745
6766.666666666667,-8.838713153993664,6.4300101584848095
6783.333333333334,-8.84912410940181,6.456626957264934
6800.000000000001,-9.530888954287393,6.590541368401767
6816.666666666667,-10.373930888861109,7.049091986766753
6833.333333333334,-9.942663236367682,6.952781514206481
6850.000000000001,-9.679138135548909,6.5261509200566366
6866.666666666667,-9.449545852973513,6.7705546988117025
6883.333333333334,-9.94663472872163,6.399433546616603
6900.000000000001,-10.370550134483393,6.235904539600312
6916.666666666667,-9.566329939674608,6.730078827586208
6933.333333333334,-9.62088777139861,6.494590608706514
6950.000000000001,-10.786504032099897,6.9621408772333355
6966.666666666667,-10.220308265777756,6.924830741977751
6983.333333333334,-30.369274149837572,6.690840337275513
7000.000000000001,-39.51346156286655,4.448559516666668
7016.666666666667,-39.58181613456544,5.168815397940965
7033.333333333334,-39.3379749687111,4.878925889122235
7050.000000000001,-38.36584581517394,4.762516652359484
7066.666666666667,-38.466322443604646,4.781985591132127
7083.333333333334,-39.50434667027957,4.632002127185825
7100.000000000001,-40.500088489648824,4.800537816591705
7116.666666666667,-41.370134830387414,4.079474349763769
7133.333333333334,-41.602277163235186,4.456765935518365
7150.000000000001,-25.302695466431253,5.563102459022774
7166.666666666667,9.564468687203963,7.1465043198198295
7183.333333333334,2.047868598800253,6.8056489293443025
7200.000000000001,1.6054795681635674,6.256864496307505
7216.666666666667,-0.019749968434282533,6.379083989566997
7233.333333333334,-0.6078089936888822,5.972033664
7250.000000000001,-1.0074185160914024,6.178001398282501
7266.666666666667,-1.6005160642308927,6.528012045734628
7283.333333333334,-2.0608118580603776,6.62823795575504
7300.000000000001,-2.0694392239572985,6.543739875208532
7316.666666666667,-2.0176734012110016,6.590406024038881
7333.333333333334,-1.4259201908903498,6.565449432529015
7350.000000000001,-1.0412077257385708,6.299842541846098
7366.666666666667,-2.0080796396427942,6.733552639075255
7383.333333333334,-1.9761018863722153,6.9933012561999774
7400.000000000001,-1.2499079626570306,7.0595056132832585
7416.666666666667,-1.667085936907346,6.502184239358575
7433.333333333334,-1.8929572004609445,6.294624461696916
7450.000000000001,-2.2910022579582985,6.253650600929576
7466.666666666667,-2.296314083533325,6.455193334405567
7483.333333333334,-2.554061486615731,5.921528733155871
7500.000000000001,-2.4001428936301346,5.822199098899382
7516.666666666667,-2.1204136087234176,6.119971231811869
7533.333333333334,-2.255231222233356,6.55270971834807
7550.000000000001,-2.3668090762070104,6.925480939240112
7566.666666666667,-2.241106265911864,6.725412902669534
7583.333333333334,-2.5111168476834584,7.637500855761199
7600.000000000001,-12.608201212028428,7.500232269969905
7616.666666666667,-12.153330749769584,8.011495435776538
7633.333333333334,-11.104942592858695,8.080997560889312
7650.000000000001,-10.82317590914551,7.0746376170914305
7666.666666666667,-10.717368498189796,7.032063221150544
7683.333333333334,-10.556187310663352,7.054188698761755
7700.000000000001,-10.536435084149298,6.9877616839160055
7716.666666666667,-10.85333877624521,7.156880546487848
7733.333333333334,-10.776872366111052,7.065251302555601
7750.000000000001,-11.085022507333331,6.271180067333322
7766.666666666667,-10.939216466524174,5.683514518561903
7783.333333333334,-11.180500700572534,5.209637200417032
7800.000000000001,-11.930841210476203,5.841876604127035
7816.666666666667,-12.213240368156299,5.551695096098052
7833.333333333334,-12.269521758753955,5.6262371751068905
7850.000000000001,-12.17963306825077,5.818238757111927
7866.666666666667,-12.351643631156628,5.161961231378744
7883.333333333334,-3.4208845391395846,7.167856421462845
7900.000000000001,8.053974802565824,10.743863190900225
7916.666666666667,2.6193480068312316,10.611733677499835
7933.333333333334,1.6354180293093956,10.84760258323902
7950.000000000001,0.9038733259329177,10.873015488249926
7966.666666666667,0.0643887007512487,10.489668261284555
7983.333333333334,-31.4681503171556,5.056309682422193
8000.000000000001,-40.84538556266622,-0.21581326323338185
8016.666666666667,-38.496185633516745,-0.3253364994941499
8033.333333333334,-38.15400172047616,-0.22866277399066867
8050.000000000001,-37.56035933719817,0.11389014860906245
8066.666666666667,-38.321047661200005,0.09962999897777534
8083.333333333334,-38.61360865688031,-0.1321873079190919
8100.000000000001,-34.738198484064796,0.888824317833691
8116.666666666667,-13.465616934077836,2.2382691488388735
8133.333333333334,-15.890307801381832,1.6399678123369081
8150.000000000001,-17.16723054542129,0.5837872085247776
8166.666666666667,-19.046245740766555,0.3597787438637246
8183.333333333334,-19.531374694855977,-0.5066286038872646
8200.0,-20.22039832289998,-0.9896072950333603
8216.666666666668,-19.859156321355577,-1.1207385342777512
8233.333333333334,-20.149010901948955,-2.1623857817480774
8250.0,-21.543255951133386,-2.1977339413332992
8266.666666666668,-22.317925333744242,-2.1776895752679293
8283.333333333334,-23.384738198621488,-2.76923472270025
8300.0,-23.901936524599996,-3.4944341687999954
8316.666666666668,-23.977442764976228,-3.1587373319485343
8333.333333333334,-24.380551204666773,-3.761419447777921
8350.0,-26.89242941849982,-4.464592836899189
8366.666666666668,-27.47072589805636,-4.84602804027823
8383.333333333334,-28.290035092702453,-4.641542291428979
8400.0,-29.61158933727061,-5.151385851217885
8416.666666666668,-30.333960031267075,-4.5074857662666385
8433.333333333334,-32.884734807810894,-5.656545334211485
8450.0,-32.78134233423338,-5.788209351600049
8466.666666666668,-36.02494888735498,-6.419988052854214
8483.333333333334,-21.700493052845456,-3.643417831989259
8500.0,22.016890861066177,7.712052370932802
8516.666666666668,14.16447366478562,12.646365411578287
8533.333333333334,14.631388311616895,12.990128987371454
8550.0,13.168985569333442,12.440046917333364
8566.666666666668,11.35105384566233,12.118704950072384
8583.333333333334,11.226830032616604,13.500468409972227
8600.0,11.7717757622478,12.801877491795908
8616.666666666668,11.663190845145069,12.48997635968186
8633.333333333334,11.900932142611108,11.915166718527773
8650.0,12.368543890348263,12.201900175389728
8666.666666666668,11.655045660672705,12.546549594133605
8683.333333333334,12.16058245277089,12.19420459970556
8700.0,13.014442019659805,11.955876160063305
8716.666666666668,11.992265075685351,12.10063732729373
8733.333333333334,8.739324877189025,5.332241020416649
8750.0,8.296040426373684,4.558266960805901
8766.666666666668,8.769272645351311,4.674970072102493
8783.333333333334,8.689608535003602,4.378490223593838
8800.0,8.439070256972125,4.290625809694539
8816.666666666668,9.329690310616519,4.47433820643654
8833.333333333334,9.779239082444454,4.2707147505777945
8850.0,8.32453701052294,4.680336144322285
8866.666666666668,8.934005158946253,4.8791389272636785
8883.333333333334,10.187958583303145,4.605981167583596
8900.0,10.424204452593159,5.185760534367086
8916.666666666668,9.299337815953123,4.960923191271058
8933.333333333334,9.242767108873375,4.666676031684161
8950.0,10.463561214292826,4.90480099295353
8966.666666666668,11.661337085875271,4.951414296176025
8983.333333333334,12.0471931257889,4.443256418977806
9000.0,11.291610403451944,4.93965644595519
9016.666666666668,11.341506119387644,5.135024064098614
9033.333333333334,10.38575834624315,4.795659983469424
9050.0,12.03579667208338,4.511153442416667
9066.666666666668,11.541324432610988,3.4308941310280736
9083.333333333334,11.27328772510443,4.240513574907142
9100.0,12.651582148857761,4.3323345293147035
9116.666666666668,12.954769621661395,3.5468467768061154
9133.333333333334,5.845081798246683,6.764124481073461
9150.0,-10.828014216666988,9.42679994160828
9166.666666666668,-7.40551636492689,10.599129296020278
9183.333333333334,-6.7982127501999665,10.716019660466621
9200.0,-8.62202656906664,11.182007585883252
9216.666666666668,-7.899726687810782,12.280837959129448
9233.333333333334,-7.725557786615531,11.488312766672237
9250.0,-7.275509471502409,11.443203413806906
9266.666666666668,-7.328372068200232,11.705876410269633
9283.333333333334,-7.363458321382519,12.19077141127794
9300.0,-7.921194374292432,11.765612858108561
9316.666666666668,-7.831272731982707,11.96968001012178
9333.333333333334,-7.548535120585941,11.453640970488705
9350.0,-7.030848424608721,12.32534626400267
9366.666666666668,-7.194530705280415,12.059958955183127
9383.333333333334,-7.300296146011935,11.898405731137792
9400.0,-7.717387095376388,12.002862814388223
9416.666666666668,-7.831457844839349,12.522432240664518
9433.333333333334,-8.639635127208061,12.357087339753175
9450.0,-8.530003582825689,11.550334666117486
9466.666666666668,-7.806475266092433,11.920574322852026
9483.333333333334,-8.337490538807996,11.860855312633072
9500.0,-8.735162856333334,11.790544740333349
9516.666666666668,-8.998211911556448,11.700270755421927
9533.333333333334,-5.294429192299282,12.034586078128388
9550.0,21.9219729686848,13.264318926763455
9566.666666666668,18.895199325775785,13.362025277844479
9583.333333333334,18.306755652188937,12.233042745188841
9600.0,17.458060745334695,12.1045679716243
9616.666666666668,17.322497508725384,11.64333032624846
9633.333333333334,17.543936503092887,11.83372430134376
9650.0,17.841759075354346,11.804887455978072
9666.666666666668,18.195470714953697,11.6508283320895
9683.333333333334,18.522889661230394,11.340789841734834
9700.0,19.204886120801813,12.78287033759375
9716.666666666668,18.640663957633727,11.262916266417474
9733.333333333334,18.84538689205554,11.396068165233336
9750.0,18.767062263738776,10.314790050450512
9766.666666666668,18.851382913812614,10.529212612695238
9783.333333333334,19.331091503358884,10.526360879718816
9800.0,19.60325344417788,10.020575953173372
9816.666666666668,19.65621434590552,10.115594340861175
9833.333333333334,19.856295999033822,10.930320331723305
9850.0,19.74648166100567,11.033544286263725
9866.666666666668,19.919230875806505,10.807509000993923
9883.333333333334,20.382741453527746,11.106534123294082
9900.0,20.5606116010801,9.177611193220354
9916.666666666668,21.46943415298289,9.41443407103572
9933.333333333334,22.043066023349546,9.628663022816372
9950.0,21.775373236733312,10.17279107513322
9966.666666666668,8.451110160021486,9.466455997911094
9983.333333333334,0.9942718578089105,7.7419587601509585
10000.0,3.6556514074854007,7.835513827602324
10016.666666666668,4.455336916111131,7.95791916716666
10033.333333333334,5.139627957242761,7.737337581501829
10050.0,4.799247629781566,7.517395779823262
10066.666666666668,4.959972290288993,7.814404603955513
10083.333333333334,4.868568487285637,7.018639361734512
10100.0,5.0652838555555455,6.235932726203564
10116.666666666668,5.3400236850171625,6.103869917735623
10133.333333333334,5.171013932050636,5.784547037081418
10150.0,5.201431282941082,5.86362382994493
10166.666666666668,5.139875796065423,5.588114805037354
10183.333333333334,5.2753114960333285,5.196252920538864
10200.0,5.240789354719208,5.143766891890653
10216.666666666668,5.156400072208325,5.387814048514638
10233.333333333334,5.370463818412999,5.7670265040923905
10250.0,5.39927598846674,5.987139442866657
10266.666666666668,5.346033315584402,6.139984679220741
10283.333333333334,5.539200125835423,5.7849923384815565
10300.0,4.9670388020979255,5.974151199034319
10316.666666666668,5.015643532210526,5.738418634517262
10333.333333333334,5.05491610501389,6.0887598437821575
10350.0,4.919962723766664,5.591414390466703
10366.666666666668,4.496103424655771,5.772458055588754
10383.333333333334,4.21043631379579,5.537518521910973
10400.0,2.917479043844655,6.479272472530386
10416.666666666668,3.689399361338695,6.205342181494576
10433.333333333334,4.138922756723388,6.545884629073498
10450.0,4.293435777577878,6.688813561485971
10466.666666666668,4.278211875706614,6.096253657943254
10483.333333333334,4.139550271423805,6.589971438145921
10500.0,3.7482591583416545,5.78872463692973
10516.666666666668,3.986064461701308,6.076466058784357
10533.333333333334,4.3681815369701305,5.923569331676029
10550.0,4.479216536781617,5.404293527886131
10566.666666666668,4.218999173479855,6.229206931545437
10583.333333333334,4.105599145650622,5.776972983336117
10600.0,4.376610388857037,5.824865744763111
10616.666666666668,3.8806322515984504,6.844893172803073
10633.333333333334,4.9831754327778155,6.870054784999996
10650.0,4.798126584475619,7.201677328047357
10666.666666666668,-4.645692138004481,7.756805163897855
10683.333333333334,-19.69501873565517,7.609353827144506
10700.0,-18.212505931933286,7.319998472649455
10716.666666666668,-16.2329147340059,8.312272650219658
10733.333333333334,2.4134048330778386,11.041984467077347
10750.0,-4.34177331703401,10.64632103587176
10766.666666666668,-16.054725865639377,9.611425961780238
10783.333333333334,-13.557986162464575,9.757766099055084
10800.0,-13.847446069033415,10.16745507626678
10816.666666666668,-13.444484727452847,10.236367428135994
10833.333333333334,-12.257721485703188,10.057389628904396
10850.0,-13.367453621022058,10.030619995586505
10866.666666666668,-13.398252509450847,10.041402289527383
10883.333333333334,-14.094266673153339,10.304244883035953
10900.0,-13.12529690889556,10.446752237581213
10916.666666666668,-12.896213406110846,10.371520915622083
10933.333333333334,-14.34083391075556,10.111675416800006
10950.0,-0.4413100969764032,10.64968563417721
10966.666666666668,-0.2980474587586446,10.150190316383089
10983.333333333334,1.4345318005467478,9.92504391397724
11000.0,0.9198604770999793,10.226902608099957
11016.666666666668,0.1065065009610902,9.6869525238113
11033.333333333334,-0.07501446198333346,9.962127009922243
11050.0,-0.05336721609148407,9.717954737051796
11066.666666666668,0.03007428411428112,9.788511366577755
11083.333333333334,0.18279750071000483,9.93585068202154
11100.0,-0.0007042318007293059,9.447713852490333
11116.666666666668,-0.035586681303533374,9.332901871805124
11133.333333333334,-0.8003142794380584,9.389731723116249
11150.0,-0.3314663922285887,9.647510066964525
11166.666666666668,-0.05372039955549787,9.533147732577733
11183.333333333334,0.6343244041521471,8.885425598721607
11200.0,0.39716908079097074,9.087349769558
11216.666666666668,-0.1900767151632782,9.397898664993702
11233.333333333334,-1.0783691256389183,9.685722564122171
11250.0,-0.9747824123666671,10.138782036799999
11266.666666666668,0.1962627239540703,9.616664141702902
11283.333333333334,1.2618434667723233,9.621292238096817
11300.0,1.1502303210606437,9.942149821377356
11316.666666666668,33.53593932934323,14.308281067026648
11333.333333333334,36.58169026599462,12.559192537969931
11350.0,38.469263639066675,11.594506094933264
11366.666666666668,38.20631621438888,11.705392710355587
11383.333333333334,37.90920332192196,11.901732078199961
11400.0,35.96323684486666,11.419701630099903
11416.666666666668,38.43188934337235,11.253697180083323
11433.333333333334,37.33344096473794,11.132414890984375
11450.0,37.047724977140504,10.594680054447215
11466.666666666668,36.840917443676574,11.137645011210495
11483.333333333334,38.3759317170726,10.806273194950506
11500.0,39.39201386179737,10.696988469367916
11516.666666666668,40.92997203993998,11.393490157357325
11533.333333333334,42.03404987108995,11.580343828081054
11550.0,41.24221361991684,11.222308804499997
11566.666666666668,43.01933260019462,12.208691198750001
11583.333333333334,43.60460789146408,11.66219836750472
11600.0,44.755785443438825,10.64480064481441
11616.666666666668,46.420655779555766,11.309725459466508
11633.333333333334,47.25380348411104,11.170455951166565
11650.0,47.12954973733333,11.005399351999994
11666.666666666668,45.96956597377785,10.028800179555661
11683.333333333334,47.19792568789919,10.541540676865809
11700.0,50.04119760704741,10.529417697027384
11716.666666666668,48.533197940115436,11.544226786002891
11733.333333333334,49.06236010519162,11.476407099694303
11750.0,49.26948005498917,12.585469324271342
11766.666666666668,40.96396533856093,12.16975963974396
11783.333333333334,-5.443967835647996,5.459369702444586
11800.0,-33.6252119032585,1.9887724715877013
11816.666666666668,-30.817642777466716,2.340777335766646
11833.333333333334,-30.080344555311868,2.1962986260773296
11850.0,-29.737127498851795,2.176731838459092
11866.666666666668,-29.343336331475825,2.8124982776220566
11883.333333333334,-28.72500505270285,2.43948153453213
11900.0,-28.40586238355827,2.1448279839246887
11916.666666666668,-28.57927713031115,2.0229224516443742
11933.333333333334,-27.42550280931204,2.0537533484868518
11950.0,-28.941536956038508,1.511484405080843
11966.666666666668,-12.15909659789071,5.702273502846079
11983.333333333334,-6.17228390952215,8.14542158430004
12000.0,-5.103286636070324,7.917373192668592
12016.666666666668,-6.111938489849527,8.199292608340224
12033.333333333334,-7.016712398102076,7.83682892867133
12050.0,-6.586235968333336,7.521521123333368
12066.666666666668,-5.907159569169129,7.871092135646904
12083.333333333334,-5.952212397235956,7.945401610967387
12100.0,-6.189403318892966,8.62816952826388
12116.666666666668,-5.982233156565738,8.511739131168808
12133.333333333334,-6.578041459181538,8.102917048420265
12150.0,-6.58407145705482,7.748430871997326
12166.666666666668,-6.768746847631753,8.273378196707178
12183.333333333334,-6.989113381270527,7.938893831217753
12200.0,-7.68958065302349,7.7726466839913195
12216.666666666668,-8.404678803333312,6.84077139993332
12233.333333333334,-8.008254413028721,7.490388697037406
12250.0,-7.975866861333338,7.632199491333329
12266.666666666668,-8.028013836169425,7.573948160017698
12283.333333333334,-8.66659986597589,7.054485350237035
12300.0,-8.419183537268648,6.778434096681673
12316.666666666668,-8.373128023140783,7.1308212888723475
12333.333333333334,-7.564624419022096,7.765207416133376
12350.0,-6.552419688083285,7.768967188500004
12366.666666666668,-1.0348167721528085,8.391088797184674
12383.333333333334,0.021381855983490794,7.83858684832388
12400.0,-0.3512116655677567,8.046327522644019
12416.666666666668,0.0788937608918098,8.149446316608367
12433.333333333334,0.04109869788232007,7.446768122355614
12450.0,-1.0673349259165374,7.159561257050052
12466.666666666668,-0.6577440116891983,7.783499907364784
12483.333333333334,-1.0696434050784387,7.693651787652403
12500.0,-1.283115481618387,7.399183263669666
12516.666666666668,-3.3985850285722927,6.993303226655568
12533.333333333334,-3.624848183180628,7.455943416214132
12550.0,-3.3693989180089896,7.762438979339638
12566.666666666668,-4.08739639996684,7.802564553129513
12583.333333333334,-8.723791841444386,8.23162207294439
12600.0,-36.046970473036154,7.840103426980132
12616.666666666668,-39.931822900810864,7.324609085211117
12633.333333333334,-39.04372067904445,7.347141584066664
12650.0,-37.96310213878031,7.103835301503759
12666.666666666668,-37.00984630140467,7.162721434677178
12683.333333333334,-36.553796610963836,7.5881189891976835
12700.0,-37.74317275422878,7.421031024875636
12716.666666666668,-38.54389486990243,7.925384008574751
12733.333333333334,-35.65297717046269,7.1121548634046325
12750.0,11.267399983708899,11.606677734684022
12766.666666666668,44.0587371812598,10.996756596246252
12783.333333333334,39.01633958684451,12.448177874044347
12800.0,38.016084188345,12.083253306410237
12816.666666666668,36.25000403933332,12.222139282000004
12833.333333333334,37.03193971855922,12.95089671302035
12850.000000000002,35.38447820694556,12.88289531940665
12866.666666666668,34.83815905188899,11.625468604199972
12883.333333333334,34.87129038321666,11.53911587399998
12900.000000000002,34.76798535877938,11.838306595164216
12916.666666666668,34.89189718360869,11.514593934273572
12933.333333333334,34.064156918881665,11.553475821182781
12950.000000000002,33.497947655655516,12.217890221172707
12966.666666666668,33.94671332978136,12.46577160657117
12983.333333333334,33.60676373086668,11.9275164860889
13000.000000000002,27.23270476801352,12.971247534860744
13016.666666666668,19.948311314355575,9.422884354844374
13033.333333333334,18.55490170624996,8.933414272638862
13050.000000000002,18.486349603592988,9.15690059181636
13066.666666666668,18.991972371482614,9.118927012256803
13083.333333333334,18.794508039222354,9.195898476622226
13100.000000000002,18.87257754119487,10.276382392687472
13116.666666666668,18.35487608998388,10.291028223050798
13133.333333333334,18.211802355995058,10.015978525273695
13150.000000000002,18.062238712907455,9.776106205721936
13166.666666666668,17.512704595243207,9.436663366011215
13183.333333333334,16.108348313020745,9.801267080856674
13200.000000000002,16.09063310006662,9.391992598400005
13216.666666666668,16.58023149619808,9.392092540520256
13233.333333333334,15.751876431305549,9.017317681555523
13250.000000000002,15.15730369978292,8.998521438340982
13266.666666666668,14.330818660888868,9.565988939233316
13283.333333333334,13.538730547166692,9.66934430800003
13300.000000000002,13.261659253866679,8.849714673866561
13316.666666666668,-4.069123721277838,10.85738177495413
13333.333333333334,-44.001514304459036,9.866099019318156
13350.000000000002,-47.34396799669579,7.265860825025103
13366.666666666668,-48.079153543382255,7.6635663901623206
13383.333333333334,-48.237818133249924,7.520151791722252
13400.000000000002,-48.11438268580709,7.832350595718718
13416.666666666668,-47.67173412802854,7.2675078974476675
13433.333333333334,-19.492960023928802,10.433796959999992
13450.000000000002,16.190871167984877,11.362878696316903
13466.666666666668,14.147520100039001,10.367149607366708
13483.333333333334,10.788854075555445,11.388434184444426
13500.000000000002,9.122585650899724,11.404286523216612
13516.666666666668,7.149537951942532,11.330048554271443
13533.333333333334,6.425685044099624,11.956893575709124
13550.000000000002,5.6335005150633775,11.428899939561296
13566.666666666668,3.8826051286222345,10.841697765955551
13583.333333333334,2.186288445753271,10.688156537120577
13600.000000000002,-0.2898425457275873,10.882698483357936
13616.666666666668,-0.7628760360584325,10.637884734245352
13633.333333333334,-3.937658894455657,11.69029030937606
13650.000000000002,-5.759265662799945,10.799603859316647
13666.666666666668,-7.2079323731494025,10.843882082218425
13683.333333333334,-7.7056206199598805,10.558807618923437
13700.000000000002,-8.459909046968278,11.07561713548191
13716.666666666668,-11.458385891851524,10.66108968000666
13733.333333333334,-12.589939800189084,11.781921069169163
13750.000000000002,-13.779914340799978,10.610368770866813
13766.666666666668,-15.88988306332245,9.925954361385402
13783.333333333334,-16.596759475006955,10.027502400022167
13800.000000000002,4.9163197634834415,11.652487112467346
13816.666666666668,17.497860958964054,12.459997477405066
13833.333333333334,16.951990065354643,11.29675864098439
13850.000000000002,15.987527947951982,10.710036370462763
13866.666666666668,15.768835618490426,10.835541053095653
13883.333333333334,15.305641212715745,10.417433832844662
13900.000000000002,14.148066431832524,10.812176179989995
13916.666666666668,13.915750790945031,10.862491253123016
13933.333333333334,13.416911784069073,11.26611441477039
13950.000000000002,12.830733952608352,11.469739538912537
13966.666666666668,12.971010752690328,11.65917254075182
13983.333333333334,12.903184214729727,11.831316038372728
14000.000000000002,13.719890000200552,11.703476692016656
14016.666666666668,14.588341209723625,11.828801684737492
14033.333333333334,15.021588450472219,12.42155553741672
14050.000000000002,15.169118867000025,12.571389011916784
14066.666666666668,13.765657123719622,12.508446487473675
14083.333333333334,-3.772918500611415,9.45643480659218
14100.000000000002,-3.3282499477689282,8.520666009340534
14116.666666666668,-3.349791741259449,8.469332207487074
14133.333333333334,-3.1456403628260494,8.947143009423911
14150.000000000002,-3.00710886536782,8.799617559307366
14166.666666666668,-2.9006631666500304,8.54517842792512
14183.333333333334,-2.173900611999491,8.795853944855388
14200.000000000002,-1.543901278962167,8.870296963063062
14216.666666666668,-1.7371926378466673,9.19035960874321
14233.333333333334,-2.696789683963594,9.203103079460567
14250.000000000002,-2.899113434417018,9.623552355977939
14266.666666666668,-2.123437608544607,9.373498572511041
14283.333333333334,-2.2823853500165225,9.00302614898844
14300.000000000002,-3.1024280878667576,8.336332520400006
14316.666666666668,-2.704787640833355,8.765491266111106
14333.333333333334,-2.2398603827701242,9.013037154267268
14350.000000000002,-1.1834806723359867,8.258572760596962
14366.666666666668,-1.148661802005555,9.423978417833318
14383.333333333334,-1.5467539867111093,9.59220098191113
14400.000000000002,-1.6632572632834004,9.440543113700123
14416.666666666668,-1.8475225098104513,9.434090362864724
14433.333333333334,-2.0422429346072786,8.81429519662679
14450.000000000002,-2.465445495687725,8.700580414618836
14466.666666666668,-2.8700955052896173,9.69702520170042
14483.333333333334,-2.53268594904905,8.687418440851966
14500.000000000002,-2.289130723110592,8.810394373726181
14516.666666666668,-2.459820534984288,8.47118890747041
14533.333333333334,2.3893498308090706,10.412871493538194
14550.000000000002,6.655455174620705,11.179509167433698
14566.666666666668,6.84597873073202,11.11915628721035
14583.333333333334,5.72594730311112,11.536488976377745
14600.000000000002,6.260662632087591,10.830530955107418
14616.666666666668,6.132078584096999,11.919361357471615
14633.333333333334,6.044297197334888,11.78537325861571
14650.000000000002,5.665784299000024,11.097431666749864
14666.666666666668,5.583780072327786,10.361909591300002
14683.333333333334,5.417583966021593,11.560042433900584
14700.000000000002,5.576253745072595,11.874391823795364
14716.666666666668,4.469350208620982,12.012186493490123
14733.333333333334,5.375446885534456,11.836485728914337
14750.000000000002,4.792242664467778,11.357925125886991
14766.666666666668,4.403366872849648,10.991570937120684
14783.333333333334,4.385911361333052,11.523877568692436
14800.000000000002,4.052885873332609,11.251141269333203
14816.666666666668,4.721681311166661,12.072181047690544
14833.333333333334,4.62520685612254,12.479658556400423
14850.000000000002,4.208307690033206,12.31817330753326
14866.666666666668,3.8287365073704933,12.046679402863779
14883.333333333334,4.373841698344473,11.424877987988888
14900.000000000002,5.1941812802987615,11.237793901658591
14916.666666666668,5.124711693126432,10.851864905016063
14933.333333333334,4.984361646622153,10.848411466788901
14950.000000000002,5.1166808062656886,11.401415836090026
14966.666666666668,5.2879904314292085,11.489617032259515
14983.333333333334,4.703974067655273,11.431440546933311
15000.000000000002,4.00189041679988,11.640215497166832
15016.666666666668,5.237562688372155,11.761257478928572
15033.333333333334,5.5535486200176996,11.481231512606685
15050.000000000002,5.27324853945318,11.348036744989098
15066.666666666668,5.53047321494485,10.652700818916868
15083.333333333334,5.555719962678988,10.863681439477988
15100.000000000002,5.507323224387807,10.619758960819594
15116.666666666668,5.6379073939449675,11.31959236276502
15133.333333333334,5.418094826133295,10.672500920855521
15150.000000000002,6.202138907900018,11.340907272733375
15166.666666666668,4.726979630469009,10.510173494366738
15183.333333333334,4.778888215911094,10.62178659366667
15200.000000000002,4.955282333332799,10.326605000133023
15216.666666666668,5.807477476695164,10.531604391715266
15233.333333333334,5.982103275110986,10.810663729666691
15250.000000000002,4.769592954132622,11.363024829400082
15266.666666666668,5.136871561644494,12.070744944822195
15283.333333333334,4.810983360022231,11.19543437259996
15300.000000000002,5.131886368317684,10.440089705836233
15316.666666666668,3.863339770873923,10.40810163344448
15333.333333333334,4.44946596559883,9.514470313847164
15350.000000000002,4.2319905397705995,10.70383494530632
15366.666666666668,5.232268933339586,11.684984174494634
15383.333333333334,5.495583896349636,10.954374102654683
15400.000000000002,5.481877338005138,10.701512632202512
15416.666666666668,4.551982055889071,10.250448608065115
15433.333333333334,5.46987476332227,10.527989668355564
15450.000000000002,5.649115250185301,10.376168762161052
15466.666666666668,4.504214234856329,10.160511670018344
15483.333333333334,5.153937649099666,9.695639720189474
15500.000000000002,5.146356647076395,9.600104594985867
15516.666666666668,6.110858805304551,8.651417943914586
15533.333333333334,5.84561262556667,9.371305473122217
15550.000000000002,5.260189017817764,9.359568585435671
15566.666666666668,4.82041390046999,9.245253842136629
15583.333333333334,5.28542223556556,9.737815456321826
15600.000000000002,5.081073290054856,10.686395725953695
15616.666666666668,5.3273955734321286,11.119359332289935
15633.333333333334,5.094524104818134,10.994463709902421
15650.000000000002,5.755506117166739,10.838771824400238
15666.666666666668,6.951229308687803,10.877844395030884
15683.333333333334,6.895562833866722,11.029442533511089
15700.000000000002,5.806710048658964,10.812554326053581
15716.666666666668,5.386352294973521,9.406803676713752
15733.333333333334,5.911843563785792,9.36315769382725
15750.000000000002,5.918356637543085,9.060959829824515
15766.666666666668,5.8849320513757375,10.129634614774023
15783.333333333334,6.18596929959697,9.882659858031081
15800.000000000002,6.305861109222352,9.679445488118834
15816.666666666668,5.20756674823318,9.278641932828295
15833.333333333334,5.542138957664271,9.107698399538165
15850.000000000002,4.956687190566579,9.090267229066633
15866.666666666668,5.923064528403101,8.39995308578725
15883.333333333334,5.763354271972186,8.360990316972213
15900.000000000002,7.449067535451209,5.9705520254962625
15916.666666666668,6.806120578927212,5.617707567816007
15933.333333333334,7.620684896411098,4.994752026855547
15950.000000000002,7.631004520213763,5.461151073109751
15966.666666666668,7.4824094836915105,4.889989328208054
15983.333333333334,7.28925219573544,4.755666561302583
16000.000000000002,7.2989387759912825,4.862632898158267
16016.666666666668,7.743241540566818,3.649909160677802
16033.333333333334,7.858896285708112,2.7887732364141877
16050.000000000002,7.732477892542261,2.9679805655157288
16066.666666666668,8.272307389782927,2.9527398793105553
16083.333333333334,7.966362354111124,1.8188120915278212
16100.000000000002,8.48531662039361,1.7293848118392638
16116.666666666668,7.532358462948185,1.6367263751371237
16133.333333333334,8.685928868578076,0.8100991050055931
16150.000000000002,9.344026962338331,0.8342254432899638
16166.666666666668,8.565054928094668,0.09492289755315383
16183.333333333334,9.377895198834453,-0.423272169230738
16200.000000000002,9.016975573951868,-1.1979264306386561
16216.666666666668,10.091393021834541,-2.0039253869944047
16233.333333333334,9.479214321393243,-1.3673864594280654
16250.000000000002,9.922705206726528,-1.625149196386913
16266.666666666668,9.79825950652682,-1.5699227707847558
16283.333333333334,9.30500427779456,-0.16556475695971865
16300.000000000002,10.573806061653366,-1.1024807563414083
16316.666666666668,10.1737716854483,-1.835029544978067
16333.333333333334,10.008499562208753,-2.972759826267152
16350.000000000002,9.644808501650473,-2.3202835793502175
16366.666666666668,10.041660404666683,-2.327309330888635
16383.333333333334,10.377772173866676,-2.376247924827736
16400.0,3.627432037629081,-0.5126276694639125
16416.666666666668,3.5489379044589198,-0.10585456853796042
16433.333333333336,3.3136579145778056,-0.2009019304891156
16450.0,3.4995110015935738,-0.5824752884462882
16466.666666666668,4.068039314252464,0.03510543241201304
16483.333333333336,4.927339911791309,0.9583765247164342
16500.0,5.064306870555843,-0.03834789833082526
16516.666666666668,4.98255155349685,0.14654616771797863
16533.333333333336,5.861710795706758,0.3477308085860594
16550.0,5.308576109907307,0.8621498060772254
16566.666666666668,4.144412034219215,0.6199987646075727
16583.333333333336,4.374531190079996,0.08768938080308725
16600.0,5.874729718340811,-0.04253035392305016
16616.666666666668,5.457009073917863,0.09109847171225965
16633.333333333336,5.097939790292507,0.42685147327114603
16650.0,3.9836555819833612,0.5045286927841017
16666.666666666668,3.7393971868763245,0.4163443671993256
16683.333333333336,3.9909185917253285,1.4627438295353385
16700.0,4.245323641266726,0.9288198051997539
16716.666666666668,4.4958164618488645,2.36281611707051
16733.333333333336,3.916537460869505,5.5815284176712545
16750.0,3.2505326350982853,6.076426816749981
16766.666666666668,2.5142806028332756,6.921642377377922
16783.333333333336,2.885203415635535,7.086167000962595
16800.0,3.4820588072500565,8.50450454964997
16816.666666666668,2.730303711577726,8.098400441608131
16833.333333333336,3.672745249753348,8.37146909645598
16850.0,3.3526907081789203,8.290628512360367
16866.666666666668,4.157519739519813,9.007082568654386
16883.333333333336,4.002137300177497,8.692754866971868
16900.0,3.01654616386669,9.262291487199976
16916.666666666668,4.154879550158424,9.592812433272371
16933.333333333336,4.305907994497311,9.55284805994548
16950.0,4.290753472266537,10.546245490933181
16966.666666666668,4.25860851684029,10.349859896468402
16983.333333333336,0.8606604728561256,10.276857640372022
17000.0,-25.76958552628499,9.903104007449937
17016.666666666668,-35.445111633682934,8.441935616344555
17033.333333333336,-32.79394029190387,8.158709613626492
17050.0,-32.93487198802864,8.49009994175838
17066.666666666668,-32.766256595866544,8.113603581288972
17083.333333333336,-32.7061736249852,7.913571489641454
17100.0,-33.22654808437807,7.5627073242786285
17116.666666666668,-34.03881929516539,7.493058087159011
17133.333333333336,-22.85663652652419,9.414088060456766
17150.0,13.188970763868898,12.607488694871435
17166.666666666668,3.072736433121871,13.0555740030303
17183.333333333336,2.5163579077033877,12.512857869252901
17200.0,1.9584613490236065,12.961766427474531
17216.666666666668,0.8598633105498436,12.861430808443266
17233.333333333336,0.4895651681339548,12.367223771852593
17250.0,-0.09440363304978058,12.471167076788383
17266.666666666668,-0.3790843519407173,12.838444814975835
17283.333333333336,-0.4742118262130065,12.88895024812959
17300.0,-0.7340373390529303,12.57881321755879
17316.666666666668,0.03526373511135583,12.871333740083472
17333.333333333336,0.6334245396028355,13.064026980104046
17350.0,-0.20919109563105587,12.384003498165765
17366.666666666668,-1.0777500083612521,12.243979159435506
17383.333333333336,-1.3029516056939525,12.59905699819068
17400.0,-1.2292494430381715,12.395359244338831
17416.666666666668,-1.5233091712167217,12.597583059600058
17433.333333333336,-1.062688112005997,12.836269849563639
17450.0,-0.7793006690560652,13.036803337074964
17466.666666666668,-0.6670520010885916,12.648945791493139
17483.333333333336,-0.8332851846888277,13.074502845111176
17500.0,-0.24341476769896309,12.533591675924095
17516.666666666668,-0.39790196476206346,12.40258219918372
17533.333333333336,-0.15616178703325181,13.050568186528023
17550.0,-1.2901376056665597,13.506878309499793
17566.666666666668,-1.1078177409381549,12.101649496271609
17583.333333333336,-0.7297254593145469,12.354530276020057
17600.0,-1.0121275530666622,12.88031057233334
17616.666666666668,-0.836688616669377,13.553958609821699
17633.333333333336,-0.5565979538085519,13.465047537228035
17650.0,0.11085280869552527,12.806940102048944
17666.666666666668,-0.10352655759342382,13.797191522066742
17683.333333333336,0.4561528379983838,13.371873663776837
17700.0,0.23829537274696613,13.958380864884253
17716.666666666668,0.6688181863530054,14.218327060362414
17733.333333333336,0.5797216780630453,13.945184353036861
17750.0,0.4347503883558482,12.856059921489267
17766.666666666668,-0.8448754645099888,12.307934365632667
17783.333333333336,0.49851164608968296,12.79846234792382
17800.0,-0.12068437398327958,12.500127631167352
17816.666666666668,12.768663790640502,13.751192753498705
17833.333333333336,14.127394478866705,10.820807175582313
17850.0,13.973249526146155,10.021593942604957
17866.666666666668,13.13367278913317,11.122135582827763
17883.333333333336,12.740347861436371,10.45716805156693
17900.0,12.612240639969952,9.740999404102054
17916.666666666668,13.404582750641922,9.206671915109174
17933.333333333336,13.194057102911136,10.209463387333187
17950.0,13.106312563018493,9.952176290504706
17966.666666666668,13.427393942857158,10.19564546825394
17983.333333333336,13.66607302828322,10.776281890909193
