0.0,-8.769240666666663,3.9751621333333333
16.666666666666668,-8.561730984355554,4.05238789328889
33.333333333333336,-8.205122107453725,4.017688447762771
50.0,-7.86877497848924,3.9615154976821745
66.66666666666667,-7.652273251416667,3.971382984194442
83.33333333333334,-7.4743501520202065,4.116767685003885
100.0,-14.258806295597804,4.958167111022171
116.66666666666667,-15.204693014994444,5.517666673449996
133.33333333333334,-15.167321749184149,4.853461346542344
150.0,-14.795647307246371,4.364090010194902
166.66666666666669,-14.4119044268,4.316333527072221
183.33333333333334,-14.661376416613862,4.066868504285474
200.0,-14.492371988949904,3.9293093501081744
216.66666666666669,-14.254290489455556,3.69283375436667
233.33333333333334,-14.152905848877781,3.4862015142000025
250.00000000000003,-14.40363676634968,3.6827314228561834
266.6666666666667,-14.36681831304444,3.4284562948111104
283.33333333333337,-14.411048811022441,3.0962294814630136
300.0,-14.355150061900003,2.9506090399333305
316.6666666666667,-14.411688630710183,3.4116542987188017
333.33333333333337,-2.954964897533308,3.764170253555556
350.0,-0.3449826242954753,3.7630394296481633
366.6666666666667,-0.6241782387945385,3.2206123392940382
383.33333333333337,-0.583380646155555,3.319305404111113
400.0,-0.5523556523666685,3.1281391770833324
416.6666666666667,-0.5456331020444444,3.1137958593833313
433.33333333333337,-0.42076903428841467,3.0839261938752833
450.00000000000006,-0.7095053141981466,2.992864962624256
466.6666666666667,-0.869613558985457,2.8707872041403064
483.33333333333337,-0.8240214217948759,2.724101044749696
500.00000000000006,-0.6905777408704368,2.727026788460895
516.6666666666667,-0.41896658731111147,2.563869045138888
533.3333333333334,-0.15435254853801256,2.427439348259538
550.0,0.19917860135135004,2.2991338369369387
566.6666666666667,0.3411414092990907,2.3469513965315993
583.3333333333334,0.4925447508754433,2.3264731546106394
600.0,0.5722413647323565,2.330420620493579
616.6666666666667,0.6415286417931143,2.2924811959646476
633.3333333333334,-4.033744759678404,1.8738565749958256
650.0,-3.5835480333666645,1.638227812699994
666.6666666666667,-3.7289552704925284,1.4332418181686943
683.3333333333334,-3.591212390031052,1.3199110166777535
700.0,-3.5695549566616718,1.2007044719192956
716.6666666666667,-3.6124011726914356,1.1645861661835748
733.3333333333334,-4.133265990713931,1.2452519138514455
750.0,-4.402512856561612,1.1920719950641958
766.6666666666667,-4.483701737960648,1.0692202792463237
783.3333333333334,-4.449170370879882,0.9220296575899022
800.0,-4.052545686290188,0.8855322517074812
816.6666666666667,-4.328781609254626,0.7476858771941493
833.3333333333334,11.177138598938365,-1.0473119647045803
850.0000000000001,21.31579639196268,-1.9995054198766204
866.6666666666667,21.564249531444446,-2.401468837416666
883.3333333333334,22.162493713780435,-2.5840254407963528
900.0000000000001,21.846261451145683,-2.404534069911357
916.6666666666667,22.103542320282372,-2.301077645917403
933.3333333333334,22.65451603279133,-2.4294925458381704
950.0000000000001,23.20107452882118,-2.127575303463202
966.6666666666667,23.764167314586498,-1.9066693161973627
983.3333333333334,24.096214346023828,-1.7133186406927137
1000.0000000000001,24.53558717742258,-2.0535304021645064
1016.6666666666667,25.199005863467423,-2.5048560608468255
1033.3333333333335,25.939336025322234,-2.8823532268333363
1050.0,26.56508635889611,-3.100471188277471
1066.6666666666667,26.612279008490212,-2.9892398924093504
1083.3333333333335,24.683827409919584,-2.4776775986699846
1100.0,1.282076541878995,-2.035810701732471
1116.6666666666667,-4.25565701606616,-1.5264014380726336
1133.3333333333335,-2.553683619805562,-1.2946409196888915
1150.0,-2.479949880227129,-1.4774722310287247
1166.6666666666667,-2.6955410483772133,-1.3973406088471707
1183.3333333333335,-2.942219566550055,-1.440070941040593
1200.0,-2.6390625260927596,-1.4978669729729697
1216.6666666666667,-2.4320775590055557,-1.5121637840833357
1233.3333333333335,-2.137003902625148,-1.3671628587912075
1250.0,-2.058136580259873,-1.3645738626686583
1266.6666666666667,-2.060345016905552,-1.3376815109222269
1283.3333333333335,-2.0107939617049575,-1.1372574125541217
1300.0,-2.111921642624041,-1.5015730467365984
1316.6666666666667,-2.152137724493308,-1.580265817596754
1333.3333333333335,-2.4254796410371897,-1.3829593451225621
1350.0,-2.407695505375272,-1.5914584855882818
1366.6666666666667,-2.1119819639501176,-1.1565517546871522
1383.3333333333335,-1.7956937081444384,-0.396518935599996
1400.0,-1.5343924381000065,-0.6346345454666693
1416.6666666666667,-1.609621426386813,-0.6285742741054191
1433.3333333333335,-1.6877325266188639,-0.6389685293480096
1450.0,-2.094952669669671,-0.72792618990657
1466.6666666666667,-1.949271054772222,-1.020714196494443
1483.3333333333335,-1.8468562194222222,-0.9354021153777768
1500.0,-1.7229650702333417,-0.551795745799998
1516.6666666666667,-1.5092709498469783,-0.5627831636549182
1533.3333333333335,-1.4604851858293035,-0.5452879273751974
1550.0,-1.6248010286543855,-0.4128902838393897
1566.6666666666667,-1.552167893155354,-0.4553690224843124
1583.3333333333335,-1.5898778955688821,-0.4055188397801114
1600.0,-1.3140715591591583,-0.5507463188855495
1616.6666666666667,-1.2816564147981313,-0.6505444532643759
1633.3333333333335,-1.0839959597482556,-0.6779019487367526
1650.0000000000002,-0.8873113118118177,-0.6987461523189868
1666.6666666666667,-1.0312489518851664,-0.8191685327114222
1683.3333333333335,-1.0667259457627105,-0.9682460165725012
1700.0000000000002,-1.1144686987506172,-1.1137449499417014
1716.6666666666667,-1.040922281236792,-1.2894865476031636
1733.3333333333335,-1.047229799522213,-1.3282808721666737
1750.0000000000002,-0.9468368385244558,-1.226679855900523
1766.6666666666667,-0.7236625312888922,-1.1572289249777783
1783.3333333333335,-0.5525613404964163,-1.0545348231828529
1800.0000000000002,-0.776147411378055,-0.8760401245578808
1816.6666666666667,-0.7960663595555539,-0.5485032697666681
1833.3333333333335,-0.9971089339459731,-0.3839118956947934
1850.0000000000002,-1.0797819693419735,-0.3976285681123257
1866.6666666666667,-0.8516195066133597,-0.44900972704758396
1883.3333333333335,-0.48985465586666244,-0.48512160363333046
1900.0000000000002,-0.6149968845601839,-0.8203152667501308
1916.6666666666667,-0.9341641954977474,-0.5000422231337888
1933.3333333333335,-1.5617490171641546,-0.10391998908898656
1950.0000000000002,-4.502192807470639,22.262799830882734
1966.6666666666667,-59.46571076177018,-30.297148574287654
1983.3333333333335,-64.0,-36.0
2000.0000000000002,-64.0,-36.0
2016.6666666666667,-27.561616402132522,0.0
2033.3333333333335,-21.744812825191985,6.008408061745674
2050.0,-3.1077869577032327,2.8804668086296994
2066.666666666667,-2.4595765182000577,-5.023526399355628
2083.3333333333335,-4.070301338952682,-4.515610980784382
2100.0,-4.344812705814538,-1.319595012280689
2116.666666666667,-4.565036134938883,-0.4240813625333247
2133.3333333333335,-4.050246280112278,-0.4672005256350425
2150.0,-4.201744257409252,-0.5105583791541762
2166.666666666667,-4.661613872244455,-0.3871856730888817
2183.3333333333335,-4.6865784092444365,0.0028866124666617025
2200.0,-4.855126744949246,-0.019437170677316977
2216.666666666667,-5.520278101511112,0.2963324639111061
2233.3333333333335,-5.490237701555559,-0.0722515321388926
2250.0,-5.80857763111555,-0.3227429518425874
2266.666666666667,-5.890050610844444,-0.3375302539166669
2283.3333333333335,-5.789363711985167,-0.3299712933151441
2300.0,-5.882820834932539,-0.19252630626353082
2316.666666666667,-5.8881962616222205,0.16020472875555367
2333.3333333333335,-5.337732482517472,-0.11369928508156857
2350.0,-5.2002384344338815,0.4122438405536061
2366.666666666667,-5.332019912055533,0.44816252533334133
2383.3333333333335,-5.194390054361112,0.43833797647221623
2400.0,-5.597291829152084,0.156840920256538
2416.666666666667,-6.110327994399991,0.034098237066671075
2433.3333333333335,-3.4966923535954035,-0.5726500776278529
2450.0,-2.8273163933333354,-1.337007985749997
2466.666666666667,-2.4996265887999978,-1.9112058437333364
2483.3333333333335,-2.2058696585611113,-1.988624799266665
2500.0,-2.400055618307513,-2.058909114992504
2516.666666666667,-2.367242355467148,-2.0612839931266995
2533.3333333333335,-2.369794416964032,-2.1356514841365093
2550.0,-2.5615800978666696,-2.2569142237333355
2566.666666666667,-2.868522622544295,-2.0536232564328927
2583.3333333333335,-2.8760344402367863,-2.212702132027124
2600.0,-3.051625270670667,-2.4827754188188167
2616.666666666667,-2.9996693037221887,-2.5631225247573157
2633.3333333333335,-3.0607750161419296,-2.548708221772444
2650.0,-2.787457151671631,-2.3886392630916906
2666.666666666667,-2.382882749710817,-2.6098272947614287
2683.3333333333335,-2.093324702177504,-2.4870971320342785
2700.0,-1.9886998741462656,-2.4643674779277056
2716.666666666667,-1.776413274511768,-2.398017080782288
2733.3333333333335,-1.9829843238769485,-2.543280245927037
2750.0,-1.9699033872000038,-2.6559942325333266
2766.666666666667,-1.8587889323976614,-2.9350960730882716
2783.3333333333335,-2.1405749903166567,-3.202817136088891
2800.0,-2.208336128349998,-3.4985277242666704
2816.666666666667,-2.0726739387249244,-3.5667554174476086
2833.3333333333335,-3.4969859307112365,-2.375208554355489
2850.0,-4.562584891733335,0.0376430985333406
2866.666666666667,-4.5056368138305025,0.3161493244744814
2883.3333333333335,-4.516204951671949,0.3704557805708583
2900.0,-4.6392313525166635,0.18607566091666491
2916.666666666667,-4.592443052393679,-0.047510130906258156
2933.3333333333335,-4.367279121565676,-0.02266591862794235
2950.0,-4.595039858149637,0.0977464966933863
2966.666666666667,-4.590598172918402,-0.05956884514894185
2983.3333333333335,-4.632003274798511,0.02404882914234559
3000.0,-4.689074402634647,0.08809422034350464
3016.666666666667,-4.661454503219002,0.08609331898101116
3033.3333333333335,-4.683182381709154,-0.019750826669997314
3050.0,-4.990646565580063,0.10350231437646212
3066.666666666667,-5.139851471593832,-0.05642276632187882
3083.3333333333335,-5.1234656883666805,0.16784862725555236
3100.0,-5.045865646793265,0.4911574366649964
3116.666666666667,-4.644524062346606,0.546194614503862
3133.3333333333335,-4.448405916395793,0.5284409612050814
3150.0,-4.581369532916237,0.37388669524524326
3166.666666666667,-4.598358579542688,0.44600178229548715
3183.3333333333335,-4.224004437233339,0.4561993800666628
3200.0,-2.639646893433323,-0.3868780102333372
3216.666666666667,-2.772612028572209,-0.5083511924777637
3233.3333333333335,-2.7945000725333315,-0.4570924940666652
3250.0000000000005,-2.660589316466668,-0.6494608196000135
3266.666666666667,-2.5611563768555636,-0.5464899870777691
3283.3333333333335,-2.55256451133333,-0.5343218293333301
3300.0000000000005,-2.8254534292292304,-0.4911903860860819
3316.666666666667,-2.8905661194652934,-0.5340130881440662
3333.3333333333335,-2.9305697846068264,-0.6536679666722259
3350.0000000000005,-2.8684744409461893,-0.4526994402631939
3366.666666666667,-2.7630522444888874,-0.46301145641111313
3383.3333333333335,-2.872754635093564,-0.45348077117552416
3400.0000000000005,-2.906058888559961,-0.5518621624853579
3416.666666666667,-3.0400445130888922,-0.5400240346000003
3433.3333333333335,-3.0132784536156985,-0.24856660125062358
3450.0000000000005,-2.7566760175930467,-0.3970530046236058
3466.666666666667,-2.79377374969152,-0.31752005306541387
3483.3333333333335,-2.828854111833333,-0.2465788678888873
3500.0000000000005,-2.866601537587593,-0.33728417801133975
3516.666666666667,-2.8187628875987096,-0.4893411584306483
3533.3333333333335,-2.689937248439332,-0.4799450139320078
3550.0000000000005,-2.514854886126395,-0.4581795951142182
3566.666666666667,-2.5344616487243643,-0.4076643340392479
3583.3333333333335,-2.5775377935625685,-0.5063817335781432
3600.0000000000005,-2.697677254054051,-0.3760809597597588
3616.666666666667,-2.6767441564294066,-0.34880364134174374
3633.3333333333335,-2.961951002641808,-0.46120394654233593
3650.0000000000005,-2.9020727074703982,-0.3147592117225307
3666.666666666667,-2.6514429223109355,-0.30045789410068524
3683.3333333333335,-2.4896965682852112,-0.2544017429899342
3700.0000000000005,-2.1670671325662845,-0.024834219576444258
3716.666666666667,-5.640755738516685,-0.6713210030500245
3733.3333333333335,-6.620783378861651,-2.03558707000167
3750.0000000000005,-6.265269216815916,-1.9649687977114436
3766.666666666667,-6.527613221078914,-2.2717600826895477
3783.3333333333335,-6.43842201111111,-2.4358330777777755
3800.0000000000005,-6.207424034768085,-2.331381184718043
3816.666666666667,-6.15300003666277,-2.001267484920236
3833.3333333333335,-5.987249713463138,-1.85327074247518
3850.0000000000005,-6.076942601168417,-1.9165580418961796
3866.666666666667,-6.232977746290736,-2.023563707140475
3883.3333333333335,-6.285306708859985,-2.031644183152688
3900.0000000000005,-6.404116895666674,-2.0524999321666675
3916.666666666667,-6.33834331322778,-2.1036579344499997
3933.3333333333335,-6.386329321666664,-2.1310291824555567
3950.0000000000005,-6.512107509333355,-2.0233004085666675
3966.666666666667,-6.816916650982384,-1.7135029842601708
3983.3333333333335,-2.0936537383191642,-0.37214225472180706
4000.0000000000005,-2.4698465618881027,-0.32476321618381543
4016.666666666667,-2.6766619922316655,-0.7056353328835602
4033.3333333333335,-2.6178661142040127,-0.6662618354156236
4050.0000000000005,-2.226268045999987,-0.5518843295333263
4066.666666666667,-2.1874602511255605,-0.701819767722763
4083.3333333333335,-2.3520122946256383,-0.9873521714612218
4100.0,-2.252967091492841,-1.1829746141104323
4116.666666666667,-2.2245605959096504,-0.7363545192918186
4133.333333333334,-1.948708487867168,-0.5126542093397813
4150.0,-2.1389343822500027,-0.5212132436666738
4166.666666666667,-2.885148010366672,-0.8517211206999972
4183.333333333334,-2.986473840250019,-1.1086907964166757
4200.0,-2.8203286672836416,-0.8524412760380133
4216.666666666667,-2.7130422782115393,-0.8480589791346853
4233.333333333334,-2.911093581555207,-0.7042264371881796
4250.0,-2.8170012996978873,-0.6858801302114831
4266.666666666667,-2.9551167391973987,-0.5895101491412502
4283.333333333334,-2.8843880127222086,-0.9459023814166648
4300.0,-2.822525100449779,-1.0436710962185516
4316.666666666667,-2.899616766866669,-0.8641404401888952
4333.333333333334,-2.4686936873563172,-0.7564959030651297
4350.0,-2.537824508928879,-0.5695501941695786
4366.666666666667,-2.740503766666649,-0.623382789469336
4383.333333333334,-2.720185215637859,-0.7470402952841818
4400.0,-2.7810652128666637,-0.6442495446666677
4416.666666666667,-2.6586680949393786,-0.5226137460794186
4433.333333333334,-2.7558873354333278,-0.7030930814777892
4450.0,-2.598696044129416,-0.7969023983278855
4466.666666666667,-2.7218308345111084,-0.7202797098277753
4483.333333333334,-2.7193993436781807,-0.6511845018823881
4500.0,-2.9191055164582247,-0.679591283241624
4516.666666666667,-2.9149016905905967,-0.5783925649872027
4533.333333333334,-3.0363233181979914,-0.5885691522761365
4550.0,-3.018936797263928,-0.6062291833667021
4566.666666666667,-2.9580071952499827,-0.6475449531777591
4583.333333333334,-2.929403778488902,-0.5142612360666814
4600.0,-2.8678186668333443,-0.5513651164166563
4616.666666666667,-2.907775189945516,-0.5575998914247606
4633.333333333334,-3.089740587598704,-0.43267193220998923
4650.0,-3.0347635303333327,-0.2533509937333303
4666.666666666667,-3.142531188194092,-0.1781007661441839
4683.333333333334,-3.0582875050752607,-0.10885538315841037
4700.0,-3.2485840876000043,-0.26756049145000377
4716.666666666667,-3.282754277811098,-0.41751184100554856
4733.333333333334,-6.585022576019988,-1.8375034346297303
4750.0,-10.930230847580884,-4.342380563580235
4766.666666666667,-11.349113293382272,-4.805756086102769
4783.333333333334,-10.940953252640341,-4.689714856455097
4800.0,-11.214583213323328,-3.8589486259296324
4816.666666666667,-11.152309791386394,-4.145462161738263
4833.333333333334,-10.957131922316742,-4.738238799410563
4850.0,-11.128761225509688,-5.0601069228576145
4866.666666666667,-11.411760244933333,-4.999641559061107
4883.333333333334,-11.68113611213283,-4.826839531417647
4900.0,-11.416749896741852,-5.058136940601502
4916.666666666667,-11.518433183980886,-5.249797095620031
4933.333333333334,-6.355104248171924,-3.267944903744395
4950.0,-4.296343036723152,-0.08517648361580475
4966.666666666667,-3.968292703364982,0.8070166767005466
4983.333333333334,-4.142544274426138,0.9263417503585192
5000.0,-4.234019213226721,0.7562967966183584
5016.666666666667,-4.211755437351542,0.7230634887778874
5033.333333333334,-4.084131487124222,0.6600777450289445
5050.0,-3.9209625133500032,0.6178757072000054
5066.666666666667,-4.033487839363648,0.5528030558387487
5083.333333333334,-4.050628038125362,0.7134118442112165
5100.0,-3.8631636256551536,0.7001620613587036
5116.666666666667,-3.7066680905111165,0.5975630869777864
5133.333333333334,-3.806944216611001,0.07487647013470179
5150.0,-3.8801233868464893,-0.6439312102897095
5166.666666666667,-4.148500782644467,-0.7353895514222227
5183.333333333334,-4.155428435591157,-0.7967138129796492
5200.0,-4.13609582040475,-1.0040239571834717
5216.666666666667,-6.599473742184439,-1.1940543159975496
5233.333333333334,-6.539849069412519,-1.556315100594757
5250.0,-7.312512400233104,-1.4181101407925358
5266.666666666667,-7.4319040216336285,-1.4222669623466149
5283.333333333334,-7.282227207140871,-1.2552672367816027
5300.0,-6.910344649307295,-1.1180405283091321
5316.666666666667,-6.530332837756632,-1.286769717776667
5333.333333333334,-6.458695827893985,-0.8052871662350322
5350.0,-6.495277180437324,-0.7940776646636607
5366.666666666667,-6.699219673595158,-0.770142326371559
5383.333333333334,-6.801272857079294,-0.771643916327436
5400.0,-6.639000582975537,-1.0005327785322033
5416.666666666667,-6.864755601243818,-1.1679574966072528
5433.333333333334,-6.716772002663793,-1.2526500718718834
5450.0,-6.815605235782108,-1.3160141859070478
5466.666666666667,-6.795391940298512,-1.383700982122714
5483.333333333334,-6.776135888706034,-1.2528479388638905
5500.0,-6.835667487966672,-1.165268035799988
5516.666666666667,-6.638708028844435,-1.137875256777772
5533.333333333334,-6.762498537019928,-0.9263872763493316
5550.0,-6.734231896248121,-0.7002379736034782
5566.666666666667,-6.695717362333358,-0.6530812451389063
5583.333333333334,-6.799002676222223,-0.6392593003111209
5600.0,-6.561839324334672,-0.7156135660678749
5616.666666666667,-6.6391306558222345,-0.6166117551999968
5633.333333333334,-6.6481056101545954,-0.515284392192186
5650.0,-6.584829694897454,-0.28975918084042385
5666.666666666667,-6.702172086245761,-0.24467546169137577
5683.333333333334,-6.83080186763381,-0.2032768153854911
5700.0,-6.86329394986666,-0.4290478093333317
5716.666666666667,-6.479770736151413,-0.8326588283030578
5733.333333333334,-6.319193488633587,-1.0111586776945138
5750.0,-6.502314993256742,-0.7783993280552837
5766.666666666667,-6.824988869301326,-0.6009232768606514
5783.333333333334,-6.890897870103453,-0.6200039733399959
5800.0,-6.693408264332171,-0.7144249373186545
5816.666666666667,-7.086019139277778,-0.7304346089000058
5833.333333333334,-7.0427074326548755,-0.6740227887776664
5850.0,-7.051320000416875,-0.820201207470402
5866.666666666667,-7.04119986325726,-0.7231759061413826
5883.333333333334,-7.1709548671328625,-0.652810116594503
5900.0,-7.168597225912944,-0.6037194424212098
5916.666666666667,-7.319241336573841,-0.48236512985381585
5933.333333333334,-7.497970336612745,-0.5633798324773409
5950.0,-7.51182739515514,-0.5339210265969885
5966.666666666667,-12.913810080836448,-1.2345232830775226
5983.333333333334,-14.025701113440961,-1.1327171157596978
6000.0,-14.176774516049374,-1.2676400376042787
6016.666666666667,-14.65754878323899,-0.8437168152070005
6033.333333333334,-14.855056563109107,-0.9974924235320141
6050.0,-15.189049219199996,-0.8924981437333311
6066.666666666667,-15.39435045641706,-0.996917805102715
6083.333333333334,-15.583477924138112,-1.0632965887798604
6100.0,-15.61246383305,-1.0110023174499922
6116.666666666667,-15.697947401699157,-1.2015929266811
6133.333333333334,-15.830945057028508,-1.2524312817297616
6150.0,-16.036040820822926,-1.3055374218890772
6166.666666666667,-16.230265659414275,-0.9506062155068266
6183.333333333334,-16.26060388756112,-0.8752933945444211
6200.0,-16.06787571391392,-0.761097085685687
6216.666666666667,-15.766051152423568,-0.5514277671886681
6233.333333333334,-16.031576188655446,-0.5128334624534518
6250.0,-13.774939180303793,-0.9222227831154097
6266.666666666667,-2.070513301688168,-0.10361240206565886
6283.333333333334,-1.028354147589737,0.6349852002233832
6300.0,-0.7355565147480861,0.5198979557724455
6316.666666666667,-1.0986664849683125,0.6088749033867125
6333.333333333334,-1.3153094036666666,0.8508183172888955
6350.0,-1.4310298606803338,0.8715568229781583
6366.666666666667,-1.6896484845400987,1.0272998619619569
6383.333333333334,-1.5714284729253523,0.8848122995386583
6400.0,-1.4185041551551647,0.7614736014681447
6416.666666666667,-1.0188380045537369,0.5243683671119225
6433.333333333334,-0.9294107602077359,0.5022154952814941
6450.000000000001,-0.7049571470764556,0.36195898305849517
6466.666666666667,-0.8746167727389719,0.4263134852094788
6483.333333333334,-1.0776350074816294,0.38299318354485734
6500.000000000001,-1.1906576130898354,0.19561821929298168
6516.666666666667,-1.143916455622259,-0.01806752045466662
6533.333333333334,-1.0246215055666708,-0.09442959542221895
6550.000000000001,-1.2079222019519453,0.10282525618955218
6566.666666666667,-1.3592341509240777,0.12283736471890178
6583.333333333334,-1.2577499325788895,-0.12221900849282713
6600.000000000001,-1.0270836006000057,-0.2593615561333124
6616.666666666667,-1.143292798243562,-0.03808525099216103
6633.333333333334,-1.2472757441111137,-0.06976661059999183
6650.000000000001,-1.4033640023666754,0.07904700106666605
6666.666666666667,-1.4772301733322366,0.013686710104051664
6683.333333333334,-1.461448740003322,0.2203976253015441
6700.000000000001,-1.5835227261205445,-0.08278834865906722
6716.666666666667,-2.9469837657337443,0.2875963880948414
6733.333333333334,-2.7960045902993023,0.2891242655172344
6750.000000000001,-2.705352554512153,0.19956816488510096
6766.666666666667,-2.4477273079254074,0.16546936721056393
6783.333333333334,-2.604380341060542,0.21847947917671082
6800.000000000001,-2.9038345847452085,0.3135805208353716
6816.666666666667,-2.662234511594446,0.24142669268333627
6833.333333333334,-2.452458612183299,0.22118920466111577
6850.000000000001,-2.3857261121621356,0.12277849469470978
6866.666666666667,-2.240201036977789,0.14214395435555893
6883.333333333334,-2.154342076547442,0.10066737227944747
6900.000000000001,-2.20436167336334,0.39203874682661116
6916.666666666667,-2.540239205244443,0.7891077000888832
6933.333333333334,-2.8068434297408547,1.0759736512734994
6950.000000000001,-2.7648991437780746,1.0899253863568075
6966.666666666667,-2.261533488944459,1.0900440193596772
6983.333333333334,-1.9168498291590437,0.6808441316102396
7000.000000000001,-1.9900977166416673,0.28613830349826025
7016.666666666667,-2.24148958333333,0.35375962437437397
7033.333333333334,-2.2860174675090015,0.6097866618343029
7050.000000000001,-2.2612011686742965,0.5028953731541158
7066.666666666667,-2.3561684809849295,0.4441207764493343
7083.333333333334,-2.388078674848248,0.7987551321720845
7100.000000000001,-2.6112709650865398,1.0484575566200722
7116.666666666667,-2.7638409121838707,1.1646240532043841
7133.333333333334,-2.614139007259202,1.19518411609136
7150.000000000001,-2.350592840824148,1.2572835817150736
7166.666666666667,-2.0538047040202088,1.1783491647231947
7183.333333333334,-1.985510301449979,1.3940913346277626
7200.000000000001,-1.870917202784693,1.2489220215440981
7216.666666666667,-1.6847778639542017,1.2616709351731414
7233.333333333334,-1.6411868000278045,1.3222620273970302
7250.000000000001,-1.6312756617333612,1.2488952332166605
7266.666666666667,-1.7876973035222243,1.1324804728888838
7283.333333333334,-1.7164942064047883,1.0282228534681153
7300.000000000001,-1.6613203483483614,1.1628646082082197
7316.666666666667,-1.607039608906658,1.1103100509411907
7333.333333333334,-1.6461030771388891,1.1841508708222266
7350.000000000001,-1.6068152072796664,1.2967309964017721
7366.666666666667,-1.5309351652826335,1.34229586733929
7383.333333333334,-1.3854030556833359,1.3839951508055661
7400.000000000001,-1.311536786886868,1.529730750216884
7416.666666666667,-1.3193046668389719,1.90418699430271
7433.333333333334,-1.2522543800865027,3.6115795304142013
7450.000000000001,-3.1423972457461153,22.44196775610822
7466.666666666667,-53.632170357229754,-24.300300300306915
7483.333333333334,-64.0,-36.0
7500.000000000001,-64.0,-36.0
7516.666666666667,-64.0,-36.0
7533.333333333334,-63.814224376175815,-35.81501740427131
7550.000000000001,-10.038172988901584,13.351951122213325
7566.666666666667,12.368376840227583,2.2342930749888206
7583.333333333334,4.153858341889984,-4.336403211238826
7600.000000000001,1.3870870471901855,-2.306249700633553
7616.666666666667,0.7549722893335648,-0.3344649770162912
7633.333333333334,-0.6122658846820248,0.48628263439337627
7650.000000000001,-1.1322474697166962,0.24475393725001418
7666.666666666667,-1.444721573731355,-0.22752076140409394
7683.333333333334,-1.706530968268277,-0.4261911183739403
7700.000000000001,-1.9081485906486626,-0.5161154371040725
7716.666666666667,-2.0613118455277855,-0.4384448437777632
7733.333333333334,-2.128077986248677,-0.3128020389528147
7750.000000000001,-2.1306427785559796,-0.25494351210604804
7766.666666666667,-2.10750190282222,-0.2873213607555535
7783.333333333334,-2.1383859336112425,-0.42928043819132233
7800.000000000001,-2.0252192805235687,-0.4414582208437553
7816.666666666667,-1.7935652498304515,-0.45213683042076336
7833.333333333334,-1.4518004308709749,-0.3286258249180113
7850.000000000001,-1.4808382957812607,-0.10237042254462647
7866.666666666667,1.6238324748755613,0.16790687160882423
7883.333333333334,1.4575127636000258,0.3319933282166573
7900.000000000001,1.4416424659322162,0.5384162233016359
7916.666666666667,1.4169280671391176,0.7151682369240284
7933.333333333334,1.482636860208768,0.8763113181409606
7950.000000000001,1.514985009638143,0.9756150819743513
7966.666666666667,1.5162249617019157,1.0915256659847883
7983.333333333334,1.432554651144472,1.129802588611105
8000.000000000001,1.3397588687844137,1.0821260450725183
8016.666666666667,1.2424367833694576,0.9806723174253803
8033.333333333334,1.3212187238683089,0.8320312469135839
8050.000000000001,1.3408077531203357,0.8166508804792549
8066.666666666667,1.5683502047087587,0.7253918556999304
8083.333333333334,1.737524427260157,0.6318242238941261
8100.000000000001,1.9582480505419348,0.5857254916124689
8116.666666666667,2.1228077427849907,0.5567496753857265
8133.333333333334,2.3514725024468888,0.3242793499777529
8150.000000000001,2.3987130801756953,0.4228394960881944
8166.666666666667,2.699961388155932,0.4748236771614173
8183.333333333334,2.8916282459737497,0.6486933213713759
8200.0,2.989209961514093,0.4513571446056492
8216.666666666668,3.0808809876895062,0.1472028797267781
8233.333333333334,3.084002894963115,0.1498693826537957
8250.0,3.2694486082082017,0.09478374194193921
8266.666666666668,3.417803988583407,0.2950798107499925
8283.333333333334,3.6249902366507065,0.5670573119511316
8300.0,3.5189991398561653,0.8437799628198727
8316.666666666668,3.4182117685870073,1.491973216206043
8333.333333333334,3.63249992474873,1.3085568981509368
8350.0,4.045372986846935,0.749632263478557
8366.666666666668,4.247463019031714,0.6459095637374177
8383.333333333334,4.2111656408002025,0.35110102927671755
8400.0,4.326685381131165,0.07653895265265273
8416.666666666668,5.3913493445278045,-0.0936042541604867
8433.333333333334,5.648378623078215,-0.17164548119054457
8450.0,5.455337979441764,-0.21691848917516796
8466.666666666668,5.24713253616667,-0.48252042308334975
8483.333333333334,5.273986548986315,-0.3356359872440795
8500.0,5.434545519536217,-0.33558476678344307
8516.666666666668,5.789949629599997,-0.1606298044444554
8533.333333333334,6.153366093233338,-0.20809546833334427
8550.0,6.374233410694594,-0.1856900716308165
8566.666666666668,6.824505614946376,-0.5593879656050332
8583.333333333334,6.854820027280806,-0.45175202661447383
8600.0,7.093343839430286,-0.31936888718973555
8616.666666666668,7.519080452355597,-0.43418275690004493
8633.333333333334,7.6693805763777965,-0.43566689468889697
8650.0,8.051931425254557,-0.5757616215990751
8666.666666666668,8.235474500144598,-0.4598761287398231
8683.333333333334,8.2018310769718,-0.7079476049135753
8700.0,8.676959767583316,-1.1573183049166578
8716.666666666668,7.099937747644632,-0.7869172621333793
8733.333333333334,7.595763861309106,-0.8990665713603725
8750.0,8.25263047141423,-1.1565134991976118
8766.666666666668,8.741801714460044,-1.4371522970281945
8783.333333333334,8.92485727344229,-1.8089106565949735
8800.0,8.964921889965055,-2.055049970577469
8816.666666666668,8.980125203535346,-2.0110673315018133
8833.333333333334,9.18795331555556,-1.7610138794666592
8850.0,9.684578915699998,-1.6299074174666583
8866.666666666668,9.91317816930952,-1.956711292088134
8883.333333333334,10.134575624831704,-2.0044170157402807
8900.0,10.221345404849984,-2.096422449016677
8916.666666666668,10.700647965955207,-2.3719086417486315
8933.333333333334,10.53771587696787,-2.782015633732729
8950.0,10.571281191012176,-3.2839132523761942
8966.666666666668,10.944432330001717,-3.6776261125547927
8983.333333333334,11.439069484073908,-3.7940398002268982
9000.0,12.144927231837073,-4.035613035494596
9016.666666666668,12.942307277371293,-4.125442571428562
9033.333333333334,13.442538055644517,-4.194753132232785
9050.0,14.1492286084042,-4.392159250358506
9066.666666666668,14.065507054911063,-4.11485105115557
9083.333333333334,14.523222634875484,-4.314231895246016
9100.0,15.26283011241283,-4.7436526661087886
9116.666666666668,15.880404316774964,-4.972093859081563
9133.333333333334,16.584497032538046,-4.83367012566083
9150.0,16.94811817316662,-4.62931823966664
9166.666666666668,17.933011608902405,-4.885689927268731
9183.333333333334,19.058705782685287,-5.2512374063587055
9200.0,19.482578065149987,-5.474830053899991
9216.666666666668,20.063273029674125,-5.476890689650753
9233.333333333334,20.869697182308848,-5.13787437324116
9250.0,21.52872094619693,-5.434318019428867
9266.666666666668,22.11574239871113,-5.510988790155528
9283.333333333334,23.20095201378171,-5.956589213325553
9300.0,6.140791038708861,-5.146921236462048
9316.666666666668,2.3918535395117653,-2.987711479590657
9333.333333333334,2.1454286937079194,-3.4035607466011006
9350.0,2.4369118134134196,-3.577181304304304
9366.666666666668,3.45788054991385,-3.807859993189875
9383.333333333334,4.172772147023035,-3.8482644433266895
9400.0,4.684114638730637,-3.5579083991171085
9416.666666666668,4.779220245468183,-3.4716736697768553
9433.333333333334,4.5814416434222665,-3.283469897333354
9450.0,4.492565031699181,-3.2969716310321924
9466.666666666668,4.602103052676326,-3.627939423839711
9483.333333333334,4.671300159590097,-3.8274141273881854
9500.0,4.913778193880287,-3.8912803362681325
9516.666666666668,4.994730594911107,-3.6515983805999994
9533.333333333334,4.943306997532096,-3.515548961925408
9550.0,5.182141246473232,-3.867600783308301
9566.666666666668,5.319098630525166,-4.111758210933915
9583.333333333334,5.161833060606055,-4.016585199500496
9600.0,5.122032392555758,-3.794125555244131
9616.666666666668,5.3641586522633675,-3.882530224346534
9633.333333333334,5.6173421694902235,-4.099421611832269
9650.0,5.575409111833339,-4.3886225798333305
9666.666666666668,5.681903928855576,-4.53807023350001
9683.333333333334,5.558998893935323,-4.503276510137223
9700.0,5.526843876128605,-4.357821825453946
9716.666666666668,5.608965635162133,-4.546145164271029
9733.333333333334,5.888071516622213,-4.551970371822188
9750.0,5.923155775950048,-4.753753558716646
9766.666666666668,5.682153771315429,-4.743663734009818
9783.333333333334,5.501388666666671,-4.773552682431012
9800.0,5.15658086273529,-4.858278936165227
9816.666666666668,5.017836346132474,-4.655312254972506
9833.333333333334,5.11115517136199,-4.308738706915298
9850.0,4.9793851621098275,-4.025842065765316
9866.666666666668,4.910059435776678,-4.091359499038145
9883.333333333334,5.2662295134222195,-3.8459509328888877
9900.0,5.298320420862471,-3.7394088910256422
9916.666666666668,5.461218170833331,-3.680020991761077
9933.333333333334,5.690189027783336,-3.676605278366678
9950.0,5.874617409236153,-3.7016466484440014
9966.666666666668,5.911667619803541,-3.75422523610187
9983.333333333334,5.8101082901536705,-3.7556715881344536
10000.0,5.9497256698955425,-3.690912194349481
10016.666666666668,6.0083282635444695,-3.6916998269110852
10033.333333333334,5.935407725251488,-3.7442484314990745
10050.0,6.046220152723638,-3.7194842478760695
10066.666666666668,6.027155174029645,-3.7713589985840312
10083.333333333334,6.048930514279318,-3.669176475737824
10100.0,5.971795096533316,-3.4826437450333434
10116.666666666668,5.901011662627785,-3.4514397936610997
10133.333333333334,5.871140706577798,-3.5112997739555554
10150.0,5.781071215582245,-3.2058813292292307
10166.666666666668,6.071006467289178,-3.6280354909565893
10183.333333333334,6.162211532949996,-3.792326474855535
10200.0,5.800729034785503,-3.754634315690259
10216.666666666668,5.729021843067383,-4.530222363379427
10233.333333333334,5.834249609205547,-4.533345773888886
10250.0,6.1123048821821575,-4.738763196229575
10266.666666666668,6.422419961895243,-4.264565857140466
10283.333333333334,6.070476646643355,-4.077482802948524
10300.0,5.996283809604797,-3.9810917260630263
10316.666666666668,3.098378220220664,-4.242801601862109
10333.333333333334,-0.6031748111222794,-5.0040943796445
10350.0,-0.6580507998839404,-5.316781877175525
10366.666666666668,-0.47270614410984385,-5.469265634899975
10383.333333333334,-0.023855269784932326,-5.58358227970653
10400.0,0.016201672149752575,-5.515594462253441
10416.666666666668,0.3673519307099639,-5.535166742910355
10433.333333333334,0.28003834617601664,-5.467234568831168
10450.0,-0.05831635882352692,-4.897896016138775
10466.666666666668,-0.23529351443178254,-4.785623383369422
10483.333333333334,-0.615422747287281,-5.074737984564114
10500.0,2.2020676123893663,-3.8331558073203293
10516.666666666668,1.0899573034114907,-3.957329085771334
10533.333333333334,1.1741514032620763,-3.8339905089846407
10550.0,1.1120969545787653,-3.8145594694638776
10566.666666666668,1.1667172931116534,-3.691927374031606
10583.333333333334,1.254846107051498,-3.3201805937492948
10600.0,1.6861536735034361,-3.44501230185094
10616.666666666668,1.7852058185000077,-3.41938390188888
10633.333333333334,2.0249952106444487,-3.4414513649777603
10650.0,1.9930477147073546,-3.488654086960145
10666.666666666668,1.8930357339395039,-3.2240398134300006
10683.333333333334,1.980052736080533,-2.8944584187599967
10700.0,1.77285600625312,-2.8437148114057056
10716.666666666668,1.8036500373334101,-2.8022949147222502
10733.333333333334,1.6995333852834815,-2.7018976365381393
10750.0,1.7910542333332795,-2.601299459259216
10766.666666666668,1.9603683574352322,-2.592403099110156
10783.333333333334,2.211490640384831,-2.5968175874763655
10800.0,2.2032756426713154,-2.770088704869088
10816.666666666668,2.2178380640888804,-2.7590745424000125
10833.333333333334,2.2685732225777766,-2.8980417454222236
10850.0,2.3463114008007935,-2.9224108473974253
10866.666666666668,2.3442207408064717,-3.030164800869296
10883.333333333334,2.3530602501777773,-3.103447464211114
10900.0,2.7381527481500094,-3.17546668741001
10916.666666666668,2.770885092431743,-3.3852045491632747
10933.333333333334,2.919868023222239,-3.3043028219222146
10950.0,2.9447876306999907,-3.246169508049998
10966.666666666668,3.0037261832725157,-3.1915788303039587
10983.333333333334,3.2793228586682215,-2.979819361386242
11000.0,3.3404166995159437,-3.0737013097813453
11016.666666666668,3.0972132358499365,-2.9295072189055356
11033.333333333334,3.1131311248957694,-3.036646712928664
11050.0,2.73846223513518,-3.097308559909927
11066.666666666668,2.517526322989672,-2.7235059428539556
11083.333333333334,2.8084184033205615,-2.5450705108112737
11100.0,3.387026566366703,-2.601356779966687
11116.666666666668,4.0020656522872935,-2.7967745127897494
11133.333333333334,-3.633604498835605,-2.184477602059071
11150.0,-13.987045544766504,-1.072819742866684
11166.666666666668,-14.040877960849823,-0.6245739288288069
11183.333333333334,-13.98877894874445,-0.2818728189333177
11200.0,-13.8524914076846,-0.18203072471723072
11216.666666666668,-14.089055069860315,-0.21860639282813998
11233.333333333334,-13.847861314294413,-0.2281224928472626
11250.0,-13.88254526779944,-0.39300044314509275
11266.666666666668,-13.681197797622316,-0.3196461261334008
11283.333333333334,-13.612597816572213,-0.5781636874555645
11300.0,-13.525414114087804,-0.6395124646302957
11316.666666666668,-13.5128051325325,-0.46261909939944856
11333.333333333334,-13.520097196456078,-0.41612647077899706
11350.0,-13.763628896901542,-0.08968731021156066
11366.666666666668,-13.645953357696516,0.47637865091764114
11383.333333333334,-13.612543717424641,0.6887268177966318
11400.0,-13.914296912087917,0.7212022516150528
11416.666666666668,-13.846963235249103,0.9230894435504804
11433.333333333334,-14.263528839553116,0.41279380213995176
11450.0,-14.417696027228729,0.17675455784884714
11466.666666666668,-14.25917155857074,0.23689326169693967
11483.333333333334,-14.185549941368803,0.11767948062621138
11500.0,-6.177884322178086,-1.6177546341657094
11516.666666666668,0.1680933806152915,-6.101222144738327
11533.333333333334,1.8135810127777843,-6.592236878055553
11550.0,1.7725254157421033,-6.939565736631627
11566.666666666668,1.308906914624531,-6.792698393554992
11583.333333333334,1.284236889983969,-6.910090391311342
11600.0,1.4122733785274055,-7.096161795185731
11616.666666666668,1.544961847646031,-7.062798370757618
11633.333333333334,1.3076859715697642,-7.110663486317952
11650.0,1.1921571830666664,-6.932528882000007
11666.666666666668,1.1175154429355394,-7.017456926105293
11683.333333333334,0.9187302456777476,-6.90911395701668
11700.0,0.7599238087877269,-6.669312908053997
11716.666666666668,0.7316175882555449,-6.664728234011112
11733.333333333334,0.6378388157245287,-6.698071548741037
11750.0,0.7048554037055239,-6.612583936905334
11766.666666666668,0.6502111418679741,-6.5183726568437965
11783.333333333334,-0.21113650533955633,-5.18812965296332
11800.0,-5.647835814083307,0.9132146682166276
11816.666666666668,-4.984787358027766,2.398378878388886
11833.333333333334,-4.627069678477098,2.4809546848096655
11850.0,-4.517736882374553,2.6424467478406237
11866.666666666668,-4.409383591857025,2.4985800127786204
11883.333333333334,-4.256292898505998,2.5526024276046364
11900.0,-4.286902908333337,2.588191298333329
11916.666666666668,-4.21045777893949,2.667796034472818
11933.333333333334,-4.189395144216679,2.5959646493777577
11950.0,-4.054121846649986,2.746111982449997
11966.666666666668,-4.125815931065708,2.6748457706597457
11983.333333333334,-4.079285746243538,2.799829733261147
12000.0,-4.024781353566668,2.809434702283331
12016.666666666668,-4.090809687633385,2.7331849477999786
12033.333333333334,-4.106763746787728,2.7514208740574406
12050.0,-4.3472352936080885,3.0293671872352554
12066.666666666668,-4.244653274959891,2.8101240119066877
12083.333333333334,-4.186748390551395,2.5330409086339634
12100.0,-4.087178600500026,2.4688184740000034
12116.666666666668,-4.153503112660332,2.190532700577496
12133.333333333334,-4.440613859222267,2.354201945
12150.0,-4.690966242125438,2.8329889397564183
12166.666666666668,-4.489995633616484,2.963629056743836
12183.333333333334,-4.531700006988889,2.960020304144446
12200.0,-2.006671494720356,2.7129737706388806
12216.666666666668,5.898605696083498,-0.3378571753055959
12233.333333333334,7.379441214848179,-0.7309371668001381
12250.0,7.645604972399981,-0.7487070130666552
12266.666666666668,7.177354331055492,-0.7137237925333232
12283.333333333334,6.806765687875728,-0.3241561864315723
12300.0,6.844778573246712,-0.32248964707646266
12316.666666666668,6.72639856479353,-0.3442795417041723
12333.333333333334,6.686048557222219,-0.3579439106666712
12350.0,6.617660066799428,-0.34513150610888105
12366.666666666668,6.539482764701942,-0.3060582823173738
12383.333333333334,6.647189343594935,-0.2918867278027563
12400.0,6.537731565349344,-0.37699064212106487
12416.666666666668,6.58246769869432,-0.27421471322221097
12433.333333333334,6.231752019429168,0.006938275989774822
12450.0,6.1505377615999866,0.03358634613332483
12466.666666666668,6.0801457573917,0.10512738059019881
12483.333333333334,6.177238289476888,-0.03727998035169361
12500.0,6.20875097333333,-0.27931843666664447
12516.666666666668,6.47382711276194,-0.24048812152743512
12533.333333333334,0.7108432961816226,-6.014358944277855
12550.0,0.8878756157253955,-16.175726661269053
12566.666666666668,0.7699803783002013,-20.82271678350405
12583.333333333334,1.2341099552775057,-21.831577427438567
12600.0,1.7035917307911084,-21.90786511823048
12616.666666666668,0.9937626986277929,-21.9185609549
12633.333333333334,1.0737707655160933,-22.053829735312107
12650.0,0.8187200897833317,-22.002953906483334
12666.666666666668,0.7224762448279718,-21.887912620782597
12683.333333333334,0.7660442225988744,-21.834474831073422
12700.0,1.082209098349174,-22.004759748240787
12716.666666666668,1.2713343348007538,-22.065443297637714
12733.333333333334,1.4116875121883288,-22.296179298967182
12750.0,1.3745319877877353,-22.51869041541541
12766.666666666668,1.381718181240311,-22.523161821910463
12783.333333333334,1.476932917285798,-22.536730743672614
12800.0,1.5511339027680637,-22.533188314657306
12816.666666666668,1.574999353888887,-22.54669594091667
12833.333333333334,1.5308981212111104,-22.609293933666667
12850.000000000002,1.778045820393545,-22.705551462848153
12866.666666666668,1.8778099310766796,-22.727083135929078
12883.333333333334,1.820456609475492,-22.88415512181193
12900.000000000002,1.7697606994833193,-23.373135690650045
12916.666666666668,1.6300072537556207,-23.120220227933267
12933.333333333334,1.8262993017157654,-22.565283271786313
12950.000000000002,2.1657237103219127,-24.563570628047124
12966.666666666668,-4.559815565679809,9.544434483196891
12983.333333333334,-64.0,-36.0
13000.000000000002,-29.419126306172974,-0.6230236273298706
13016.666666666668,-10.138043384974377,5.243884880345584
13033.333333333334,0.5658247307544857,-17.957121337733994
13050.000000000002,-0.8102232493667896,-23.74675354393252
13066.666666666668,-0.9830535888889037,-22.307129120555555
13083.333333333334,-5.143218980611378,-25.641674618945192
13100.000000000002,-11.205377867767531,-29.724517845389894
13116.666666666668,-12.025103952131618,-30.471136449191263
13133.333333333334,-11.503148359068419,-30.36050154096493
13150.000000000002,-10.94676947323475,-30.34828020114944
13166.666666666668,-10.983747930946471,-30.535764733990828
13183.333333333334,-11.282980202840303,-30.598433553954756
13200.000000000002,-10.605349310333278,-30.82269505653338
13216.666666666668,-10.74979182892214,-31.07289564230535
13233.333333333334,-10.779316477788948,-31.274133790678512
13250.000000000002,-10.90516782704306,-31.42179090274195
13266.666666666668,-11.025857813902789,-31.811196401901896
13283.333333333334,-10.932007157915493,-31.97824626802155
13300.000000000002,-10.882654213631856,-32.1307075916418
13316.666666666668,-10.864340273964801,-32.18695436214772
13333.333333333334,-10.946142949777762,-32.357066143911105
13350.000000000002,-11.045242156842113,-32.67209831508776
13366.666666666668,-10.936143049187326,-32.907294212814115
13383.333333333334,-10.758551464534408,-33.14325079313119
13400.000000000002,-10.945374996351775,-32.68586443991265
13416.666666666668,0.9883401834907676,-22.45010953277617
13433.333333333334,6.681389807303852,-10.789755529447298
13450.000000000002,6.274517988595387,-6.082811072689324
13466.666666666668,6.025340040099984,-4.946224248727761
13483.333333333334,5.827280678456237,-5.267191431809583
13500.000000000002,6.298921557700045,-5.122522741233308
13516.666666666668,6.1951475349714,-4.97159777252485
13533.333333333334,6.550084433333338,-4.894581936285936
13550.000000000002,6.334767454099962,-4.907683233566591
13566.666666666668,6.490351441422243,-4.669023052044438
13583.333333333334,6.627592993305488,-4.85591069550545
13600.000000000002,6.812719924137912,-4.90991877981016
13616.666666666668,6.555876874344835,-5.0622447172369585
13633.333333333334,5.73594925821669,-1.4052712541049837
13650.000000000002,6.385635965337236,-0.06363291266201783
13666.666666666668,5.913418675599955,0.823685702533347
13683.333333333334,5.5939874595833246,0.8449413072277978
13700.000000000002,5.637201689605254,0.8090217167916135
13716.666666666668,5.740598219341526,0.7557445172839129
13733.333333333334,5.8786603913333275,0.8159027225777512
13750.000000000002,6.04480163188037,0.873051603581753
13766.666666666668,6.1302871098988625,0.8190268613613507
13783.333333333334,6.024343370068046,0.5704553323156889
13800.000000000002,6.1289658508911895,0.40782355763783024
13816.666666666668,6.012803014666679,0.2216232884443942
13833.333333333334,6.034138264799991,0.01671292511108438
13850.000000000002,5.934415305402679,-0.01872667378684515
13866.666666666668,5.962769859296321,0.07687514366629429
13883.333333333334,1.470010599773675,0.16400425475838415
13900.000000000002,-0.37224409396373087,0.9581386258963125
13916.666666666668,-0.24628214058335104,0.6672608376444413
13933.333333333334,-0.3234571172777747,0.8088450783111147
13950.000000000002,-0.32954372048711467,0.7713550638471958
13966.666666666668,-0.272875912807153,0.6670152569291703
13983.333333333334,-0.1220292766989125,0.63042042724949
14000.000000000002,-0.17710774994987702,0.5726303940273499
14016.666666666668,-0.10113867536552276,0.6032578974264798
14033.333333333334,-0.3705300137248735,0.5190919059837944
14050.000000000002,-0.41252035275970017,0.551615046806763
14066.666666666668,-0.2933518392385435,0.38366667306583135
14083.333333333334,-0.40479585688890657,0.6013235208889101
14100.000000000002,-0.4261984202000702,0.509842468216776
14116.666666666668,-0.5807319206333256,0.5811390492389041
14133.333333333334,-0.3003022015666544,0.6748389625666688
14150.000000000002,-0.4335621175079989,0.7089862822921861
14166.666666666668,-0.4916333543733868,0.6991130937451473
14183.333333333334,-0.4968460440668408,0.43060364483314356
14200.000000000002,-0.751064950491899,0.1075936067366854
14216.666666666668,-0.9670972977599985,0.17551560541938854
14233.333333333334,-0.9557242361888754,0.31495271411108344
14250.000000000002,-0.9273117196196519,0.5814320058057573
14266.666666666668,-0.82976637232745,0.5247292546582523
14283.333333333334,-0.7700945666075827,0.35168786911037
14300.000000000002,-0.8789923384141238,0.14629989576874775
14316.666666666668,-1.0133322062221608,0.29659903599997695
14333.333333333334,-0.6768291950765108,0.2972123567309806
14350.000000000002,-0.536397936703272,0.28759955535542714
14366.666666666668,-0.8278168797777715,0.2511457701110909
14383.333333333334,-0.6437221816018756,0.1752801670946474
14400.000000000002,-0.5659193187726156,0.2162213006632568
14416.666666666668,-0.6307364709632306,0.2691669220666111
14433.333333333334,-0.6945828918262777,0.28923634662111597
14450.000000000002,-0.6149189444222729,0.4015348447885461
14466.666666666668,-0.5781622235339908,0.615585477711075
14483.333333333334,-0.6553951277583486,0.42609180406315117
14500.000000000002,-0.8309461058970514,0.5390648346826422
14516.666666666668,-0.9008304315991317,0.7905627520760355
14533.333333333334,-1.092440600744821,1.0077054662609017
14550.000000000002,-1.0366113617197763,1.0499762644754689
14566.666666666668,-0.7307238279000211,0.9937590367166319
14583.333333333334,-0.13570768387886833,0.5028086920619288
14600.000000000002,-0.056592702638231254,0.704561436529698
14616.666666666668,-0.06979816392911126,1.0635891839636173
14633.333333333334,-0.05130671411112765,1.2655167642222027
14650.000000000002,-0.13576918266673974,1.2068615093333788
14666.666666666668,-0.6713370745000312,1.5807503495000208
14683.333333333334,-0.855914950885656,1.6572924162641205
14700.000000000002,-0.8776598473763338,1.5433830723637603
14716.666666666668,-0.6288061238380307,1.7205819301127587
14733.333333333334,-0.3040947587412459,1.5914942550115985
14750.000000000002,-1.3897829625337397,1.7560554774766635
14766.666666666668,8.046768555022513,3.5016137251374624
14783.333333333334,8.623226338101583,3.663294354274784
14800.000000000002,8.149397142876204,3.9005969266268083
14816.666666666668,8.154341091668066,3.935094161480741
14833.333333333334,8.168300995133317,4.029519991844467
14850.000000000002,8.679171252571878,3.8640102944722243
14866.666666666668,8.902845225015305,3.844261344399926
14883.333333333334,9.279922804808963,3.792782436888247
14900.000000000002,9.679709955672159,3.799271470564712
14916.666666666668,9.574449838963858,3.970746359203722
14933.333333333334,9.447287702226662,4.074808776422897
14950.000000000002,9.498926032432436,4.114553422656003
14966.666666666668,9.324142568873347,4.1854571047857245
14983.333333333334,9.528140717675507,4.0877629659051715
15000.000000000002,9.602187133333322,4.064158428933307
15016.666666666668,9.720070647838842,3.8996918869833683
15033.333333333334,9.660439064961952,3.996039096557263
15050.000000000002,9.793781115859566,3.9338025962555876
15066.666666666668,9.973545817888864,3.9333194566667027
15083.333333333334,9.904349914707911,4.0420747914109905
15100.000000000002,9.940106015323005,4.185337743365059
15116.666666666668,10.054068641198342,4.286188866005286
15133.333333333334,2.3499686876006254,3.1168099594758036
15150.000000000002,0.14114459776548827,2.7968389241120795
15166.666666666668,0.4087369801555504,2.537147289155548
15183.333333333334,0.2774577267011713,2.7185921480331503
15200.000000000002,0.7356549441107983,2.931141912946273
15216.666666666668,1.2348371213444518,2.849787834699994
15233.333333333334,1.2849794854333303,2.9523626656111106
15250.000000000002,1.5044682477189235,2.83482118053611
15266.666666666668,1.568006057743344,3.26594497177525
15283.333333333334,1.663260283962325,3.094472018625663
15300.000000000002,1.6088175150891815,3.4643906904524226
15316.666666666668,1.0759779879948295,3.902638062207766
15333.333333333334,1.0039734310221986,3.407487316977783
15350.000000000002,1.1949472297869925,3.611653715634407
15366.666666666668,2.1220341022667566,3.3920312350666784
15383.333333333334,2.396386688122999,3.494553130624908
15400.000000000002,2.5843012013500246,3.4869926488999914
15416.666666666668,2.362540732255464,3.7153996514889442
15433.333333333334,1.5981866937777793,4.045085403111085
15450.000000000002,1.6833122597201444,3.9250941591703934
15466.666666666668,1.8849244908676503,3.9177021860541363
15483.333333333334,2.0711276121399163,4.02941251502057
15500.000000000002,2.0810794575908442,3.809163945545015
15516.666666666668,2.355728442755559,3.4495761231999977
15533.333333333334,2.7750167890724065,3.4603338974752638
15550.000000000002,2.823808270181501,3.402795082941869
15566.666666666668,3.9795606287990193,3.079432185261093
15583.333333333334,-4.313379569988673,3.459153406933372
15600.000000000002,-4.0908983006792905,3.5424411219083476
15616.666666666668,-4.034198778565863,3.865864968631342
15633.333333333334,-4.084873528894457,4.00144994382779
15650.000000000002,-4.145596892407539,4.020935365567757
15666.666666666668,-3.960770358470772,4.2225040397912625
15683.333333333334,-4.072661997014352,4.301674318366003
15700.000000000002,-3.8436889496333158,4.294013393499968
15716.666666666668,-3.5411515009328256,4.133127986095756
15733.333333333334,-3.4265248529875754,4.19729073733534
15750.000000000002,-3.0988290015007407,4.271893301900969
15766.666666666668,-3.0897833961999925,4.380711698633332
15783.333333333334,-3.191801612666665,4.361463420277783
15800.000000000002,-3.34674979160845,4.072955886013913
15816.666666666668,-3.4162468599120452,4.060595019144772
15833.333333333334,-3.544454107416666,4.143670443483335
15850.000000000002,-3.566443732983178,4.3321127894280655
15866.666666666668,-2.7501801454216217,4.676419890088313
15883.333333333334,2.2891722809253747,5.4543759671226795
15900.000000000002,2.5557902231281933,6.358100711405736
15916.666666666668,1.5495738609637744,6.667049135495548
15933.333333333334,1.606539349361103,6.619189994138876
15950.000000000002,1.62303506936933,6.603961708858856
15966.666666666668,1.5728462242642212,6.851042561976384
15983.333333333334,1.4803481570687127,6.887864008035141
16000.000000000002,1.5366623438552873,6.837045569634879
16016.666666666668,1.7506480835111013,6.88108099376667
16033.333333333334,1.6816816742739824,7.000696832578141
16050.000000000002,1.691384056371822,7.0979814355322395
16066.666666666668,1.6937853858792795,7.056428073574302
16083.333333333334,1.7999194809594972,6.853135845871507
16100.000000000002,1.8631700818923365,6.723860121655848
16116.666666666668,1.7355264415781049,6.695895933134114
16133.333333333334,1.55241281348454,6.563031061714187
16150.000000000002,1.5647816952500309,6.444125674499985
16166.666666666668,1.6141280188284657,6.49052829803188
16183.333333333334,1.6008297160636031,6.486942651081098
16200.000000000002,1.5414863727333838,6.601682074866632
16216.666666666668,0.936965901067358,5.993863005416392
16233.333333333334,-3.0084198487431824,5.053555618618616
16250.000000000002,-2.737851595280926,5.0067675796398605
16266.666666666668,-2.3543831547833203,5.1532201004944325
16283.333333333334,-2.108758636571304,5.343585582213353
16300.000000000002,-2.05330391485742,5.244259866916807
16316.666666666668,-2.1452083551667025,5.317567152511141
16333.333333333334,-2.599359297916682,5.402868335416676
16350.000000000002,-2.8955915372793792,5.303554202730681
16366.666666666668,-3.132253694177707,5.2805923310667
16383.333333333334,-3.071830469766657,5.212688762983329
16400.0,-2.9267247065732183,5.216805606339673
16416.666666666668,-2.873514307831712,5.453224329498107
16433.333333333336,-2.638512715244041,5.29854108354994
16450.0,5.7411267573522915,3.5320983458614315
16466.666666666668,6.765233977033331,2.535555156588889
16483.333333333336,5.908462838237202,2.7749096374881606
16500.0,6.427100214123733,2.5801511342004178
16516.666666666668,6.433675168194455,2.5284990451388807
16533.333333333336,6.492063817630012,2.0944489353323115
16550.0,6.650493639036195,1.8342253445055872
16566.666666666668,6.580519358085572,1.8251425154680876
16583.333333333336,6.649989664887121,1.7363131025413723
16600.0,6.529411736356056,1.9276044282013278
16616.666666666668,2.2079091364706747,2.410072784892631
16633.333333333336,1.4349552716111942,2.668671535388889
16650.0,1.3956722548322424,2.6395267289100297
16666.666666666668,1.6358356299128312,2.6048369001610205
16683.333333333336,1.5750566816466198,2.3700557842406846
16700.0,1.465715436961222,2.3552947995340245
16716.666666666668,1.2875625210789237,2.240529726107239
16733.333333333336,1.1377884999055414,2.0341832604333345
16750.0,1.0984084264166463,1.8703122048832872
16766.666666666668,1.022737685377781,1.984523137244442
16783.333333333336,1.076176482441206,1.8709298406703054
16800.0,1.0853377708708807,2.019049031514848
16816.666666666668,1.2178206562114495,2.00405923136562
16833.333333333336,1.0341899687389542,1.9261074648172214
16850.0,6.963341187981841,5.6181077728257485
16866.666666666668,6.526287632837262,6.150232452596717
16883.333333333336,6.241546756828435,5.872828281585233
16900.0,6.443125307625708,5.988817877688978
16916.666666666668,6.393930102166691,6.149533337333293
16933.333333333336,6.329345471463528,6.2918485801012185
16950.0,6.314104149375302,6.544444307896049
16966.666666666668,6.311444863483344,6.494997733849958
16983.333333333336,6.1369183287999896,6.562085540533331
17000.0,5.936888356183326,6.5989530822833355
17016.666666666668,6.113318397126278,6.490975565077024
17033.333333333336,6.163931302150107,6.467912904661192
17050.0,6.395124483434742,6.532252377881812
17066.666666666668,6.5618890106942365,6.518044555777887
17083.333333333336,6.778185682833269,6.405056799729269
17100.0,6.885614983916684,6.335591792583327
17116.666666666668,6.861356298138877,6.201182189444367
17133.333333333336,6.684557591569178,6.615592346667633
17150.0,6.555490056301115,6.357475226055751
17166.666666666668,6.3231297682111185,6.249425142644429
17183.333333333336,6.04739131313123,6.061283502020271
17200.0,1.8917771891654938,6.219760513833354
17216.666666666668,0.39144120116035624,5.005697781639808
17233.333333333336,1.1456556633955741,5.292591163905493
17250.0,0.9458327209062117,5.257443286240205
17266.666666666668,1.002234372144489,5.095152396231545
17283.333333333336,1.0772263796398387,5.047829753126627
17300.0,0.8273916469765162,5.234797754922548
17316.666666666668,0.34593706910308963,5.415490588067511
17333.333333333336,0.37186927302221584,5.28470320941114
17350.0,0.3452526346499504,5.202173423783265
17366.666666666668,0.4741389752580827,5.315915545443456
17383.333333333336,0.6395635244444222,5.47500270424998
17400.0,0.84718686730033,5.406707441720846
17416.666666666668,0.8854918432339259,5.191723759958852
17433.333333333336,0.8833010289110454,5.127586250533236
17450.0,1.0233751079594535,5.169849299135927
17466.666666666668,2.721964364222234,3.506017073477769
17483.333333333336,2.7864010215706783,3.624732963523531
17500.0,2.7733169597798684,3.937517061664213
17516.666666666668,3.0523000325607184,3.901055172758527
17533.333333333336,3.3632505574129823,3.6926512069069606
17550.0,3.390399363013024,3.7376580222889557
17566.666666666668,3.5036114019536115,3.5115650258852282
17583.333333333336,3.4140560877100223,3.3104494552664265
17600.0,3.2757042351879635,3.346020150459484
17616.666666666668,3.5073462720498476,3.2301732218218198
17633.333333333336,3.7715023148555744,3.206033861483229
17650.0,4.185719405444552,3.111049780452881
17666.666666666668,1.3638605724893758,3.9244045297964982
17683.333333333336,-5.333891232556227,6.280529356954297
17700.0,-5.519304100746328,6.462647567910457
17716.666666666668,-4.969887127777681,6.1503458069444275
17733.333333333336,-5.182361518966771,6.36078723118878
17750.0,-5.557390614440606,6.437736012756364
17766.666666666668,-5.505637970199993,6.670825895355554
17783.333333333336,-5.530546560777392,6.642988827605373
17800.0,-5.496432461852409,6.480821482908544
17816.666666666668,-5.503611066644426,6.518059066149682
17833.333333333336,-5.342421005277775,6.594982963611082
17850.0,-5.357937962002307,6.465210249525229
17866.666666666668,-5.239810769579245,6.462040910049475
17883.333333333336,-4.938393260282349,6.304256430997471
17900.0,-4.886732594413829,6.327280835317658
17916.666666666668,-4.495097217824286,6.276093289660813
17933.333333333336,-4.308466767149998,6.251612248916624
17950.0,-4.5109629871064465,6.225475858887221
17966.666666666668,-4.3353056308975635,6.474204723512401
17983.333333333336,-4.409379503409448,6.099132087752377
