0.0,-3.4128100666666645,-4.681948800000002
16.666666666666668,-3.2836313453397863,-4.675548930669559
33.333333333333336,-3.292535401833336,-4.708222922166666
50.0,3.184859351307675,-1.0563341066799934
66.66666666666667,1.5662352465767115,0.29626796575045755
83.33333333333334,1.4204875136222206,0.7158761357555596
100.0,0.7963516137333326,0.9802199762166671
116.66666666666667,1.0488042881603803,1.0395229214214208
133.33333333333334,1.0430875060162061,1.0559210488955513
150.0,0.8872209720000015,1.2616630730000054
166.66666666666669,1.0933282522300052,1.3233533446557628
183.33333333333334,0.9864554289611062,1.3626027700777774
200.0,0.8970565414499979,1.1695231505833321
216.66666666666669,0.8167192600133395,1.2509523767717163
233.33333333333334,0.6543390153910227,1.2678501057028544
250.00000000000003,0.6122246670666694,1.159632797366664
266.6666666666667,0.5719146946876733,1.1084502699447216
283.33333333333337,0.4992369265225798,1.0681624149459694
300.0,0.13845192776388662,0.9815749164248784
316.6666666666667,0.1804949677865939,0.8388869110582017
333.33333333333337,0.3035169696525708,2.0625669014652157
350.0,0.402630909454728,6.862932243204935
366.6666666666667,0.16395405249291867,7.088140789244628
383.33333333333337,-0.38810874123406625,7.139262769309521
400.0,-0.7439047344924654,7.133455819539661
416.6666666666667,-0.18478300793254834,7.22936793105897
433.33333333333337,-0.13472794532134608,7.202203634865135
450.00000000000006,0.020102438816676643,7.193458051466662
466.6666666666667,-0.4113399457173014,7.276285386559947
483.33333333333337,-0.16741279955577457,7.337490205319561
500.00000000000006,-0.2963780175421067,7.289062098882771
516.6666666666667,-0.06129129978888433,7.362856594011112
533.3333333333334,-0.24350713098771562,7.404228729375801
550.0,-0.6005226223780886,7.383480616165659
566.6666666666667,-0.29068638036240513,7.299123691984885
583.3333333333334,-0.21791638909454997,7.264907816330387
600.0,-0.6545422252499998,7.175612508999999
616.6666666666667,-0.5050087146034726,7.203652440106771
633.3333333333334,-0.2257791654129112,7.211192744422162
650.0,-0.33843193644890623,7.22949514180904
666.6666666666667,-0.4819150867240741,7.448120497326869
683.3333333333334,-0.394183198822808,7.513619556016441
700.0,-0.39848942056914277,7.664943140788815
716.6666666666667,-0.19155173581110962,7.701023622777779
733.3333333333334,0.10685524661872209,7.573307540982325
750.0,-0.36010534276666795,7.744076291466661
766.6666666666667,-0.8190477040777753,7.566230657344441
783.3333333333334,-1.1581735999555998,7.418621131030084
800.0,-0.36465553046380134,7.392258641141137
816.6666666666667,-0.32871171379310393,7.540739818390804
833.3333333333334,-0.06300644925870566,7.790850734338388
850.0000000000001,0.03455217567567211,7.830660942342345
866.6666666666667,-0.022411936946253947,8.060940296581622
883.3333333333334,-0.054581057353019755,8.150715408390022
900.0000000000001,-0.07585000010010202,8.223816138938941
916.6666666666667,-0.3246791671835805,8.212157419381912
933.3333333333334,-0.15898061041110848,8.223333621561114
950.0000000000001,-0.2680933985492832,8.205815868934465
966.6666666666667,-0.3080888987604887,8.108087657512092
983.3333333333334,-0.4029696144744178,8.19015003007548
1000.0000000000001,-0.4157520649168115,8.21707204050438
1016.6666666666667,-0.526845272291634,8.421443431301011
1033.3333333333335,-0.1194630668055546,8.538444670194455
1050.0,-0.06369033003003316,8.378786105305307
1066.6666666666667,0.043626652626314974,8.318798341643046
1083.3333333333335,-0.06431457608163492,8.303238280319208
1100.0,0.03649467392392408,8.467287663713709
1116.6666666666667,-0.06677668649521402,8.473937480293925
1133.3333333333335,-0.08238159595757821,8.518698948714535
1150.0,-0.2595661174246302,8.58666593779776
1166.6666666666667,-0.7599052659551981,8.626611325696182
1183.3333333333335,-0.6384918816074708,8.685798786776722
1200.0,-0.3810306744999984,9.313691918966654
1216.6666666666667,-2.4264973091222277,9.303402520233332
1233.3333333333335,-1.6073713316666693,9.154754007777775
1250.0,-1.8961021646666623,9.035353065
1266.6666666666667,-2.2075760261363024,8.653977522338483
1283.3333333333335,-1.8833061490523013,8.5387944636485
1300.0,-1.6491813504828552,8.774656153346655
1316.6666666666667,-1.8559835228000028,8.86658496784444
1333.3333333333335,-1.9499546811205544,8.903738348436892
1350.0,-2.1528254306373795,8.88260397798303
1366.6666666666667,-2.1264262661146907,8.877990781354525
1383.3333333333335,-1.636063868101432,8.856004192336785
1400.0,-1.139143042592586,8.974054140740742
1416.6666666666667,-0.9805664047333279,9.039337841311115
1433.3333333333335,-1.1214048886333348,9.051069728022224
1450.0,-1.320431410328167,9.037216295718805
1466.6666666666667,-1.5174200179770196,8.986881277206084
1483.3333333333335,-1.7142560593499998,8.922458461911114
1500.0,-1.8316172495939054,8.743718097016403
1516.6666666666667,-1.7965926576663933,8.68071902867168
1533.3333333333335,-1.5138700171222284,8.60171805043334
1550.0,-1.775769567333657,8.761701249207935
1566.6666666666667,-1.5463024267522576,8.907008345928526
1583.3333333333335,-0.9097795561830188,9.953041065450615
1600.0,-1.0982454377311333,11.596900483308364
1616.6666666666667,0.8020050627075477,28.722407960253253
1633.3333333333335,-31.008077996626028,0.4467803078922259
1650.0000000000002,-38.11116135258011,-8.026604340796517
1666.6666666666667,6.859101595233676,23.646006882480208
1683.3333333333335,-1.598697213455556,9.453095463177736
1700.0000000000002,-1.4472846634912275,6.873271829293449
1716.6666666666667,-1.7722496911766303,7.941062295641064
1733.3333333333335,-1.9711035212060677,7.716069213104556
1750.0000000000002,-2.260960014247583,7.672488665665674
1766.6666666666667,-2.3150784577422585,7.744682902486405
1783.3333333333335,-2.2519637646732185,8.01326280856794
1800.0000000000002,-2.146703595789642,7.998136468214344
1816.6666666666667,-1.9580948322044314,7.901050103670336
1833.3333333333335,-2.100145338441889,7.936813711144425
1850.0000000000002,-2.1440727418500196,8.075720706083334
1866.6666666666667,-2.085742467864496,8.08596168865806
1883.3333333333335,-2.0075227219722245,8.178287357888893
1900.0000000000002,-1.9284682661330592,8.119611370618637
1916.6666666666667,-1.6502582741759761,8.12761055397699
1933.3333333333335,-1.7906506145239265,7.9514489664721255
1950.0000000000002,-1.9571529563666716,7.951288655483332
1966.6666666666667,-2.0086413264687946,8.124566540286812
1983.3333333333335,-1.8659863268849193,8.060099054210758
2000.0000000000002,-1.4356506116166663,8.135425454983336
2016.6666666666667,-1.0222946715197905,8.18847787968238
2033.3333333333335,-1.1383500738532655,8.382488894433306
2050.0,-1.2047923820166644,8.386119076650003
2066.666666666667,-0.9117435846470732,8.44098177723224
2083.3333333333335,-0.8108641697348701,8.429228081751987
2100.0,-0.603279954399996,8.403016277800003
2116.666666666667,-0.6833854378077829,8.470568076199207
2133.3333333333335,-0.6144365105111126,8.36410802184444
2150.0,-0.5463266568215889,8.325366685174084
2166.666666666667,-0.544157185188888,8.459427137406115
2183.3333333333335,-0.7275572050302921,8.795703567339224
2200.0,-0.8309542317158521,8.946040925746201
2216.666666666667,-0.7710656557612123,9.014553950769828
2233.3333333333335,-0.8801561572769224,9.025986327763892
2250.0,-0.7932544093046575,8.963060868734367
2266.666666666667,-0.9810409328217162,9.08077385298076
2283.3333333333335,-0.8872010923400673,9.198515005997473
2300.0,-0.7883793664165388,9.204202930481907
2316.666666666667,-0.44557829424444634,8.969061803911101
2333.3333333333335,-0.42787505694444516,8.733556612083332
2350.0,-0.22934016821434186,8.908517811516068
2366.666666666667,-0.2653096789494065,9.045713001488146
2383.3333333333335,-0.0715886580808053,9.120258635281386
2400.0,-0.03294182265534338,9.232076684141266
2416.666666666667,-0.043874479564871685,9.307582481340871
2433.3333333333335,-0.040046540099569226,9.305118697239193
2450.0,-0.07099416500001193,9.442627120833334
2466.666666666667,-0.2043852856976943,9.451000594646315
2483.3333333333335,-0.27752893122116196,9.480164711533543
2500.0,-0.7218385098901142,9.568444996669998
2516.666666666667,-0.7418247840174116,9.572247316249575
2533.3333333333335,-1.0241447196444473,9.534464437661105
2550.0,-1.1219350899816911,9.551418186869697
2566.666666666667,-1.3946351283697336,9.681197986337615
2583.3333333333335,-1.5019645770940975,9.73708868063476
2600.0,-1.4037294784196523,9.788387032519921
2616.666666666667,-1.346940870390746,9.790657760202322
2633.3333333333335,-1.549350808195346,9.80812325824274
2650.0,-1.4622303591833332,9.89909698905
2666.666666666667,-1.3814341606111191,9.979816539499998
2683.3333333333335,-1.0963937454499977,10.105586089977777
2700.0,-0.910685408470352,10.280249408320875
2716.666666666667,-0.9279592246444384,10.356100199733335
2733.3333333333335,-1.1717514993111227,10.525260728722222
2750.0,-1.404072734938965,10.466071895919036
2766.666666666667,-1.9544544712833174,7.945654448955557
2783.3333333333335,-1.8475658320900943,8.251534131114452
2800.0,-1.7182385423089774,8.330197122589256
2816.666666666667,-1.8719555753900976,8.246979545410632
2833.3333333333335,-1.969419934944448,8.22305892436667
2850.0,-1.9679070013673496,8.291383934367184
2866.666666666667,-1.9011430462240033,8.248678952363473
2883.3333333333335,-2.176092339436392,8.31532323894169
2900.0,-2.322094559566669,8.395930863766667
2916.666666666667,-2.2835933862346645,8.484722540096614
2933.3333333333335,-2.258475145688894,8.46629514925556
2950.0,-2.3398566922550335,8.398496493590388
2966.666666666667,-2.1949960811244273,8.404577757409259
2983.3333333333335,-2.1523448450999982,8.47865576355556
3000.0,-2.0149978182000043,8.493415316616664
3016.666666666667,-1.9798957845666787,8.504299543899997
3033.3333333333335,-2.1160935038888953,8.526521570527768
3050.0,-1.9733198870370385,8.547440074324319
3066.666666666667,-1.7159284995722308,8.754074668005556
3083.3333333333335,-1.6894778001768922,8.679341455854065
3100.0,-1.7041166659333322,8.694971106433332
3116.666666666667,-1.3100210244733506,8.233393060646986
3133.3333333333335,-1.2774945951848196,7.736764250261629
3150.0,-1.2007572299483078,7.102178582841429
3166.666666666667,-1.7646731102246829,7.208200858794672
3183.3333333333335,-1.9377207747843868,6.409711138196197
3200.0,-1.1757379580957363,6.3006206777888965
3216.666666666667,-1.0944238514590625,6.65884975334334
3233.3333333333335,-0.7332839842921431,6.75450190213996
3250.0000000000005,-0.6627490740259858,6.8693042290043325
3266.666666666667,-0.7400972970385197,7.022099099955474
3283.3333333333335,-1.5246242467310454,7.263975004373409
3300.0000000000005,-1.6443771437281285,7.861848425920378
3316.666666666667,-0.9015975657555517,8.784116136266697
3333.3333333333335,-1.075948918214664,10.445246313101016
3350.0000000000005,-0.8513074570262743,10.836956537212798
3366.666666666667,0.3858606025986086,11.6138626484036
3383.3333333333335,-32.67562810517222,-11.423630471261113
3400.0000000000005,-10.136328721405986,-33.12657890916212
3416.666666666667,0.0,-32.14999972174421
3433.3333333333335,-0.5129450647101463,-33.272743497893394
3450.0000000000005,0.0,-34.284693871552456
3466.666666666667,0.0,-35.05792798712434
3483.3333333333335,0.0,-34.26491910230007
3500.0000000000005,0.0,-33.90840387191993
3516.666666666667,0.0,-34.33197898908889
3533.3333333333335,0.0,-33.719134766661114
3550.0000000000005,0.0,-33.13951286131398
3566.666666666667,0.0,-32.66496242885898
3583.3333333333335,0.0,-32.34053161146118
3600.0000000000005,0.0,-32.692922619899996
3616.666666666667,0.0,-32.508453280004346
3633.3333333333335,0.0,-32.414232740811116
3650.0000000000005,0.0,-31.75869801111139
3666.666666666667,0.0,-32.04795965369376
3683.3333333333335,0.0,-31.31859752701123
3700.0000000000005,0.0,-30.989791151301187
3716.666666666667,0.0,-31.666770802622224
3733.3333333333335,0.0,-31.786588669577778
3750.0000000000005,0.0,-31.826521053333334
3766.666666666667,0.0,-31.834634431181183
3783.3333333333335,-43.40303485075819,-34.600348434272654
3800.0000000000005,0.0,-31.291334091004497
3816.666666666667,0.0,-31.125072538207984
3833.3333333333335,-44.02133333333768,-34.46016386032811
3850.0000000000005,0.0,-30.971982672610835
3866.666666666667,-62.71062271063621,-35.90008766550776
3883.3333333333335,0.0,-31.054228415513414
3900.0000000000005,0.0,-30.87445496866665
3916.666666666667,0.0,-30.940556553142034
3933.3333333333335,0.0,-31.00669046320938
3950.0000000000005,0.0,-31.819493090345432
3966.666666666667,0.0,-31.2516495545394
3983.3333333333335,0.0,-31.54663717411295
4000.0000000000005,-23.423999999984517,-33.31095601379897
4016.666666666667,-2.413079746409373,-32.15041367282816
4033.3333333333335,-64.0,-36.0
4050.0000000000005,-0.44511109554761363,-33.02807645089211
4066.666666666667,0.0,-33.05941698824444
4083.3333333333335,-64.0,-36.0
4100.0,-39.788105947012426,-34.96138050186513
4116.666666666667,-64.0,-36.0
4133.333333333334,-64.0,-36.0
4150.0,-64.0,-36.0
4166.666666666667,-64.0,-36.0
4183.333333333334,-64.0,-36.0
4200.0,-64.0,-36.0
4216.666666666667,-64.0,-36.0
4233.333333333334,-64.0,-36.0
4250.0,-64.0,-36.0
4266.666666666667,-64.0,-36.0
4283.333333333334,-64.0,-36.0
4300.0,-64.0,-36.0
4316.666666666667,-64.0,-36.0
4333.333333333334,-64.0,-36.0
4350.0,-64.0,-36.0
4366.666666666667,-64.0,-36.0
4383.333333333334,-64.0,-36.0
4400.0,-64.0,-36.0
4416.666666666667,-64.0,-36.0
4433.333333333334,-64.0,-36.0
4450.0,-64.0,-36.0
4466.666666666667,-4.938666666654171,-2.7779999999929714
4483.333333333334,-64.0,-36.0
4500.0,-64.0,-36.0
4516.666666666667,-64.0,-36.0
4533.333333333334,-61.31791096768402,-34.941270594989156
4550.0,-62.48464971647455,-35.50139605818723
4566.666666666667,-63.91534688841705,-36.0
4583.333333333334,-61.24468635951043,-35.43295303448302
4600.0,-60.07394716266666,-35.5952515296
4616.666666666667,-63.39733814704087,-35.966424788241156
4633.333333333334,-62.11600273994827,-35.96552990363327
4650.0,-58.71256681280639,-35.93879105180924
4666.666666666667,-57.41167125563886,-36.0
4683.333333333334,-57.157805157072936,-36.0
4700.0,-56.918657870498095,-36.0
4716.666666666667,-58.67670111302223,-36.0
4733.333333333334,-46.25580811860756,-35.473230485034485
4750.0,-56.9979142353188,-36.0
4766.666666666667,-55.857977656955676,-36.0
4783.333333333334,-46.11321742016461,-34.969676623456785
4800.0,-47.213952421890546,-34.647091011442704
4816.666666666667,-55.43055894630722,-35.910228257984016
4833.333333333334,-49.39668964297648,-35.240318093220424
4850.0,-58.9740076458271,-36.0
4866.666666666667,-46.94177552115736,-35.14582388785194
4883.333333333334,-46.4924438824269,-35.247706653731505
4900.0,-46.56393349157498,-35.51670801025634
4916.666666666667,-46.578670802777545,-36.0
4933.333333333334,-45.17937274479494,-36.0
4950.0,-44.66792536718334,-36.0
4966.666666666667,-44.631737558204236,-36.0
4983.333333333334,-44.99857626114718,-36.0
5000.0,-44.83883572088957,-36.0
5016.666666666667,-44.684476243697716,-36.0
5033.333333333334,-44.91178540384048,-36.0
5050.0,-44.64636084033333,-36.0
5066.666666666667,-44.23156194832613,-36.0
5083.333333333334,-45.164549873410536,-36.0
5100.0,-45.18387221922629,-36.0
5116.666666666667,-44.68310235966666,-36.0
5133.333333333334,-44.40820961795981,-36.0
5150.0,-44.31384051100004,-36.0
5166.666666666667,-44.431055116833356,-36.0
5183.333333333334,-44.248075699356136,-36.0
5200.0,-44.09294398383283,-36.0
5216.666666666667,-34.43189302300455,-36.0
5233.333333333334,-43.9240877678494,-36.0
5250.0,-44.19278104898268,-36.0
5266.666666666667,7.466830506703104,-36.0
5283.333333333334,6.298219873622818,-36.0
5300.0,-44.69753324557096,-36.0
5316.666666666667,5.808123917264233,-36.0
5333.333333333334,-44.18343242773938,-36.0
5350.0,-64.0,-36.0
5366.666666666667,-60.16493826257166,-36.0
5383.333333333334,-60.88590055135506,-36.0
5400.0,-54.28815755511262,-36.0
5416.666666666667,-37.330710326357696,-36.0
5433.333333333334,-53.41291405702296,-36.0
5450.0,-64.0,-36.0
5466.666666666667,-64.0,-36.0
5483.333333333334,0.0,-36.0
5500.0,-64.0,-36.0
5516.666666666667,-64.0,-36.0
5533.333333333334,-64.0,-36.0
5550.0,-64.0,-36.0
5566.666666666667,0.0,-36.0
5583.333333333334,-0.1596984643282264,-36.0
5600.0,-32.92707292707304,-36.0
5616.666666666667,0.0,-36.0
5633.333333333334,0.0,-36.0
5650.0,0.0,-36.0
5666.666666666667,-64.0,-36.0
5683.333333333334,-64.0,-36.0
5700.0,-64.0,-36.0
5716.666666666667,-12.022689356021843,-36.0
5733.333333333334,0.0,-36.0
5750.0,-33.695999999996275,-36.0
5766.666666666667,-0.015422112511087216,-36.0
5783.333333333334,0.0,-36.0
5800.0,-33.904952476247864,-36.0
5816.666666666667,-51.13176744960627,-36.0
5833.333333333334,-58.511351696228914,-36.0
5850.0,0.0,-36.0
5866.666666666667,0.0,-36.0
5883.333333333334,0.0,-36.0
5900.0,-20.588717291060888,-36.0
5916.666666666667,0.0,-36.0
5933.333333333334,0.0,-36.0
5950.0,0.0,-36.0
5966.666666666667,0.0,-36.0
5983.333333333334,0.0,-36.0
6000.0,0.0,-36.0
6016.666666666667,0.0,-36.0
6033.333333333334,0.0,-36.0
6050.0,0.0,-36.0
6066.666666666667,0.0,-36.0
6083.333333333334,0.0,-36.0
6100.0,0.0,-36.0
6116.666666666667,0.0,-36.0
6133.333333333334,-0.24830800257994087,-36.0
6150.0,0.0,-36.0
6166.666666666667,0.0,-36.0
6183.333333333334,-0.004769959026061233,-36.0
6200.0,-23.89333333332098,-36.0
6216.666666666667,0.0,-36.0
6233.333333333334,-0.0006986119162656358,-36.0
6250.0,0.0,-36.0
6266.666666666667,0.0,-36.0
6283.333333333334,0.0,-36.0
6300.0,0.0,-36.0
6316.666666666667,0.0,-36.0
6333.333333333334,0.0,-36.0
6350.0,0.0,-36.0
6366.666666666667,-44.78615382288889,-36.0
6383.333333333334,0.0,-36.0
6400.0,-18.666335383348436,-36.0
6416.666666666667,-33.745012701845404,-36.0
6433.333333333334,0.0,-36.0
6450.000000000001,-45.24759948614552,-36.0
6466.666666666667,-31.503515766217337,-36.0
6483.333333333334,-44.53098486706706,-36.0
6500.000000000001,-17.77955594498308,-36.0
6516.666666666667,0.0,-36.0
6533.333333333334,-2.9398121573728786,-36.0
6550.000000000001,-25.761175528311536,-36.0
6566.666666666667,0.0,-36.0
6583.333333333334,-40.411721390832426,-36.0
6600.000000000001,0.0,-36.0
6616.666666666667,-31.774006706396793,-36.0
6633.333333333334,-2.6124103922767263,-36.0
6650.000000000001,0.0,-36.0
6666.666666666667,0.0,-36.0
6683.333333333334,0.0,-36.0
6700.000000000001,-43.170446998666684,-36.0
6716.666666666667,-44.03121210079551,-36.0
6733.333333333334,-38.54228857616991,-36.0
6750.000000000001,-44.02832819251717,-36.0
6766.666666666667,-0.5919389763275453,-36.0
6783.333333333334,0.0,-36.0
6800.000000000001,-16.291894079036183,-36.0
6816.666666666667,-1.2100238047491498,-35.83336317172728
6833.333333333334,0.0,-35.3129032814111
6850.000000000001,-0.06516704218445987,-35.20507234432197
6866.666666666667,-0.08548628794953239,-34.974814239247394
6883.333333333334,0.0,-34.371519768733336
6900.000000000001,0.0,-34.60258897290285
6916.666666666667,0.0,-34.16063823261111
6933.333333333334,0.0,-34.278736383430804
6950.000000000001,0.0,-34.19890185994009
6966.666666666667,0.0,-34.52555735291379
6983.333333333334,0.0,-34.697229909297434
7000.000000000001,0.0,-34.139604149181636
7016.666666666667,0.0,-34.11793357338772
7033.333333333334,0.0,-34.14349771387639
7050.000000000001,0.0,-34.38044261700906
7066.666666666667,0.0,-34.936318889397896
7083.333333333334,0.0,-33.523439691737735
7100.000000000001,-0.4386270138506455,-34.21723356604943
7116.666666666667,-0.5064997389361019,-33.94273034552724
7133.333333333334,0.0,-33.76831592789716
7150.000000000001,-1.0863134638824066,-33.69484778238331
7166.666666666667,-1.5760695512367309,-33.59349968818297
7183.333333333334,-0.06808960111870853,-33.43018679665225
7200.000000000001,-1.04798527272385,-33.333291628141104
7216.666666666667,-1.088972770590629,-33.26384908202354
7233.333333333334,0.0,-33.326908616727685
7250.000000000001,-5.17759252396848,-33.22481475440303
7266.666666666667,-1.5193837384176805,-33.419959120895356
7283.333333333334,-7.5327539343609535,-33.653473901145006
7300.000000000001,0.0,-33.3801685174
7316.666666666667,-4.713500393399397,-33.27899109994437
7333.333333333334,-7.185936165945363,-33.633646742568544
7350.000000000001,-4.520974646308515,-33.5814133390138
7366.666666666667,-5.932131711378597,-33.683195790390414
7383.333333333334,-0.8399152307819758,-33.910085992490096
7400.000000000001,-2.1124119237200474,-35.263425863745454
7416.666666666667,-1.4127649450994868,-34.64308383711853
7433.333333333334,-0.8079342130827802,-34.04720037585428
7450.000000000001,-5.9841051777913385,-34.78123348527062
7466.666666666667,-4.305441562247557,-34.45790580549164
7483.333333333334,-6.883716303944039,-34.089767121916644
7500.000000000001,-9.551999553993815,-34.244454533500054
7516.666666666667,-6.0878247158517205,-34.10224452252479
7533.333333333334,-0.15127575142967498,-33.57568760321269
7550.000000000001,-5.703304925518989,-33.939240055311814
7566.666666666667,-3.1669537055188854,-34.066953325568356
7583.333333333334,-6.651201975055457,-33.95781480005555
7600.000000000001,-6.946974441704301,-33.95545660293481
7616.666666666667,-4.778997685796277,-33.86880394599072
7633.333333333334,-7.189598847822177,-33.98910921045555
7650.000000000001,-44.64967516239684,-35.3107550752949
7666.666666666667,-43.06700253292881,-35.30282396853816
7683.333333333334,-64.0,-36.0
7700.000000000001,-33.551653736764955,-12.064938266017016
7716.666666666667,-33.6630055119206,-12.662508888389889
7733.333333333334,-33.33642695146665,-12.215807337733287
7750.000000000001,-33.20516974075919,-11.685153349816837
7766.666666666667,-33.17832171945416,-11.295104123964046
7783.333333333334,-33.2579059198918,-11.154565695620063
7800.000000000001,-33.19432935065774,-11.315558361902378
7816.666666666667,-33.58065606038888,-11.510794583444444
7833.333333333334,-33.88189118428103,-11.85246045314324
7850.000000000001,-34.04133500646667,-12.062265385366679
7866.666666666667,-1.7380311264542216,10.133003598715383
7883.333333333334,-1.8128613090211805,10.725637505124784
7900.000000000001,-2.2221284661507807,11.099750987685129
7916.666666666667,-1.3406829546953039,11.02657411677212
7933.333333333334,-1.1765917179111087,10.684715528044446
7950.000000000001,-1.5696121324041759,10.849302490708475
7966.666666666667,-1.8343448237170967,10.775267477911639
7983.333333333334,-1.599975113333341,10.327940048888886
8000.000000000001,-1.3710314352588855,9.977924605859922
8016.666666666667,-0.8188486370963213,9.969911287093542
8033.333333333334,-0.9082660321000001,10.07343104994444
8050.000000000001,-0.8780090186886527,10.105251309335978
8066.666666666667,-0.8099016293333265,9.615141131416653
8083.333333333334,-0.6693618857301715,9.178642388110328
8100.000000000001,-0.13391144296151825,9.295147418808087
8116.666666666667,-0.12279297924590611,9.217311998798797
8133.333333333334,0.5224589860375171,9.233913220821522
8150.000000000001,0.5263942386973056,9.115213456704982
8166.666666666667,0.5092051834192269,9.128268171776108
8183.333333333334,0.47153400123826994,9.49311515999778
8200.0,0.6061658699154693,9.627858662605671
8216.666666666668,0.6841276388889421,9.652566038888912
8233.333333333334,0.8479986179359966,9.609738159034354
8250.0,0.9092974734632818,9.646973377311346
8266.666666666668,1.1112568572000143,9.592342775777766
8283.333333333334,-1.8690514851759932,9.178240214045015
8300.0,-4.730617419780177,7.996916963003662
8316.666666666668,-4.044334188955543,7.939234254604581
8333.333333333334,-3.6477566670888764,8.254623011588885
8350.0,-3.7072262191620777,8.172289178551157
8366.666666666668,-3.522371111248581,8.241119581260817
8383.333333333334,-3.7152736300389417,8.20550945943333
8400.0,-3.1108884472999496,8.35148657111664
8416.666666666668,-3.2587079588111205,8.613005528988905
8433.333333333334,-3.1813803976865813,8.938272643588029
8450.0,-3.0721067655494463,8.879158263648506
8466.666666666668,-2.90842424044699,8.833353037254895
8483.333333333334,-2.7339863584555575,8.902367831155562
8500.0,-2.629929348233337,8.80456295301669
8516.666666666668,-2.9473519260409953,8.885875882435668
8533.333333333334,-2.646328765638365,9.079185623561782
8550.0,-2.537784063648502,9.110680653910308
8566.666666666668,-2.515827088711011,9.218903270685363
8583.333333333334,-2.495623142360072,9.050396899799892
8600.0,-2.3410261385526367,8.990912366433244
8616.666666666668,-2.4682597501390293,9.049374393888892
8633.333333333334,-2.0799357744366715,9.043907489782436
8650.0,-2.0460791732000154,9.002438291066664
8666.666666666668,-2.1492201617333655,8.730173950655537
8683.333333333334,-2.522849112865526,8.330698648927848
8700.0,-2.651443668999996,8.048677843333337
8716.666666666668,-2.557410950871114,8.169037204070563
8733.333333333334,-2.328627297258299,8.48904450946832
8750.0,-2.2448629645489397,8.830304636334835
8766.666666666668,-2.2637642506919935,8.87896200954361
8783.333333333334,-2.1204044759490124,8.92714826129676
8800.0,-2.1940381952499792,9.084925616499998
8816.666666666668,-2.0798992609306284,8.956758690160456
8833.333333333334,-2.191455407392618,9.004955769980606
8850.0,-2.2064825839926545,9.082345857669845
8866.666666666668,-2.2315662098215743,9.074134406414322
8883.333333333334,-2.2803242152257215,9.104800521883504
8900.0,-2.1646620528000042,9.132962844266677
8916.666666666668,-2.1156055556332474,8.833227627572427
8933.333333333334,-2.245574690377774,8.483628901222222
8950.0,-2.5797847952523436,8.411397586106958
8966.666666666668,-2.5232551708444575,8.58022716583336
8983.333333333334,-2.271098692598011,8.990381852469133
9000.0,-2.255281782882892,9.413780981481473
9016.666666666668,-2.3417953887667666,9.563114370013333
9033.333333333334,-2.3538570289210754,9.724802253485407
9050.0,-2.45222514547273,9.98614461435715
9066.666666666668,-2.424749862178076,9.93869982125655
9083.333333333334,-2.38085283696667,9.805905090922225
9100.0,-2.321948091387634,9.856587904531063
9116.666666666668,-2.2482830854260656,10.008346159724335
9133.333333333334,-2.251124919866629,10.23835737515556
9150.0,-2.2508323112723017,10.223402700216786
9166.666666666668,-2.2729993098042667,10.24244719921593
9183.333333333334,-2.440410802177785,10.178744918727746
9200.0,-2.2213569416251753,10.003178433747923
9216.666666666668,-2.683160965639435,9.884095501776933
9233.333333333334,-2.483276090805798,10.037362928027793
9250.0,-2.109135411633332,10.165027173666687
9266.666666666668,-2.081278924265729,10.341365619412562
9283.333333333334,-1.8838250401884093,10.492002916015515
9300.0,-1.9105890009009012,10.617665316666667
9316.666666666668,-2.171300488566761,10.591915350563605
9333.333333333334,-2.14381276662253,10.544268086285207
9350.0,-1.8362672595259995,10.587703617951309
9366.666666666668,-1.6393999217333388,10.324188178444421
9383.333333333334,-1.6501543762158888,10.175613803084879
9400.0,-1.599750391491495,10.159482148548609
9416.666666666668,-6.576757601660451,5.30939822260537
9433.333333333334,-5.359415070895621,5.254083470202281
9450.0,-5.63506662791668,5.597550079166673
9466.666666666668,-5.670446424206442,5.568779522138855
9483.333333333334,-5.631706234677104,5.43447290049975
9500.0,-5.13510158477562,5.428055602017683
9516.666666666668,-5.634668966338894,5.240301211694433
9533.333333333334,-5.618676371322226,5.226033235233328
9550.0,-5.440159504235444,5.324043963264966
9566.666666666668,-5.417873352865325,5.3988110548829855
9583.333333333334,-5.709667213755649,5.436130975533329
9600.0,-5.556009916683332,5.5951122259333355
9616.666666666668,-5.5563242745406916,5.754368671086663
9633.333333333334,-5.396893122900038,5.821057072127806
9650.0,-5.566598256723391,5.98989968575242
9666.666666666668,-6.004933615522214,5.876733377266658
9683.333333333334,-5.896349963600005,5.922490027911115
9700.0,-5.602091837809955,6.005039992977191
9716.666666666668,-5.837895366311144,6.001558780388842
9733.333333333334,-5.950794735516654,5.860407929399963
9750.0,-5.886390104833338,5.902749869166658
9766.666666666668,-5.749620026502153,6.069110295775664
9783.333333333334,-5.669664821428184,6.177540329796208
9800.0,-5.842793776245184,6.275178398050984
9816.666666666668,-6.166628122443342,6.40106901420675
9833.333333333334,-6.335727253844438,6.502241126177782
9850.0,-6.212468986013981,6.526453792940381
9866.666666666668,-6.230315352077796,6.66502848592778
9883.333333333334,-6.04274528500028,6.8451447709213955
9900.0,-6.083062446620044,6.904783310023314
9916.666666666668,-6.145508197515419,6.8618148985047664
9933.333333333334,-6.014222059906761,6.7125194534021535
9950.0,-5.869519710500055,6.491543592516663
9966.666666666668,-5.615691155228115,6.35679261519593
9983.333333333334,-5.745111398697143,6.597581809432793
10000.0,-5.456030837912091,6.627381849716956
10016.666666666668,-5.255355297622224,6.833778437277797
10033.333333333334,-5.5599774619389795,7.214790132199996
10050.0,-5.86127120268335,7.129091969566691
10066.666666666668,-6.124113450209774,7.299915179897168
10083.333333333334,-6.196553346777767,7.5519118091000434
10100.0,-5.906786059220393,7.623847014076311
10116.666666666668,-5.940365062435441,7.896945206857697
10133.333333333334,-5.9452589765821395,8.0601904325937
10150.0,-6.167579701902854,8.000554773743943
10166.666666666668,-5.861778636937075,7.291888307068684
10183.333333333334,-5.569182549736505,7.310776450141457
10200.0,-5.4046517533333365,7.225278367999997
10216.666666666668,-5.337722675966672,7.3453322767277855
10233.333333333334,-5.334400126087194,7.527836745717941
10250.0,-5.481345049083334,7.435656130399994
10266.666666666668,-5.595513055610768,7.505074556394989
10283.333333333334,-5.674274097243068,7.7345766266633325
10300.0,-5.694531421813389,7.881522273843851
10316.666666666668,-5.571525383746989,8.082364753445527
10333.333333333334,-5.343275486633335,8.112741103016662
10350.0,-5.144063269416665,8.325615396166668
10366.666666666668,-5.176912871388851,8.387172847388902
10383.333333333334,-5.007517180618107,8.495290174926373
10400.0,-4.9489942681000025,8.620026249633334
10416.666666666668,-4.968067262777769,8.53436222169443
10433.333333333334,-5.03453656631825,8.490239786306072
10450.0,-4.92310893575,8.391062949633339
10466.666666666668,-5.056006257876659,8.480704119118217
10483.333333333334,-5.153033933333337,8.53315204622222
10500.0,-5.330180830065036,8.521413999883267
10516.666666666668,-5.4404908111333095,8.615376996559007
10533.333333333334,-5.427876170577749,8.493572640122236
10550.0,-5.2180093234567675,8.660174895061722
10566.666666666668,-4.850589929154213,8.631403456537925
10583.333333333334,-4.9300066182726034,8.772725109030892
10600.0,-4.740894985133316,8.492104835800017
10616.666666666668,-4.829501838963992,8.42374290073441
10633.333333333334,-4.683334077811092,8.478295316888897
10650.0,-4.5752548190500635,8.312313272899988
10666.666666666668,-4.419916548309209,8.723370818690675
10683.333333333334,-4.491241447541346,8.996639920956824
10700.0,-4.657735080799998,9.023013226516687
10716.666666666668,-4.442469401232215,8.833211698321643
10733.333333333334,-4.417100149833325,8.911317681155557
10750.0,-4.141707243083343,9.168037843166665
10766.666666666668,-3.950564666555619,9.165469832356068
10783.333333333334,-3.6401058233344603,9.155710243916149
10800.0,-3.5461450078205656,8.698608831899294
10816.666666666668,-3.3446488492938142,8.500530946730862
10833.333333333334,-2.8563565760794742,8.548794363508712
10850.0,-2.926692079846515,8.487213053420104
10866.666666666668,-2.907562462069013,8.499134777333577
10883.333333333334,-2.916511262883204,8.397390462582782
10900.0,-2.864144480949996,8.495873807899999
10916.666666666668,-2.5544385560857714,8.697984151446866
10933.333333333334,-2.496059055588862,8.80751249733333
10950.0,-2.352549594368752,8.852476932957048
10966.666666666668,-2.333998268516687,8.747274272322144
10983.333333333334,-2.2292794159444345,8.702997928000002
11000.0,-2.2967351542790575,8.767341146886446
11016.666666666668,-2.3528590460444474,8.647324486366669
11033.333333333334,-2.5094865837722247,8.73523607701667
11050.0,-2.3678576057379694,8.837724075422873
11066.666666666668,-2.219299183062963,8.907294876294817
11083.333333333334,-2.1650901216000418,9.085467245977775
11100.0,-2.107236170400039,9.29155916453333
11116.666666666668,-1.9500070423036622,9.222159631140194
11133.333333333334,-2.088616550266671,9.062433040111122
11150.0,-1.8817619892946482,8.979306019109565
11166.666666666668,-1.5864289002500034,8.920977756133327
11183.333333333334,-1.6071211031111066,8.724986008088893
11200.0,-1.4641471068367524,8.669959102084373
11216.666666666668,-1.2322950093204728,8.714617493582521
11233.333333333334,-1.3199310978055496,8.736109659027766
11250.0,-1.142444797255796,8.770775601774801
11266.666666666668,-1.4917387864599558,8.817112500644779
11283.333333333334,-1.6303507763686937,8.950570654113063
11300.0,-1.4810627374687249,9.02173467748874
11316.666666666668,-1.3936717733333521,9.035742169511076
11333.333333333334,-1.3199801199900372,8.634805973235599
11350.0,-1.1013872209438094,8.369095490878772
11366.666666666668,-0.7376988717418913,8.34544274522734
11383.333333333334,-0.6720372285197805,8.523251625446068
11400.0,-0.5713015748833302,8.700837191033333
11416.666666666668,-0.5364829854556001,8.382200838483307
11433.333333333334,-0.46390499293129384,8.403962411577538
11450.0,-0.2810995645333077,9.225463480500013
11466.666666666668,0.1456071901109159,9.255762792999276
11483.333333333334,-0.1559157335112891,8.563540343443453
11500.0,-0.1609210148000081,8.80858988336666
11516.666666666668,-0.1393725082041034,9.277346801017375
11533.333333333334,-0.08881453457711654,9.581468909496984
11550.0,0.01577825729738266,9.916012880795515
11566.666666666668,-1.125833561596996,6.139232929579644
11583.333333333334,-0.622477504326549,5.965553645623398
11600.0,-0.516167691566681,6.297882180300002
11616.666666666668,-0.5806027867888939,6.288842025800024
11633.333333333334,-0.5051185886184694,6.604246282440969
11650.0,-0.30457395707854096,6.643595807136904
11666.666666666668,-0.35557237964257304,6.897133277655924
11683.333333333334,-0.5203354297999939,7.5137514752889105
11700.0,-0.49754626183317335,7.59914407925962
11716.666666666668,-0.4849167445666298,7.6828662190555095
11733.333333333334,-0.3410711505161398,7.167937901176594
11750.0,-0.3109962737298071,7.0251742640179895
11766.666666666668,-0.33657431889278766,7.1944218668945075
11783.333333333334,-0.43953070653333365,7.2914433556889
11800.0,-0.5287088329501934,7.124802416475095
11816.666666666668,-0.5213113212657238,7.309402441930809
11833.333333333334,-0.5315367544227837,7.453545793780889
11850.0,-0.32684735482257454,7.464931433250051
11866.666666666668,-0.15521181623929253,7.5374484732711675
11883.333333333334,0.12980156155555533,7.57328705511111
11900.0,0.6336685139206387,7.557196329744607
11916.666666666668,0.27233807337788063,7.579713499683323
11933.333333333334,0.121256669955547,7.425280246266675
11950.0,0.2395335415916074,7.425058084451125
11966.666666666668,0.978868041883328,7.585730390849999
11983.333333333334,0.7270127699356218,7.750899268081928
12000.0,0.7770877900249483,7.838716249792194
12016.666666666668,0.7640010168244658,7.769446870010506
12033.333333333334,0.9425257316802488,8.394483898086184
12050.0,1.1506900678160212,9.426618276861525
12066.666666666668,0.9292974730818158,10.270217695849365
12083.333333333334,0.6995580680284457,10.96946340825972
12100.0,0.44521035867134984,11.11881594424971
12116.666666666668,0.28133877275859975,11.116120752320601
12133.333333333334,0.4446992776110962,10.868445249138894
12150.0,0.34410789487387067,10.738705680129504
12166.666666666668,0.4083606998331304,10.875171380795905
12183.333333333334,-0.09123140203636257,10.773781657107884
12200.0,0.8553936131999968,10.613819994933335
12216.666666666668,0.3778816426935322,10.27868068681005
12233.333333333334,0.23259329906884077,10.361157153818228
12250.0,0.5631503106666671,10.56459436
12266.666666666668,0.3011171621774884,10.63260336693473
12283.333333333334,0.7816604245279912,10.789185606072223
12300.0,0.4936737934999297,10.307839315816619
12316.666666666668,1.535634638208584,10.718647352695916
12333.333333333334,0.8000723545779073,10.478501894933357
12350.0,1.1378934829748102,10.341445020643675
12366.666666666668,1.0501907964686712,10.430092866116116
12383.333333333334,1.2176167419709483,10.719955691495784
12400.0,1.2534226280199763,10.286753653383444
12416.666666666668,1.1213614320124305,10.533725180652661
12433.333333333334,1.2208161157388888,10.192075186416668
12450.0,1.4485979280640529,10.65140187907287
12466.666666666668,0.8491292409481477,10.011292028029633
12483.333333333334,1.0354722035462212,10.506823511300098
12500.0,1.5346965684208775,10.594069842105297
12516.666666666668,1.3705734384773995,10.532699638549676
12533.333333333334,1.3450273532066612,10.186017298256425
12550.0,1.6747826499664327,10.218535227632486
12566.666666666668,1.9711991623890894,10.359903667583241
12583.333333333334,1.5651091715087209,10.306861712260591
12600.0,2.574197877599993,10.466881712000005
12616.666666666668,2.2034262565213227,10.353252935436672
12633.333333333334,2.383746495022472,10.18308781574035
12650.0,2.266818584666669,10.111150758833311
12666.666666666668,1.9950568301634048,9.96834398239349
12683.333333333334,1.883774821588899,9.906201367277825
12700.0,1.8577865254294128,9.992172396881701
12716.666666666668,3.240614088283309,10.173726184172194
12733.333333333334,2.204605399011207,10.056492116600026
12750.0,1.9325827826332673,9.780861156600002
12766.666666666668,3.249419261469555,9.778731258734949
12783.333333333334,2.5334386506593014,9.84540424340956
12800.0,3.4840430006327767,9.762197694105867
12816.666666666668,3.605314228831173,9.551573704719017
12833.333333333334,3.2730009657282553,9.873102438075414
12850.000000000002,3.4023935030483714,9.666522998050942
12866.666666666668,3.6256934041889344,9.675425914861076
12883.333333333334,3.5952782294703067,9.962929643994224
12900.000000000002,3.486746537637876,10.092531950734061
12916.666666666668,3.874725947556328,10.006327165791204
12933.333333333334,4.133360786370969,10.160686568411979
12950.000000000002,3.0647909551552646,10.248180492292303
12966.666666666668,3.2292774315827346,10.211116862666508
12983.333333333334,3.5316197352222103,10.338295587399992
13000.000000000002,2.8234539115226345,10.253740913306654
13016.666666666668,3.211852545471669,10.38756287877186
13033.333333333334,2.821901958730973,10.179944211127767
13050.000000000002,2.7087315576268973,10.337057980791021
13066.666666666668,3.264630893363306,10.499030144199875
13083.333333333334,2.6472805757601434,10.446276434633942
13100.000000000002,1.9307266628627184,10.445521214114056
13116.666666666668,3.086308996878209,10.65506207761204
13133.333333333334,1.9429655788712568,10.57335779624825
13150.000000000002,3.158900177049998,9.824954449999995
13166.666666666668,1.1283117364153152,10.657014771397652
13183.333333333334,2.905515163681801,10.026724275765664
13200.000000000002,1.8853198597663199,10.378712911461895
13216.666666666668,2.5063658913777256,9.879188834222223
13233.333333333334,1.2694282951531344,10.351645217736644
13250.000000000002,2.318729365108586,9.91751971055863
13266.666666666668,2.708668387955052,9.762702063009323
13283.333333333334,1.3818020330833376,9.566130298705557
13300.000000000002,2.699455552223949,9.733047521489354
13316.666666666668,2.201136516355633,10.133096635466666
13333.333333333334,2.5813883674568343,10.039982469236147
13350.000000000002,1.81953683506616,9.732729866949853
13366.666666666668,1.4681590674325622,9.678850183266723
13383.333333333334,1.7202980728474457,9.896608649641045
13400.000000000002,2.5642156397333653,10.062761710399977
13416.666666666668,2.344054535999998,9.895594324266678
13433.333333333334,2.326881269692895,9.93388619515244
13450.000000000002,2.470482226663315,10.183292118409172
13466.666666666668,2.616685185331387,10.404608011022292
13483.333333333334,2.880069027055568,10.192511734211093
13500.000000000002,2.641140152799913,10.288148610133346
13516.666666666668,2.637890017453156,10.45306702380633
13533.333333333334,2.309161236988949,9.96295180914739
13550.000000000002,1.797629405786234,9.830013192596311
13566.666666666668,2.0252874198031066,10.230010459020132
13583.333333333334,1.8736037575101423,10.363002014198461
13600.000000000002,2.1962202467932816,10.24055581697482
13616.666666666668,2.0293731193596747,10.638717929498092
13633.333333333334,2.497085461280613,10.792926960774833
13650.000000000002,2.068396707427805,10.643630668035351
13666.666666666668,2.3426850141364226,10.32956561123344
13683.333333333334,2.610777543944683,10.76400138248653
13700.000000000002,2.1513561129183323,10.747014961327233
13716.666666666668,2.5391616051581334,10.451254818248033
13733.333333333334,2.7087595345488578,11.235605292828318
13750.000000000002,2.3651608316315818,10.832131799499589
13766.666666666668,1.9649742162277897,11.461456724622204
13783.333333333334,1.722214120000007,10.939591379777774
13800.000000000002,1.8288739429718783,10.791430592150467
13816.666666666668,2.1289059317047814,11.471573365627304
13833.333333333334,2.435230846640295,11.497194548168839
13850.000000000002,2.7540561665498484,11.255657278449988
13866.666666666668,2.9838324966686898,11.71361899680238
13883.333333333334,2.916040465142996,12.176177806462013
13900.000000000002,2.6545314171751713,11.815502330198356
13916.666666666668,2.40872762539366,11.878960467526062
13933.333333333334,2.347658928516651,12.573977143627795
13950.000000000002,1.9862228007615317,12.265348949231003
13966.666666666668,1.7015708747318186,11.952840874276037
13983.333333333334,2.292358151435712,12.404973290315683
14000.000000000002,2.7496314295632094,12.259815632699397
14016.666666666668,2.9082369324214215,12.065635074941628
14033.333333333334,3.118445295622231,12.373466397111114
14050.000000000002,3.5794191572453857,12.24452637113555
14066.666666666668,3.492203710288057,12.472230533333333
14083.333333333334,3.4835499738611153,12.687686603027778
14100.000000000002,3.507179419590242,12.5214836868232
14116.666666666668,3.079128053143215,12.690211181918746
14133.333333333334,2.2261321180291564,12.346909175247474
14150.000000000002,2.1451434780609926,12.629092332583747
14166.666666666668,1.843850792005794,12.986603826481618
14183.333333333334,2.368338604736515,12.982200040329833
14200.000000000002,2.61830126,13.069028559200007
14216.666666666668,2.589111647158651,13.078121505135478
14233.333333333334,5.459265356341157,7.645392325097419
14250.000000000002,4.415551566583341,7.9253436841666804
14266.666666666668,4.032470745333321,8.089218714388872
14283.333333333334,4.215538237207512,7.916854062842523
14300.000000000002,3.7616744354489366,7.736702897284649
14316.666666666668,3.6265711855516307,7.444564822150063
14333.333333333334,3.4817596523111076,7.749289650800005
14350.000000000002,3.710006827575977,7.832332377650569
14366.666666666668,3.7579216363136942,7.6730251028582535
14383.333333333334,4.125878108050959,7.83514208332499
14400.000000000002,4.062335746633307,7.796329110199956
14416.666666666668,4.0248255279608625,7.8520403756132335
14433.333333333334,3.8126778981842446,8.146105880204358
14450.000000000002,3.3408268371166363,8.450626988300034
14466.666666666668,3.1055949944195382,8.704286984515333
14483.333333333334,2.7287604315999934,8.956220460666662
14500.000000000002,2.8306182061333525,8.961844097083336
14516.666666666668,2.8729234929777725,8.741604412
14533.333333333334,2.6999807180944693,8.701252844272233
14550.000000000002,2.06837686506508,8.496798048948987
14566.666666666668,1.6694327056388774,8.376350239555546
14583.333333333334,1.761900356927773,8.061139961016668
14600.000000000002,1.713471184800008,8.494800084266663
14616.666666666668,1.8220750605338811,8.950175159307383
14633.333333333334,1.7551366251666598,9.194036185161114
14650.000000000002,1.8883798151666922,9.185679477333252
14666.666666666668,1.9454557597199518,8.786347257161887
14683.333333333334,1.854361807900197,8.557785703288886
14700.000000000002,1.7320228721584399,8.504228561823926
14716.666666666668,2.130315350557041,8.569007487198682
14733.333333333334,2.188506563276101,8.759391058473675
14750.000000000002,2.1847661994220395,8.8423873902732
14766.666666666668,2.369380631999373,8.746890942587974
14783.333333333334,2.4063963277694076,8.965413635976445
14800.000000000002,2.2045974376543342,9.067550119753113
14816.666666666668,2.4193657555781116,8.829663355177747
14833.333333333334,2.0337072632487123,9.071309467297162
14850.000000000002,1.8177314235420252,9.0014955092565
14866.666666666668,1.782631050690811,8.842090693797546
14883.333333333334,2.4216626243232806,8.950182365038073
14900.000000000002,1.7192878369312605,9.059976264817582
14916.666666666668,1.7680633013999985,9.226264433438898
14933.333333333334,2.1564813332220387,9.456510106888906
14950.000000000002,2.5499657968802865,9.5345380929096
14966.666666666668,2.7682346626976218,9.472896258485354
14983.333333333334,2.6803732084444407,9.438683874222214
15000.000000000002,2.655733334267581,9.406288416683322
15016.666666666668,1.92833258221446,9.208376227253039
15033.333333333334,1.590226905408996,9.314997174459375
15050.000000000002,2.2203373694365975,9.262763624391077
15066.666666666668,2.6497709633222137,9.326307050911113
15083.333333333334,2.3761272471111585,9.378852269777783
15100.000000000002,2.4262789128335975,9.432938075899965
15116.666666666668,2.288875872430439,9.525110519770985
15133.333333333334,2.8715456848888805,9.535741901555568
15150.000000000002,2.284340522266624,9.748339922000335
15166.666666666668,1.9318461251807197,9.739510330163494
15183.333333333334,1.9320023463655076,9.725263920013303
15200.000000000002,1.9852521009662683,9.702892288122648
15216.666666666668,2.1165513309457054,9.748932663945821
15233.333333333334,2.3051623868156255,9.66239712095495
15250.000000000002,2.2415646598102654,9.634363658711925
15266.666666666668,2.224304638424767,9.675597850675338
15283.333333333334,2.218867401803627,9.77786746786908
15300.000000000002,2.21776103649825,9.840652197651233
15316.666666666668,2.134261407626028,9.666829161058306
15333.333333333334,2.275738369955534,9.600220393405586
15350.000000000002,2.3081785418090117,9.793982408107222
15366.666666666668,2.592840249955562,9.739670117644431
15383.333333333334,3.382807248488886,9.479458151366666
15400.000000000002,3.521751123935717,9.497252197526949
15416.666666666668,3.4904015652096527,9.451546356356365
15433.333333333334,3.5362283458041954,9.626640712975913
15450.000000000002,3.411932023416248,9.76799851336649
15466.666666666668,3.4681370249735943,9.836420487037978
15483.333333333334,3.4144186033777832,9.999864646500015
15500.000000000002,3.521587310446863,10.147758714648717
15516.666666666668,3.615293202911125,10.220221963216646
15533.333333333334,3.726051229140916,10.268373554678211
15550.000000000002,3.3877867284015633,10.606978054844404
15566.666666666668,3.9050227122283587,10.596553742287833
15583.333333333334,3.5277626871589676,10.703046654202705
15600.000000000002,3.778713251273952,10.70077915262367
15616.666666666668,3.779944845044541,10.747636286966653
15633.333333333334,4.03587571344561,10.559274084664537
15650.000000000002,4.1196958315824945,10.262252981090567
15666.666666666668,4.170029082630915,10.155793610000549
15683.333333333334,4.368713395666657,10.058001137833324
15700.000000000002,4.449009135727344,9.990087355349049
15716.666666666668,4.301746183377771,10.008065821599999
15733.333333333334,4.321492859383329,10.377975080377762
15750.000000000002,4.564131077522113,10.56914887878937
15766.666666666668,4.805869423689621,10.765683588460899
15783.333333333334,4.7848016345111075,10.816202246133338
15800.000000000002,5.430509376454922,10.976906325129223
15816.666666666668,5.006726064795356,10.950754837298017
15833.333333333334,5.037813214409497,11.022178787628404
15850.000000000002,5.0542656420289225,10.949145396135226
15866.666666666668,4.873225532783323,10.863498755450001
15883.333333333334,5.236782490699907,10.886353844977782
15900.000000000002,4.9278876988332865,10.951931562249994
15916.666666666668,4.775821987132454,11.119992606247573
15933.333333333334,4.746670481347009,11.274100063097418
15950.000000000002,4.8863246664501165,11.09128541685817
15966.666666666668,4.791157086281986,10.702726125145908
15983.333333333334,4.591867282100316,10.832531837018564
16000.000000000002,4.642257249591464,10.871920818275793
16016.666666666668,4.562802071201215,11.023207497435083
16033.333333333334,4.566617106989588,11.28863819483595
16050.000000000002,4.6967446711711744,11.228312127477462
16066.666666666668,4.421795759108163,11.133541163003446
16083.333333333334,4.424150022583418,10.676030943738871
16100.000000000002,4.141846207533366,10.683301828450004
16116.666666666668,4.371225209611027,10.650584629138883
16133.333333333334,4.228478940413156,10.64256538094842
16150.000000000002,4.191576015383263,10.772091517550033
16166.666666666668,4.152913159461102,10.920043619661136
16183.333333333334,4.378519045712415,11.109440787059285
16200.000000000002,4.2905098981999075,11.004764859200002
16216.666666666668,4.0881532090045205,11.009776922294474
16233.333333333334,4.575279253799125,11.019106863665163
16250.000000000002,4.6324040688010255,10.937116314757374
16266.666666666668,4.487468226557701,10.934436390767619
16283.333333333334,4.448377024089817,11.10107923650714
16300.000000000002,4.401552304800265,11.49030553200001
16316.666666666668,4.456791426337482,11.590577779218139
16333.333333333334,4.155968495422217,11.646048951999996
16350.000000000002,3.962425153753617,11.658651381981981
16366.666666666668,4.142300226861096,11.738645279911129
16383.333333333334,4.067316910137189,11.802357689995569
16400.0,3.7682895440158153,11.80680879406528
16416.666666666668,3.5197160127284826,11.645743698759237
16433.333333333336,3.9128766883435344,11.670937235697998
16450.0,3.7278602054999763,11.810427668433329
16466.666666666668,4.021847775999988,11.677109881422224
16483.333333333336,4.156433221305867,12.065565360325404
16500.0,4.05856868539056,12.095681534099615
16516.666666666668,3.7731594564230364,11.924283221048894
16533.333333333336,3.794971530712469,11.615444621255962
16550.0,3.972522667247399,11.65022774247552
16566.666666666668,4.016660915963509,11.72541052132733
16583.333333333336,3.9360035372185855,11.883654203262767
16600.0,3.999644740446441,11.93732889353657
16616.666666666668,3.8860093855554565,12.0337396087111
16633.333333333336,3.617127312552257,12.094719756724027
16650.0,3.929928801857434,11.993068357831323
16666.666666666668,4.132681579963266,11.880591221493727
16683.333333333336,4.243292084799893,12.007054718533473
16700.0,4.12126787594261,11.997238927110459
16716.666666666668,4.257778247320795,12.164194307918303
16733.333333333336,4.20183265690136,12.353531742186627
16750.0,4.012059828205122,12.607384032634029
16766.666666666668,3.8879751029470353,12.57020328251748
16783.333333333336,3.6876665876673695,12.590334560916729
16800.0,4.013484855288613,12.754409933166494
16816.666666666668,4.301041137218346,12.722190515850825
16833.333333333336,4.454530154508416,12.965105161530492
16850.0,4.113433487391416,12.919256769555782
16866.666666666668,4.1179670156335515,12.72452704701755
16883.333333333336,3.9737191808126346,12.601427877394249
16900.0,4.299424053076462,12.65037499424711
16916.666666666668,4.629756374168488,12.630759520078866
16933.333333333336,4.631309934767372,12.57576914363853
16950.0,4.775580081083345,12.885906853066679
16966.666666666668,4.957195891237715,12.566847318662912
16983.333333333336,4.964368560991714,12.614824234105196
17000.0,5.278947611172257,12.753374625696182
17016.666666666668,5.261705139764327,12.863623536201466
17033.333333333336,5.201548801370276,12.91097047387152
17050.0,5.289279593753056,12.927286060353149
17066.666666666668,1.846704037290783,9.340188474014722
17083.333333333336,2.8344504803733135,8.863043695292122
17100.0,2.6017733671667163,9.275393949166672
17116.666666666668,3.391169263748981,9.135984587515964
17133.333333333336,3.4728173017090516,9.036996594871837
17150.0,3.4457524864833187,9.096079675666648
17166.666666666668,3.284363750669244,9.200753128015455
17183.333333333336,3.3952439872841413,9.108933278810586
17200.0,3.4779637676318638,9.168859193626227
17216.666666666668,3.497441726171847,9.348205999356518
17233.333333333336,3.3252915957735762,9.515526413202148
17250.0,3.4433555076333318,9.786407847966649
17266.666666666668,3.2729055665227054,9.811209646590761
17283.333333333336,3.351104326288892,9.839083523066671
17300.0,3.521442290687992,9.936588711410959
17316.666666666668,3.7020783915389166,10.020202453472262
17333.333333333336,4.045983688994496,10.093989306903516
17350.0,4.317223170268421,10.15022594473906
17366.666666666668,4.903516693085414,9.946218471958199
17383.333333333336,5.269907502228908,9.885497102790268
17400.0,5.604337314533351,9.777959092399975
17416.666666666668,5.757833696427732,9.825525420383366
17433.333333333336,-0.5855695697017359,8.409341162636728
17450.0,1.2243063690005076,8.099341452083387
17466.666666666668,1.4575548471681155,8.265726941184491
17483.333333333336,1.748116904129182,8.22048934277946
17500.0,1.862534734338012,8.218273741026701
17516.666666666668,1.889606540876462,8.21993358721627
17533.333333333336,1.8838291852426854,8.14624927021263
17550.0,1.749730940196553,8.171429839546898
17566.666666666668,1.9936996398467866,8.330302286590069
17583.333333333336,2.15993478635134,8.48561490722979
17600.0,2.3726816047499337,8.411662539533323
17616.666666666668,2.1047151517628455,8.337774369402764
17633.333333333336,2.256362860941677,8.23909315438949
17650.0,2.2804231778992885,8.366862093836986
17666.666666666668,2.1607491738869413,8.378884884419987
17683.333333333336,2.2267298124451185,8.356885737402049
17700.0,2.277075698733986,8.455489216991495
17716.666666666668,2.325127610171302,8.48946400131798
17733.333333333336,2.409391568390536,8.343078133661397
17750.0,2.2836789537871103,8.254420981014384
17766.666666666668,2.271608613779126,8.061471081896508
17783.333333333336,2.3540447729041754,8.179381579571814
17800.0,2.201796308333333,8.321285391666667
17816.666666666668,2.2881471950277827,8.445517603811112
17833.333333333336,2.40518394341827,8.56270057854353
17850.0,2.3733619023155774,8.707088421472575
17866.666666666668,2.500141708057082,8.609309838686213
17883.333333333336,2.3728643047222917,8.603324731200056
17900.0,2.516832399117101,8.612015031467587
17916.666666666668,2.6376731320555606,8.371056139611113
17933.333333333336,2.6999568523499895,8.278126877961148
17950.0,2.7489039011333034,8.411707659033272
17966.666666666668,2.6804010930888635,8.313697915150051
17983.333333333336,2.64131834688447,8.546247209499244
