0.0,2.8598554,3.2759029666666644
16.666666666666668,2.8921858286444473,3.424562932505554
33.333333333333336,2.7524020401311775,3.360583920532491
50.0,2.5545324968317424,2.8674904817408726
66.66666666666667,2.4219932368888903,3.190243131111109
83.33333333333334,2.802308064864862,3.610571002991883
100.0,-6.562087041533334,7.399839442333332
116.66666666666667,-7.109176127096884,7.632860413767992
133.33333333333334,-7.065143255822354,7.90973767001278
150.0,-6.794770039800001,7.98014973875
166.66666666666669,-6.538041501165501,7.995779636674439
183.33333333333334,-6.49978677672116,8.62289483157602
200.0,-5.848126754934264,8.68932682745881
216.66666666666669,-5.45975939615385,8.396594671794867
233.33333333333334,-5.489459852731917,8.273189357267524
250.00000000000003,-5.436682767016305,7.860435422610726
266.6666666666667,-5.383247764646463,7.186780467288268
283.33333333333337,-5.333792726311115,6.9523970454222255
300.0,-5.544670021638921,6.602723712121206
316.6666666666667,-5.45927,6.406040334237981
333.33333333333337,-5.584206664976998,6.3101460981292865
350.0,-6.084339931733328,6.187618274133331
366.6666666666667,-1.431179407555551,5.80442257048889
383.33333333333337,2.815157774933335,4.978103581822221
400.0,2.4282103359038545,4.7972549690202015
416.6666666666667,2.211403470418476,4.517110944544348
433.33333333333337,2.1290596189921214,4.147353174247974
450.00000000000006,2.12007504442221,4.197331855827911
466.6666666666667,2.0851951115422893,4.554799654665558
483.33333333333337,2.1355696125570054,4.389646663774883
500.00000000000006,1.3282588858333293,4.326535766000001
516.6666666666667,1.3493837524151027,4.149162160513591
533.3333333333334,1.4710286054417243,3.9361335745127373
550.0,1.1693256279973314,3.9103806018675953
566.6666666666667,1.1143970812739663,3.811872166622197
583.3333333333334,1.1484376313869415,3.6820743103325517
600.0,1.3241883743487664,3.6714017529284875
616.6666666666667,1.3954861846222206,3.587197320611116
633.3333333333334,1.4532367044978847,3.6260885561678857
650.0,1.3093669809334028,3.670799826507224
666.6666666666667,1.1874562420043322,3.6501326279806574
683.3333333333334,1.027657738269759,3.7060143919373636
700.0,1.0964555068499997,3.6714074169666633
716.6666666666667,1.2756746015444491,3.6072006622777795
733.3333333333334,1.366509627449667,3.7875569899566246
750.0,1.3187181852333276,3.846449104033337
766.6666666666667,1.1111007620523088,3.8648268989172023
783.3333333333334,0.818112246836069,3.8961962702098183
800.0,0.8508820602730642,3.9103436535131486
816.6666666666667,1.1126837476666773,3.675643555722224
833.3333333333334,1.6187987554444407,3.4372163105555544
850.0000000000001,1.7841158288644305,3.1241126610638643
866.6666666666667,1.592143861483329,2.953079538366669
883.3333333333334,1.5295514552999965,2.9279832858166674
900.0000000000001,1.6541978781609181,3.0793028689655215
916.6666666666667,1.6472877840833253,3.0635822478888888
933.3333333333334,1.5539488968111121,3.084100209800004
950.0000000000001,1.4785190265533923,3.024070454106281
966.6666666666667,1.4496129900839358,3.153732872536269
983.3333333333334,1.7165116467321893,3.232388944905325
1000.0000000000001,1.7594870945387913,3.1647142749250734
1016.6666666666667,1.8170452678605133,3.1080226570325946
1033.3333333333335,1.5991587588297578,3.276727610832215
1050.0,1.6139071165749517,3.4283933668667688
1066.6666666666667,1.691913073195416,3.5326905871871888
1083.3333333333335,1.572798290110548,3.7293750674350483
1100.0,1.2867242639999987,3.778053914666662
1116.6666666666667,1.3027780087499983,3.997030203749997
1133.3333333333335,1.3805399025794658,4.032880139174579
1150.0,1.3711365226333379,4.271973887566668
1166.6666666666667,1.4581886555111134,4.317827247422225
1183.3333333333335,1.3672525921349576,4.183404144933584
1200.0,1.3946988290286964,4.329993774972405
1216.6666666666667,1.4964798991060047,4.090346723243936
1233.3333333333335,1.595740939069532,4.21425615722306
1250.0,1.5344092653840378,4.221838961133479
1266.6666666666667,1.6300513202156608,4.077964026768941
1283.3333333333335,1.6257402126666636,4.155588500400004
1300.0,1.7640380816924859,4.124107826420122
1316.6666666666667,1.8426646441555572,4.216800348811109
1333.3333333333335,1.9345748712444528,4.296441484177792
1350.0,1.9099014477761138,4.263819602165579
1366.6666666666667,2.1456842302277774,4.386865579516667
1383.3333333333335,2.084370658247142,4.236266938760982
1400.0,1.826438525245957,4.333451197198599
1416.6666666666667,1.8307050996787424,4.290267675849777
1433.3333333333335,2.0931394579626597,4.255743410261184
1450.0,2.137273783374988,4.167849983841415
1466.6666666666667,1.2116698767211627,4.040744618351685
1483.3333333333335,3.9259320724278113,3.7035642616888658
1500.0,3.9782369627333307,3.3414943044333363
1516.6666666666667,3.952959558015434,3.084746928308058
1533.3333333333335,3.6766305145260647,3.065807363918037
1550.0,3.736289379713048,3.011355450183516
1566.6666666666667,3.8333574670923145,2.9704884552404662
1583.3333333333335,3.8918791505252597,2.8678671844255477
1600.0,4.07326503508158,2.6323588552114527
1616.6666666666667,3.318108660755199,2.9624615468134787
1633.3333333333335,3.5892373835082507,2.9126532514687127
1650.0000000000002,3.524048256749996,3.1267561543833344
1666.6666666666667,-7.49447713744712,3.286438541499667
1683.3333333333335,-8.344012445460603,2.89711960413128
1700.0000000000002,-8.690897227918544,3.0494959255505854
1716.6666666666667,-8.857928956306308,3.129313928306087
1733.3333333333335,-8.769636555017467,3.0113630647417757
1750.0000000000002,-8.00457424573332,3.1249797734833282
1766.6666666666667,-7.810608527241401,3.044882433199937
1783.3333333333335,-8.022530798318346,3.189247145005
1800.0000000000002,-8.440917561733345,3.292991295733337
1816.6666666666667,-8.820573573623626,3.3768550227560907
1833.3333333333335,-8.900863862439401,3.7646199175489676
1850.0000000000002,-8.879506140599997,4.158904841216668
1866.6666666666667,-8.932707915348685,4.405707870008896
1883.3333333333335,-9.173928242300002,4.671481766683334
1900.0000000000002,-9.642603244588745,4.810677207359301
1916.6666666666667,-10.058658236008233,4.985071973662552
1933.3333333333335,-11.075565872888896,4.917038154066659
1950.0000000000002,-11.885032492600043,5.008472298509963
1966.6666666666667,-12.686237684177781,4.9724464660000045
1983.3333333333335,-13.16509638567926,4.650339751861135
2000.0000000000002,-13.007552851466661,4.7454341970000185
2016.6666666666667,-13.134984132133335,5.040218061988891
2033.3333333333335,-13.32297983641689,5.010957424626275
2050.0,-10.712190812766794,4.556422469716673
2066.666666666667,-0.6554740514444589,5.4689974597777935
2083.3333333333335,0.24359052011110882,6.767311645111115
2100.0,1.0434394130231708,8.115430525029197
2116.666666666667,1.1220558089555703,5.930641945133344
2133.3333333333335,0.41829144606829466,4.885452048604156
2150.0,-0.14379912154410832,5.187885844839075
2166.666666666667,-0.5827662088611173,5.699619050444437
2183.3333333333335,-1.238039362111666,5.516599304035374
2200.0,-0.8397271194902657,5.564085202298846
2216.666666666667,-1.4071924798910107,5.675323904315445
2233.3333333333335,-1.8575877855888863,7.700801696727782
2250.0,-1.680156179287377,7.456015020446218
2266.666666666667,1.4258033643600787,10.579933045800733
2283.3333333333335,3.967151451597812,12.458861890948674
2300.0,-25.547304079560256,-9.725944408095954
2316.666666666667,-64.0,-36.0
2333.3333333333335,-64.0,-36.0
2350.0,-64.0,-36.0
2366.666666666667,-64.0,-36.0
2383.3333333333335,-64.0,-36.0
2400.0,-64.0,-36.0
2416.666666666667,-64.0,-36.0
2433.3333333333335,-64.0,-36.0
2450.0,-64.0,-36.0
2466.666666666667,-64.0,-36.0
2483.3333333333335,-64.0,-36.0
2500.0,-64.0,-36.0
2516.666666666667,-64.0,-36.0
2533.3333333333335,-64.0,-36.0
2550.0,-64.0,-36.0
2566.666666666667,-64.0,-36.0
2583.3333333333335,-64.0,-36.0
2600.0,-64.0,-36.0
2616.666666666667,-64.0,-36.0
2633.3333333333335,-64.0,-36.0
2650.0,-64.0,-36.0
2666.666666666667,-64.0,-36.0
2683.3333333333335,-64.0,-36.0
2700.0,-64.0,-36.0
2716.666666666667,-64.0,-36.0
2733.3333333333335,-64.0,-36.0
2750.0,-64.0,-36.0
2766.666666666667,-64.0,-36.0
2783.3333333333335,-64.0,-36.0
2800.0,-64.0,-36.0
2816.666666666667,-64.0,-36.0
2833.3333333333335,-64.0,-36.0
2850.0,-64.0,-36.0
2866.666666666667,-64.0,-36.0
2883.3333333333335,-64.0,-36.0
2900.0,-64.0,-36.0
2916.666666666667,-64.0,-36.0
2933.3333333333335,-64.0,-36.0
2950.0,-64.0,-36.0
2966.666666666667,-64.0,-36.0
2983.3333333333335,-64.0,-36.0
3000.0,-64.0,-36.0
3016.666666666667,-64.0,-36.0
3033.3333333333335,-64.0,-36.0
3050.0,-64.0,-36.0
3066.666666666667,-64.0,-36.0
3083.3333333333335,-64.0,-36.0
3100.0,-64.0,-36.0
3116.666666666667,-64.0,-36.0
3133.3333333333335,-64.0,-36.0
3150.0,-64.0,-36.0
3166.666666666667,-64.0,-36.0
3183.3333333333335,-64.0,-36.0
3200.0,-64.0,-36.0
3216.666666666667,-64.0,-36.0
3233.3333333333335,-64.0,-36.0
3250.0000000000005,-64.0,-36.0
3266.666666666667,-64.0,-36.0
3283.3333333333335,-64.0,-36.0
3300.0000000000005,-64.0,-36.0
3316.666666666667,-64.0,-36.0
3333.3333333333335,-64.0,-36.0
3350.0000000000005,-64.0,-36.0
3366.666666666667,-64.0,-36.0
3383.3333333333335,-64.0,-36.0
3400.0000000000005,-64.0,-36.0
3416.666666666667,-64.0,-36.0
3433.3333333333335,-64.0,-36.0
3450.0000000000005,-64.0,-36.0
3466.666666666667,-64.0,-36.0
3483.3333333333335,-64.0,-36.0
3500.0000000000005,-64.0,-36.0
3516.666666666667,-64.0,-36.0
3533.3333333333335,-64.0,-36.0
3550.0000000000005,-64.0,-36.0
3566.666666666667,-64.0,-36.0
3583.3333333333335,-64.0,-36.0
3600.0000000000005,-64.0,-36.0
3616.666666666667,-64.0,-36.0
3633.3333333333335,-64.0,-36.0
3650.0000000000005,-64.0,-36.0
3666.666666666667,-64.0,-36.0
3683.3333333333335,-64.0,-36.0
3700.0000000000005,-64.0,-36.0
3716.666666666667,-64.0,-36.0
3733.3333333333335,-64.0,-36.0
3750.0000000000005,-64.0,-36.0
3766.666666666667,-64.0,-36.0
3783.3333333333335,-64.0,-36.0
3800.0000000000005,-64.0,-36.0
3816.666666666667,-64.0,-36.0
3833.3333333333335,-64.0,-36.0
3850.0000000000005,-64.0,-36.0
3866.666666666667,-64.0,-36.0
3883.3333333333335,-64.0,-36.0
3900.0000000000005,-64.0,-36.0
3916.666666666667,-64.0,-36.0
3933.3333333333335,-64.0,-36.0
3950.0000000000005,-64.0,-36.0
3966.666666666667,-64.0,-36.0
3983.3333333333335,-64.0,-36.0
4000.0000000000005,-64.0,-36.0
4016.666666666667,-64.0,-36.0
4033.3333333333335,-64.0,-36.0
4050.0000000000005,-64.0,-36.0
4066.666666666667,-64.0,-36.0
4083.3333333333335,-64.0,-36.0
4100.0,-64.0,-36.0
4116.666666666667,-64.0,-36.0
4133.333333333334,-64.0,-36.0
4150.0,-64.0,-36.0
4166.666666666667,-64.0,-36.0
4183.333333333334,-64.0,-36.0
4200.0,-64.0,-36.0
4216.666666666667,-64.0,-36.0
4233.333333333334,-64.0,-36.0
4250.0,-64.0,-36.0
4266.666666666667,-64.0,-36.0
4283.333333333334,-64.0,-36.0
4300.0,-64.0,-36.0
4316.666666666667,-64.0,-36.0
4333.333333333334,-64.0,-36.0
4350.0,-64.0,-36.0
4366.666666666667,-64.0,-36.0
4383.333333333334,-64.0,-36.0
4400.0,-64.0,-36.0
4416.666666666667,-64.0,-36.0
4433.333333333334,-64.0,-36.0
4450.0,-64.0,-36.0
4466.666666666667,-64.0,-36.0
4483.333333333334,-64.0,-36.0
4500.0,-64.0,-36.0
4516.666666666667,-64.0,-36.0
4533.333333333334,-64.0,-36.0
4550.0,-64.0,-36.0
4566.666666666667,-64.0,-36.0
4583.333333333334,-64.0,-36.0
4600.0,-64.0,-36.0
4616.666666666667,-64.0,-36.0
4633.333333333334,-64.0,-36.0
4650.0,-64.0,-36.0
4666.666666666667,-64.0,-36.0
4683.333333333334,-64.0,-36.0
4700.0,-64.0,-36.0
4716.666666666667,-64.0,-36.0
4733.333333333334,-64.0,-36.0
4750.0,-64.0,-36.0
4766.666666666667,-64.0,-36.0
4783.333333333334,-64.0,-36.0
4800.0,-64.0,-36.0
4816.666666666667,-64.0,-36.0
4833.333333333334,-64.0,-36.0
4850.0,-64.0,-36.0
4866.666666666667,-64.0,-36.0
4883.333333333334,-64.0,-36.0
4900.0,-64.0,-36.0
4916.666666666667,-64.0,-36.0
4933.333333333334,-64.0,-36.0
4950.0,-64.0,-36.0
4966.666666666667,-64.0,-36.0
4983.333333333334,-64.0,-36.0
5000.0,-64.0,-36.0
5016.666666666667,-64.0,-36.0
5033.333333333334,-64.0,-36.0
5050.0,-64.0,-36.0
5066.666666666667,-64.0,-36.0
5083.333333333334,-64.0,-36.0
5100.0,-64.0,-36.0
5116.666666666667,-64.0,-36.0
5133.333333333334,-64.0,-36.0
5150.0,-64.0,-36.0
5166.666666666667,-64.0,-36.0
5183.333333333334,-64.0,-36.0
5200.0,-64.0,-36.0
5216.666666666667,-64.0,-36.0
5233.333333333334,-64.0,-36.0
5250.0,-64.0,-36.0
5266.666666666667,-64.0,-36.0
5283.333333333334,-64.0,-36.0
5300.0,-64.0,-36.0
5316.666666666667,-64.0,-36.0
5333.333333333334,-64.0,-36.0
5350.0,-64.0,-36.0
5366.666666666667,-64.0,-36.0
5383.333333333334,-64.0,-36.0
5400.0,-64.0,-36.0
5416.666666666667,-64.0,-36.0
5433.333333333334,-64.0,-36.0
5450.0,-64.0,-36.0
5466.666666666667,-64.0,-36.0
5483.333333333334,-64.0,-36.0
5500.0,-64.0,-36.0
5516.666666666667,-64.0,-36.0
5533.333333333334,-64.0,-36.0
5550.0,-64.0,-36.0
5566.666666666667,-64.0,-36.0
5583.333333333334,-49.85844452014084,-36.0
5600.0,-64.0,-36.0
5616.666666666667,-64.0,-36.0
5633.333333333334,-64.0,-36.0
5650.0,-64.0,-36.0
5666.666666666667,-64.0,-36.0
5683.333333333334,-64.0,-36.0
5700.0,-64.0,-36.0
5716.666666666667,-64.0,-36.0
5733.333333333334,-64.0,-36.0
5750.0,-64.0,-36.0
5766.666666666667,-64.0,-36.0
5783.333333333334,-64.0,-36.0
5800.0,-64.0,-36.0
5816.666666666667,-64.0,-36.0
5833.333333333334,-64.0,-36.0
5850.0,-64.0,-36.0
5866.666666666667,-64.0,-36.0
5883.333333333334,-64.0,-36.0
5900.0,-64.0,-36.0
5916.666666666667,-64.0,-36.0
5933.333333333334,-64.0,-36.0
5950.0,-64.0,-36.0
5966.666666666667,-64.0,-36.0
5983.333333333334,-64.0,-36.0
6000.0,-64.0,-36.0
6016.666666666667,-64.0,-36.0
6033.333333333334,-64.0,-36.0
6050.0,-64.0,-36.0
6066.666666666667,-64.0,-36.0
6083.333333333334,-64.0,-36.0
6100.0,-64.0,-36.0
6116.666666666667,-64.0,-36.0
6133.333333333334,-64.0,-36.0
6150.0,-64.0,-36.0
6166.666666666667,-64.0,-36.0
6183.333333333334,-64.0,-36.0
6200.0,-64.0,-36.0
6216.666666666667,-64.0,-36.0
6233.333333333334,-64.0,-36.0
6250.0,-64.0,-36.0
6266.666666666667,-64.0,-36.0
6283.333333333334,-64.0,-36.0
6300.0,-64.0,-36.0
6316.666666666667,-64.0,-36.0
6333.333333333334,-64.0,-36.0
6350.0,-64.0,-36.0
6366.666666666667,-64.0,-36.0
6383.333333333334,-64.0,-36.0
6400.0,-64.0,-36.0
6416.666666666667,-64.0,-36.0
6433.333333333334,-64.0,-36.0
6450.000000000001,-64.0,-36.0
6466.666666666667,-64.0,-36.0
6483.333333333334,-64.0,-36.0
6500.000000000001,-64.0,-36.0
6516.666666666667,-64.0,-36.0
6533.333333333334,-64.0,-36.0
6550.000000000001,-64.0,-36.0
6566.666666666667,-64.0,-36.0
6583.333333333334,-64.0,-36.0
6600.000000000001,-64.0,-36.0
6616.666666666667,-64.0,-36.0
6633.333333333334,-64.0,-36.0
6650.000000000001,-64.0,-36.0
6666.666666666667,-64.0,-36.0
6683.333333333334,-64.0,-36.0
6700.000000000001,-64.0,-36.0
6716.666666666667,-64.0,-36.0
6733.333333333334,-64.0,-36.0
6750.000000000001,-64.0,-36.0
6766.666666666667,-64.0,-36.0
6783.333333333334,-64.0,-36.0
6800.000000000001,-64.0,-36.0
6816.666666666667,-64.0,-36.0
6833.333333333334,-64.0,-36.0
6850.000000000001,-64.0,-36.0
6866.666666666667,-64.0,-36.0
6883.333333333334,-64.0,-36.0
6900.000000000001,-64.0,-36.0
6916.666666666667,-64.0,-36.0
6933.333333333334,-64.0,-36.0
6950.000000000001,-64.0,-36.0
6966.666666666667,-64.0,-36.0
6983.333333333334,-64.0,-36.0
7000.000000000001,-64.0,-36.0
7016.666666666667,-64.0,-36.0
7033.333333333334,-64.0,-36.0
7050.000000000001,-64.0,-36.0
7066.666666666667,-64.0,-36.0
7083.333333333334,-64.0,-36.0
7100.000000000001,-64.0,-36.0
7116.666666666667,-64.0,-36.0
7133.333333333334,-64.0,-36.0
7150.000000000001,-64.0,-36.0
7166.666666666667,-64.0,-36.0
7183.333333333334,-64.0,-36.0
7200.000000000001,-64.0,-36.0
7216.666666666667,-64.0,-36.0
7233.333333333334,-64.0,-36.0
7250.000000000001,-64.0,-36.0
7266.666666666667,-64.0,-36.0
7283.333333333334,-64.0,-36.0
7300.000000000001,-64.0,-36.0
7316.666666666667,-64.0,-36.0
7333.333333333334,-64.0,-36.0
7350.000000000001,-64.0,-36.0
7366.666666666667,-64.0,-36.0
7383.333333333334,-64.0,-36.0
7400.000000000001,-64.0,-36.0
7416.666666666667,-64.0,-36.0
7433.333333333334,-64.0,-36.0
7450.000000000001,-64.0,-36.0
7466.666666666667,-64.0,-36.0
7483.333333333334,-64.0,-36.0
7500.000000000001,-64.0,-36.0
7516.666666666667,-64.0,-36.0
7533.333333333334,-64.0,-36.0
7550.000000000001,-64.0,-36.0
7566.666666666667,-64.0,-36.0
7583.333333333334,-64.0,-36.0
7600.000000000001,-64.0,-36.0
7616.666666666667,-64.0,-36.0
7633.333333333334,-64.0,-36.0
7650.000000000001,-64.0,-36.0
7666.666666666667,-64.0,-36.0
7683.333333333334,-64.0,-36.0
7700.000000000001,-64.0,-36.0
7716.666666666667,-64.0,-36.0
7733.333333333334,-64.0,-36.0
7750.000000000001,-64.0,-36.0
7766.666666666667,-64.0,-36.0
7783.333333333334,-64.0,-36.0
7800.000000000001,-64.0,-36.0
7816.666666666667,-64.0,-36.0
7833.333333333334,-64.0,-36.0
7850.000000000001,-64.0,-36.0
7866.666666666667,-64.0,-36.0
7883.333333333334,-64.0,-36.0
7900.000000000001,-64.0,-36.0
7916.666666666667,-64.0,-36.0
7933.333333333334,-64.0,-36.0
7950.000000000001,-64.0,-36.0
7966.666666666667,-64.0,-36.0
7983.333333333334,-64.0,-36.0
8000.000000000001,-25.05624536461963,-12.826488589149545
8016.666666666667,-24.7190813278772,-12.56347202836371
8033.333333333334,-24.436012718622194,-12.61492732898888
8050.000000000001,-24.5451287654334,-12.592841383999986
8066.666666666667,-24.73008123136011,-12.374668913151016
8083.333333333334,-24.352199897405523,-12.141734582622208
8100.000000000001,-24.859406291068563,-12.124404673005483
8116.666666666667,-24.312441990888882,-11.914416554482282
8133.333333333334,-24.832515827160496,-13.126798643081973
8150.000000000001,-25.943269960533186,-13.490862128266638
8166.666666666667,-24.992174384720137,-13.045004992051581
8183.333333333334,-25.429573006627795,-13.074372903405566
8200.0,-25.547682945239284,-12.814116492346171
8216.666666666668,-25.421283917583327,-13.070537862666711
8233.333333333334,-25.100987993712792,-13.1402628587103
8250.0,-24.833879683775212,-13.012019431865928
8266.666666666668,-24.52757563265633,-12.593645626939717
8283.333333333334,-24.650928511733245,-12.16029319244433
8300.0,-24.816165402390407,-12.106359657503312
8316.666666666668,-25.032503799143168,-12.214238364626716
8333.333333333334,9.992967777516638,8.73048972753615
8350.0,10.151294349608165,8.71820731840923
8366.666666666668,9.794497892030195,8.509551508757857
8383.333333333334,10.567530880650219,9.017133078312183
8400.0,10.385997975416664,8.731088735999949
8416.666666666668,10.766033156266806,8.792610488866734
8433.333333333334,10.39274723848777,8.307736225783604
8450.0,11.179946201883526,8.264573793316783
8466.666666666668,10.602572674959752,8.25296833599023
8483.333333333334,10.818938380972297,8.5426323853514
8500.0,10.829099211689067,8.54720970668663
8516.666666666668,11.085178110517207,8.581304878016175
8533.333333333334,10.775610471733138,8.428427475110965
8550.0,10.832218560863767,7.80343322666332
8566.666666666668,10.986648040694432,7.377264762333264
8583.333333333334,11.024493878427283,7.033306716186214
8600.0,11.469259568333449,7.0237520396667055
8616.666666666668,11.636802116717027,6.886542444588923
8633.333333333334,11.613965275401995,6.72861414899572
8650.0,11.62000310801266,6.758660286156942
8666.666666666668,12.65541844361155,7.196418886040322
8683.333333333334,12.913864329504253,7.285821559993376
8700.0,12.893860838200053,7.212680314850074
8716.666666666668,13.014786902837512,6.280346312710294
8733.333333333334,13.872857949689246,6.389682203562211
8750.0,13.850696791562676,6.563577478515588
8766.666666666668,13.9678408540341,6.754579122977411
8783.333333333334,14.510915333172283,6.850436455827646
8800.0,14.38560378716665,6.197050702716656
8816.666666666668,14.487085745965917,6.030293013909751
8833.333333333334,14.434975567828339,5.816629982546843
8850.0,14.343015849599944,5.274983272266644
8866.666666666668,14.571518320339806,5.4659856590094265
8883.333333333334,14.47168344453333,5.359625649644426
8900.0,15.869307195033315,5.565874295799955
8916.666666666668,17.035915295180658,5.794189354154968
8933.333333333334,17.339752612063652,5.821498631265622
8950.0,17.385102662073482,5.37964018503906
8966.666666666668,17.724559247741713,5.264749333965136
8983.333333333334,18.507165241222207,5.194648626055497
9000.0,15.084568206939315,5.146857262758014
9016.666666666668,6.253817724013271,6.8778352859527985
9033.333333333334,6.223623003431567,6.798581673990747
9050.0,6.116146245456056,7.271224041687514
9066.666666666668,6.179615506633192,7.519739084033173
9083.333333333334,6.390566782008939,7.2335709832417
9100.0,6.046106412733375,5.949031621333321
9116.666666666668,6.468022120999764,5.204958286944214
9133.333333333334,6.825014579711089,4.812229750077779
9150.0,7.4032041178817485,4.8564113510550495
9166.666666666668,6.269440509660253,4.369962350386335
9183.333333333334,5.760299216225133,4.445368358831668
9200.0,5.934374997200154,4.60944982180001
9216.666666666668,6.117952353028247,4.783632568136249
9233.333333333334,6.100444676399308,4.839600506753378
9250.0,6.226799422761371,4.926260759496402
9266.666666666668,6.0723422053169624,5.46850325323015
9283.333333333334,6.358384779106231,6.184169004046472
9300.0,6.446524385385386,6.637252525658987
9316.666666666668,7.143355007962803,7.037009211111035
9333.333333333334,7.29036066419999,7.36602663429445
9350.0,7.514066740316787,8.33087100366674
9366.666666666668,7.310371012333373,8.539349990000003
9383.333333333334,6.433742997195905,8.743175769104392
9400.0,6.421825252537178,8.911560573432771
9416.666666666668,6.418054053127909,8.659060967539011
9433.333333333334,6.603646091513175,9.153158132337316
9450.0,6.211080165699765,9.793284945199813
9466.666666666668,6.576478232007843,10.883197590760306
9483.333333333334,6.365728165688897,11.244293705600011
9500.0,6.781479119933334,11.69694748279997
9516.666666666668,7.045810125618265,12.21335253686839
9533.333333333334,6.500389358872309,11.699044797457155
9550.0,6.365103988897114,10.514613444288
9566.666666666668,5.8496678073342405,11.711719732222939
9583.333333333334,6.128340377188843,11.191857382211076
9600.0,4.46034460526142,10.51689555154845
9616.666666666668,4.8009282470571915,11.10915390787333
9633.333333333334,4.681129262892731,9.940666157289845
9650.0,3.439306879786869,8.975295823210114
9666.666666666668,2.766190198094416,8.461518530155521
9683.333333333334,2.120701980799951,8.053475516088891
9700.0,1.959442651049987,6.019858294816646
9716.666666666668,2.1955415673333776,6.022637908666545
9733.333333333334,2.49365741675565,6.015235032198875
9750.0,2.2764535927187612,5.9116521104709445
9766.666666666668,2.242474115893653,5.840506907796674
9783.333333333334,2.672257194391678,5.472662972075084
9800.0,2.6538857093046277,5.115526089794893
9816.666666666668,2.6637955999222385,6.000368282177786
9833.333333333334,1.5966308517758785,5.62569858156856
9850.0,2.4594737195028054,4.923340413296627
9866.666666666668,2.555814973630833,5.166328501400421
9883.333333333334,3.1037383097777043,4.616590977888907
9900.0,2.1704913215548727,4.267451430063403
9916.666666666668,2.368321448555597,4.877309971444508
9933.333333333334,3.4888315709744973,4.568620040925976
9950.0,3.323506778306212,6.004843613122355
9966.666666666668,-46.19509972333673,0.0
9983.333333333334,-64.0,-36.0
10000.0,-64.0,-36.0
10016.666666666668,-12.329361450187633,0.0
10033.333333333334,-30.99099057137831,-11.377070422683476
10050.0,2.7335559927405138,2.3622500657675816
10066.666666666668,3.117346554656467,1.085988402153368
10083.333333333334,2.333542180246946,0.745073175308622
10100.0,2.1965479737201488,1.3430917643154903
10116.666666666668,3.6996204679445426,1.407584072194308
10133.333333333334,3.784532069836471,0.5201793006006419
10150.0,3.4251074285000005,0.2076937585333299
10166.666666666668,3.848272041523736,-0.13259032377146657
10183.333333333334,3.6202593779555547,0.01969504434454153
10200.0,3.253169935467716,-0.14130320451894
10216.666666666668,3.0629161000333394,-0.6145856626443774
10233.333333333334,2.9857313055555155,-0.49843567555557455
10250.0,3.0793994792166655,-0.3251094024333497
10266.666666666668,3.250455398687575,-0.21886102282837006
10283.333333333334,3.6719236794214005,0.04310672940197441
10300.0,3.968703836268105,0.23448301980987488
10316.666666666668,4.400255291733274,0.18921110854441467
10333.333333333334,4.53458802460674,-0.08550684741259235
10350.0,5.0505929328000185,-0.1401464346666691
10366.666666666668,5.0114209009480595,-0.5643320695763363
10383.333333333334,4.1526052119555406,-0.7698920383555677
10400.0,3.3553741677338644,-0.9645794650658613
10416.666666666668,3.183696936888902,-1.1899836897777536
10433.333333333334,3.92425600228011,-1.187487123801592
10450.0,4.185397131800009,-0.8910669945333188
10466.666666666668,4.779801398665947,-0.35553350865432604
10483.333333333334,4.190559482179936,-0.36511330917673224
10500.0,3.8586252926367943,-0.5802906056218694
10516.666666666668,4.136212165577761,-0.7796936898000025
10533.333333333334,3.82517370417782,-0.5987412532555572
10550.0,3.9063412059470823,-0.3136866368648804
10566.666666666668,3.8963139562885183,-0.3408323380087829
10583.333333333334,3.7300993280529187,-0.288530402328968
10600.0,3.8619152761833395,-0.150005407099998
10616.666666666668,3.8618791316896868,-0.10710806474543996
10633.333333333334,3.8215782507184515,0.1454999778631303
10650.0,4.2125198706959806,0.21164741305361737
10666.666666666668,4.822054943999964,0.3737474407666357
10683.333333333334,4.852124557082554,0.19058929757899634
10700.0,4.636680068700011,0.15355857004999798
10716.666666666668,4.584421554033211,0.2781592745444956
10733.333333333334,4.330853783283274,0.17097500167223215
10750.0,4.05986492720001,0.2795769122667007
10766.666666666668,4.273928445461093,-0.09440806476668456
10783.333333333334,4.0002817639319685,-0.27134577020732015
10800.0,3.834216698466727,0.003552384866429281
10816.666666666668,3.5001193719973624,0.23575093222270288
10833.333333333334,3.7437486825000055,0.34575748611110924
10850.0,3.9149359754666793,0.371072686933325
10866.666666666668,3.900891478783815,0.050954863292757474
10883.333333333334,3.949428482208905,-0.1428239656005411
10900.0,3.8754933231883983,-0.07560825892053631
10916.666666666668,4.372693557760038,0.1374873068743475
10933.333333333334,5.208678074676217,0.5031834672280697
10950.0,5.491644133933942,0.14080306159493405
10966.666666666668,5.214341954206935,-0.18991012620715422
10983.333333333334,5.2275055593222515,-0.005968625916648644
11000.0,5.091568226570047,0.24089966135266708
11016.666666666668,4.942053237673394,0.7843990780775439
11033.333333333334,4.7536081579139635,0.9225597361567839
11050.0,4.742449779702879,0.8395129241028242
11066.666666666668,4.828201043516194,0.7242397359346266
11083.333333333334,4.893410361469266,1.0038072273640979
11100.0,5.069086151616654,1.0296755404166764
11116.666666666668,5.476024640766555,1.310604413428471
11133.333333333334,5.551356622922225,1.5625908939500015
11150.0,5.52787195542772,1.7656378193596791
11166.666666666668,3.653428499449833,1.2264647921372491
11183.333333333334,2.0945920682714747,1.5548762918707393
11200.0,2.043135314855632,1.6278245229177215
11216.666666666668,1.873843587130436,1.8257735255450034
11233.333333333334,2.0190435145367553,1.8477344325992695
11250.0,1.7114587037962097,1.7041987826506926
11266.666666666668,1.84123812730304,1.7375365659447413
11283.333333333334,1.8003296180777693,1.8992281687222285
11300.0,1.8982674689044812,2.1723052596526418
11316.666666666668,2.1493617084777745,2.1412389441666586
11333.333333333334,2.160882089838419,2.118498031861834
11350.0,2.3751288016016163,2.233054170770762
11366.666666666668,2.540403188594571,2.1934347417902162
11383.333333333334,2.649317392344445,2.3695803118111143
11400.0,2.687840071638411,2.493668190903941
11416.666666666668,-1.56970460056344,3.4794392515879005
11433.333333333334,-8.813388393161116,4.880913524749999
11450.0,-8.393821687466666,5.237768933733322
11466.666666666668,-8.57412506715506,5.389382712753951
11483.333333333334,-8.164765741917915,5.269167117158091
11500.0,-8.07587781101115,5.5475036631351164
11516.666666666668,-7.965793074779364,5.782133383480549
11533.333333333334,-8.548779140703754,5.976204588011982
11550.0,-8.863406743356618,6.175861758541469
11566.666666666668,-8.712588691944305,5.8029233093666175
11583.333333333334,-8.836711284237468,5.920726826439656
11600.0,-9.16515013383035,6.079389059509617
11616.666666666668,-9.271313540888885,6.480308751333334
11633.333333333334,-9.12236943644445,6.8920154163222245
11650.0,-9.009241297682195,6.42777974675671
11666.666666666668,-8.767295342026593,6.439074391445737
11683.333333333334,-9.273363805050504,6.689890307459209
11700.0,-9.375554758041956,7.68836487888778
11716.666666666668,-9.428082635121113,7.938612735065528
11733.333333333334,-9.576860315552246,8.294930638089724
11750.0,-11.997319361656032,7.359680601569934
11766.666666666668,-25.816371195492945,3.8484062676116197
11783.333333333334,-27.89567811026149,3.923650579721289
11800.0,-28.231441994154434,4.157687358669128
11816.666666666668,-28.699456497571067,4.015033919065039
11833.333333333334,-28.516002477081436,3.61923743686951
11850.0,-28.542567992346207,3.752039788410877
11866.666666666668,-28.894243217158202,3.708419314092936
11883.333333333334,-29.01096991943942,3.4172321884674717
11900.0,-29.42752295794563,3.551249090195083
11916.666666666668,-30.052247940308643,3.4108552432716164
11933.333333333334,-30.30734238408259,3.6275825912531863
11950.0,-31.084566633066682,3.5792664363999886
11966.666666666668,-31.580869216527688,3.332207010121257
11983.333333333334,-31.883838796962635,3.2870732653728645
12000.0,-32.31441281931931,2.988704545912589
12016.666666666668,-32.71219212654235,3.4420463766006555
12033.333333333334,-33.19889147743061,3.4505826562711825
12050.0,-28.278594475725686,1.6956239462963072
12066.666666666668,-29.066487520911867,1.7851791625132525
12083.333333333334,-29.60426231390004,1.5111748840333756
12100.0,-30.18428276348171,1.8684150689511343
12116.666666666668,-30.928681070049112,2.1582572585948094
12133.333333333334,-31.87341112275553,1.6517194570610225
12150.0,-32.20836225832087,0.9248129207647654
12166.666666666668,-32.31139292549609,0.1657755599355084
12183.333333333334,-32.02529355217778,0.740448382311117
12200.0,-32.91002580867364,1.0557904154275675
12216.666666666668,-33.46540324974291,1.419497561694494
12233.333333333334,-16.19344230783318,2.142621317861117
12250.0,2.767983103199961,4.81464672373329
12266.666666666668,2.3102507762562925,4.580469996735068
12283.333333333334,2.1647424921627603,5.161420944644556
12300.0,2.371401443066679,4.586319991566654
12316.666666666668,1.8812298280249073,5.3528832008218705
12333.333333333334,2.729319326669977,6.081939470975652
12350.0,2.5883049272892924,6.509097288176843
12366.666666666668,2.6983088742959054,6.8803428412120535
12383.333333333334,2.5054355673052484,6.840491879643534
12400.0,1.9993543213413862,6.193186711707628
12416.666666666668,1.544937124176789,6.459460414553838
12433.333333333334,1.488570305852627,6.859414204703208
12450.0,1.8013715047976082,7.162867096051895
12466.666666666668,1.988994858262602,7.322665472352608
12483.333333333334,1.954948358251353,7.494071570574175
12500.0,1.9594496719062184,7.677694618463044
12516.666666666668,2.0492119503859176,7.444361694702589
12533.333333333334,1.9772213706333335,7.343199278066654
12550.0,1.9514241333333386,7.11433084570861
12566.666666666668,1.7043341612084024,6.983678771096648
12583.333333333334,1.8323053214392548,7.058502200022199
12600.0,1.794896664233346,6.996117255883322
12616.666666666668,2.0467057670000286,6.625973353055317
12633.333333333334,2.229289222560205,6.282570831549552
12650.0,2.384487770166668,5.804270202166685
12666.666666666668,1.6028027971638161,7.050131614036177
12683.333333333334,1.884503502684666,7.07024258604858
12700.0,2.3257704972999993,5.182025558399961
12716.666666666668,2.622317994072614,4.901873917077354
12733.333333333334,2.6954588523968463,4.89962819547325
12750.0,2.5843614315000156,4.693420514499996
12766.666666666668,2.3014249945695027,4.694296756461548
12783.333333333334,2.0424681303762946,4.821702953109905
12800.0,1.8735482114166655,5.053240163699997
12816.666666666668,2.038541649533346,5.431737849899998
12833.333333333334,1.7558414222664498,5.661254716354166
12850.000000000002,1.384415968050676,5.5882937797230845
12866.666666666668,1.15185126611053,5.708571090212383
12883.333333333334,0.917937294335054,5.335991192725426
12900.000000000002,0.8044251514666674,4.865326635999733
12916.666666666668,1.3851277767787133,4.861458546564631
12933.333333333334,1.2366663013777783,4.8922012599111175
12950.000000000002,0.8706201304319221,4.825550592929843
12966.666666666668,1.0308572875993547,4.504663611394589
12983.333333333334,0.938352457359155,4.2859259223780795
13000.000000000002,1.2250615601500072,4.217301544916668
13016.666666666668,1.7486808500000064,4.116236854444447
13033.333333333334,2.0389570919595688,4.160276230773512
13050.000000000002,1.7814040586683388,4.170180672780655
13066.666666666668,1.7574431268289252,4.396504105336214
13083.333333333334,1.7183877523126947,4.45530884421677
13100.000000000002,1.7752993266001653,4.34061753017455
13116.666666666668,1.4486506656106284,4.534244845250452
13133.333333333334,1.0937794892946635,6.386314510471895
13150.000000000002,1.1817571337661792,6.523718425008455
13166.666666666668,1.0811570206166252,6.62340770451668
13183.333333333334,1.0738629410478147,6.551437399078675
13200.000000000002,1.017425787756144,6.577580223638208
13216.666666666668,0.8731884886891635,6.437015363293949
13233.333333333334,0.3153358345345223,6.548183633188736
13250.000000000002,9.360957383075903,4.028652976777329
13266.666666666668,10.926538068338305,3.270960366934141
13283.333333333334,9.80905650432437,4.434357623767216
13300.000000000002,9.351325488555776,3.759612684706564
13316.666666666668,8.871878238449629,3.819638637642931
13333.333333333334,8.344475587367453,5.273553100941847
13350.000000000002,8.008759310099887,5.150341135216586
13366.666666666668,7.9781685214614955,5.309551532600422
13383.333333333334,7.911647477977882,5.219068633172146
13400.000000000002,7.937326988516687,5.01626590608328
13416.666666666668,7.752615897334668,5.046438287850462
13433.333333333334,7.562269341244427,5.332437097333343
13450.000000000002,7.46017940195589,5.648991795425149
13466.666666666668,7.181303435184233,5.712337144583412
13483.333333333334,6.823489210655326,5.804373959918849
13500.000000000002,7.016484613680456,5.879911478278314
13516.666666666668,6.786044820427787,6.00897736293886
13533.333333333334,6.491174153999997,6.0289457319999995
13550.000000000002,6.108530130996414,5.797762191854443
13566.666666666668,5.923452680281515,5.6921623074222625
13583.333333333334,5.596260450483333,5.788837652377768
13600.000000000002,5.3260353672734615,5.729464499031949
13616.666666666668,5.112427303211047,5.60000667528887
13633.333333333334,4.782875534710422,5.54705696379032
13650.000000000002,5.098454391649911,5.660722566181463
13666.666666666668,5.2140822869342855,3.7196277009774263
13683.333333333334,4.770218943222184,5.992918835944489
13700.000000000002,4.365024948974481,6.465974446239754
13716.666666666668,4.264030542377711,6.582255186961091
13733.333333333334,4.363577644472208,6.545033893381078
13750.000000000002,4.299793926422969,6.497657474027664
13766.666666666668,4.122309818111238,6.408225721013088
13783.333333333334,4.086412682318938,6.407453567789446
13800.000000000002,4.262640269586296,6.18426470889344
13816.666666666668,4.240246198116657,6.360225337361186
13833.333333333334,4.328898392990943,6.4585393239786555
13850.000000000002,4.421927786014005,6.336359903496484
13866.666666666668,4.445257576922642,6.246883962896335
13883.333333333334,2.814342433017205,5.351617431773671
13900.000000000002,2.030932685626226,4.862255140353421
13916.666666666668,1.9949679748252214,5.273078154467767
13933.333333333334,2.154632458726984,5.2138859779104125
13950.000000000002,1.8457183046476258,5.265962064867516
13966.666666666668,1.7982535406703422,5.283514756983957
13983.333333333334,1.5809786345777825,5.341417146561099
14000.000000000002,1.4010027382332964,5.354929002700006
14016.666666666668,1.331322762116668,5.2228453174333405
14033.333333333334,1.2648034562881598,4.917389551465207
14050.000000000002,1.2405653724528651,4.860616003885312
14066.666666666668,0.9410023478233986,5.22220798099533
14083.333333333334,0.5028769533355565,5.523319429237425
14100.000000000002,0.526811340479723,5.430685517591102
14116.666666666668,0.3728638781112509,5.4649463824943085
14133.333333333334,0.38564295515574276,5.418271714409459
14150.000000000002,0.09818196318101684,5.449670048538407
14166.666666666668,-0.21135665097782247,5.158727135750004
14183.333333333334,-0.2522760971680413,5.283242057965424
14200.000000000002,-0.44618488666668626,4.766763586666534
14216.666666666668,-0.47575180893562624,4.551532561603494
14233.333333333334,-9.214748108414447,6.040953495224936
14250.000000000002,-23.904792779860877,4.417453521739099
14266.666666666668,-24.526004353820518,3.6845166458738534
14283.333333333334,-24.475767355938704,4.0464338013548735
14300.000000000002,-24.302757345598277,4.871899320086663
14316.666666666668,-24.60684335886277,5.0732903785003876
14333.333333333334,-25.269214512600747,5.507129363759663
14350.000000000002,-25.476288663831923,5.3172159925462426
14366.666666666668,-25.655828930729108,5.419072036875998
14383.333333333334,-26.081994374162914,5.339919751518682
14400.000000000002,-26.193182075333347,4.977792897733263
14416.666666666668,-26.417719728988427,4.845970246014349
14433.333333333334,-26.67047476975308,4.703364243953598
14450.000000000002,-26.900376362583362,4.483454389583329
14466.666666666668,-26.995429415463235,4.891056737574388
14483.333333333334,-26.298555698837717,4.8832134166889025
14500.000000000002,-26.10347302396195,4.7370824402200835
14516.666666666668,-26.344917860702576,4.838032522878111
14533.333333333334,-31.57470374880853,5.15646882703608
14550.000000000002,-35.48604312649059,3.700691000780581
14566.666666666668,-35.571315395814594,3.962453304696811
14583.333333333334,-35.57524952942222,4.162885181211121
14600.000000000002,-35.45618715902956,4.237899682591308
14616.666666666668,-35.55799463366666,3.8505408432443886
14633.333333333334,-35.74876005169081,4.217216870270434
14650.000000000002,-35.716527440933525,4.455789124833463
14666.666666666668,-36.587275482068854,4.648304231109979
14683.333333333334,-36.58732204527864,4.634519252307875
14700.000000000002,-36.522991434567324,4.052850330264931
14716.666666666668,-22.964882381372174,2.4072338244283022
14733.333333333334,-1.355657557716208,-0.3881853908065921
14750.000000000002,6.203338913102962,2.0456519929562864
14766.666666666668,6.193559515494428,2.983968334494426
14783.333333333334,8.692863782719114,3.5650319942971294
14800.000000000002,7.163946403283316,4.962586389633428
14816.666666666668,6.554445530214895,5.6425716311767475
14833.333333333334,6.61778753450495,5.430822260819593
14850.000000000002,-25.293071148941465,-15.004421023094878
14866.666666666668,-25.614168540530017,-15.002040016564726
14883.333333333334,-25.74096557126341,-14.868716047279193
14900.000000000002,-26.237435888534318,-15.045560023448214
14916.666666666668,-64.0,-36.0
14933.333333333334,-26.294120265527322,-13.795792087471513
14950.000000000002,-26.36843996881773,-12.985901931315682
14966.666666666668,-26.11471279791119,-12.591296914177779
14983.333333333334,-26.750532865104496,-13.007158179172771
15000.000000000002,-26.004521136159646,-12.732682165885317
15016.666666666668,-26.22574673514451,-13.176272320766659
15033.333333333334,-25.094207868549947,-12.532165615774936
15050.000000000002,-64.0,-36.0
15066.666666666668,-64.0,-36.0
15083.333333333334,-25.20172249759805,-12.599661249897293
15100.000000000002,-25.81725387971091,-12.658583984058382
15116.666666666668,-26.57678952039059,-13.019477348140688
15133.333333333334,-26.800350196418464,-12.953711336753843
15150.000000000002,-25.50968479309642,-12.34086025414364
15166.666666666668,-25.545085737433343,-12.136743947522206
15183.333333333334,-25.85154913692061,-11.68055251297961
15200.000000000002,-25.958355059120095,-11.689355576611531
15216.666666666668,-64.0,-36.0
15233.333333333334,-64.0,-36.0
15250.000000000002,-64.0,-36.0
15266.666666666668,-64.0,-36.0
15283.333333333334,-47.67205884925867,-26.19306335085519
15300.000000000002,-64.0,-36.0
15316.666666666668,-64.0,-36.0
15333.333333333334,-64.0,-36.0
15350.000000000002,-64.0,-36.0
15366.666666666668,-64.0,-36.0
15383.333333333334,-64.0,-36.0
15400.000000000002,-64.0,-36.0
15416.666666666668,-64.0,-36.0
15433.333333333334,-64.0,-36.0
15450.000000000002,-64.0,-36.0
15466.666666666668,-64.0,-36.0
15483.333333333334,-64.0,-36.0
15500.000000000002,-64.0,-36.0
15516.666666666668,-64.0,-36.0
15533.333333333334,-64.0,-36.0
15550.000000000002,-64.0,-36.0
15566.666666666668,-64.0,-36.0
15583.333333333334,-64.0,-36.0
15600.000000000002,-64.0,-36.0
15616.666666666668,-64.0,-36.0
15633.333333333334,-17.33285085549936,-7.115494421874797
15650.000000000002,-29.877244812835734,-0.4472662394520136
15666.666666666668,-64.0,-36.0
15683.333333333334,-64.0,-36.0
15700.000000000002,-64.0,-36.0
15716.666666666668,-8.045565059373493,0.0
15733.333333333334,-30.91076710116553,-3.493396278710366
15750.000000000002,9.54150585603344,19.31215415479903
15766.666666666668,9.330245655777755,8.046551411110917
15783.333333333334,-28.733409839500005,-13.020416733888924
15800.000000000002,-26.396762158650088,-12.690799453816531
15816.666666666668,-27.652093910922243,-11.643542184747933
15833.333333333334,-64.0,-36.0
15850.000000000002,-64.0,-36.0
15866.666666666668,-27.86528828033463,-11.607103621382898
15883.333333333334,-27.99414062784444,-11.840980078577772
15900.000000000002,-28.070722013289974,-11.67885833328329
15916.666666666668,-28.14210619653262,-11.583868794682584
15933.333333333334,-64.0,-36.0
15950.000000000002,-64.0,-36.0
15966.666666666668,-64.0,-36.0
15983.333333333334,-64.0,-36.0
16000.000000000002,-64.0,-36.0
16016.666666666668,-64.0,-36.0
16033.333333333334,-64.0,-36.0
16050.000000000002,-64.0,-36.0
16066.666666666668,-64.0,-36.0
16083.333333333334,-64.0,-36.0
16100.000000000002,-64.0,-36.0
16116.666666666668,-64.0,-36.0
16133.333333333334,-64.0,-36.0
16150.000000000002,-64.0,-36.0
16166.666666666668,-64.0,-36.0
16183.333333333334,-64.0,-36.0
16200.000000000002,-64.0,-36.0
16216.666666666668,-64.0,-36.0
16233.333333333334,-64.0,-36.0
16250.000000000002,-64.0,-36.0
16266.666666666668,-64.0,-36.0
16283.333333333334,-64.0,-36.0
16300.000000000002,-64.0,-36.0
16316.666666666668,-64.0,-36.0
16333.333333333334,-64.0,-36.0
16350.000000000002,-64.0,-36.0
16366.666666666668,-64.0,-36.0
16383.333333333334,-64.0,-36.0
16400.0,-64.0,-36.0
16416.666666666668,-64.0,-36.0
16433.333333333336,-64.0,-36.0
16450.0,-64.0,-36.0
16466.666666666668,-64.0,-36.0
16483.333333333336,-64.0,-36.0
16500.0,-64.0,-36.0
16516.666666666668,-64.0,-36.0
16533.333333333336,-64.0,-36.0
16550.0,-64.0,-36.0
16566.666666666668,-64.0,-36.0
16583.333333333336,-64.0,-36.0
16600.0,-64.0,-36.0
16616.666666666668,-64.0,-36.0
16633.333333333336,-64.0,-36.0
16650.0,-64.0,-36.0
16666.666666666668,-64.0,-36.0
16683.333333333336,-64.0,-36.0
16700.0,-64.0,-36.0
16716.666666666668,-64.0,-36.0
16733.333333333336,-64.0,-36.0
16750.0,-64.0,-36.0
16766.666666666668,-64.0,-36.0
16783.333333333336,-64.0,-36.0
16800.0,-64.0,-36.0
16816.666666666668,-64.0,-36.0
16833.333333333336,-64.0,-36.0
16850.0,-64.0,-36.0
16866.666666666668,-64.0,-36.0
16883.333333333336,-64.0,-36.0
16900.0,-64.0,-36.0
16916.666666666668,-64.0,-36.0
16933.333333333336,-64.0,-36.0
16950.0,-64.0,-36.0
16966.666666666668,-64.0,-36.0
16983.333333333336,-64.0,-36.0
17000.0,-64.0,-36.0
17016.666666666668,-64.0,-36.0
17033.333333333336,-64.0,-36.0
17050.0,-64.0,-36.0
17066.666666666668,-64.0,-36.0
17083.333333333336,-64.0,-36.0
17100.0,-64.0,-36.0
17116.666666666668,-64.0,-36.0
17133.333333333336,-64.0,-36.0
17150.0,-64.0,-36.0
17166.666666666668,-64.0,-36.0
17183.333333333336,-64.0,-36.0
17200.0,-64.0,-36.0
17216.666666666668,-64.0,-36.0
17233.333333333336,-64.0,-36.0
17250.0,-64.0,-36.0
17266.666666666668,-64.0,-36.0
17283.333333333336,-64.0,-36.0
17300.0,-64.0,-36.0
17316.666666666668,-64.0,-36.0
17333.333333333336,-64.0,-36.0
17350.0,-64.0,-36.0
17366.666666666668,-64.0,-36.0
17383.333333333336,-64.0,-36.0
17400.0,-64.0,-36.0
17416.666666666668,-64.0,-36.0
17433.333333333336,-64.0,-36.0
17450.0,-64.0,-36.0
17466.666666666668,-64.0,-36.0
17483.333333333336,-64.0,-36.0
17500.0,-64.0,-36.0
17516.666666666668,-64.0,-36.0
17533.333333333336,-64.0,-36.0
17550.0,-64.0,-36.0
17566.666666666668,-64.0,-36.0
17583.333333333336,-64.0,-36.0
17600.0,-64.0,-36.0
17616.666666666668,-64.0,-36.0
17633.333333333336,-64.0,-36.0
17650.0,-64.0,-36.0
17666.666666666668,-64.0,-36.0
17683.333333333336,-64.0,-36.0
17700.0,-64.0,-36.0
17716.666666666668,-64.0,-36.0
17733.333333333336,-64.0,-36.0
17750.0,-64.0,-36.0
17766.666666666668,-64.0,-36.0
17783.333333333336,-64.0,-36.0
17800.0,-64.0,-36.0
17816.666666666668,-64.0,-36.0
17833.333333333336,-64.0,-36.0
17850.0,-64.0,-36.0
17866.666666666668,-64.0,-36.0
17883.333333333336,-64.0,-36.0
17900.0,-64.0,-36.0
17916.666666666668,-64.0,-36.0
17933.333333333336,-64.0,-36.0
17950.0,-64.0,-36.0
17966.666666666668,-64.0,-36.0
17983.333333333336,-64.0,-36.0
