0.0,0.49378630000000306,8.022863
16.666666666666668,0.5105619432839176,8.047136557671164
33.333333333333336,0.4455200446556584,8.02008457833917
50.0,0.5636280760739198,7.8962577950049955
66.66666666666667,-6.470017631195511,9.056627860725193
83.33333333333334,-11.892677267278696,10.22950157137372
100.0,-10.581320975898203,9.75543286826347
116.66666666666667,-10.55323982191096,9.372972728319715
133.33333333333334,-10.58549700019435,9.386701045438391
150.0,-10.45445962660336,9.320474384790934
166.66666666666669,-8.909872054011885,8.841569460014437
183.33333333333334,-8.357895339763168,9.889579430533422
200.0,-6.672955556899999,16.346822320066664
216.66666666666669,-57.78389640508371,-24.6773226773225
233.33333333333334,-64.0,-36.0
250.00000000000003,-64.0,-36.0
266.6666666666667,-64.0,-36.0
283.33333333333337,-31.897189851707267,-3.1474457313876005
300.0,-3.84209767840587,8.363549253926966
316.6666666666667,-1.7635537948137052,9.311086061869062
333.33333333333337,-1.9363874540325723,8.897634887082434
350.0,-2.2974417466733343,8.784538932983152
366.6666666666667,-2.6252560827555547,8.60468556977778
383.33333333333337,-2.6299724212490267,8.140636303559111
400.0,-2.622711131934738,7.946819777622376
416.6666666666667,-2.953512828119617,7.89028903108221
433.33333333333337,-3.1634679648935613,7.864859283880828
450.00000000000006,-3.356063443378304,7.799558689855063
466.6666666666667,-3.694422781081681,7.77139810113277
483.33333333333337,-3.848302666360958,7.74383515829026
500.00000000000006,-4.076645922277802,7.7596443900950485
516.6666666666667,-4.02047796761064,7.604792971714141
533.3333333333334,-3.955903281863156,7.577008114451674
550.0,-4.180090812938809,7.4103423295553394
566.6666666666667,-4.283447016594375,7.408224160015571
583.3333333333334,-4.437720124756825,7.430064855850149
600.0,-4.569784941020506,7.448610378355845
616.6666666666667,-4.679612407137307,7.574626656865357
633.3333333333334,-4.778841910477141,7.787321367984649
650.0,-4.723475847026481,8.020322819990005
666.6666666666667,-4.945975601111112,8.038027827541253
683.3333333333334,-5.146229759637419,8.090843458147033
700.0,-5.580591063872257,8.0814554403859
716.6666666666667,-5.794385856433335,8.008399572522219
733.3333333333334,-6.789797854794069,8.351969741448507
750.0,-7.451211125959133,8.71320188063445
766.6666666666667,-8.025450091828922,9.151574899534035
783.3333333333334,-8.257901257490822,9.489917417912357
800.0,-8.76808944388564,9.54057570991553
816.6666666666667,-9.310871073344446,9.503908088172217
833.3333333333334,-9.93913668023211,9.735853993514354
850.0000000000001,-10.12898638515924,9.80104860698683
866.6666666666667,-10.191810303878041,9.707971438897234
883.3333333333334,-10.316064541504083,9.654300640520262
900.0000000000001,-10.32495264872564,9.618063680809593
916.6666666666667,-10.447424352680654,9.77761804226885
933.3333333333334,-10.290047977371819,9.954483320553882
950.0000000000001,-10.224747757014024,10.18880853924516
966.6666666666667,-10.093515262937064,10.280049046930845
983.3333333333334,-10.00981035706818,10.435014215548883
1000.0000000000001,-9.655613809519036,10.601939391182366
1016.6666666666667,-9.842010036692766,10.556208982353269
1033.3333333333335,-10.061634307833339,10.417501687666666
1050.0,-10.46576949593537,10.480361139247039
1066.6666666666667,-10.590043950630236,10.474222344139042
1083.3333333333335,-10.525576718755556,10.469852393911111
1100.0,-10.591938462064372,10.518498472786394
1116.6666666666667,-10.6982875139414,10.5944278368712
1133.3333333333335,-10.725540108800004,10.685374010155556
1150.0,-10.793680532865498,10.898817881871341
1166.6666666666667,-10.75826608096033,10.898700221126132
1183.3333333333335,-10.97061901571111,10.80774954223889
1200.0,-11.294246380159919,10.591285214292858
1216.6666666666667,-11.269928930197585,10.575670784254633
1233.3333333333335,-11.225801197385609,10.704208126906316
1250.0,-10.76767811405262,10.888273814452212
1266.6666666666667,-10.716051871107775,10.990767313717967
1283.3333333333335,-10.699574459209432,11.016173634014281
1300.0,-10.685978570797934,11.067220611311013
1316.6666666666667,-10.770815400983828,11.023880180201212
1333.3333333333335,-10.807520625335771,11.04067553151848
1350.0,-10.909732042083336,11.228750999366664
1366.6666666666667,-10.92751603105783,11.320698057642357
1383.3333333333335,-11.102349356311075,10.971703057999987
1400.0,-9.896785762000004,10.011710166399999
1416.6666666666667,-10.500679882308855,10.195980080676327
1433.3333333333335,-10.871948919502723,10.282812989532694
1450.0,-10.944358761380691,10.512836664015342
1466.6666666666667,-11.00607284020688,10.727569464253142
1483.3333333333335,-11.147349680545826,10.747231330976602
1500.0,-10.98926773480294,10.817618089144956
1516.6666666666667,-10.440868997309593,10.770767274965333
1533.3333333333335,-10.635521725036144,10.8012455611834
1550.0,-10.94145718366667,10.86967812591667
1566.6666666666667,-11.081571994313956,10.919464626547837
1583.3333333333335,-11.104256478534086,11.097944769547333
1600.0,-11.253372222288862,11.206981348325836
1616.6666666666667,-11.311656402206701,11.297253215191839
1633.3333333333335,-11.41205921149981,11.319274549081015
1650.0000000000002,-11.451092035235241,11.186507527227215
1666.6666666666667,-11.545460827264147,10.881425255400073
1683.3333333333335,-12.294470435582275,10.903290926096636
1700.0000000000002,-12.638731302379771,10.733734919437504
1716.6666666666667,-12.59360945563337,10.779024546006337
1733.3333333333335,-12.664995250441006,11.030188933499751
1750.0000000000002,-12.726880106743453,11.247204599616092
1766.6666666666667,-12.987711174452194,11.481625895611995
1783.3333333333335,-13.49794850083417,11.592298042397957
1800.0000000000002,-13.776201651866666,11.779414903266666
1816.6666666666667,-11.84909713099558,11.397007389605198
1833.3333333333335,-12.010067782869243,11.807681033605686
1850.0000000000002,-33.251433313621675,-1.2539105296808977
1866.6666666666667,-58.97391305426913,-24.29355966051048
1883.3333333333335,-64.0,-36.0
1900.0000000000002,-64.0,-36.0
1916.6666666666667,-31.620858387410394,-9.082713565977443
1933.3333333333335,-18.16386722855251,-3.0661849141313606
1950.0000000000002,0.382307375150285,5.44232916763528
1966.6666666666667,-0.35646084241314446,8.095937294943942
1983.3333333333335,-0.9774660189411687,7.903098866811255
2000.0000000000002,-1.2851885430284864,7.963359161369315
2016.6666666666667,-1.3149989224108303,7.79605041667499
2033.3333333333335,-1.6051191147741177,7.971497178937728
2050.0,-1.9724426669504207,7.9763852189283915
2066.666666666667,-1.9255806479013629,8.079200147884656
2083.3333333333335,-2.0839611679147954,8.085003034309644
2100.0,-2.2798439562395716,8.082284175759092
2116.666666666667,-2.4731369269198713,8.14616704167916
2133.3333333333335,-2.6076161223667382,8.13326275818465
2150.0,-2.623234799449454,8.30494503093093
2166.666666666667,-2.7118138517963257,8.351650261280474
2183.3333333333335,-2.8110618748222196,8.503354416111113
2200.0,-3.254785162570758,8.788600994239095
2216.666666666667,-3.498813042306629,9.011395284696551
2233.3333333333335,-3.5277110088655403,9.271187721466285
2250.0,-3.3490000057528757,9.647410836768383
2266.666666666667,-2.9975749116439028,9.972860045432357
2283.3333333333335,0.4237106930799354,10.046959543655122
2300.0,5.0156980291854065,7.715010166583378
2316.666666666667,4.8638405751082265,7.8068658618881175
2333.3333333333335,4.954023463123741,7.933155281893171
2350.0,5.204214654120792,8.168212991658331
2366.666666666667,5.37027605704594,8.388577637270599
2383.3333333333335,5.540170851033718,8.550267876954122
2400.0,5.664491670244635,8.718039725611577
2416.666666666667,5.723929298079694,8.762614504162507
2433.3333333333335,6.088333839839853,8.626979984790339
2450.0,6.298049791870734,8.680583851440943
2466.666666666667,6.085538893531939,8.807989055849557
2483.3333333333335,6.471549600935217,8.542229193587172
2500.0,6.977384076566659,8.436132990833334
2516.666666666667,7.2680847040277765,8.287328419638886
2533.3333333333335,7.205624896664439,8.38562512368743
2550.0,7.226373207861789,8.7779782070439
2566.666666666667,7.517544984932126,8.854349582460516
2583.3333333333335,7.280090065937053,9.013411907758286
2600.0,7.359742604873576,9.19383580602129
2616.666666666667,7.686796223310024,9.00615407665112
2633.3333333333335,7.965282216986964,8.697894795339066
2650.0,8.383255620270269,8.710784631231233
2666.666666666667,8.957318936307042,8.780380885053638
2683.3333333333335,9.196467862968518,8.957538806546733
2700.0,9.416936929191731,8.622819421442882
2716.666666666667,10.44611552704448,9.159000720716671
2733.3333333333335,10.924348392414641,8.881400660043377
2750.0,11.157067378089042,8.937540202868101
2766.666666666667,9.658091344211252,9.632412088172925
2783.3333333333335,2.6021522128628716,9.292520198470687
2800.0,0.3792910188789057,8.627068301031267
2816.666666666667,0.27264969681584733,9.034100790469838
2833.3333333333335,0.24749621461111146,8.965521374833333
2850.0,0.19672945352324078,8.86906297606198
2866.666666666667,-0.01671715428543254,8.774350244797878
2883.3333333333335,0.26811244709021165,8.774201369062311
2900.0,0.8225067742637224,8.293607128982597
2916.666666666667,-0.11568067097967098,8.396127484478336
2933.3333333333335,-0.5044651765061884,8.340180110633572
2950.0,-0.4095607244666729,8.15020930093333
2966.666666666667,-0.42309414300896253,8.113019731130025
2983.3333333333335,-0.5259254597333326,8.294426711488885
3000.0,-0.4923567994367164,8.466928354572564
3016.666666666667,-0.6737858855427759,8.777075581262851
3033.3333333333335,-1.1176872246135137,8.919225915593374
3050.0,-1.623991314368966,9.265843811655014
3066.666666666667,-1.4364141171580964,9.40861424572713
3083.3333333333335,-1.3185594306513342,8.98240774564384
3100.0,-1.3792647303877548,8.990018059161258
3116.666666666667,-1.7892748903674145,8.719692555772335
3133.3333333333335,-2.1056552601555545,8.578601516011103
3150.0,-2.2069793291520883,8.488273403348327
3166.666666666667,-2.472477425300007,8.660169622622227
3183.3333333333335,-2.6475390014410505,8.7014821698826
3200.0,-2.5886294787166637,8.650874851983335
3216.666666666667,-2.7848655839105443,8.444937651309797
3233.3333333333335,-2.9639298781385297,8.44072170728161
3250.0000000000005,-3.1320807520541107,8.543705528122919
3266.666666666667,-3.3069397276136274,9.000232450586996
3283.3333333333335,-3.341455495976253,9.444139517976465
3300.0000000000005,-3.124923176851377,9.51936177397238
3316.666666666667,-3.224375000776995,9.609229411649462
3333.3333333333335,-3.2981776944750454,8.993300466716738
3350.0000000000005,-3.272543549549542,8.857731585585585
3366.666666666667,-3.4104501801267797,8.800536997997233
3383.3333333333335,-3.319959380836391,8.910649200511626
3400.0000000000005,-3.264385489824997,9.11252998754579
3416.666666666667,-3.11397854727223,9.221400585450008
3433.3333333333335,-3.1390447822588756,9.219005570709085
3450.0000000000005,-3.116396486206893,9.2818938678161
3466.666666666667,-3.4037768259055037,9.367141076670912
3483.3333333333335,-3.241383538894418,9.675611852263168
3500.0000000000005,-2.581411310599995,9.967749643400001
3516.666666666667,-2.4287621518629354,9.626003185456453
3533.3333333333335,-3.5532846024956943,10.162737686131956
3550.0000000000005,-3.398329052949587,10.741810742318046
3566.666666666667,-64.0,-36.0
3583.3333333333335,-18.56672981240115,0.0
3600.0000000000005,-64.0,-36.0
3616.666666666667,-33.33169374444445,-7.32642477131667
3633.3333333333335,-6.842572356691495,8.347198661411566
3650.0000000000005,-0.9762612008333302,9.039443177500097
3666.666666666667,-0.5360398030161779,10.46157270330451
3683.3333333333335,-0.5173200693860547,10.30114462456901
3700.0000000000005,-0.6494795867365543,10.312591480662345
3716.666666666667,-0.9028319802487742,10.460798043722587
3733.3333333333335,-1.1215625581529567,10.768497495859695
3750.0000000000005,-1.001566960733336,10.905683995333348
3766.666666666667,-0.5182879790369814,11.471053263859769
3783.3333333333335,0.32165194607941755,11.806903551773992
3800.0000000000005,0.6252196660666745,11.845767253766667
3816.666666666667,0.3934283379523047,11.948666233166579
3833.3333333333335,0.309183665921479,12.0760104584807
3850.0000000000005,-0.208515718933341,12.33286878305
3866.666666666667,-0.6526816792714782,12.420059601932365
3883.3333333333335,-0.38451243008334035,12.434719994405551
3900.0000000000005,-0.5030616708187472,12.436746967367016
3916.666666666667,-0.9060240855555715,12.345639932000015
3933.3333333333335,-1.0655269445724052,12.172808476626043
3950.0000000000005,-0.8724068765833239,11.986880230333329
3966.666666666667,-0.764318176627194,11.971724248640978
3983.3333333333335,-1.4355883822734414,11.723403334696505
4000.0000000000005,-3.2991340719279165,11.8567132271063
4016.666666666667,-64.0,-36.0
4033.3333333333335,-64.0,-36.0
4050.0000000000005,-32.97946789019823,0.0
4066.666666666667,-64.0,-36.0
4083.3333333333335,-34.46342789358224,13.826152571141526
4100.0,1.047745982910231,4.9265535180520885
4116.666666666667,-0.08695459263707596,8.430314606361918
4133.333333333334,-0.664786212182265,8.502352369119775
4150.0,-0.9819327769282057,8.524622219590203
4166.666666666667,-1.5317619937302025,8.221582497087432
4183.333333333334,-1.9681582285690575,8.183289729385306
4200.0,-2.091450085118453,8.267184324758087
4216.666666666667,-2.121117987547333,8.064074991978377
4233.333333333334,-2.3944343665887633,7.967072154693153
4250.0,-2.329694065617708,8.103267435780884
4266.666666666667,-2.4233802054860787,8.288102001939853
4283.333333333334,-2.6078250232687674,8.232086645507685
4300.0,-2.8477355519480483,8.085479044588741
4316.666666666667,-2.9115410524373364,8.006833309210155
4333.333333333334,-3.1438215907472387,8.025761203421805
4350.0,-3.380084326726726,8.148689494294294
4366.666666666667,-3.766790232827263,8.214395385335337
4383.333333333334,-4.126020389089102,8.4356212692804
4400.0,-4.027034882383346,8.370348678749998
4416.666666666667,-3.70269217788349,8.416863797368283
4433.333333333334,-3.651929371569787,8.603415111827433
4450.0,-3.529028211111117,8.758071068568565
4466.666666666667,-3.5939160432894606,8.935547600533072
4483.333333333334,-3.63146513585681,8.905189762725797
4500.0,-3.763989051524232,8.776831862535397
4516.666666666667,-4.273414171805135,8.577739913463466
4533.333333333334,-5.009149323157441,8.552746423625027
4550.0,-5.65221820160857,8.635944689722965
4566.666666666667,-6.077496612134361,8.78131127880102
4583.333333333334,-6.137775382466922,8.908669115922052
4600.0,-6.319020166433453,8.906338848292519
4616.666666666667,-6.6172136064587885,8.94562111809238
4633.333333333334,-7.041867431086649,8.945890693599155
4650.0,-7.363379747183323,8.886585548599994
4666.666666666667,-7.322139498266665,9.04114771237778
4683.333333333334,-7.094702192884891,9.043690902380947
4700.0,-6.862636769666656,9.0194972132
4716.666666666667,-6.731431487033346,9.13017785175613
4733.333333333334,-6.835109479249266,9.035115961419296
4750.0,-6.887518671557424,8.995315106454203
4766.666666666667,-7.013256706729981,8.799176117469038
4783.333333333334,-7.3921789691765385,8.715367941018386
4800.0,-7.660783874999996,8.965814054216665
4816.666666666667,-7.872708905244141,9.011425378306084
4833.333333333334,-8.1036640139084,9.068929671787583
4850.0,-8.056966034749989,9.226627619116671
4866.666666666667,-8.016232570859747,9.399135065687911
4883.333333333334,-1.7984788917273613,9.669193921643233
4900.0,3.568435318514777,10.064836844055952
4916.666666666667,3.729324432522214,10.07570638107778
4933.333333333334,3.5530756841666564,10.197469380549997
4950.0,3.465514054112549,10.270987661804861
4966.666666666667,3.273244134465069,10.336458173334448
4983.333333333334,3.3262442740629563,10.42688701027694
5000.0,3.2475956215333253,10.435631407466671
5016.666666666667,3.0805197288977486,10.472224406054545
5033.333333333334,2.846126003364987,10.459674485679384
5050.0,2.5543684484727116,10.620704378784847
5066.666666666667,2.3397667143594907,10.637107293853074
5083.333333333334,2.2299839009111104,10.70998576292778
5100.0,2.0706951085251992,10.646529038988986
5116.666666666667,2.1267860809364953,10.71373258480147
5133.333333333334,2.4070209102393214,10.642428679127098
5150.0,2.4188202621477473,10.689406833433381
5166.666666666667,2.115700291722203,10.824299767127776
5183.333333333334,2.0277386979312766,10.773723706639968
5200.0,2.2149813404939405,10.8195145834245
5216.666666666667,0.6534297565722078,11.02496531833891
5233.333333333334,-1.2742287328118902,10.694358305209466
5250.0,2.970719098250913,19.460634211743777
5266.666666666667,-64.0,-4.886443221607678
5283.333333333334,-51.39442497078255,0.0
5300.0,-64.0,-36.0
5316.666666666667,-22.78918118967862,-8.655418496447679
5333.333333333334,-21.037546951212388,-10.358737141782976
5350.0,8.076122635735729,7.97880532462463
5366.666666666667,6.993774678498566,9.60938870609891
5383.333333333334,6.526846171536442,10.076977288233682
5400.0,6.569952959566655,10.56209298556666
5416.666666666667,6.790891495602312,10.914290765753734
5433.333333333334,6.736887743053456,11.131533156217685
5450.0,6.384094177588824,11.254060094213767
5466.666666666667,6.246565456601053,11.48520416216772
5483.333333333334,6.112739481257296,11.530706417075185
5500.0,6.428268728966667,11.441595682666655
5516.666666666667,6.596359725158501,11.322344978656435
5533.333333333334,6.622019359479757,11.309452882685795
5550.0,6.597112789027851,11.375254264348841
5566.666666666667,6.673268158723796,11.342002215796516
5583.333333333334,6.8208717150951825,11.31063269026118
5600.0,6.889223701266676,11.308194099533328
5616.666666666667,7.193282842842854,11.161907049382723
5633.333333333334,7.2137226076978544,11.17536806410811
5650.0,7.2344101621621695,11.135717519819815
5666.666666666667,7.15560084363373,11.134100266944312
5683.333333333334,7.372199532647188,11.07963598263613
5700.0,7.303056578377477,11.229871917741127
5716.666666666667,7.2862282437987,11.329276553328883
5733.333333333334,7.703174911369722,11.451092224681426
5750.0,8.150183272266677,11.25829473933333
5766.666666666667,7.699055124748213,10.126381356006233
5783.333333333334,7.16498673830748,9.895803816380127
5800.0,7.185547684200013,9.92598165869999
5816.666666666667,7.273762299170809,10.05132038234936
5833.333333333334,7.356746801423643,10.254348448159286
5850.0,7.467013430296959,10.503952126343009
5866.666666666667,7.333413281892995,10.66618563539095
5883.333333333334,7.402041219906717,10.95584008464656
5900.0,7.354931263213208,10.937941838888888
5916.666666666667,7.511624222138511,10.926356743707792
5933.333333333334,7.6583717798328586,10.883881891889306
5950.0,7.911663896590331,10.89165661921968
5966.666666666667,8.096234024499992,10.923188748333322
5983.333333333334,8.40746901362349,11.058858020988273
6000.0,8.488675612077298,11.006080769082116
6016.666666666667,7.880990387410206,10.442694061191661
6033.333333333334,-4.053479475017128,9.490122280872711
6050.0,-8.407991053466693,8.742882796483327
6066.666666666667,-7.048284219045241,8.789462631163415
6083.333333333334,-6.865361914507257,8.877392339453056
6100.0,-7.16139883659674,8.929449008258409
6116.666666666667,-8.077872793614324,9.030129269415283
6133.333333333334,-8.537848418352176,8.653001708538474
6150.0,-8.343127950715951,8.654765906027308
6166.666666666667,-8.506957266900239,8.764567473251025
6183.333333333334,-8.918786234800734,8.967682039202941
6200.0,-9.15041049754877,9.161602383024844
6216.666666666667,-9.012915505733327,9.269693995644435
6233.333333333334,-9.363640377201163,9.247877442897543
6250.0,-9.67503796794872,9.21932647983683
6266.666666666667,-10.196465408265244,9.508236163226057
6283.333333333334,-10.988786302666712,9.988273210666662
6300.0,-11.564176673435792,10.102552561855104
6316.666666666667,-12.346968967872826,10.296935623278301
6333.333333333334,-13.224367010305208,10.309516028686572
6350.0,-13.952158899765355,10.330277771719066
6366.666666666667,-14.60489061759537,10.372594370804139
6383.333333333334,-15.110617367479016,10.758116437929122
6400.0,-16.68020359198733,10.787179277577884
6416.666666666667,-17.600243248533346,10.665827562177775
6433.333333333334,-18.57246884635099,10.911106800422445
6450.000000000001,-19.369293729166696,11.057668134999998
6466.666666666667,-19.6118769572,11.008630949694446
6483.333333333334,-19.96801565641753,11.065444576259594
6500.000000000001,-19.817715443361653,11.151878803764774
6516.666666666667,-19.691125523028173,10.97101217250847
6533.333333333334,-19.90047686630131,11.018109301516917
6550.000000000001,-20.39438519826326,11.192882408717445
6566.666666666667,-12.922632968712058,9.59038961449607
6583.333333333334,-4.536485612388823,6.306729308711057
6600.000000000001,-4.332507516474982,6.315556427963968
6616.666666666667,-5.102329374022236,6.203326910811098
6633.333333333334,-5.351105893999094,6.2442771899243015
6650.000000000001,-5.132244325812894,6.407355392329536
6666.666666666667,-4.976417086913335,6.8740514053072195
6683.333333333334,-5.063541397686575,6.976494237815578
6700.000000000001,-4.988399983936842,6.967533768393621
6716.666666666667,-4.492074331305551,6.795580030188883
6733.333333333334,-4.6919136619856765,6.396244668171466
6750.000000000001,-5.056545610512291,6.24692508755824
6766.666666666667,-5.00163549150817,6.465236314191967
6783.333333333334,-5.047881586577999,6.599762842122485
6800.000000000001,-5.012431029533372,6.550801067733299
6816.666666666667,-5.325481255919601,6.341431742713924
6833.333333333334,-5.9136079150829355,6.32267961878293
6850.000000000001,-6.064823641946276,6.306284197713222
6866.666666666667,-5.908813807920621,5.705656799988877
6883.333333333334,-1.5516821690245235,1.9340243253585674
6900.000000000001,0.4886929818666828,0.16300886560004219
6916.666666666667,0.10429586545424734,0.7438632216796717
6933.333333333334,-0.41419788231565136,0.7611408318095872
6950.000000000001,-0.7083450148333456,0.7242148390000013
6966.666666666667,-0.8167548702702794,0.5652772530641762
6983.333333333334,-0.7388549853168689,0.5157777068547111
7000.000000000001,-0.7455937161172009,0.5120959111721631
7016.666666666667,-0.7150069067277587,0.32395145632776545
7033.333333333334,-0.45373850115554887,0.2819194650666723
7050.000000000001,-0.3051234357678881,0.27250155897947526
7066.666666666667,-0.1909672917821062,0.25175422932176855
7083.333333333334,-0.06316085806159763,0.11811121829207086
7100.000000000001,-7.0346035259969675,-9.658904224513325
7116.666666666667,-13.089395207244207,-25.546086251416003
7133.333333333334,-11.026632988411354,-23.532933583524898
7150.000000000001,-11.189181503071293,-23.42610461171757
7166.666666666667,-11.166976127061828,-23.574504033266738
7183.333333333334,-11.636887858607084,-23.77982969891613
7200.000000000001,-11.857239202765284,-23.876013551824084
7216.666666666667,-11.685249343916404,-24.020526026518816
7233.333333333334,-11.359872368844442,-24.073061105711112
7250.000000000001,-11.349393275199985,-24.137848787933333
7266.666666666667,-11.773342485329774,-24.401465732677124
7283.333333333334,-12.309129834812612,-24.555192441241246
7300.000000000001,-12.712727974023009,-24.736538865582958
7316.666666666667,-12.928526782944449,-24.9485964625
7333.333333333334,-12.881438714108981,-25.08569316540733
7350.000000000001,-12.900338284116748,-25.204180409733347
7366.666666666667,-12.983337181881888,-25.264631368601936
7383.333333333334,-13.010924485615028,-25.23676549521427
7400.000000000001,-13.247957609353259,-25.39218972651744
7416.666666666667,-13.244100210938795,-25.436609398515913
7433.333333333334,-13.169052312321618,-25.52405210543062
7450.000000000001,-13.258719914247571,-25.666137519452786
7466.666666666667,-13.286894221227275,-25.643829654321618
7483.333333333334,-13.489056701500001,-25.873889311166675
7500.000000000001,-13.467029550716688,-26.064527777200016
7516.666666666667,-13.685996965243023,-26.181320682549224
7533.333333333334,-13.458915968844645,-26.33404218886126
7550.000000000001,-14.229157656593618,-26.80193128707964
7566.666666666667,-15.83743406629983,-28.153129309165717
7583.333333333334,-18.19887756699963,-30.51086107520258
7600.000000000001,-2.306649546786387,-7.815158601231676
7616.666666666667,2.74509677400921,7.705076161619833
7633.333333333334,1.156818647837208,10.700702513054477
7650.000000000001,2.0224522113553487,10.07878226703297
7666.666666666667,2.814041887141823,10.019614501763758
7683.333333333334,2.6603349892053862,10.383832256110848
7700.000000000001,2.3240141685184996,10.642879308641989
7716.666666666667,2.1231982136901837,10.599985643544
7733.333333333334,2.158255614748107,10.537927650372596
7750.000000000001,2.6834398125000445,10.45509129791665
7766.666666666667,3.1366126358209803,10.456704998778388
7783.333333333334,3.220982527460793,10.534355163174284
7800.000000000001,3.4027566210228413,10.542228869332
7816.666666666667,3.2398100710319366,10.57623260394715
7833.333333333334,2.8106638417597605,10.818832236451563
7850.000000000001,2.656469494852594,11.080574852323835
7866.666666666667,2.7751626769436086,11.233067204248695
7883.333333333334,2.656801679098679,11.38070971060051
7900.000000000001,2.6956956112558434,11.532455041299274
7916.666666666667,2.836176375957384,11.557597864291264
7933.333333333334,3.0122686982268996,11.563051121521882
7950.000000000001,3.1574059407208925,11.557198118558178
7966.666666666667,3.487203997138951,11.584286252222213
7983.333333333334,5.774403756987617,10.018126148010722
8000.000000000001,5.541130821227281,10.111996285292639
8016.666666666667,5.518762177611854,10.182517816437144
8033.333333333334,5.452429630895124,10.358850484875314
8050.000000000001,5.632288862696035,10.323268381931944
8066.666666666667,5.78957641586586,10.094142654270938
8083.333333333334,5.5247008703351685,9.70285638768828
8100.000000000001,5.342954161352666,9.542718886989876
8116.666666666667,5.2141083633951,9.552532334724306
8133.333333333334,5.107017179623158,9.545418149702627
8150.000000000001,5.142087713672882,9.588609896669256
8166.666666666667,5.197409475186297,9.675678258408407
8183.333333333334,4.821355193018048,9.928171965601088
8200.0,4.761256423305016,10.171762509711813
8216.666666666668,4.798795893961135,10.14649909297779
8233.333333333334,4.930564490895458,10.202744775876807
8250.0,5.017553628909593,10.111904396429937
8266.666666666668,5.095764963520653,10.102358359329658
8283.333333333334,5.259373021794874,10.002600099988914
8300.0,5.393018649466672,9.823028394899982
8316.666666666668,5.581317682089818,9.67960626999944
8333.333333333334,5.889060579140254,9.513740250372598
8350.0,6.0148494037018585,9.473873390178438
8366.666666666668,5.914473583669608,9.532846934828529
8383.333333333334,5.9178543751235475,9.652533231262144
8400.0,5.891587592522913,9.705738045762994
8416.666666666668,6.087333558347241,9.705181165843621
8433.333333333334,6.069459685780871,9.80428166270396
8450.0,6.150589708736874,10.077785035779646
8466.666666666668,6.569425360794149,10.096433805872532
8483.333333333334,7.024225387346756,10.116825323875297
8500.0,7.272549410271703,10.04461465129225
8516.666666666668,7.307055572785817,10.014859771453159
8533.333333333334,7.346769342989628,10.11197080208229
8550.0,7.286627864421163,10.10650911047904
8566.666666666668,7.414785461759283,10.2699456207756
8583.333333333334,7.2983504509499975,10.289309994444439
8600.0,7.262155255588762,10.325410284421197
8616.666666666668,7.0182446487821055,10.266222599688577
8633.333333333334,6.816257296427184,10.158448601648134
8650.0,6.694673894063699,10.09564948144072
8666.666666666668,6.702557800455773,10.040268129920538
8683.333333333334,6.915762105641723,10.003854842760278
8700.0,6.9419993918752105,10.031871410026694
8716.666666666668,7.184696170020019,9.970477367484143
8733.333333333334,7.62123829238508,10.05063606999055
8750.0,7.696140784834835,10.113999831681674
8766.666666666668,7.7925429392225976,10.194007486732211
8783.333333333334,7.719812928258097,10.352581218501863
8800.0,7.72537961915708,10.42996338850574
8816.666666666668,7.648945313207645,10.65711413497944
8833.333333333334,7.614032143511578,10.689898515386759
8850.0,7.706678356140348,10.675374498245613
8866.666666666668,7.503735661712115,10.487501599699442
8883.333333333334,0.8910765195606495,13.195681670664296
8900.0,-0.07805983736262623,13.35667883063603
8916.666666666668,0.6317985954419331,13.249116123481555
8933.333333333334,0.7842585614811319,13.316209091359237
8950.0,0.695229389968287,13.21303988839927
8966.666666666668,0.440134375229049,13.250536532550404
8983.333333333334,0.2395273350190171,13.284341932841846
9000.0,-0.20849505579961924,13.332421872091858
9016.666666666668,-0.6713999812886495,13.464242209464215
9033.333333333334,-2.4725018790716486,14.119911833955296
9050.0,-0.6247939868766872,13.122777681540757
9066.666666666668,-15.081101168404615,8.820765612548097
9083.333333333334,-64.0,-36.0
9100.0,-64.0,-36.0
9116.666666666668,-14.127545491124001,10.090439559223455
9133.333333333334,-3.5833183321045894,9.8057207786382
9150.0,2.250977723221683,10.23004168279191
9166.666666666668,2.1855654944904424,12.534831248269121
9183.333333333334,2.051037487812184,12.208906676240424
9200.0,2.2969773167499126,12.348845388578082
9216.666666666668,2.706840394032946,12.60741527736629
9233.333333333334,2.8011628911367104,12.96931906254383
9250.0,2.8814251157490833,13.127324862312307
9266.666666666668,3.056241967026886,13.27264996029372
9283.333333333334,3.26761858010115,13.292859143382815
9300.0,3.29101727896051,13.38762324107946
9316.666666666668,2.6089990876327174,13.290599541159462
9333.333333333334,-0.9827740675819086,13.078885995315014
9350.0,-31.575120727777968,-7.928520372222894
9366.666666666668,-64.0,-36.0
9383.333333333334,-64.0,-36.0
9400.0,-58.82816948751123,-30.97192098147004
9416.666666666668,4.122043831318777,15.351165236812978
9433.333333333334,6.521516252752754,10.346378126198424
9450.0,6.702172533816672,12.688583103283282
9466.666666666668,6.392994937014769,13.316824982807058
9483.333333333334,6.455695443840206,14.01328094498713
9500.0,6.606173174333316,14.276233280666686
9516.666666666668,6.979423711578249,13.967148590479296
9533.333333333334,7.270031515263862,13.54123054639276
9550.0,7.373905056150886,13.494067170539143
9566.666666666668,7.294009142654691,13.40040767639372
9583.333333333334,7.377028509042364,13.125409151851835
9600.0,7.119888923668901,13.361464159507827
9616.666666666668,6.657453973736881,13.354272928697688
9633.333333333334,6.640686384816104,13.431899309976089
9650.0,6.864140392416674,13.54048702051667
9666.666666666668,6.890178671577062,13.474420584667987
9683.333333333334,6.63166933129092,13.525086444089244
9700.0,6.447322891021144,13.533842960103284
9716.666666666668,6.408070254347471,13.529584185563865
9733.333333333334,6.436700814860841,13.5618275765021
9750.0,6.347958758033337,13.504640187233328
9766.666666666668,6.3330814410649925,13.403870318814965
9783.333333333334,6.240921563588561,13.329597500575758
9800.0,5.482135479689106,13.673124481461048
9816.666666666668,0.388293966121098,14.987406262148816
9833.333333333334,5.6649654254740005,23.33293177075793
9850.0,-39.15951723806634,-4.468468468462039
9866.666666666668,-64.0,-36.0
9883.333333333334,-64.0,-36.0
9900.0,-64.0,-36.0
9916.666666666668,-64.0,-36.0
9933.333333333334,-21.505426153227287,-5.1122111296734705
9950.0,7.238161316799987,6.310870983333334
9966.666666666668,7.011257613057724,8.955113818440442
9983.333333333334,6.259371095384709,8.76250587814944
10000.0,6.117646223038471,9.230780010344834
10016.666666666668,5.214653405613664,9.345463390588003
10033.333333333334,0.7788887376209226,9.56275764378812
10050.0,4.1221458615914734,22.272416486126204
10066.666666666668,-64.0,-36.0
10083.333333333334,-64.0,-36.0
10100.0,-64.0,-36.0
10116.666666666668,-64.0,-36.0
10133.333333333334,-31.523011746123068,-12.034754925585045
10150.0,5.423759892979936,4.958172161246881
10166.666666666668,3.1563826612498245,6.826315622133399
10183.333333333334,2.223104003786829,6.12032578090485
10200.0,1.832935550500006,6.293569079833319
10216.666666666668,1.8568922794535947,6.852504139494495
10233.333333333334,2.380110590821268,7.23622881071586
10250.0,3.009087042366682,8.39440396418334
10266.666666666668,2.9154816380046564,8.308426126415268
10283.333333333334,2.9032426516353147,8.114900418335257
10300.0,3.3380910458208617,8.355847992773908
10316.666666666668,3.782476263804172,8.463175821905445
10333.333333333334,4.1729989553636315,8.418123294255933
10350.0,4.004634908245877,8.355873515792103
10366.666666666668,3.3766584134277204,8.516143196888882
10383.333333333334,3.2499355945526127,8.518582176263378
10400.0,3.572836742163253,8.364099569387397
10416.666666666668,3.5528169174658686,8.11809162226118
10433.333333333334,3.346981239097535,7.650988961342009
10450.0,3.109863353977011,7.089445141120567
10466.666666666668,2.8311312742590924,7.488532408470738
10483.333333333334,2.6653203897548927,7.636649733705232
10500.0,3.239983572163896,7.414750450924529
10516.666666666668,3.092480063337217,7.590213908587623
10533.333333333334,3.158284896279686,7.589227515755961
10550.0,3.1638976323161745,7.69967758634317
10566.666666666668,3.378976895599965,7.683877822822197
10583.333333333334,3.3263111083818524,7.2684096801464335
10600.0,3.155530460506152,7.081434974791875
10616.666666666668,3.080959242328817,7.0925557843467555
10633.333333333334,3.04762308589489,7.357595000831685
10650.0,3.011254492383337,7.388296240716659
10666.666666666668,2.9643754824969464,7.44941917486428
10683.333333333334,2.9193426041978925,7.357478377972127
10700.0,2.8216133675285797,7.325615942366975
10716.666666666668,2.828175063602494,7.417473890262501
10733.333333333334,2.861236449763992,7.581748056344045
10750.0,2.983237273233081,7.538177857994989
10766.666666666668,2.825313580190066,7.536271859201886
10783.333333333334,2.4620991736256936,7.810115633477849
10800.0,2.4969308978655818,7.945018813073213
10816.666666666668,2.2099129445890333,7.981204536553226
10833.333333333334,2.0797502860682417,8.11084055131906
10850.0,1.967706896765041,8.253695130431874
10866.666666666668,1.7411015033700348,8.24926326837949
10883.333333333334,1.5918099549997338,8.387986884086489
10900.0,1.4737172132002323,8.59613962179699
10916.666666666668,-0.921860687367974,8.789279226184194
10933.333333333334,-11.514504963438913,10.473176908744474
10950.0,-12.845466887754423,10.683775808008006
10966.666666666668,-13.066866670861867,10.906256083775675
10983.333333333334,-13.666438416297789,11.216490350618525
11000.0,-14.169288148274141,11.637909236651664
11016.666666666668,-14.69377429182518,12.090123809965533
11033.333333333334,-15.048768802051038,12.417025736840637
11050.0,-14.7210949736271,12.702984377549658
11066.666666666668,-14.476433142983337,12.61617836328888
11083.333333333334,-14.52027539792778,12.657337214466686
11100.0,-15.103501384241236,13.021969312627023
11116.666666666668,-15.803750164215483,13.240198936623921
11133.333333333334,-16.154373312538194,13.32037704605474
11150.0,-16.3012160869541,12.961697649530121
11166.666666666668,-16.385682891267844,12.728520533472304
11183.333333333334,-16.46662104457203,12.589026281438965
11200.0,-16.639314090450004,12.708445353366669
11216.666666666668,-16.860342732516695,12.818846083099997
11233.333333333334,-17.217535096355547,12.862081135422226
11250.0,-17.767000243711465,12.912118928802284
11266.666666666668,-18.115435195862542,13.062032107073753
11283.333333333334,-18.550433116944447,13.176239425444452
11300.0,-19.095328289387147,13.245370349028402
11316.666666666668,-19.615318021310575,13.195103130404965
11333.333333333334,-20.339106999861198,13.040800457487906
11350.0,-18.51013831720854,13.161521129247957
11366.666666666668,-14.631673291808093,13.256948753360241
11383.333333333334,-14.265797759068429,13.55851061422377
11400.0,-14.841543095847937,13.451609871268971
11416.666666666668,-15.069913155338755,13.448690424690158
11433.333333333334,-15.144127173487831,13.833194103718
11450.0,-15.60798291650061,13.906124836088994
11466.666666666668,-15.524374614787053,13.771797085451698
11483.333333333334,-15.46927134800577,13.555785119198978
11500.0,-15.84520141381381,13.417572596629963
11516.666666666668,-16.008130001093917,13.466159801238286
11533.333333333334,-16.554775312734154,13.644139239736532
11550.0,-16.940118944770546,13.565234055648745
11566.666666666668,-17.52655739201982,13.560131508764327
11583.333333333334,-18.02351018259204,13.791838278444109
11600.0,-18.36340956949859,13.941213265967004
11616.666666666668,-18.927155933405686,14.021513984884889
11633.333333333334,-19.33983543846967,14.101835830618024
11650.0,-19.596213745779114,14.134184516733397
11666.666666666668,-19.818104336301154,14.116992162733679
11683.333333333334,-19.985002452915346,14.116999673975883
11700.0,-20.206405531531527,14.080743151351351
11716.666666666668,-20.459494728751046,14.08462969201983
11733.333333333334,-20.578720667111106,14.241007549244436
11750.0,-20.86898365651302,14.195324223747505
11766.666666666668,-20.90470660915553,14.232315501866651
11783.333333333334,-21.086855603043407,14.070710324468779
11800.0,-21.19372547183591,14.166249939836582
11816.666666666668,-21.418145754177765,14.217590003866668
11833.333333333334,-21.73608458094763,14.41586213855362
11850.0,-22.07910433171587,14.492643826563285
11866.666666666668,-22.32711426250902,14.621796938947265
11883.333333333334,-22.072139052384927,14.824319477261371
11900.0,-22.4228720053334,14.936180116000024
11916.666666666668,-8.335289649934413,14.454505313339771
11933.333333333334,1.2026545220950773,13.975094888810164
11950.0,0.3457926997333517,14.127904736799993
11966.666666666668,-0.05557995612252087,14.202590515174254
11983.333333333334,-0.39638911593024284,14.329324752737502
12000.0,-0.54110665166666,14.374176387500006
12016.666666666668,-0.767583842150976,14.326124981318186
12033.333333333334,-0.8407364437823244,14.425260030762807
12050.0,-0.6249825891112143,14.489681365999669
12066.666666666668,-0.5178646428428096,14.519989148526323
12083.333333333334,-0.44637794494418126,14.621471846959865
12100.0,-0.3370328303485093,14.718918391045493
12116.666666666668,-0.38518916945137055,14.721270041303988
12133.333333333334,-0.34264701192778285,14.779169180516696
12150.0,-0.18778715660000458,14.901054061600004
12166.666666666668,-0.19785380686454232,15.044996580884893
12183.333333333334,-0.2922294063936228,15.118529596392495
12200.0,-0.49163861144427734,15.10843790464768
12216.666666666668,-0.6698965371501386,15.251466537617523
12233.333333333334,-0.8136979748678589,15.112087740466256
12250.0,-0.8496851723333418,15.110513375033316
12266.666666666668,-0.9921373412973897,15.169737539237547
12283.333333333334,-1.481880616222229,15.17267488366667
12300.0,-1.712125111578234,15.179938193960625
12316.666666666668,-1.8770803381468237,15.203739766222
12333.333333333334,-2.1284045340833337,15.119905678944441
12350.0,-2.345930130817904,15.100633050824602
12366.666666666668,1.818905534273662,14.931628566399597
12383.333333333334,9.387607307059787,12.517033125474475
12400.0,11.718676391845921,11.798188169184595
12416.666666666668,11.05953724878385,11.996747829546699
12433.333333333334,10.82576872325392,11.842689335429158
12450.0,10.509010349391364,12.083132873303324
12466.666666666668,10.359054276118908,12.302492442930312
12483.333333333334,10.449940473171285,12.248058491897
12500.0,10.424457766083908,12.291467733816178
12516.666666666668,10.495299597229236,12.096885970772822
12533.333333333334,10.64266995102983,11.986087677254508
12550.0,10.466952886703096,12.104777545173043
12566.666666666668,10.214229964904655,12.094955120287947
12583.333333333334,10.10955810550001,12.20302794725556
12600.0,10.1321598392088,12.214344147888498
12616.666666666668,10.162590927560897,12.23066266248471
12633.333333333334,10.399063280345738,12.128978326629984
12650.0,10.675626788588582,11.929162573873889
12666.666666666668,11.153801236875468,7.883119644927137
12683.333333333334,9.160033666355863,6.643014085314685
12700.0,8.960850966666651,7.078813353249994
12716.666666666668,8.675383966894577,7.297823400250156
12733.333333333334,8.723954392228327,7.558595751506072
12750.0,8.794094117191399,7.630078987372979
12766.666666666668,8.820354388288273,7.633540754582337
12783.333333333334,8.879367186527809,7.666309843472261
12800.0,8.900988591666675,7.7542310720833285
12816.666666666668,8.850634642204456,7.7082296237563055
12833.333333333334,8.830510772738926,7.73616302401111
12850.000000000002,8.971048930318132,7.71480820528069
12866.666666666668,9.03179605418747,7.854525822984088
12883.333333333334,9.041075732705835,7.727218485618309
12900.000000000002,8.892491901666686,7.799576261166686
12916.666666666668,8.839851639692858,7.79331678637401
12933.333333333334,8.714977561850006,7.743695044861119
12950.000000000002,8.644834554314775,7.763323324253027
12966.666666666668,8.588356972992804,7.820331057447287
12983.333333333334,8.486694631870025,7.908027870839589
13000.000000000002,8.424328666416645,8.050375390083355
13016.666666666668,8.453535080148823,8.093874812671451
13033.333333333334,15.387628862952212,8.921999032106102
13050.000000000002,21.902554777133535,10.313226983766622
13066.666666666668,21.218220155666696,9.662982729314674
13083.333333333334,20.819850032722236,9.861289101222214
13100.000000000002,20.4001701141525,9.95964552350981
13116.666666666668,19.83753513240502,10.073453299310785
13133.333333333334,19.29674298237126,10.00359917476365
13150.000000000002,18.95700135721665,10.076506444283364
13166.666666666668,19.032806444900476,10.129560082410215
13183.333333333334,18.967167912394196,10.34141519021073
13200.000000000002,18.736083599616837,10.423567507612836
13216.666666666668,18.52155877706595,10.869773301646093
13233.333333333334,18.147130194436098,10.917376403051545
13250.000000000002,17.867816531032172,10.878902526213086
13266.666666666668,17.37594605587283,10.916270484769582
13283.333333333334,17.08852715103355,10.968402002443868
13300.000000000002,17.8028059915583,10.706147088121435
13316.666666666668,17.68105970917485,10.630868984235926
13333.333333333334,17.11135013003724,10.717534873881384
13350.000000000002,16.63993699286665,10.624552816533328
13366.666666666668,16.387333506181626,10.896945145785422
13383.333333333334,21.543548732638893,9.517447819444437
13400.000000000002,20.84370955916661,9.561272733166637
13416.666666666668,20.004377346331466,9.30604618366733
13433.333333333334,19.48926998513302,9.920033970892046
13450.000000000002,19.051416721066545,10.07091145713333
13466.666666666668,18.190147571057693,10.065422758946148
13483.333333333334,17.725511341903804,10.044386427730622
13500.000000000002,18.165657325258618,9.807639593793706
13516.666666666668,17.45812185480179,9.444384615838196
13533.333333333334,15.459437859209109,9.476293690843528
13550.000000000002,14.146965448070002,10.00041058789481
13566.666666666668,13.573433951362393,10.492559269247062
13583.333333333334,13.168319354402314,10.675616430927034
13600.000000000002,12.76165614960813,10.857659414790756
13616.666666666668,12.448387532016058,10.970443870568637
13633.333333333334,12.148764038541504,11.275247863392794
13650.000000000002,11.814165866948407,11.465133794546654
13666.666666666668,11.602407317250577,11.57175110933155
13683.333333333334,11.207723267020803,11.647497275121738
13700.000000000002,11.026580461769122,11.671936130318214
13716.666666666668,10.787290003012616,11.692923835089758
13733.333333333334,10.50617799445,11.721580182882876
13750.000000000002,10.329974077116661,11.62356719876668
13766.666666666668,10.229052911599778,11.618673554522738
13783.333333333334,10.190080935712302,11.354119387393693
13800.000000000002,10.200878909804892,11.197385480640229
13816.666666666668,10.147448979584258,10.937641397104079
13833.333333333334,10.225270986543274,10.687633768484243
13850.000000000002,10.329778147733329,10.594548017866654
13866.666666666668,10.315864305733353,10.454561300577739
13883.333333333334,10.43145613506493,10.050645859884554
13900.000000000002,10.50078851361358,9.965205942892892
13916.666666666668,10.240469513613164,9.883776159537362
13933.333333333334,3.708814193941281,10.61229276333557
13950.000000000002,3.980512759426119,10.693211947881219
13966.666666666668,4.463980222177719,10.744621984576867
13983.333333333334,4.519127281760689,10.702848216270047
14000.000000000002,4.145655470050006,10.578716874666673
14016.666666666668,3.4327453166388815,10.851326136527787
14033.333333333334,2.8938279831523084,11.138001565157342
14050.000000000002,2.589282085257328,11.270454502815285
14066.666666666668,2.634194433749808,11.274962415864287
14083.333333333334,2.6642822142706355,11.15261131212171
14100.000000000002,2.6134894444055115,11.119678694630675
14116.666666666668,1.1506603658470012,11.517000879305481
14133.333333333334,2.379560512566919,11.800120371270458
14150.000000000002,-64.0,-36.0
14166.666666666668,-63.44512259802159,-33.30465232613783
14183.333333333334,-38.96701784077243,-21.446553446535297
14200.000000000002,-40.578715452404424,-4.082977584334978
14216.666666666668,-45.32893560760009,16.751869360081294
14233.333333333334,-44.82207645050467,-3.1558313097567487
14250.000000000002,-27.5501850729229,13.179558141225067
14266.666666666668,-29.035111232877895,14.476615869444473
14283.333333333334,-30.49346888013215,14.645749448714525
14300.000000000002,-31.525199616383716,15.09466584771903
14316.666666666668,-31.920692425773137,15.619480697886283
14333.333333333334,-32.02513583094881,15.773491571507977
14350.000000000002,-32.222631128678685,15.830625648965633
14366.666666666668,-32.381113299738765,15.946807433255524
14383.333333333334,-32.719291339030335,16.14340810697842
14400.000000000002,-33.09809297791669,15.928309968
14416.666666666668,-33.58571308413495,15.82225052051883
14433.333333333334,-33.99013152637778,16.026682760155566
14450.000000000002,-34.26123940518591,15.974924003785242
14466.666666666668,-34.0212174211518,15.993155319847252
14483.333333333334,-33.99081034651705,15.832167907448035
14500.000000000002,-34.23727720394717,15.668987627145016
14516.666666666668,-34.8786463496749,15.306352678600383
14533.333333333334,-35.34076865990338,14.971033809983904
14550.000000000002,-35.338693562709594,14.832151279611619
14566.666666666668,-34.3114931049463,14.564662063706702
14583.333333333334,-34.33749527111112,14.75459678222222
14600.000000000002,-35.234454877011636,14.95960768045982
14616.666666666668,-36.087842225142516,14.687306595287842
14633.333333333334,-36.71460235646614,14.478336373728574
14650.000000000002,-36.954810392316695,14.538368788766666
14666.666666666668,-37.633920316054386,14.67218275050423
14683.333333333334,-37.665331075487764,14.69976739549219
14700.000000000002,-37.64026625664501,14.708720644255461
14716.666666666668,-30.429037697331164,14.120683786364383
14733.333333333334,-16.989650739272836,12.855659147931311
14750.000000000002,-2.0205931950435163,11.892024771407172
14766.666666666668,-2.1471485916875386,12.032160861069407
14783.333333333334,-2.558139182284383,12.31439549277389
14800.000000000002,-2.7979761906740093,12.302970397147131
14816.666666666668,-2.7278306795657588,12.375617518263084
14833.333333333334,-2.52789756993984,12.49387913582719
14850.000000000002,-2.349735547530526,12.63268924249124
14866.666666666668,-2.3237942015212214,12.884196417418924
14883.333333333334,-2.320147243008244,13.144128000879537
14900.000000000002,-2.5671392842666347,13.154306296733377
14916.666666666668,-2.8690009776165635,13.135911800806355
14933.333333333334,-3.0261206502251143,13.096535257506527
14950.000000000002,-3.3043770401472368,12.851927180028149
14966.666666666668,-3.4842752457395685,12.647576197815605
14983.333333333334,-3.759564538972321,12.738046330041147
15000.000000000002,-1.896542669131434,11.654685772347138
15016.666666666668,5.118439884133647,10.924321749688902
15033.333333333334,5.696342448135146,10.99972765300602
15050.000000000002,5.411113036478502,11.18238122709272
15066.666666666668,5.1542670278249645,11.249723339946739
15083.333333333334,4.850631659331455,11.294883142539835
15100.000000000002,4.642328689611432,11.249820617342023
15116.666666666668,4.435129899105116,11.128578565699513
15133.333333333334,4.304578047917352,10.98454124499162
15150.000000000002,4.012629540479715,10.866763112343776
15166.666666666668,3.8028021941780374,10.9968067334277
15183.333333333334,3.616002929006778,11.025304615799124
15200.000000000002,3.6179479176333356,10.921470820316642
15216.666666666668,3.6755898558668303,10.738498489116786
15233.333333333334,3.543447058660149,10.59866558869666
15250.000000000002,3.5649927205833,10.48620506275003
15266.666666666668,3.1886594398600847,10.440000316272593
15283.333333333334,2.849600020482461,10.481657446117506
15300.000000000002,3.0170251800000765,10.652046901933387
15316.666666666668,3.011188934372203,10.71723143894997
15333.333333333334,2.9073993590815683,10.719276122216673
15350.000000000002,2.7849418143690126,10.529506695021677
15366.666666666668,2.710700400171341,10.429669717915994
15383.333333333334,2.7239321559763012,10.408665863987146
15400.000000000002,2.764533711466658,10.421886093333356
15416.666666666668,2.659759102122217,10.520839141777785
15433.333333333334,2.64047938266666,10.596863728972224
15450.000000000002,2.657496569795302,10.60118282140124
15466.666666666668,2.5286695504444445,10.557920463288886
15483.333333333334,2.4037533256090757,10.426602201375744
15500.000000000002,2.344912492681693,10.212315561503697
15516.666666666668,2.0935014207540315,10.220117778973403
15533.333333333334,5.680348284462355,9.679293402647025
15550.000000000002,6.723574848266714,9.327320778933327
15566.666666666668,6.87527176213336,9.539547888444469
15583.333333333334,6.905704198916138,9.698601909577018
15600.000000000002,7.06792894859437,9.736688415311226
15616.666666666668,7.114521188911101,9.643470473294435
15633.333333333334,7.250423230713707,9.568713461194356
15650.000000000002,7.214203411594172,9.472828224154553
15666.666666666668,7.127592423139336,9.412232585198147
15683.333333333334,7.1922685130434845,9.506493882008998
15700.000000000002,7.130447204357302,9.48855260623426
15716.666666666668,7.099386847172116,9.47146521265864
15733.333333333334,7.098395533610843,9.478252944816283
15750.000000000002,6.40113986973635,9.322533402289334
15766.666666666668,10.037751381164512,8.39228876515961
15783.333333333334,9.833253254661564,8.592837893519903
15800.000000000002,9.896433376033304,8.818667335566673
15816.666666666668,9.974936265515511,8.88688162797798
15833.333333333334,9.767106658109357,8.955970443554225
15850.000000000002,9.407581712876464,9.108345102449498
15866.666666666668,8.975335263200003,9.404595892177802
15883.333333333334,8.845845367742827,9.379403778421242
15900.000000000002,8.88989901774998,9.23315912061667
15916.666666666668,8.193543315237235,6.013535477799744
15933.333333333334,7.902005093333682,5.805865103611416
15950.000000000002,8.85010545594418,6.600991534965014
15966.666666666668,8.320258559779337,5.9903322784687525
15983.333333333334,8.241210546553448,5.958752683155733
16000.000000000002,8.292886313777558,5.947612347311232
16016.666666666668,8.522188783436189,5.940251296181429
16033.333333333334,8.603074977866639,5.891987939422233
16050.000000000002,8.726965497666642,5.992972979916655
16066.666666666668,8.939581799132919,5.811500889372464
16083.333333333334,8.937786568546322,5.802977673907235
16100.000000000002,8.716584611622453,5.959975840270136
16116.666666666668,8.899087613780443,6.098255288355015
16133.333333333334,9.212701170016661,6.624059126022222
16150.000000000002,9.3902805455061,6.11153483776881
16166.666666666668,9.92155416386532,6.6747505132733504
16183.333333333334,10.420709877311113,6.558451480116672
16200.000000000002,11.052863889205945,6.364557890507157
16216.666666666668,11.545936899883417,6.33483409948358
16233.333333333334,12.361921243511127,6.132187153188888
16250.000000000002,12.930375482833352,5.860666228249976
16266.666666666668,14.120152709667423,5.69134859148755
16283.333333333334,15.756336120017837,5.781960573113459
16300.000000000002,17.531215108483835,5.462393820708075
16316.666666666668,18.841094308981265,5.409121168418398
16333.333333333334,19.587900437647257,5.262024209330234
16350.000000000002,19.585995229035536,5.138563669765111
16366.666666666668,19.89904043460619,5.016550093830248
16383.333333333334,20.033032964238163,4.994722778481916
16400.0,20.19822341621719,5.022661618554474
16416.666666666668,20.2627181469247,5.026320863129793
16433.333333333336,20.013735761319026,4.941630036140186
16450.0,27.17925229113831,4.214082637047767
16466.666666666668,44.315013053786615,1.4806699071288958
16483.333333333336,57.603547117299925,-1.9514436397333015
16500.0,57.44340229017158,-1.9057037871064137
16516.666666666668,57.101560908030166,-1.857103747920088
16533.333333333336,56.76985355706439,-2.045543642619443
16550.0,56.65119199914787,-2.2463884731662547
16566.666666666668,56.73620213702222,-2.307547309777778
16583.333333333336,56.764661952518225,-2.370237325986985
16600.0,56.975087529761275,-2.42123342911031
16616.666666666668,57.160696475445604,-2.67061708492416
16633.333333333336,57.029810352926155,-3.0220707564320386
16650.0,57.02693310705353,-3.381856327930637
16666.666666666668,57.03464130388693,-3.8040527528958306
16683.333333333336,56.994783694818544,-4.221818515406001
16700.0,57.17250539896824,-4.382375781561001
16716.666666666668,57.3213372797621,-4.823689834256018
16733.333333333336,57.379597729398064,-5.338541764832453
16750.0,57.7223383057362,-5.651708304518927
16766.666666666668,58.123944584426624,-6.082282208963505
16783.333333333336,58.03319579396968,-6.4621489464879085
16800.0,58.237467951824065,-6.808715671247697
16816.666666666668,58.4161428401287,-6.99789950977978
16833.333333333336,58.553201818273706,-6.978145807502727
16850.0,58.502183285259285,-6.658779383425037
16866.666666666668,54.699956338175575,-1.470246108858602
16883.333333333336,34.11589996974195,1.4332949709724074
16900.0,14.054835501335443,6.909316623723629
16916.666666666668,7.271153442085579,7.470876906971299
16933.333333333336,7.1269695053944435,7.5889911735555655
16950.0,7.122068782422164,8.000886542826334
16966.666666666668,7.079681087515985,8.282073964243237
16983.333333333336,7.010303310606106,8.289696379076506
17000.0,7.30381112972971,8.320748689189157
17016.666666666668,7.535871651700013,8.256031421855557
17033.333333333336,7.424987683861645,8.286147915493281
17050.0,7.429630468914867,8.340449682104323
17066.666666666668,7.4210127637681085,8.358558853301107
17083.333333333336,7.353496088699786,8.31083622974087
17100.0,7.1662798116725055,8.420678257161907
17116.666666666668,6.963492933366695,8.374236264325436
17133.333333333336,7.133686024624625,8.399036928550837
17150.0,7.392548513053656,8.351872985547798
17166.666666666668,7.602400454661527,8.424428795968689
17183.333333333336,7.706927009668164,8.493724376190473
17200.0,7.674986834667327,8.543979761680843
17216.666666666668,7.700617274745919,8.510749067299656
17233.333333333336,7.768594018112648,8.417927544939387
17250.0,7.783023873466651,8.448674565733352
17266.666666666668,7.63074465301238,8.439582095629946
17283.333333333336,7.3102932068318145,8.092479097186203
17300.0,5.735845998067547,10.720582238913845
17316.666666666668,6.080075866009144,10.703415406608716
17333.333333333336,6.294786524086149,10.5990712436488
17350.0,6.171435188755434,10.525963700700697
17366.666666666668,5.958700937163051,10.322373529659252
17383.333333333336,5.797388543683352,10.237661672849939
17400.0,5.729384610348932,10.331668757870096
17416.666666666668,5.756245787949535,10.662177310788724
17433.333333333336,5.6342688291631635,10.915661985620304
17450.0,5.399337460610618,11.018843848965634
17466.666666666668,5.394945819846446,10.951903202826449
17483.333333333336,5.635703047297162,10.936217218448213
17500.0,5.752919710293614,11.003257883717058
17516.666666666668,5.9165615989833364,11.08099953000556
17533.333333333336,6.0816991565059775,10.999261372102717
17550.0,6.297781559946649,11.020223556494912
17566.666666666668,6.59197332237154,10.997425140207955
17583.333333333336,6.744555530780338,10.927764358430432
17600.0,6.915928368516663,11.10381933021666
17616.666666666668,6.935803195699987,11.211395561688928
17633.333333333336,6.040319696630552,11.717359920157957
17650.0,10.28559236330017,12.441267685799968
17666.666666666668,4.762415635753789,18.764576390011374
17683.333333333336,-5.294068881898474,17.258180596900406
17700.0,-9.14412548038395,10.707197243750896
17716.666666666668,-2.263823951496506,8.85189116530077
17733.333333333336,-1.3339823650357547,9.93748179724301
17750.0,-0.9424858438728007,9.60115827535798
17766.666666666668,-0.9647069256743137,9.847494070740385
17783.333333333336,-1.0949543457889364,10.072257711311154
17800.0,-1.0693115236118198,10.481823083658496
17816.666666666668,-1.138753965978801,10.614885249220611
17833.333333333336,-1.0126664080084715,10.61312849262709
17850.0,-0.892514787916682,10.69509820541669
17866.666666666668,-0.7792041946695593,10.844746632477358
17883.333333333336,-0.7473892836692413,10.736376679604657
17900.0,-1.174884676078211,11.065327639317935
17916.666666666668,-4.249582426612488,10.744879310169301
17933.333333333336,-64.0,-36.0
17950.0,-49.23885096547613,-24.879917227482018
17966.666666666668,-6.274563804438738,0.0
17983.333333333336,-64.0,-36.0
