0.0,2.6282698333333276,1.1068859333333345
16.666666666666668,2.7274049269117353,0.9227485384558672
33.333333333333336,2.8641985580944476,0.789908978722218
50.0,3.5295051670499937,1.0626052866333324
66.66666666666667,-6.723358511502679,6.564794000822015
83.33333333333334,-4.985043068150738,5.69290454472792
100.0,-4.574379574462773,4.890155516541728
116.66666666666667,-4.754279355344337,4.810341573231057
133.33333333333334,-4.799323974392754,4.548561681351787
150.0,-4.929907828685659,4.493100680459769
166.66666666666669,-4.833161854296332,4.202294936755974
183.33333333333334,-4.598460371766668,4.075173680216664
200.0,-4.691077282842403,4.009847896854715
216.66666666666669,-4.69852823968889,3.79234587355555
233.33333333333334,-4.843804738560452,3.590777069856378
250.00000000000003,-4.737054963068462,3.3570503503748155
266.6666666666667,-4.867637143360432,3.2633862452574527
283.33333333333337,-4.975606362008788,2.9085558850258444
300.0,-5.078012631749998,2.719999284499999
316.6666666666667,-5.177079972463767,2.784627126819925
333.33333333333337,-5.244961897333333,2.607844111549998
350.0,-4.988209701496261,2.376029166733172
366.6666666666667,-0.018988822850005,2.6782476950388925
383.33333333333337,1.349981132499996,2.1270024617777867
400.0,-4.703806647801555,24.542310943404665
416.6666666666667,-50.43962480236904,4.900962413469656
433.33333333333337,-64.0,-36.0
450.00000000000006,-64.0,-36.0
466.6666666666667,-64.0,-36.0
483.33333333333337,-64.0,-36.0
500.00000000000006,-10.390024889794981,30.773299418092442
516.6666666666667,-59.92848544916585,-25.722706499053498
533.3333333333334,-18.26060252898177,16.733280692074906
550.0,0.4370123932733939,21.30486615837495
566.6666666666667,4.370582490851966,14.079391972744942
583.3333333333334,7.352688968067341,8.321721314966151
600.0,7.197401884483334,3.5689502866333336
616.6666666666667,7.0036007160222296,1.2669457702333322
633.3333333333334,7.02741683528333,0.8709469929333302
650.0,6.7460269869934875,0.9891161269968337
666.6666666666667,6.36758507640134,1.4762490352594866
683.3333333333334,6.112938241247638,1.4643421962703942
700.0,6.319201503000001,1.4465291284333361
716.6666666666667,6.4119279139681025,1.5311763294925231
733.3333333333334,6.5922021972971505,1.503240458880007
750.0,6.6279752624188,1.6184096316341865
766.6666666666667,6.88993675404444,1.620308783466668
783.3333333333334,6.935372688594295,1.7545108509254637
800.0,6.930678248185156,1.7300524523143521
816.6666666666667,7.139309015670937,1.8549932045098998
833.3333333333334,7.014906509955557,1.9292857088777784
850.0000000000001,6.926009353593466,2.011061371369023
866.6666666666667,6.963920866794385,1.838992493125658
883.3333333333334,7.089597504114808,1.822280659050937
900.0000000000001,-2.5316193971667458,2.0377436107333238
916.6666666666667,-7.920461469190147,1.271078499043969
933.3333333333334,-7.830994706164196,1.221254598721584
950.0000000000001,-8.286518585780895,1.4612266813519756
966.6666666666667,-8.37806916686092,1.6125389137917634
983.3333333333334,-8.61696309222556,1.6537388253253242
1000.0000000000001,-8.731810386472954,1.5892988380427517
1016.6666666666667,-8.901252319911107,1.745554708222225
1033.3333333333335,-8.880963009511103,1.586255096283334
1050.0,-8.737541192324345,1.4781680938228405
1066.6666666666667,-8.649176765038883,1.3513009672388887
1083.3333333333335,-8.650042690943415,1.2569857384307839
1100.0,-8.787335815718565,1.264718101729876
1116.6666666666667,-8.992704718712869,1.2880735025265182
1133.3333333333335,-8.982155415671933,1.3525726546910415
1150.0,-8.958553222693263,1.2203237251039039
1166.6666666666667,-9.109539777099657,1.4614732196042464
1183.3333333333335,-9.40583786289277,1.5490694021501794
1200.0,-9.669253440966669,1.5634516459000012
1216.6666666666667,-6.788863171504817,1.9674404202980813
1233.3333333333335,-6.128210651718594,1.9351989211949645
1250.0,-6.236909742221115,1.9454999189761513
1266.6666666666667,-6.174387256943902,1.883396608099402
1283.3333333333335,-6.289456706319823,1.8148582986493205
1300.0,-6.270642653286742,1.741554623747714
1316.6666666666667,-6.213724144600072,1.84812743073759
1333.3333333333335,-6.131129929096564,1.9374237598145376
1350.0,-6.22459693231463,1.9111222663994625
1366.6666666666667,-6.091257585231227,2.0367965051549812
1383.3333333333335,-6.089914715072226,2.2125091211444348
1400.0,-6.216807968766664,2.1924766846000034
1416.6666666666667,-6.320257087297639,2.378823637510359
1433.3333333333335,-6.431734978527785,2.3139041503722186
1450.0,-6.866027624733333,2.202252234266664
1466.6666666666667,-6.470976485711901,1.885481647354363
1483.3333333333335,-5.995880181438881,1.5621418339999982
1500.0,-8.88877921289682,1.8152263200396825
1516.6666666666667,-9.055555700055555,1.938014442138883
1533.3333333333335,-9.300373960365924,2.011028907218329
1550.0,-9.513672510899365,2.026472357104648
1566.6666666666667,-9.709796614315064,1.9488878769004352
1583.3333333333335,-9.97533106219886,2.0666649075223886
1600.0,-10.320325965214492,2.0660442492238364
1616.6666666666667,-10.433413777472376,1.9631919502859683
1633.3333333333335,-10.685831113529483,2.055718775727183
1650.0000000000002,-10.886870331883332,2.105996247233339
1666.6666666666667,-9.009620476611076,2.1372722474833354
1683.3333333333335,1.3681100211645512,3.670272402081952
1700.0000000000002,1.704751802084374,3.986221087060199
1716.6666666666667,1.6239141683452838,4.336700393552329
1733.3333333333335,2.0165093741074425,4.588043666344125
1750.0000000000002,1.8122475131232265,4.756351602401207
1766.6666666666667,1.8278477592555669,4.403579627159265
1783.3333333333335,2.051005506759219,4.626015561829998
1800.0000000000002,1.8745921583208334,4.79252054324505
1816.6666666666667,1.4972226320771527,4.844082840292376
1833.3333333333335,1.338010966494354,5.121885755177589
1850.0000000000002,1.447762795247625,5.192273371068873
1866.6666666666667,1.7818271625145907,5.336074325457176
1883.3333333333335,0.8470891196685809,2.994964913584367
1900.0000000000002,1.111698076956382,2.6989186608891185
1916.6666666666667,1.2516062641234964,2.6733097618746147
1933.3333333333335,1.4471393145555553,2.5762580729388844
1950.0000000000002,1.6126604298982956,2.155849759112882
1966.6666666666667,1.6315290578929922,1.9814897881245113
1983.3333333333335,1.8699991242142586,2.3896397810756875
2000.0000000000002,2.1010594663166646,2.6711110014333355
2016.6666666666667,2.205615549113444,3.0466523573675754
2033.3333333333335,0.96246749729295,2.727728742142314
2050.0,2.052875829498079,2.893205382658
2066.666666666667,2.713974140923963,2.3604779064190207
2083.3333333333335,2.3848816405944495,2.3053337197722255
2100.0,2.3616807908487005,2.2181634069589853
2116.666666666667,2.5516696593444435,2.2499976553944445
2133.3333333333335,2.8769478411516456,2.3031653028097065
2150.0,3.0967881534566026,2.129438849941696
2166.666666666667,1.4875115553217755,2.4179587027875296
2183.3333333333335,-2.924122082400486,2.765256981470407
2200.0,-2.894645575537766,2.6614811659329636
2216.666666666667,-2.866002816608354,2.523560748142594
2233.3333333333335,-2.8429296719274766,2.4175239126737886
2250.0,-2.8397332872666707,2.559364047416667
2266.666666666667,-2.6145901427277765,2.540773800549999
2283.3333333333335,-2.5476791962722234,2.377124362211107
2300.0,-2.624192962788369,2.1265436446673354
2316.666666666667,-2.8217469492588987,2.196236652501953
2333.3333333333335,-2.8518567902375462,2.3297333400654847
2350.0,-3.300002728330835,2.2368675778222453
2366.666666666667,-5.620242787960639,1.7296638789839243
2383.3333333333335,-5.6819175421900185,1.7695863735909798
2400.0,-6.179524599766783,1.7120976086290172
2416.666666666667,-6.321004378745409,2.0905376928484047
2433.3333333333335,-6.0913234551211355,2.453775832380955
2450.0,-6.115966004118723,2.4078978494914103
2466.666666666667,-6.038990057959007,2.4012982071661413
2483.3333333333335,-6.085233549288881,2.3393543904666703
2500.0,-6.20703281994331,2.33752385277639
2516.666666666667,-6.679609262625834,2.9783043239564186
2533.3333333333335,-9.254581691159975,3.482541945116328
2550.0,-9.207492062781395,3.364879991712524
2566.666666666667,-9.412326606307962,3.2084945660891795
2583.3333333333335,-9.71327888882222,3.123396411999999
2600.0,-9.94893487119403,2.9128025969154283
2616.666666666667,-10.115645079299243,2.824721529240936
2633.3333333333335,-10.319701228127782,3.0626261205888943
2650.0,-10.477950058066666,3.2316515553999983
2666.666666666667,-10.681773676956382,3.4066902452935994
2683.3333333333335,-10.716084104311111,3.4678540842666683
2700.0,-10.763697771759027,3.5711990692128466
2716.666666666667,-2.7878228907267912,3.0317573936087445
2733.3333333333335,-2.122911046573522,3.4713212488023935
2750.0,-2.333892423747713,3.567363051705772
2766.666666666667,-2.507914469953909,3.761686112449333
2783.3333333333335,-2.702828213784668,3.7697213607859505
2800.0,-3.0546717242878585,4.037758547876065
2816.666666666667,-3.406807137024063,3.995425753159913
2833.3333333333335,-3.5063321158222176,3.7375306928888916
2850.0,-3.8783465510900297,3.7563597441670815
2866.666666666667,-6.98071146390437,18.577781340842538
2883.3333333333335,-10.725421901499912,0.0
2900.0,-64.0,-36.0
2916.666666666667,-64.0,-36.0
2933.3333333333335,-64.0,-36.0
2950.0,-64.0,-36.0
2966.666666666667,-17.46531609983366,31.504430532032096
2983.3333333333335,-32.48182748114891,21.0398827160913
3000.0,-10.94479746811681,28.63276379505009
3016.666666666667,-4.959735608926062,20.526361781031962
3033.3333333333335,-1.969940241857233,13.774254867924094
3050.0,1.2078588825087717,8.497053577711101
3066.666666666667,0.45089490865426873,4.83070646534759
3083.3333333333335,0.029589722565118905,3.064747730717322
3100.0,-0.31187471359893026,2.8254534594889864
3116.666666666667,-0.7091117877389024,3.4201453705222673
3133.3333333333335,-1.1338589451785148,4.303910304393282
3150.0,-1.2519085904964482,4.725270849503537
3166.666666666667,-1.3257460601536524,5.145414311946116
3183.3333333333335,-1.354822554483868,5.294501743972457
3200.0,-1.4270675500499408,5.3927408818514895
3216.666666666667,-1.4522360306875681,5.416798895130902
3233.3333333333335,-1.5376417018888897,5.405946940722224
3250.0000000000005,-1.4565628851074406,5.431840408145927
3266.666666666667,-1.5317804907574266,5.4616656215215285
3283.3333333333335,-1.580287694308266,5.485482186915688
3300.0000000000005,-1.5995872564333324,5.636084490566662
3316.666666666667,-1.5860880859485307,5.606524764393303
3333.3333333333335,-1.730593876475174,5.670947983155194
3350.0000000000005,-1.8021073291333363,5.597280379066671
3366.666666666667,-1.5117556446888905,5.362225970516663
3383.3333333333335,-2.060824456790127,5.479585287214993
3400.0000000000005,-1.767158678410786,5.481093001582541
3416.666666666667,-1.7420372972069207,5.625837111667496
3433.3333333333335,-1.6865965301185475,5.55058243863774
3450.0000000000005,-1.7954924353343389,5.453441847707176
3466.666666666667,-1.9798988866042564,5.185870517909283
3483.3333333333335,-1.965837999265568,5.183679152912711
3500.0000000000005,-6.0118254233333905,11.07306618
3516.666666666667,-6.564113408287465,12.42315340715355
3533.3333333333335,-6.258081209804254,12.657318884401073
3550.0000000000005,-6.363871379953384,12.912975158907763
3566.666666666667,-6.260393887491003,13.003498157367817
3583.3333333333335,-6.1859963837777805,13.292632337066667
3600.0000000000005,-6.360556842225564,13.383691064164172
3616.666666666667,-6.4167935920888866,13.557819611377777
3633.3333333333335,-6.595797251136682,13.64993267950086
3650.0000000000005,-6.70603510578623,13.894653268550945
3666.666666666667,-6.886905287033334,14.0876690840889
3683.3333333333335,-6.772987503057086,14.085485007003498
3700.0000000000005,-6.777324255511346,14.103192383573662
3716.666666666667,-6.848661427216662,14.035803980155563
3733.3333333333335,-7.036401858519634,14.091375130619511
3750.0000000000005,-7.159463686776726,14.566375376604995
3766.666666666667,-7.29257136975093,14.845778525422975
3783.3333333333335,-6.504219661525216,14.409440430648665
3800.0000000000005,7.399926863865669,3.7543840302520275
3816.666666666667,11.03726153089133,0.6511680462759034
3833.3333333333335,10.47090090842643,0.18310234646767803
3850.0000000000005,10.608119300549726,0.5229545948525817
3866.666666666667,10.718109241341347,0.8085058197753292
3883.3333333333335,10.856775839066314,1.0046070417498305
3900.0000000000005,11.243921204742886,0.9642589112997142
3916.666666666667,11.699658394383343,0.7119796953610973
3933.3333333333335,12.045037088827755,0.7601573424100923
3950.0000000000005,12.38052358275865,0.6828101778610673
3966.666666666667,12.601446422144368,0.5600104922922925
3983.3333333333335,12.83562839634627,0.4736559141318217
4000.0000000000005,12.559718501599193,0.28918903463268425
4016.666666666667,12.354966025162582,0.2531888458618191
4033.3333333333335,8.603691453040735,0.10058758462391641
4050.0000000000005,4.551322344745738,1.075475886109876
4066.666666666667,4.636227462119921,1.0721792693291243
4083.3333333333335,4.623521371249026,1.248524119530642
4100.0,4.41134215454546,1.353713381235437
4116.666666666667,4.250841743733321,1.502978438844456
4133.333333333334,4.345949183558434,1.4872695580290192
4150.0,4.353006362729393,1.5400658873206494
4166.666666666667,4.459354384184177,1.6218470579802016
4183.333333333334,4.6966248384662075,1.533400961119391
4200.0,4.910261028676349,1.3473478445167688
4216.666666666667,4.972162226806145,1.1373600307672063
4233.333333333334,4.923186722066028,1.0558559936635512
4250.0,4.969059077238618,1.0786578909954956
4266.666666666667,5.14897559582568,0.9849824722750228
4283.333333333334,-1.1532397465382787,2.0771084755069475
4300.0,-12.061691078333324,4.915495284233293
4316.666666666667,-10.462470011778999,4.492472257172847
4333.333333333334,-11.300730315693524,4.811089073884987
4350.0,-11.67954030631983,5.0677943433383295
4366.666666666667,-11.73541252542222,5.297308296622222
4383.333333333334,-12.123922832571846,5.37477927152466
4400.0,-12.552584296798404,5.582633728480908
4416.666666666667,-12.662802030857394,5.669898415450951
4433.333333333334,-12.77770239948189,5.626715264232839
4450.0,-12.790890168634322,5.60398110335167
4466.666666666667,-12.856401007877786,5.738601386922231
4483.333333333334,-11.75479080644085,6.237658350724788
4500.0,-2.9603010998268866,5.609292632034626
4516.666666666667,-3.167744946056339,5.764999610288475
4533.333333333334,-3.7171113657107107,6.544027530165119
4550.0,-4.582749345353287,6.913365202028265
4566.666666666667,-4.713448368528707,6.833561359157353
4583.333333333334,-4.778469786432105,6.724300844411096
4600.0,-4.5544107432284,6.747075753706482
4616.666666666667,-4.379348101006056,6.770292449124567
4633.333333333334,-4.30425731806591,6.951150931716063
4650.0,-4.191224051440942,6.801270809295352
4666.666666666667,-4.0117677098382405,6.81656724004224
4683.333333333334,-3.9442965227833033,6.715691210927761
4700.0,-4.065530022427879,6.5450193432382875
4716.666666666667,-4.133369172777779,6.499795694222226
4733.333333333334,-3.9959246291216184,6.421239115322794
4750.0,-1.9307267447447471,4.681749193043036
4766.666666666667,-2.5305520818071043,4.9383176369963495
4783.333333333334,-2.5631609497751233,4.971249624032448
4800.0,-2.49860217457712,4.924390532719731
4816.666666666667,-2.2583416276444472,4.79607136918889
4833.333333333334,-2.2373593305180757,4.784422782914097
4850.0,-2.012395420800004,4.844893357066663
4866.666666666667,-1.8178159542944428,4.763741122505552
4883.333333333334,-1.8204631740740715,4.669730762163364
4900.0,-1.8004538613595416,4.507465145716615
4916.666666666667,-1.895474935867923,4.457291831510208
4933.333333333334,-1.92101820703685,4.284282981090542
4950.0,-1.713709382500006,4.134647478266657
4966.666666666667,-1.6518466892336814,4.319806614814785
4983.333333333334,-1.6572324401111118,4.240419968444448
5000.0,-1.6837249026986516,4.474468907196399
5016.666666666667,-1.5956697120736698,4.5532253697935765
5033.333333333334,-1.5355380376462702,4.545243873247531
5050.0,-1.576536205180737,4.582687586240212
5066.666666666667,-1.6258059672002567,4.321675811817007
5083.333333333334,-1.274218421183855,4.183357353073464
5100.0,-2.8173855302665185,4.681699456533321
5116.666666666667,-4.51643018572382,4.099826987216922
5133.333333333334,-4.051111730594435,4.236513741561104
5150.0,-3.4237088727557348,3.4952205457028738
5166.666666666667,-3.2880876396602585,3.4325292787468595
5183.333333333334,-3.5433648920460303,3.5507004123117283
5200.0,-3.9792900443777053,3.943478745979316
5216.666666666667,-4.088472465263915,4.170304914404522
5233.333333333334,-4.180312404400001,4.284628482577774
5250.0,-4.240569589880362,4.307967153439679
5266.666666666667,-4.248548406806802,4.427623752975194
5283.333333333334,-4.091421622747121,4.482367245770489
5300.0,-2.324704289845264,4.681997104652224
5316.666666666667,2.6313692146219365,5.148568214794383
5333.333333333334,2.633773531753993,4.850140253019667
5350.0,2.4874789300983977,4.935315209371356
5366.666666666667,1.739835182399982,5.291173517455567
5383.333333333334,1.499170794327781,5.244921675755569
5400.0,1.6523590190333428,5.176991172699997
5416.666666666667,1.8715027652611693,5.114732349297255
5433.333333333334,2.081164344022256,4.980991629977742
5450.0,2.727884215474401,4.740766403351676
5466.666666666667,2.9184536493919673,4.799026869320894
5483.333333333334,2.4353268830277592,5.065461685705568
5500.0,2.1017183827246986,5.429177087393694
5516.666666666667,1.6601868019166526,5.610536812222233
5533.333333333334,1.3603371850997505,5.759953170929461
5550.0,1.0104743824920925,6.066029829768454
5566.666666666667,0.79234597997778,6.2481382058666695
5583.333333333334,0.6856876395111224,6.321652961066675
5600.0,0.6618227041458534,6.29760019159174
5616.666666666667,0.776317447544453,6.160185756688887
5633.333333333334,0.9461286511333369,6.290493787888888
5650.0,1.0576866949333363,6.209750119999996
5666.666666666667,1.3095481243899691,6.114724165416041
5683.333333333334,1.8416175815427194,5.675215812178805
5700.0,3.5173584259740287,4.020692638744581
5716.666666666667,3.2565196330444537,4.1955855341333335
5733.333333333334,3.5515664469568176,4.107813531026628
5750.0,3.474598455060864,4.13108999551442
5766.666666666667,3.2607957997277777,4.237594018116664
5783.333333333334,3.1838677653333542,4.370690938055539
5800.0,3.336379879823245,4.214284028497582
5816.666666666667,3.3174060591627668,4.348503311022046
5833.333333333334,5.643101461430531,2.738710465134013
5850.0,6.718341934099228,1.7954113039294093
5866.666666666667,6.17442486108888,2.1578905686222245
5883.333333333334,6.552063364688873,2.280493378666663
5900.0,6.438445104477618,2.410186927031514
5916.666666666667,6.326178997982321,2.2566985414929692
5933.333333333334,6.748797012832488,2.0650157910378044
5950.0,7.210765606619971,1.993201291695864
5966.666666666667,7.318821026666665,2.005339109461108
5983.333333333334,7.325327212214262,1.776556373763685
6000.0,7.362622160110001,1.732238975067707
6016.666666666667,7.813440511500233,1.4627958531876788
6033.333333333334,3.5395665428728385,2.565481947731676
6050.0,-2.553546929699976,4.949051494233293
6066.666666666667,-1.9225526814814826,4.734421211900791
6083.333333333334,-1.9905396714357215,4.807646651692514
6100.0,-2.313761084325499,4.585631205936306
6116.666666666667,-2.6192002661105565,4.644051044322096
6133.333333333334,-2.602777911566433,4.510600317507897
6150.0,-2.3249601244499942,4.528844600649997
6166.666666666667,-2.181291613434491,4.4228819193819096
6183.333333333334,-2.3013085693333384,4.5896414757333295
6200.0,-2.56193718502584,4.604951506319824
6216.666666666667,-2.8051603533366665,4.804986518663104
6233.333333333334,-3.300298510565314,4.958750145903648
6250.0,-3.526878963368319,4.985437072963518
6266.666666666667,-9.24098063826539,5.334457014009416
6283.333333333334,-11.563977238722211,5.157839207499984
6300.0,-11.593747897129028,5.231864416758474
6316.666666666667,-11.822259121154488,4.842962593715938
6333.333333333334,-11.740483171405513,4.5123527885999435
6350.0,-11.708769620866676,4.412047103733328
6366.666666666667,-11.8337444327775,4.591153818592626
6383.333333333334,-12.021918009058208,4.747271783643212
6400.0,-11.982401311611614,4.923232512846183
6416.666666666667,-12.065627118184851,4.93346606054388
6433.333333333334,-12.093071709371358,4.91213023814684
6450.000000000001,-12.003249365233367,4.715319841266711
6466.666666666667,-12.203206024645652,4.712489801222837
6483.333333333334,-12.208187210705358,4.6907708748374315
6500.000000000001,-12.387668983909194,4.863614599532624
6516.666666666667,-12.621961655289944,5.22766813182824
6533.333333333334,-12.62913208898348,5.181699432170464
6550.000000000001,-12.931717436970322,5.251767996129473
6566.666666666667,-5.549631013303326,5.577616782718517
6583.333333333334,-4.58588263074444,5.806154750655551
6600.000000000001,-4.780500463099994,6.071344247099994
6616.666666666667,-4.799795005680249,6.149235464605155
6633.333333333334,-4.76579176339281,6.096541325140347
6650.000000000001,-4.627452136186187,6.031527776359689
6666.666666666667,-4.653767170567258,6.084793071982612
6683.333333333334,-4.630068817797773,6.236028860202341
6700.000000000001,-5.203578071956491,17.348439420111113
6716.666666666667,-15.12845941963728,19.619772816402488
6733.333333333334,-64.0,-36.0
6750.000000000001,-64.0,-36.0
6766.666666666667,-64.0,-36.0
6783.333333333334,-64.0,-36.0
6800.000000000001,-64.0,-36.0
6816.666666666667,-64.0,-36.0
6833.333333333334,-10.758669555000315,2.4784409121192077
6850.000000000001,-23.479780541067058,19.968889127194274
6866.666666666667,-16.853475366988636,35.84419615447886
6883.333333333334,-41.20168582812984,1.8505805859147495
6900.000000000001,-8.142512792388093,27.97646138144608
6916.666666666667,-4.8337576322605065,22.73211248552598
6933.333333333334,4.564278147110153,18.10503017146653
6950.000000000001,7.191609523818515,14.001448427202993
6966.666666666667,7.9001461105767445,11.209676181777791
6983.333333333334,6.077368845411596,9.158027469467909
7000.000000000001,7.215175012494344,7.026299508245977
7016.666666666667,4.332741092838473,5.8838855755422115
7033.333333333334,2.901857099211852,4.896321646298108
7050.000000000001,2.165508356010643,4.178729952713931
7066.666666666667,1.5477879237875611,3.677644082082461
7083.333333333334,1.1439358038461342,3.710065689316285
7100.000000000001,0.9023457947728527,4.003450533283282
7116.666666666667,0.9137321660000013,4.790433742333323
7133.333333333334,1.3425414161877876,5.1901475821568885
7150.000000000001,0.8313505056666383,5.193702893333356
7166.666666666667,0.655406521750236,5.534769568254761
7183.333333333334,0.4513582847152987,5.797176918093045
7200.000000000001,0.20261627441781727,6.069531031254179
7216.666666666667,0.37445560694443986,6.2626435730555565
7233.333333333334,0.5322185388055497,6.6054471040555605
7250.000000000001,1.265798731995313,9.978202647616618
7266.666666666667,0.8676988960682928,9.689241613658108
7283.333333333334,1.0163793589111363,10.209507044266672
7300.000000000001,1.552989821621631,10.272255979279278
7316.666666666667,1.8426040826079708,10.395791768934467
7333.333333333334,1.7657146192540487,10.273937283991975
7350.000000000001,1.4069838661164085,9.531655258445877
7366.666666666667,1.1972396261833282,9.369095780555558
7383.333333333334,1.2351879292919257,9.277469039590269
7400.000000000001,1.537164983333396,9.152042591916677
7416.666666666667,2.2745757418294046,9.041899823602071
7433.333333333334,2.447585893595328,9.063176196137029
7450.000000000001,0.9952624799666472,3.374558871066636
7466.666666666667,1.0247446755755798,3.4051334893226595
7483.333333333334,0.8337346422395147,3.209883380885309
7500.000000000001,0.9017527937293696,3.2967346174917718
7516.666666666667,0.9426233155555479,3.6005628640000023
7533.333333333334,0.9409599844855346,3.835471673141235
7550.000000000001,0.41098957795534763,4.231388156876496
7566.666666666667,0.41713804921271186,4.274295891949037
7583.333333333334,0.5929435057139635,4.2643088227058055
7600.000000000001,0.7204100993824362,4.330649466783514
7616.666666666667,0.991087736447102,4.135880079602888
7633.333333333334,0.9095620963686117,4.318456853136477
7650.000000000001,1.5130175013166982,4.243017331316662
7666.666666666667,-2.5976969307070883,3.6806269274251022
7683.333333333334,-9.534988066388896,1.7859945588889046
7700.000000000001,-9.160615711216675,2.4474612346666675
7716.666666666667,-9.471947540152152,2.726730364762058
7733.333333333334,-9.754954916544442,2.7442514543833294
7750.000000000001,-9.993563078793953,2.4932978700316424
7766.666666666667,-9.723395759514656,2.257620539846729
7783.333333333334,-9.860747482638892,1.7700893365277697
7800.000000000001,-9.565090010266612,1.2567059520333839
7816.666666666667,-8.984092511566432,1.64152173361098
7833.333333333334,-9.288059734916665,1.3578676827777798
7850.000000000001,-9.419823189010975,1.0577756564102427
7866.666666666667,-9.502784000284173,0.7616529287297523
7883.333333333334,-9.074631391403644,0.3433678557557718
7900.000000000001,2.859500122722904,2.7884205132131954
7916.666666666667,1.351523672027976,2.105034083993783
7933.333333333334,1.8486800100894403,2.1576251747126323
7950.000000000001,2.3196525316736722,2.392332949570118
7966.666666666667,2.6503031027597275,2.5449850229107622
7983.333333333334,3.212242570444479,2.2698999593610854
8000.000000000001,3.4945045425528423,2.182514662456312
8016.666666666667,3.5888222053743672,1.975671633255286
8033.333333333334,3.6974788739188393,1.9115253788866648
8050.000000000001,3.8306214807596275,1.7895576091454344
8066.666666666667,3.903584201343765,1.7001916626297873
8083.333333333334,3.6816908588000032,1.6402765997111226
8100.000000000001,3.7150161063737626,1.692149383458159
8116.666666666667,3.760962372069369,1.8039708706742361
8133.333333333334,3.8810664372342845,1.847007208594163
8150.000000000001,5.589488001199984,1.0774037729666652
8166.666666666667,5.5439133743017415,1.0995412842078927
8183.333333333334,5.508263286555547,0.7982373445555546
8200.0,5.6381338041292155,0.6848415090076594
8216.666666666668,5.897579372513747,0.7024064075295575
8233.333333333334,5.756104088712049,0.6552543889773154
8250.0,5.708339149333995,0.5752344790875775
8266.666666666668,5.812390201832431,0.5363817250208024
8283.333333333334,6.045516182700011,0.3553576982110785
8300.0,5.994738500817071,0.3982523350841996
8316.666666666668,6.063843821878306,0.49335125322018136
8333.333333333334,6.421586597638903,0.26887378972222664
8350.0,5.687843196431552,0.27177813498417047
8366.666666666668,5.3636522854666655,0.4956174052888915
8383.333333333334,5.238416456848327,0.539565504758702
8400.0,5.2386299,0.7139068809523819
8416.666666666668,5.41517187482224,0.7209977315000282
8433.333333333334,5.779161241363634,0.5653188993659974
8450.0,6.045954529933329,0.26770996200000113
8466.666666666668,6.325537842944798,0.041588237247012355
8483.333333333334,6.593619737485433,0.0024918575454498295
8500.0,7.2091139123000225,-0.49346580773335114
8516.666666666668,7.247748390061152,-0.45257163556668645
8533.333333333334,7.364442235790108,-0.9819265154799507
8550.0,7.5983262316808595,-0.985544619846443
8566.666666666668,7.82758837798885,-1.1672627215115712
8583.333333333334,7.90622098922795,-1.1972591804235404
8600.0,8.16364619213333,-1.2281133099333508
8616.666666666668,8.627240655244464,-1.1605837124444385
8633.333333333334,9.079984039926735,-1.0783153319846819
8650.0,9.641128652819473,-1.0998329859192442
8666.666666666668,10.495565258625334,-1.3423738909131584
8683.333333333334,10.997133304955568,-1.5776991039111214
8700.0,11.50728106845088,-1.8648263303651766
8716.666666666668,11.796494565864306,-2.293537279963453
8733.333333333334,11.88356389483331,-2.4470006168888747
8750.0,12.071253796916686,-2.2140433372000055
8766.666666666668,12.308412051305547,-2.143616604366651
8783.333333333334,12.70822680107726,-2.245818391287683
8800.0,12.925590046853134,-2.5245747573426516
8816.666666666668,13.170126299250372,-2.613158956394025
8833.333333333334,13.294483016858223,-2.157746805652692
8850.0,13.372896891749974,-1.808864330333318
8866.666666666668,13.440298035561097,-2.159710923544449
8883.333333333334,13.577724271680827,-2.2977476958798375
8900.0,14.03134069276857,-2.433563946365204
8916.666666666668,6.75910382874815,-0.08914337572380993
8933.333333333334,-9.031916712450995,4.726604033594767
8950.0,-11.562766618518557,5.130482952802819
8966.666666666668,-11.764778319240396,5.212565809323121
8983.333333333334,-11.721713388266664,5.596040693511107
9000.0,-11.733769164134602,6.227649001615881
9016.666666666668,-11.554377737164758,6.395524673307809
9033.333333333334,-11.661046509476977,6.836070515785693
9050.0,-11.789119545127432,6.779456024237849
9066.666666666668,-11.922763685714301,6.978044550610512
9083.333333333334,-12.019996721733323,6.854538631927776
9100.0,-12.166645727636153,6.936100933833025
9116.666666666668,-12.372311137075945,6.836037287250877
9133.333333333334,-12.98016716591185,6.860929211510717
9150.0,-12.318435217642438,6.983782426329742
9166.666666666668,-0.017839030911367237,7.731067169822329
9183.333333333334,0.03156851000956408,7.408917154224149
9200.0,-0.4983803572921835,7.530386724838226
9216.666666666668,-0.3548897275695447,7.525027880276506
9233.333333333334,-0.2135138467222072,7.465571488166671
9250.0,-0.1385839991988001,7.440567668068762
9266.666666666668,-0.0019273237901828808,7.390274187941964
9283.333333333334,0.10563774290558783,7.392107917699994
9300.0,0.04559069629999639,7.390465868633332
9316.666666666668,0.05677038098570439,7.52741793774009
9333.333333333334,0.8872964049509833,6.413975808160253
9350.0,6.7416801569048195,1.314975089255428
9366.666666666668,7.567663455544478,0.9353717289397991
9383.333333333334,7.346615298772841,0.9998687292976128
9400.0,6.955237905569464,0.9067503881274075
9416.666666666668,6.902669065644974,1.1258643182630936
9433.333333333334,6.811985835333334,1.4676167288888884
9450.0,6.741901514588536,1.490271666266084
9466.666666666668,7.133109588227481,0.9789490986381865
9483.333333333334,7.772836856566674,1.2035130061444443
9500.0,8.053166292920356,1.527976625811205
9516.666666666668,7.935119173411112,1.098752632733266
9533.333333333334,6.9374214997885595,2.5472642272496016
9550.0,3.0860276371980464,4.453117139130417
9566.666666666668,1.9281302785555636,2.4607994689440673
9583.333333333334,1.480632840170947,0.6795831245420783
9600.0,1.9082807232500074,0.7268731041500074
9616.666666666668,1.5760343080478758,1.534783854942972
9633.333333333334,1.3455122406944506,2.106057935027754
9650.0,1.2046611437447945,2.2113659389305553
9666.666666666668,1.104484270127772,2.2217542852666483
9683.333333333334,0.9018309500472059,2.021852973885283
9700.0,-0.5481823617154702,10.509005626879869
9716.666666666668,-44.6244691852705,-18.228000000013708
9733.333333333334,-64.0,-36.0
9750.0,-64.0,-36.0
9766.666666666668,-64.0,-36.0
9783.333333333334,-64.0,-36.0
9800.0,-64.0,-36.0
9816.666666666668,-64.0,-36.0
9833.333333333334,-64.0,-36.0
9850.0,-64.0,-36.0
9866.666666666668,-64.0,-36.0
9883.333333333334,-64.0,-36.0
9900.0,-18.07999770399107,25.084744807559538
9916.666666666668,-4.538144679893163,21.137104496262783
9933.333333333334,2.5684140621310623,11.202364708170764
9950.0,3.7903152808428935,3.5096963616861636
9966.666666666668,4.4316632887000456,-0.24402395597226625
9983.333333333334,5.0206594077422535,-1.1848437302586232
10000.0,4.342883374240939,0.10701839789780805
10016.666666666668,4.510719945627219,0.5082073943028917
10033.333333333334,4.587176258441584,0.4106315180375037
10050.0,4.669572519047614,0.3197286952380961
10066.666666666668,4.638531636622221,0.5772326323555829
10083.333333333334,4.646352288922235,0.8141991254222128
10100.0,4.6818194105447235,0.993585303698139
10116.666666666668,4.718507033611235,0.9586278687621742
10133.333333333334,4.315492292343606,1.040683235024991
10150.0,4.732529388533323,0.5758224605333314
10166.666666666668,4.881525276095294,0.4719611352101638
10183.333333333334,4.767769208399972,0.4282772394999795
10200.0,4.819712372163904,0.43041785427284707
10216.666666666668,4.817781002740255,0.544415037641035
10233.333333333334,4.544593234117058,0.6660153550108368
10250.0,4.484013331234384,0.7931679520739642
10266.666666666668,4.52426837998224,0.719601044377817
10283.333333333334,4.588711708982042,0.5101747633399921
10300.0,4.352957134430032,0.5419785021601967
10316.666666666668,4.396000723233861,0.5236420779778498
10333.333333333334,4.374641240533348,1.1188698422888665
10350.0,4.472752681233217,16.15844798920072
10366.666666666668,-64.0,-36.0
10383.333333333334,-64.0,-36.0
10400.0,-64.0,-36.0
10416.666666666668,-36.849801202268,-4.901962994105972
10433.333333333334,-28.230643292046658,-2.9358667662259386
10450.0,-1.873038840283453,6.655077785450586
10466.666666666668,-1.1951460686010122,1.262831190328562
10483.333333333334,-1.637701042776105,2.5183377002669367
10500.0,-1.642560804924073,2.627445230512493
10516.666666666668,-1.478319451581361,2.326411064159874
10533.333333333334,-1.2763948750944487,2.145983911527773
10550.0,-1.470221706139465,2.1384342592592698
10566.666666666668,-1.730495026671162,2.1566551225622685
10583.333333333334,-2.026162930465536,2.0159772456426355
10600.0,-1.9422122024666584,1.800051872233335
10616.666666666668,-1.8319919954522577,1.8257418130156955
10633.333333333334,-1.73206164738481,1.7167282524762473
10650.0,-1.812749815499986,1.7648076589999964
10666.666666666668,-1.7585360020888912,1.7184415554666659
10683.333333333334,-1.7137576972513706,1.7505989335831973
10700.0,-1.6570909308000223,1.7530982814000011
10716.666666666668,-1.5473838017166737,1.6104707910999752
10733.333333333334,-1.5157380632444446,1.5067885280111235
10750.0,-1.5370004752209567,1.0147878448891192
10766.666666666668,-1.381356056944475,1.07017988176667
10783.333333333334,-1.4136364387750597,1.2432746884113495
10800.0,-1.6485101043187957,1.508123459146234
10816.666666666668,-0.04552057189137476,0.18086364756255854
10833.333333333334,0.7522969968373098,-0.6089536211939248
10850.0,0.8418366486499881,-0.5292635684833317
10866.666666666668,1.3931692183778175,-0.5158766722221961
10883.333333333334,1.6203901517870125,-0.5511050377410905
10900.0,1.7110778225946284,-0.47742119966649615
10916.666666666668,1.7565064096017007,-0.4462426029554013
10933.333333333334,1.7425539586151404,-0.3029382170692346
10950.0,1.688315721733344,-0.330084882533313
10966.666666666668,1.8697157826642232,-0.33676628094287403
10983.333333333334,1.9341930080737453,-0.2941401580098769
11000.0,1.9462249129999762,-0.44196601100000754
11016.666666666668,2.040274324596451,-0.5993967054917371
11033.333333333334,2.0036327465238295,-0.572086434508375
11050.0,1.7874540620189807,-0.45341837401299057
11066.666666666668,1.7386437326162978,-0.4874057421821851
11083.333333333334,1.5487044853037566,-0.3330915263131413
11100.0,1.5244612066366605,-0.29741160090045715
11116.666666666668,1.768767223923963,-0.29490032950726863
11133.333333333334,1.9206443845466163,-0.32769409348658435
11150.0,2.0983712682143456,-0.3346488209851943
11166.666666666668,2.086069025555513,-0.1729278344444558
11183.333333333334,1.8313642837666595,0.014089030444475653
11200.0,1.5191809768347442,0.025375120835411536
11216.666666666668,1.4599644074166656,0.0446336585222214
11233.333333333334,1.385555842823033,0.03744650536952866
11250.0,1.4963962066666499,-0.12920777773331402
11266.666666666668,1.5371547422066574,0.0038367575712231206
11283.333333333334,1.7133992512888876,-0.20216857680555192
11300.0,1.9479064113056517,-0.31408391083875914
11316.666666666668,1.8481152862849766,-0.37885528098813614
11333.333333333334,1.7669072552777763,-0.23663325377778593
11350.0,1.6594190639986515,-0.1347218053193598
11366.666666666668,1.726700749570525,-0.10651568031033583
11383.333333333334,1.6714151952503389,-0.1343495526935197
11400.0,1.4842558862784119,0.006000435938281878
11416.666666666668,1.4516520138610567,-0.03377439345915159
11433.333333333334,1.7193706766116952,-0.09558891721913645
11450.0,1.9506291987172817,0.22091525522238328
11466.666666666668,1.775808359451916,0.23342375886271172
11483.333333333334,1.7820500157578762,-0.013679622388958621
11500.0,1.7890982456728448,0.11954506843420784
11516.666666666668,1.7244137102996095,0.04619045213716994
11533.333333333334,1.972885136779341,0.0212268834879649
11550.0,2.203928341599979,0.21619836558337144
11566.666666666668,2.3099390680124614,0.04017974991657802
11583.333333333334,2.178889428416665,-0.20254830121666267
11600.0,2.0360882942666603,-0.25803146733333837
11616.666666666668,1.942375436234769,-0.18912825415485546
11633.333333333334,1.6630510536935086,-0.2987289160079939
11650.0,1.3914884851166602,-0.07098779089999648
11666.666666666668,1.3237965929763202,0.05855182028142447
11683.333333333334,1.2491385018276926,0.4686636592500462
11700.0,1.2709360412793564,0.7551908636181965
11716.666666666668,1.2496003853482394,0.9492359964204217
11733.333333333334,1.3028364117002817,0.9075773692290211
11750.0,1.4022957117450694,0.8712707462128816
11766.666666666668,3.565653900072456,0.9413285409595064
11783.333333333334,3.888823880777785,1.1480375650000045
11800.0,4.09339432923128,1.1933758912623262
11816.666666666668,4.25235188213771,1.189467302235569
11833.333333333334,4.259152525150001,1.1997337213055475
11850.0,4.217995566233121,1.259490217558785
11866.666666666668,4.225922376925519,1.1676986187623226
11883.333333333334,4.257861027108658,0.9599171537953233
11900.0,4.2388148844776214,0.8328949964676505
11916.666666666668,4.246605075822218,0.694863659266713
11933.333333333334,4.4868745801635015,0.8568869346680053
11950.0,4.417239034933332,0.9445378255333294
11966.666666666668,3.947428829681475,0.9394623186037475
11983.333333333334,4.1123494599845225,0.7787451686875384
12000.0,4.207419504114603,0.8977941837581261
12016.666666666668,4.309336798181336,1.0443239993034534
12033.333333333334,4.452933200780817,1.2452992514093821
12050.0,4.468986564166682,1.193798330833324
12066.666666666668,4.405954838583623,1.3654720277167263
12083.333333333334,4.44212538387221,1.01708374146667
12100.0,4.181487215382062,1.0131945773773599
12116.666666666668,4.05769021896826,1.1430154704925242
12133.333333333334,4.026130190132088,1.0495619411033388
12150.0,4.368989878109444,1.2834243703979773
12166.666666666668,4.302810120399999,1.2208633232444681
12183.333333333334,3.9009399075999807,1.2050954973777994
12200.0,3.333530625633344,1.3299568671166653
12216.666666666668,3.3005093096013485,1.843610848530786
12233.333333333334,3.6075343811628025,1.8062488512756087
12250.0,3.762530753923039,1.8254571374312871
12266.666666666668,3.9316030350748425,1.7818198774661977
12283.333333333334,4.058939712938875,1.571630452194473
12300.0,4.102028165698623,1.6676753689899977
12316.666666666668,4.021205021755783,1.5752097570936812
12333.333333333334,3.9521128619110857,1.5209681467111154
12350.0,3.813045596033324,1.5713791720666455
12366.666666666668,3.5767351297184655,3.0881214868343694
12383.333333333334,3.9007118380523615,3.1822404389806063
12400.0,4.188894708083314,3.099609231000009
12416.666666666668,4.251048211751055,3.08023797121261
12433.333333333334,3.8338584674456055,3.0859934701496776
12450.0,3.8515860110444726,2.9115181031318094
12466.666666666668,3.8637459805138183,3.1751577329384864
12483.333333333334,3.925460259529747,3.284215481629718
12500.0,3.8536913244588695,3.4512904306526764
12516.666666666668,3.6985287688210993,3.5546171667721898
12533.333333333334,3.552209301484047,3.7931782053081933
12550.0,3.1932005973067414,4.025352849526157
12566.666666666668,3.0772136127563217,3.9231291064698812
12583.333333333334,3.0407920260871997,3.802117841396951
12600.0,2.8945336586373567,3.749021916175254
12616.666666666668,2.876295062462465,3.806317849883207
12633.333333333334,3.0886646065704317,3.812701381477788
12650.0,3.0520063812666676,3.8088639346666766
12666.666666666668,2.808107455911275,3.871607672058267
12683.333333333334,3.3628503542888897,3.9281111085111124
12700.0,2.943424487306342,3.7775242996168568
12716.666666666668,2.9041256341500006,4.571592423816799
12733.333333333334,2.2625468530376454,12.247038427958133
12750.0,-20.197613635931894,35.52812153581543
12766.666666666668,-50.33228403295172,-27.203999999976077
12783.333333333334,-3.6057319191881003,0.0
12800.0,-64.0,-36.0
12816.666666666668,-11.419773242492852,28.67159227577549
12833.333333333334,-55.12886844041022,-0.3806805975221776
12850.000000000002,-9.889036391092965,27.892051211546836
12866.666666666668,1.5968994518500448,23.266699803855502
12883.333333333334,6.322225601599967,16.273822571172403
12900.000000000002,8.676510061647463,10.829853227413434
12916.666666666668,9.381863525161124,5.544493985227752
12933.333333333334,8.411733255533324,3.9247814764666304
12950.000000000002,7.469733120016627,2.9687250848166578
12966.666666666668,7.480002347792221,2.7996833385163256
12983.333333333334,7.295534557878942,3.3740764878661844
13000.000000000002,7.130207551289645,4.0177982554729
13016.666666666668,7.114758920337882,4.317014536647218
13033.333333333334,7.245303068673226,4.4052720321660495
13050.000000000002,7.310199696137178,4.38615202680651
13066.666666666668,7.202103221872013,4.478445158540409
13083.333333333334,6.958627533160933,4.683359153870537
13100.000000000002,6.6898320456210545,4.903269121078918
13116.666666666668,6.5989769115567825,5.145346079898576
13133.333333333334,6.515538066950146,5.145688553771335
13150.000000000002,6.667483589698815,5.147489698102844
13166.666666666668,7.064075583475073,5.194179422561274
13183.333333333334,6.886189347387418,4.87247404494975
13200.000000000002,6.55522854126663,4.913193347533374
13216.666666666668,5.224787813844441,4.88830898073331
13233.333333333334,4.735037605384218,4.77063038458408
13250.000000000002,5.134677810054812,4.484615050290288
13266.666666666668,5.436439302927804,4.468752580222211
13283.333333333334,5.797639034616693,4.343552631227776
13300.000000000002,6.100734243002173,4.128446001031789
13316.666666666668,9.880978587233516,3.7674395101381553
13333.333333333334,16.437819465041276,1.3088148780939326
13350.000000000002,15.820766830180409,1.5098144249681793
13366.666666666668,15.733129464966654,1.750594599244493
13383.333333333334,15.724527912450657,1.3009616048968806
13400.000000000002,16.191424307276122,0.9106405325507189
13416.666666666668,15.955826002965892,1.1528078854803003
13433.333333333334,15.662382186949024,1.8977148778667046
13450.000000000002,15.74068909809901,1.6716940248123997
13466.666666666668,16.08844343018674,2.347549212634375
13483.333333333334,10.450692174605518,1.8157953315722417
13500.000000000002,4.98731030724998,2.150895631916704
13516.666666666668,6.277223228188938,2.298434165044433
13533.333333333334,6.207880253075946,2.6751211546846423
13550.000000000002,5.874993041541563,2.707705440790779
13566.666666666668,5.838931522655736,2.964126332510695
13583.333333333334,5.275147676841109,3.3666130745469323
13600.000000000002,5.457177308245928,3.2873302297351166
13616.666666666668,5.62866598765991,3.1370900109386923
13633.333333333334,5.937261277727805,2.9067354595257875
13650.000000000002,6.018218616058641,2.553547729435251
13666.666666666668,5.806824685010035,2.626188933992814
13683.333333333334,5.191518787822237,2.773253139111103
13700.000000000002,4.84974974426665,3.245377604000029
13716.666666666668,4.791086075018051,3.355840174523861
13733.333333333334,4.531866966025431,3.4505724366832515
13750.000000000002,4.404516990447723,3.771363108620416
13766.666666666668,5.338682447472248,4.159762670855569
13783.333333333334,5.878636779399194,4.333479330407015
13800.000000000002,0.906113074803561,4.200653957862223
13816.666666666668,1.531713162946363,3.608605627488614
13833.333333333334,2.0274964181181203,3.8185565420086744
13850.000000000002,2.0555548477499914,3.627054763949946
13866.666666666668,1.8565543173248724,3.355842193830929
13883.333333333334,1.7325723435709108,3.3645714914761036
13900.000000000002,1.7770852314619998,3.496238122456176
13916.666666666668,1.7889675956610809,3.7316852258445765
13933.333333333334,1.3216578776275334,3.951566585166625
13950.000000000002,0.42981630628331385,4.0821055799500146
13966.666666666668,0.5980140186257229,4.3677402244913
13983.333333333334,1.379295784233326,4.144806255111114
14000.000000000002,2.1345915800734163,4.329904472736349
14016.666666666668,2.079671258655535,4.087021785355495
14033.333333333334,0.9554677240453446,3.4458691984325496
14050.000000000002,-0.1525485505248315,3.6840901746627113
14066.666666666668,1.1690239669222047,3.5271801366760873
14083.333333333334,1.777887996592744,3.496893270057245
14100.000000000002,1.98450099673178,3.8138021235618624
14116.666666666668,2.10305301867399,4.068476109606287
14133.333333333334,2.1931824177511157,4.138010732565909
14150.000000000002,2.415845182933287,4.17866763840001
14166.666666666668,2.364139373711633,4.1872360450268795
14183.333333333334,2.4305502820444276,4.061198923022233
14200.000000000002,2.5847211530765604,4.041768405452692
14216.666666666668,2.3874616512434397,3.9167280800958335
14233.333333333334,2.180249099011113,4.015797321855556
14250.000000000002,2.2803296374044817,4.164136217896362
14266.666666666668,2.0441908244135534,4.156203371074997
14283.333333333334,5.293872912367321,5.674979660997162
14300.000000000002,4.420519878949649,5.683111659104586
14316.666666666668,4.391182663111115,5.7072556577777815
14333.333333333334,4.328127499405856,5.4957332924648785
14350.000000000002,4.463188397310723,5.376494075796809
14366.666666666668,4.428041399241398,5.535386529986594
14383.333333333334,4.452520699308848,5.605194085498925
14400.000000000002,4.550887257454591,6.032911548275964
14416.666666666668,4.796865316649983,6.4640638194416775
14433.333333333334,4.7885519822578075,6.709420161547437
14450.000000000002,4.608551345299977,6.761502367066693
14466.666666666668,4.609062083163959,6.817604772280534
14483.333333333334,4.582565751069984,6.9671386227113485
14500.000000000002,4.575423943511577,6.7762566417624495
14516.666666666668,4.3095955327952495,6.859992547046107
14533.333333333334,3.8060603194043066,7.182484110424629
14550.000000000002,4.040555334166687,7.47012338833327
14566.666666666668,4.109780422411217,7.214522967800575
14583.333333333334,3.999790267122907,7.380341305502705
14600.000000000002,3.7396013636999927,7.593475223716648
14616.666666666668,3.351834327813893,7.6529740688010754
14633.333333333334,3.0371627694041234,7.842444516441355
14650.000000000002,3.5289796646666844,8.215317943000084
14666.666666666668,3.733001965576698,8.238040886853522
14683.333333333334,3.967354797722489,7.9407386663887864
14700.000000000002,7.293612124662278,7.538980790361786
14716.666666666668,6.8978887771219295,7.563236543015953
14733.333333333334,6.9836579345388845,7.52474080797221
14750.000000000002,6.839492315875354,7.650106694502846
14766.666666666668,6.859450112078278,8.079044779867692
14783.333333333334,7.044346430807833,8.0690419754697
14800.000000000002,7.192385932380939,7.9737471051127855
14816.666666666668,7.18707865762429,7.8319357295072844
14833.333333333334,7.149754902432279,7.798680072857934
14850.000000000002,7.148568591499971,7.895804075166663
14866.666666666668,7.252049438238241,7.765198139000102
14883.333333333334,7.363962795888888,7.378987930955549
14900.000000000002,7.385716486953617,7.032237959592902
14916.666666666668,7.195380893780868,6.753991241468161
14933.333333333334,6.697959086917639,6.784411084940867
14950.000000000002,6.411644744138696,6.656971077488763
14966.666666666668,6.2574558046222,6.65012606089997
14983.333333333334,6.278950313733359,6.540499305288869
15000.000000000002,6.6176835552442785,6.369330156344857
15016.666666666668,6.727355860434669,6.298801552450656
15033.333333333334,6.705674656700579,6.104444976271466
15050.000000000002,6.604655125879597,5.979702179406353
15066.666666666668,6.580100663993101,6.032270542293365
15083.333333333334,6.764932786666663,5.757445353788893
15100.000000000002,6.733989056890203,5.489087128261556
15116.666666666668,6.577460516733315,5.454218034044447
15133.333333333334,6.340009733627768,5.235434524116656
15150.000000000002,6.067482621196107,4.876798612225147
15166.666666666668,6.016207666694445,5.370207465938519
15183.333333333334,6.147290683136019,5.535434071847013
15200.000000000002,6.598282688127465,5.583306416474883
15216.666666666668,6.512522503017017,5.4554123528538305
15233.333333333334,5.2220904903000385,4.699626443966661
15250.000000000002,5.470786309195406,4.870930269731862
15266.666666666668,5.27170932864762,4.930920048213013
15283.333333333334,5.4422923169748465,4.746461280870687
15300.000000000002,5.279374183950573,4.762449000617323
15316.666666666668,5.118554053337766,4.958419059764361
15333.333333333334,2.580016609311289,15.893385090655244
15350.000000000002,-25.451519663484184,8.359327990223225
15366.666666666668,-9.486763883341448,0.0
15383.333333333334,-64.0,-36.0
15400.000000000002,-7.005768290439067,0.0
15416.666666666668,-19.78432112871261,-0.7140000000144937
15433.333333333334,-50.78714929929424,-12.800728515952365
15450.000000000002,-64.0,-36.0
15466.666666666668,-13.812738092442244,29.954054791959212
15483.333333333334,-5.223087357206928,23.17827143025782
15500.000000000002,0.4625270372323874,15.668807079509381
15516.666666666668,4.973268993057673,9.512977292357554
15533.333333333334,6.722207449309736,4.9155976853873975
15550.000000000002,6.553195138435377,1.8813827714857667
15566.666666666668,5.206352471614189,1.1749647225165105
15583.333333333334,4.11340255333331,0.7195198961666565
15600.000000000002,4.884815321871933,0.4802602965132077
15616.666666666668,4.916745079909079,0.6234621774891579
15633.333333333334,5.444272520550835,0.9933870217169218
15650.000000000002,5.299616511110996,1.1574620111111062
15666.666666666668,4.9464238135845555,1.4206736604302153
15683.333333333334,4.647068437424264,1.4140093128508626
15700.000000000002,3.850942122075045,1.3098810610664682
15716.666666666668,3.506519806888881,2.1275365675556137
15733.333333333334,4.0219216202535994,2.145529575464364
15750.000000000002,4.233227438960865,1.3912187017648296
15766.666666666668,4.026550892429543,1.0948563647601535
15783.333333333334,4.0208949931409705,1.366264248413129
15800.000000000002,3.934946023545115,1.6071199477738765
15816.666666666668,4.1417566701111355,2.0655096885780795
15833.333333333334,2.5678473108268927,5.44295183035892
15850.000000000002,2.888101225299991,5.044862720833331
15866.666666666668,2.9924328800666657,4.919640382322219
15883.333333333334,3.7860998536944135,4.830020671538905
15900.000000000002,3.5325800327972505,4.9618757744723805
15916.666666666668,3.6173390562666827,4.72337076515556
15933.333333333334,2.9278390669648724,4.828528845372221
15950.000000000002,2.7141364101884107,5.227863786543295
15966.666666666668,2.4864338791402116,5.205977149315999
15983.333333333334,2.4160098845574423,5.05261347036667
16000.000000000002,2.2719163790728913,4.800427211088839
16016.666666666668,2.300727173461135,4.7838469202500145
16033.333333333334,2.3065649497409266,4.829547464968324
16050.000000000002,2.2827960027262275,4.880881269827713
16066.666666666668,2.4823842609340607,4.758791280168195
16083.333333333334,2.960413577605493,4.727065498877214
16100.000000000002,3.0994977714333296,4.646524938199979
16116.666666666668,2.8578985747095733,4.679511298710468
16133.333333333334,2.7880743860250865,4.936476365950698
16150.000000000002,2.7222728690000095,5.037196309166667
16166.666666666668,2.8727558820799013,7.5340722122176995
16183.333333333334,-0.24756371412070882,13.606096638447433
16200.000000000002,-0.310073106256239,14.632191565515505
16216.666666666668,-0.5746075487132833,14.796971534656272
16233.333333333334,-1.0939102639094263,15.027086649221959
16250.000000000002,-1.690435425641067,14.995370794871784
16266.666666666668,-0.9793662887442861,14.89538836193971
16283.333333333334,-0.8486304832527549,15.068172179556472
16300.000000000002,-1.036890040403559,15.305449988510926
16316.666666666668,-1.1444697050777775,15.497847101894441
16333.333333333334,-1.272184101960131,15.771583817119216
16350.000000000002,-1.2002224230000087,15.888621713533336
16366.666666666668,-1.3669146377299741,15.933122954432772
16383.333333333334,-1.3727181225552307,15.751092381462984
16400.0,-1.3667292497251333,15.636285817957628
16416.666666666668,-1.3988791620509544,15.74684464024026
16433.333333333336,-1.5132495976399183,16.113036751229927
16450.0,-1.3370403270364664,16.08926515487259
16466.666666666668,-1.3807202060453574,15.865105839014841
16483.333333333336,-1.3415171799888466,16.159511097044383
16500.0,-1.393031660396863,16.107914773736873
16516.666666666668,-1.5016658816738717,16.241586202164484
16533.333333333336,-1.3986498298037862,16.460601170129515
16550.0,-1.2295816674642792,16.279568099268875
16566.666666666668,-1.338603457144417,16.409675006127774
16583.333333333336,-1.7325265243058654,16.5010891695878
16600.0,0.6501276702666675,16.9327766480667
16616.666666666668,0.33061679452777704,16.972500478155556
16633.333333333336,0.32117054471086,17.114458872899345
16650.0,0.37747473823088656,17.2166684165917
16666.666666666668,0.38466038828967697,17.226585777514977
16683.333333333336,0.4331908121777238,17.308741198177756
16700.0,0.37380357474140274,17.39197532702702
16716.666666666668,0.32392697466023174,17.590530941038445
16733.333333333336,0.10643888004442553,17.701001019444497
16750.0,0.0018987693486309486,17.788983696934846
16766.666666666668,-0.07370748457959442,18.034081242173485
16783.333333333336,-0.1338712362193534,18.11384536718835
16800.0,-0.21944139838252463,18.15820758687677
16816.666666666668,-0.30672105693331764,17.88635691987778
16833.333333333336,-0.29453367161359395,17.7089373650714
16850.0,-0.3384213398032483,17.85266758726029
16866.666666666668,-0.442261873566654,18.00464124075553
16883.333333333336,-0.6000303381701991,18.21771530046549
16900.0,-0.697132104004024,18.471603134334377
16916.666666666668,-0.7046121623268157,18.7534230644745
16933.333333333336,-0.8755709310222556,18.97774696966672
16950.0,-0.8806020479999943,19.253284115466695
16966.666666666668,-0.5158012111277278,19.047929088377366
16983.333333333336,-0.47327330381852567,18.961818404235352
17000.0,-0.6452517125207957,19.16113218837828
17016.666666666668,-0.7006483531993312,19.48669297701287
17033.333333333336,-0.5857981029722426,19.509919289762575
17050.0,-0.2905226989328907,19.515298671235602
17066.666666666668,0.021663176599983312,19.366832496866657
17083.333333333336,-0.09087894417943215,19.460509029823665
17100.0,-0.32262967533331144,16.471257433166603
17116.666666666668,1.1685824789729586,9.896694040653173
17133.333333333336,1.105858553312142,9.159615204564316
17150.0,0.5529609398471209,8.903169511299442
17166.666666666668,0.516889295573336,8.884332606485124
17183.333333333336,0.2822460072947451,8.820965791602921
17200.0,-0.14894821615857928,8.419553351407599
17216.666666666668,-0.11389882384443561,8.221932311377769
17233.333333333336,-0.2665983936174893,8.554516758785706
17250.0,-0.2505977428666743,9.110851350999988
17266.666666666668,-0.004323211755540576,9.361387883018145
17283.333333333336,-0.09129376548276948,9.18476091548543
17300.0,-0.12569826843808019,8.789610836999396
17316.666666666668,-0.3397222760204761,8.967057060749672
17333.333333333336,-0.3373197466333615,8.945400898933274
17350.0,-1.0232947696332606,6.687903846533483
17366.666666666668,-0.6211262778444644,5.710263276555543
17383.333333333336,-0.4408937161789633,5.712203070023122
17400.0,-0.2943266539269507,5.439905902134391
17416.666666666668,-0.22168945667281065,5.359087990306281
17433.333333333336,-0.40924153716281764,5.24610344146966
17450.0,-0.48189305897053347,5.185600753439938
17466.666666666668,-0.6391166136043199,5.09435075256262
17483.333333333336,-0.7411475157809253,5.2178941184297285
17500.0,-0.6636166069895073,5.1959588230321065
17516.666666666668,-0.5362869317714403,5.215663583380603
17533.333333333336,-0.8388843011790328,5.288330557957965
17550.0,-1.0252528653673183,5.4825342197401294
17566.666666666668,-1.0514413353843557,5.849423145661725
17583.333333333336,-0.9800354022177791,5.946378915996879
17600.0,-1.036107415307624,6.048676244839097
17616.666666666668,-1.088256998009232,5.944472753074466
17633.333333333336,-1.824542103291285,5.859299265824692
17650.0,-4.498133824037221,4.381997295219152
17666.666666666668,-4.46722482400823,4.5898324964780475
17683.333333333336,-4.655268164894438,4.5948880180999785
17700.0,-4.688293642499991,4.713741694590188
17716.666666666668,-4.733589954910445,4.7942224021966675
17733.333333333336,-4.948472858965105,4.966667578227673
17750.0,-5.184032433283411,5.807861123849411
17766.666666666668,-30.47698166845066,32.14119715538291
17783.333333333336,-64.0,-36.0
17800.0,-64.0,-36.0
17816.666666666668,-64.0,-36.0
17833.333333333336,-64.0,-36.0
17850.0,-64.0,-36.0
17866.666666666668,-64.0,-36.0
17883.333333333336,-19.517909664575168,0.0
17900.0,-47.97313269511907,16.471537649262466
17916.666666666668,-64.0,-36.0
17933.333333333336,-44.28816800648639,2.72616874571519
17950.0,-17.22446041018834,21.81850980046673
17966.666666666668,-13.82643226030551,15.139392055516486
17983.333333333336,-11.981171496966649,9.540634370021992
