0.0,-4.946607866666667,-0.19842693333333347
16.666666666666668,-5.243750975133866,-0.46507472539044714
33.333333333333336,-4.587378537475804,-2.312443208008406
50.0,-63.97921942946666,0.0
66.66666666666667,-64.0,-36.0
83.33333333333334,-64.0,-36.0
100.0,-64.0,-36.0
116.66666666666667,-4.001569382040217,2.536398677289366
133.33333333333334,-33.429326258110805,23.58600000000024
150.0,-8.0521319826667,31.296096629999973
166.66666666666669,-13.602810999844378,20.229683743232705
183.33333333333334,-5.738930899877903,2.7440756943833917
200.0,-22.732779054327157,-9.511622834500587
216.66666666666669,-24.301110364059813,-4.1342220190762005
233.33333333333334,-24.27228682469876,-0.3402362208673452
250.00000000000003,-24.346081632551176,1.4852639240639032
266.6666666666667,-23.638991007896056,2.3206983768449105
283.33333333333337,-23.37686438055813,3.0605288244104645
300.0,-23.537502641366665,2.957689175066672
316.6666666666667,-23.554511907355558,2.809729607688887
333.33333333333337,-23.55769992480814,2.637983826748967
350.0,-23.446782718409203,2.42790109436385
366.6666666666667,-23.628247775826804,2.0120996107942863
383.33333333333337,-23.813382856413234,1.589500682818725
400.0,-23.705837710761283,0.9143378418457455
416.6666666666667,-23.029675883316663,0.7334794696444512
433.33333333333337,-14.39204863810396,1.6978168277250816
450.00000000000006,-12.485872581249994,1.8461357283333386
466.6666666666667,-12.90961580376855,1.8043073040520212
483.33333333333337,-13.587003104452227,1.4641363634984146
500.00000000000006,-13.50362556981982,1.217607039639642
516.6666666666667,-13.746845055772717,1.117361123917239
533.3333333333334,-14.077106685085084,0.957719451529306
550.0,-14.357092627333333,0.9256932189333351
566.6666666666667,-14.835453525825832,0.8913520574074066
583.3333333333334,-14.808176447607138,0.6615197438496989
600.0,-14.94884322302888,0.7192450553083498
616.6666666666667,-15.250745816808259,0.41974391654172505
633.3333333333334,-15.322528759438889,0.25083180275555933
650.0,-15.466351593523143,0.04643693726273511
666.6666666666667,-15.766633911377646,-0.10213942698650771
683.3333333333334,-15.838706614766666,-0.27810383516111115
700.0,-15.952100324987505,-0.43992283743128474
716.6666666666667,-15.572471877455557,-0.3491630886777752
733.3333333333334,-15.509625411773804,-0.43261969215815943
750.0,-15.542961331106678,-0.2885521214689323
766.6666666666667,-15.70334710723695,-0.22814491755321697
783.3333333333334,-15.84579006751111,-0.26469235811111136
800.0,-16.01089903543544,-0.3119665650650703
816.6666666666667,-16.174438156838256,-0.5494029269920567
833.3333333333334,-16.323861420816,-0.6357761218062976
850.0000000000001,-16.49226838881118,-0.590593698634686
866.6666666666667,-16.328163697222223,-0.7870405269444505
883.3333333333334,-16.192038764118756,-0.7522155831727037
900.0000000000001,-15.974076826516665,-0.7913598510666613
916.6666666666667,-16.060351265638886,-0.6524024212500038
933.3333333333334,-15.926033193148706,-0.579288532354578
950.0000000000001,-16.06339852660337,-0.46263507899383877
966.6666666666667,-16.186085971288886,-0.6949653546111136
983.3333333333334,-16.179972761824644,-1.046278492620354
1000.0000000000001,-16.07297591441441,-1.3156880974474505
1016.6666666666667,-16.48259512957598,-1.0528726807858855
1033.3333333333335,-16.54497800323657,-1.309355654777002
1050.0,-16.476669631782563,-1.4036618170085013
1066.6666666666667,-14.460294994419597,0.6406921828388286
1083.3333333333335,-9.438663416791732,3.130015637146351
1100.0,-8.582550310244871,3.619587709995
1116.6666666666667,-9.458735720998774,3.9482124697364034
1133.3333333333335,-9.133370625291,4.301570337142864
1150.0,-9.386365073436712,4.55116826088044
1166.6666666666667,-9.542439416158079,4.4799333190428605
1183.3333333333335,-9.564720710466679,4.306080198277776
1200.0,-9.501711235700007,4.211726803550007
1216.6666666666667,-9.564995287390824,4.264143265677174
1233.3333333333335,-9.344627387488178,4.3660665834028105
1250.0,-9.270823780459777,4.23141236551725
1266.6666666666667,-9.364239587799993,4.528750542333331
1283.3333333333335,-9.223096872820342,4.417829230312133
1300.0,-9.132197007937307,4.293702671502415
1316.6666666666667,-8.96169228854427,4.294637109966092
1333.3333333333335,-9.020888707427774,4.453815512500005
1350.0,-9.321650348991167,4.356433144455558
1366.6666666666667,-9.464602332794653,4.345189128861628
1383.3333333333335,-9.86587776215555,4.59428881758333
1400.0,-9.822987658200004,4.650771679333334
1416.6666666666667,-9.611336373244443,4.587634866377776
1433.3333333333335,-9.06484950984937,4.55976033385582
1450.0,-8.979750899862177,4.473774565209688
1466.6666666666667,-8.971511605761314,4.494506996718944
1483.3333333333335,-9.033448896963627,4.625048870359253
1500.0,-9.03252575446667,4.6060062829166695
1516.6666666666667,-9.041791012267248,4.511328154766271
1533.3333333333335,-12.820622141407117,3.9097674362985027
1550.0,-14.930724687843927,3.4088382752042685
1566.6666666666667,-14.71483852299098,3.363196715436091
1583.3333333333335,-14.972813941645848,3.5795531136653875
1600.0,-14.779065151382692,3.4446056180047555
1616.6666666666667,-14.739662079704589,3.4378799437725593
1633.3333333333335,-14.55606518086976,3.3362148023912814
1650.0000000000002,-14.692138814814818,3.4968264523023023
1666.6666666666667,-14.728722547833328,3.538244795744439
1683.3333333333335,-14.57532593461538,3.4980191316239333
1700.0000000000002,-14.223991561830916,3.3809675433383255
1716.6666666666667,-12.820013365388357,10.269286934250305
1733.3333333333335,-64.0,-18.816000000002532
1750.0000000000002,-64.0,-36.0
1766.6666666666667,-64.0,-36.0
1783.3333333333335,-64.0,-36.0
1800.0000000000002,-64.0,-5.492746373183579
1816.6666666666667,13.06806140030002,28.19253415394462
1833.3333333333335,-36.06575940016209,17.55741708221376
1850.0000000000002,-52.891357731168554,-2.678681083710053
1866.6666666666667,1.7645741922738567,21.043811560819318
1883.3333333333335,-28.980437094201005,-8.71412219254188
1900.0000000000002,8.072513955373651,-4.985506635282336
1916.6666666666667,-10.91373812536207,-7.896218949911552
1933.3333333333335,-11.254731264333364,-4.419660751466537
1950.0000000000002,-11.17853519123333,-1.0327482709499802
1966.6666666666667,-10.969467178361112,1.3502135533333397
1983.3333333333335,-10.787288228502417,2.585105969876183
2000.0000000000002,-10.731140547797173,3.2144746532834607
2016.6666666666667,-10.628842669321138,3.6476968864560817
2033.3333333333335,-10.597387612701596,4.073496901156712
2050.0,-11.707948201933327,4.054914070416663
2066.666666666667,-11.759472565643929,4.40553187546551
2083.3333333333335,-11.60979235078012,4.362640425688176
2100.0,-11.55809346570001,4.222280748200004
2116.666666666667,-11.369113659565109,4.10966398715381
2133.3333333333335,-10.879662035780227,4.151575586519851
2150.0,-10.61787840850001,3.9248829407499968
2166.666666666667,-10.850428877366644,4.116685181427742
2183.3333333333335,-10.619167840120054,4.0690667718970595
2200.0,-10.534469374666676,4.062766605866673
2216.666666666667,-10.390992575583342,3.9126637484111217
2233.3333333333335,-10.374612474124126,4.0511188129574025
2250.0,-10.29574268679371,4.055177586024742
2266.666666666667,-10.873099795436307,4.7900070163546244
2283.3333333333335,-12.261698517316667,7.232713120433333
2300.0,-12.195153858996166,7.343485146823413
2316.666666666667,-12.36925663344461,7.649953092778057
2333.3333333333335,-12.330990237947693,7.701174103326111
2350.0,-12.41913684814815,7.7285221889889915
2366.666666666667,-12.282663339553107,7.608614561430717
2383.3333333333335,-12.232702266627768,7.64303235425555
2400.0,-12.100892049684594,7.644634181374505
2416.666666666667,-11.987915461644459,7.684866221155563
2433.3333333333335,-11.721962137532598,7.743298599001501
2450.0,-11.484671357671171,7.772885638430785
2466.666666666667,-11.412446323904717,7.887488282292195
2483.3333333333335,-11.388636702800001,7.969831908622222
2500.0,-11.396525848339175,7.948457402053086
2516.666666666667,-11.335888876817146,8.063341068954417
2533.3333333333335,-11.424072218611121,8.093126212055557
2550.0,-11.490697848037257,8.260246792614772
2566.666666666667,-12.160121499388902,8.24374286205555
2583.3333333333335,-12.30610370695904,8.115557161375136
2600.0,-11.941117774966669,8.161135362299994
2616.666666666667,-11.684813231168551,8.19810385542301
2633.3333333333335,-11.548099182198863,8.075349743315536
2650.0,-11.682636505397303,8.136478743611528
2666.666666666667,-12.280199369408376,8.220212913902749
2683.3333333333335,-12.579534118690354,8.387577514350399
2700.0,-12.847613481733346,8.44382335006667
2716.666666666667,-13.032131348022196,8.470041775733337
2733.3333333333335,-12.727883066216675,8.62141005141111
2750.0,-12.298743972636817,8.601229826865671
2766.666666666667,-12.700168549341324,8.397530810032782
2783.3333333333335,-12.748396955783447,8.19782678428659
2800.0,-12.926284491250001,8.22229817023334
2816.666666666667,-13.35137643630856,8.609112243176508
2833.3333333333335,-13.504505643700774,8.831011859803631
2850.0,-13.08556916946667,8.64667750506666
2866.666666666667,-13.606654014707509,8.598792478721261
2883.3333333333335,-13.316706418035427,8.368888574557165
2900.0,-13.279294713833321,8.217913159166661
2916.666666666667,-13.460593517473024,8.31077535385385
2933.3333333333335,-13.084902620271246,8.634039303323888
2950.0,-12.945124149831056,8.802562040605261
2966.666666666667,-13.11900005347604,9.001023214335493
2983.3333333333335,-13.238848977822292,9.080236247237524
3000.0,-13.378270582882891,9.064919411111111
3016.666666666667,-13.328605187773716,9.112581751094858
3033.3333333333335,-13.286779262646645,9.28684055564419
3050.0,-13.491973474852376,9.268906531154554
3066.666666666667,-13.311267072846915,9.22831043520462
3083.3333333333335,-13.330306181613025,9.315508383130457
3100.0,-13.482544335366669,9.372508776216668
3116.666666666667,-13.314174498882773,9.175903522077705
3133.3333333333335,-12.814394409472225,9.019419273477771
3150.0,-12.589188365066668,9.148935815200002
3166.666666666667,-12.423078178311378,9.24657274640654
3183.3333333333335,-12.95488697484591,9.320976076928202
3200.0,-13.18455487114776,9.480806735915376
3216.666666666667,-12.850913118726062,9.424616281407372
3233.3333333333335,-12.689866922483327,9.623234579972225
3250.0000000000005,-12.31215762678661,10.051370680409798
3266.666666666667,-12.546628138791712,10.368202681392646
3283.3333333333335,-12.48039528625132,10.334312175523355
3300.0000000000005,-12.732917442866661,10.397723588933312
3316.666666666667,-12.6352626163693,10.42113950837085
3333.3333333333335,-12.368431035693272,10.32423923283358
3350.0000000000005,-12.152488547000008,10.379838161083345
3366.666666666667,-11.724257873473478,10.367935835880324
3383.3333333333335,-11.677606933616651,10.389704023966646
3400.0000000000005,-11.301558107459215,10.187358179020972
3416.666666666667,-11.050587731512026,10.229098791048928
3433.3333333333335,-10.986255980248147,10.11701226622155
3450.0000000000005,-10.809037717233322,9.977041821183311
3466.666666666667,-10.905194387057383,9.893166526862027
3483.3333333333335,-10.71842766641124,9.711380002543173
3500.0000000000005,-10.876596750733327,9.708145498066663
3516.666666666667,-11.435068639797677,9.804856090100602
3533.3333333333335,-11.931716884590307,9.5249149010332
3550.0000000000005,-11.928149665601069,9.541174822877123
3566.666666666667,-11.520575209954401,9.753190904159718
3583.3333333333335,-11.437255444933578,9.599161131437935
3600.0000000000005,-11.737763794252881,9.349061111810753
3616.666666666667,-11.810024800922232,9.219643953094431
3633.3333333333335,-11.87063455406592,8.982496200633657
3650.0000000000005,-11.748307770666658,8.906543987133306
3666.666666666667,-11.606633638013443,8.715895280629205
3683.3333333333335,-11.654273948379744,8.626182955661161
3700.0000000000005,-11.618060488033334,8.64329322486666
3716.666666666667,-11.70142748282525,9.039390897706703
3733.3333333333335,-11.876053209927777,8.830483412655559
3750.0000000000005,-12.117870674266653,8.987723043183331
3766.666666666667,-11.883339926281856,9.307811202947386
3783.3333333333335,-12.037305483555556,9.555639448105557
3800.0000000000005,-11.885170789750017,9.518639056216704
3816.666666666667,-11.467980172491524,9.359521504070198
3833.3333333333335,-11.733370196024211,9.533193347914931
3850.0000000000005,-11.901441211889267,9.458212106069704
3866.666666666667,-11.881425664595477,9.41136935550559
3883.3333333333335,-11.688506347783305,9.265071262034274
3900.0000000000005,-11.402263979599997,8.827434802233332
3916.666666666667,-10.809854264336831,8.652564513230145
3933.3333333333335,-11.252448426207556,8.967014097787782
3950.0000000000005,-11.556358772238918,9.137371287420763
3966.666666666667,-11.728796111994873,9.055101778316933
3983.3333333333335,-11.558796753176583,8.85318297276416
4000.0000000000005,-11.554113712308721,8.189788952095801
4016.666666666667,-11.18642264615555,6.195965663444435
4033.3333333333335,-64.0,24.04183759963737
4050.0000000000005,-64.0,-36.0
4066.666666666667,-64.0,-36.0
4083.3333333333335,-64.0,-36.0
4100.0,-64.0,-36.0
4116.666666666667,-64.0,-36.0
4133.333333333334,6.293087186549698,0.2581788453643926
4150.0,-64.0,0.0
4166.666666666667,0.7840316830814542,22.88668162833063
4183.333333333334,-7.661735056019733,7.238657630488847
4200.0,-22.36746463486708,-10.4228624014997
4216.666666666667,-12.734353902977936,-3.7740529939440974
4233.333333333334,-13.240658725490494,-0.7245254734254793
4250.0,-13.284502457708959,0.39224424975024946
4266.666666666667,-12.69680696698317,0.42950318360820217
4283.333333333334,-12.603107655388895,1.5306234148888955
4300.0,-12.5096295509,1.8224443640499997
4316.666666666667,-12.427485039887616,1.4000610874088917
4333.333333333334,-12.122270114801818,1.0302581901728807
4350.0,-12.060682448575712,1.2167666760786238
4366.666666666667,-11.967213444772549,1.2305518611166715
4383.333333333334,-11.742913967589372,1.180379545800674
4400.0,-11.78289277884652,1.1525967029975388
4416.666666666667,-12.109053074720698,1.2996997673781367
4433.333333333334,-12.621664409700712,1.3671887424288074
4450.0,-12.59850279253731,1.6641334028192292
4466.666666666667,-12.48239625466667,1.6461631860000023
4483.333333333334,-12.404779688149999,1.6039284366222217
4500.0,-12.45476005109112,1.4559169110111616
4516.666666666667,-12.362433513444445,1.6198377760999974
4533.333333333334,-12.115442793588848,1.9610237113055657
4550.0,-12.288053754456103,2.097339968165918
4566.666666666667,-12.46480414535044,2.0967186478183524
4583.333333333334,-15.236529430867915,2.005897449153167
4600.0,-15.440522117283333,1.507728758383334
4616.666666666667,-15.66144716196026,1.7224833705072973
4633.333333333334,-15.59068174920157,1.622196371685299
4650.0,-15.589746208350013,1.7048273076000084
4666.666666666667,-15.512290603922223,1.910948667311125
4683.333333333334,-15.550995510950093,2.0915976844633444
4700.0,-15.61515793091667,2.2309765374166677
4716.666666666667,-15.967389566155566,1.929220483377787
4733.333333333334,-16.307333961000015,1.7827884516388839
4750.0,-16.35198554864099,1.4992723598799433
4766.666666666667,-16.284954194777775,1.6185604303333416
4783.333333333334,-16.345825360075455,1.7645597232828305
4800.0,-16.217767458876114,1.8252053804597808
4816.666666666667,-16.49175074962001,2.0119488428801255
4833.333333333334,-11.817011754132627,1.0869126912002542
4850.0,-3.013937546836946,0.6859837844600616
4866.666666666667,-1.5883761983682736,0.4440591262071244
4883.333333333334,-1.5432938250430455,0.4470574428452502
4900.0,-2.1308572330666555,0.5608986949333129
4916.666666666667,-2.222166947924306,0.7179826929126468
4933.333333333334,-2.662864275511347,0.6419587819790029
4950.0,-2.788730762506268,0.8291232928487896
4966.666666666667,-2.69536823001442,0.7956068438672467
4983.333333333334,-2.8548571982602584,0.6324735820020848
5000.0,-3.0230094773553406,0.1730872303985419
5016.666666666667,-3.247056397080703,0.1403628269397444
5033.333333333334,-3.21018960548056,0.18610772839757644
5050.0,-3.0384172560780587,0.37002543555111983
5066.666666666667,-3.1826751728388927,0.806972347916662
5083.333333333334,-3.3233874839586535,1.2392719094325106
5100.0,-3.217885010460462,1.299907158658661
5116.666666666667,-2.801213992052386,1.1160347257575762
5133.333333333334,-11.47986517497914,3.1627565741852877
5150.0,-15.782622291575098,6.158113238461536
5166.666666666667,-16.30278623051115,6.80803435472223
5183.333333333334,-16.635639064944822,6.9350464496433695
5200.0,-17.176493188533343,6.523359682600025
5216.666666666667,-16.828231036226335,5.865800987928256
5233.333333333334,-16.470163362851736,5.756706868223769
5250.0,-16.34831587653333,5.8317567723999995
5266.666666666667,-16.12631517273028,5.899171579488037
5283.333333333334,-15.953529980177777,5.719044497233359
5300.0,-16.831980823990644,5.966180012112122
5316.666666666667,-16.879503378417308,5.529637647697701
5333.333333333334,-16.880111710644456,5.3386813059555625
5350.0,-17.592647326239366,5.944380259823068
5366.666666666667,-16.97037709350792,6.4371799863473225
5383.333333333334,-16.390496501078854,6.383616633900556
5400.0,-17.32989269416952,6.156942735532244
5416.666666666667,-18.035580746919774,6.066224985703188
5433.333333333334,-18.305619718437022,6.190882893935859
5450.0,-18.197675217381903,6.13111345660345
5466.666666666667,-18.026915008993388,5.947792048413086
5483.333333333334,-18.53057432195561,6.202498617066669
5500.0,-19.05977813989999,6.160832039366672
5516.666666666667,-18.88861101253331,6.104135001466661
5533.333333333334,-18.81524059555557,6.0031811365777665
5550.0,-18.382987306069708,6.3281758344172045
5566.666666666667,-18.4676307934634,6.383983927352563
5583.333333333334,-18.455260694682096,6.133523815444986
5600.0,-18.213086419090455,6.0710653217557855
5616.666666666667,-18.177576342302142,6.1389801673715105
5633.333333333334,-18.52992200895524,5.976809910558304
5650.0,-18.778498724066637,5.874589697400003
5666.666666666667,-19.093523878671768,5.568332693542114
5683.333333333334,-19.32630911704742,5.4379413377244425
5700.0,-19.43427012718642,5.444379843461593
5716.666666666667,-10.68976139216645,5.841792899700012
5733.333333333334,-2.4807168119320164,5.6641011738558635
5750.0,-1.6406088059029516,5.750764873820242
5766.666666666667,-1.6692100957243603,6.030291552312731
5783.333333333334,-1.6875713349911239,5.809879585412527
5800.0,-1.9914593903766442,5.856182944483162
5816.666666666667,-2.1803231501547993,5.90732865745614
5833.333333333334,-2.510879001137189,5.853521727248
5850.0,-2.4828177929736825,5.686638161771573
5866.666666666667,-2.264839594372294,5.448103049483832
5883.333333333334,-2.418371858066643,5.4198341931555705
5900.0,2.5733856588326867,7.207161049416454
5916.666666666667,-64.0,36.0
5933.333333333334,-64.0,-36.0
5950.0,-64.0,-36.0
5966.666666666667,-64.0,-36.0
5983.333333333334,-64.0,-36.0
6000.0,-64.0,-36.0
6016.666666666667,-64.0,-36.0
6033.333333333334,-54.2244455560989,-36.0
6050.0,-63.2007652842894,8.250655600996181
6066.666666666667,0.0,36.0
6083.333333333334,-1.7837253383443712,36.0
6100.0,-12.619340371435644,34.20069658135743
6116.666666666667,-15.90963446135323,20.216390102806088
6133.333333333334,-57.62528829905598,-8.266205663201177
6150.0,-46.27492603837278,-7.874196471951886
6166.666666666667,-26.590267122316785,-3.2789823106996394
6183.333333333334,-26.536833598286318,-1.1615528634284102
6200.0,-27.168589544488846,4.290224128637981
6216.666666666667,-26.763275092083322,6.982184689100016
6233.333333333334,-26.472568025808002,8.855670176578826
6250.0,-25.92899224101281,9.609971725120772
6266.666666666667,-26.896859389900527,9.404552195997987
6283.333333333334,-27.047202993983337,10.313783417111116
6300.0,-26.780999297295942,11.18929513391754
6316.666666666667,-23.097119336824367,10.016437230977962
6333.333333333334,-18.778002686444257,7.02769064822218
6350.0,-18.275398434499998,6.974254758616659
6366.666666666667,-18.256855403436653,6.607322911729936
6383.333333333334,-18.38986824316798,6.439673625596635
6400.0,-18.57577848771932,6.980459547049435
6416.666666666667,-18.553921926777775,7.064568013749998
6433.333333333334,-18.606576381650264,7.274922191887842
6450.000000000001,-19.113520023311658,7.038836928781052
6466.666666666667,-19.357940048009336,7.23510635769338
6483.333333333334,-19.072013887777782,7.233485166111115
6500.000000000001,-18.560005690266628,7.155214483599988
6516.666666666667,-18.20481157757212,7.11275692413984
6533.333333333334,-18.196059587206406,6.672811546954302
6550.000000000001,-18.543444088255903,6.614465436931517
6566.666666666667,-18.80543645512221,6.363670715500007
6583.333333333334,-18.53755848450556,6.5026185281166695
6600.000000000001,-18.632056667582887,6.667564015758811
6616.666666666667,-18.482409942590746,6.931777807797761
6633.333333333334,-18.597979082787816,7.05279033071701
6650.000000000001,-19.094425037681177,6.560124591304353
6666.666666666667,-19.339446642212227,6.53506898987173
6683.333333333334,-19.847835840388882,6.702422513388882
6700.000000000001,-13.848584169633222,7.124151438233349
6716.666666666667,-13.014090421933362,7.350764488811132
6733.333333333334,-13.2306488309266,7.408573443760766
6750.000000000001,-13.300350507459157,7.397385299766939
6766.666666666667,-13.450597367539325,7.30438577051304
6783.333333333334,-13.840044816763863,7.132429150319288
6800.000000000001,-14.52128340575818,6.782177495776399
6816.666666666667,-14.621232404538885,6.885395283972212
6833.333333333334,-14.600177760855525,6.8009999894111175
6850.000000000001,-15.201258579254075,6.681226262354296
6866.666666666667,-14.734449074037006,6.687591729603713
6883.333333333334,-14.226535578278527,6.784420848945642
6900.000000000001,-14.481317487599974,6.790605444533368
6916.666666666667,-14.542045315369602,6.816880105681818
6933.333333333334,-14.3613588396111,6.671537897583336
6950.000000000001,-13.683159901468857,6.454734759422472
6966.666666666667,-13.68016455217778,6.584262578011114
6983.333333333334,-14.127596831822249,6.8211349459111235
7000.000000000001,-14.504517075141864,6.912804525825838
7016.666666666667,-14.574184364749435,6.976258764920711
7033.333333333334,-14.177877974351603,6.92310546712122
7050.000000000001,-13.726976310121685,7.009414069734859
7066.666666666667,-13.692112202355553,7.104775990533325
7083.333333333334,-14.127718034144038,7.244053473946337
7100.000000000001,-13.943116622061016,7.374724144222134
7116.666666666667,-13.788688892219998,7.25929996792342
7133.333333333334,-13.56639213995224,7.355256026531172
7150.000000000001,-13.309285603750002,7.3762686341667
7166.666666666667,-13.462675743783688,7.298627930018317
7183.333333333334,-13.871004610760926,7.277786201167238
7200.000000000001,-13.97522259604606,7.175974207157179
7216.666666666667,-13.827626951402067,7.177779210766826
7233.333333333334,-13.67844092044946,7.05319563768844
7250.000000000001,-13.749043845522776,7.375409259829898
7266.666666666667,-14.004985466439011,7.51367332011773
7283.333333333334,-14.4150054122023,7.677038091281708
7300.000000000001,-14.949886396153861,8.04693194615384
7316.666666666667,-15.133413620224207,7.973353161527356
7333.333333333334,-14.626607880362391,8.05225372535712
7350.000000000001,-14.413108450949037,7.8099055041458225
7366.666666666667,-14.282447067488478,7.436900418157588
7383.333333333334,-14.16445510816663,7.204269661888885
7400.000000000001,-14.083413520016668,7.387168476949993
7416.666666666667,-13.479869016361112,7.382891129499998
7433.333333333334,-13.9828703383889,7.388391625805563
7450.000000000001,-14.64907873600004,7.9727917055667366
7466.666666666667,-14.55962352071188,8.4528731162752
7483.333333333334,-14.409391051851811,8.59772236641124
7500.000000000001,-14.218563864382187,8.848318049441367
7516.666666666667,-14.084917786120812,8.79595321042326
7533.333333333334,-13.80019709832421,8.632581627548264
7550.000000000001,-13.740267945199722,8.868469146592842
7566.666666666667,-13.658346040564727,8.792986962748042
7583.333333333334,-13.4400559636303,9.119328249204766
7600.000000000001,-13.596036797669003,8.95420496177156
7616.666666666667,-13.732293630077793,8.798177450644454
7633.333333333334,-13.685695599366356,8.403115762114393
7650.000000000001,-13.65891540828741,8.557396534016995
7666.666666666667,-17.135954654825937,7.054115552470976
7683.333333333334,-18.558391862349996,6.274212003677777
7700.000000000001,-18.618829987356296,6.056925932866899
7716.666666666667,-19.212136639271222,5.979115954274089
7733.333333333334,-19.343160222044524,5.832339074751514
7750.000000000001,-19.184662041654185,5.832039250258445
7766.666666666667,-18.950218620827076,5.542014628186312
7783.333333333334,-18.952374356692737,5.596638872496807
7800.000000000001,-19.292457235200057,5.621824982000006
7816.666666666667,-19.34056011527778,5.389838301299979
7833.333333333334,-19.520406533590183,5.434333502382518
7850.000000000001,-19.675683457878936,5.378064089144588
7866.666666666667,-19.875041091747295,5.286977389011241
7883.333333333334,-19.97590472300568,5.155886140513384
7900.000000000001,-19.897905497297327,5.206767584684661
7916.666666666667,-19.88227823099855,4.94959774262231
7933.333333333334,-19.711006195688874,4.885314326288883
7950.000000000001,-19.562470186553174,4.996654589522759
7966.666666666667,-19.645609001150575,4.850877642860314
7983.333333333334,-19.76819202598702,4.665046431945134
8000.000000000001,-20.76170403815005,4.17760334936657
8016.666666666667,-23.466393773435502,2.6567266720306404
8033.333333333334,-23.567858242410093,1.5099755032349498
8050.000000000001,-23.935861213416697,1.1484679047333008
8066.666666666667,-24.511136668791014,0.8970997008063637
8083.333333333334,-24.8722771034722,0.7102827437499857
8100.000000000001,-25.160942646833732,0.3507824823558322
8116.666666666667,-25.065123950678856,-0.3909917619285124
8133.333333333334,-24.950262675333313,-0.6317945876000043
8150.000000000001,-24.848686355144242,-0.49644258852761103
8166.666666666667,-25.726568606520896,-0.3180524922272262
8183.333333333334,-26.126250129826015,0.00317941102774965
8200.0,-26.599386641102743,0.11856333714283318
8216.666666666668,-26.8841194996328,0.07775075863238173
8233.333333333334,-27.488781952533355,-0.006731289066664481
8250.0,-28.164487140133378,-0.001749829366604172
8266.666666666668,-28.345948537995866,-0.46005480020031375
8283.333333333334,-28.44445419931632,-0.6048292154966339
8300.0,-28.624266515290966,-0.9379410237452007
8316.666666666668,-29.113084120275435,-1.0234962931696328
8333.333333333334,-28.376781998349813,-0.9828764847110811
8350.0,-15.163225069731693,3.870945682758618
8366.666666666668,-7.174536492462376,8.38104934414352
8383.333333333334,-7.4263405341389435,9.129819704366676
8400.0,-7.79455289547279,9.443386409610659
8416.666666666668,-9.117604969422354,9.36847567408884
8433.333333333334,-9.294711269851641,9.051659965393775
8450.0,-9.789029719370976,9.050928699534028
8466.666666666668,-10.287323133333512,8.996452422799086
8483.333333333334,-10.357679338886133,8.84143406960406
8500.0,-10.1808573992,8.665806750366666
8516.666666666668,-10.07110530127751,8.753704639527632
8533.333333333334,-10.04733931223771,8.87505448545397
8550.0,-10.877462278722712,9.202554518242449
8566.666666666668,-10.812870027730519,9.225432735823475
8583.333333333334,-10.747884934666668,9.225025203022229
8600.0,-10.54721303058335,9.175483539333325
8616.666666666668,-9.934935060355599,9.110024431500035
8633.333333333334,-9.437891160911516,8.968548294189402
8650.0,-9.363588276673235,9.07144409978569
8666.666666666668,-3.7347187300723235,10.009995916735033
8683.333333333334,-4.909968380772931,33.23814278581523
8700.0,-64.0,-36.0
8716.666666666668,-64.0,-36.0
8733.333333333334,-64.0,-36.0
8750.0,-64.0,-36.0
8766.666666666668,-64.0,-36.0
8783.333333333334,-5.1811049908226465,-0.6063295029770472
8800.0,-1.5292863605843643,36.0
8816.666666666668,-2.8833998950268747,36.0
8833.333333333334,-1.785051865798843,34.677011813589715
8850.0,0.9796768675826091,25.36951928551476
8866.666666666668,-30.8178841245965,0.42730571308795007
8883.333333333334,12.596715265778489,5.608889163556482
8900.0,17.418066338782275,-0.9928847740054251
8916.666666666668,19.76008143687794,-5.820001698633444
8933.333333333334,-1.5613931946748139,-7.58165026769497
8950.0,-2.7897606911455832,-4.477763506219726
8966.666666666668,-3.7552787857222465,-0.1377604914442804
8983.333333333334,-2.44683842087868,1.721155556593233
9000.0,5.932977897199682,1.3434580562667533
9016.666666666668,8.107195339363685,1.8121549544007143
9033.333333333334,8.607141415555562,2.880702316666681
9050.0,8.693221195951557,3.6632159906421213
9066.666666666668,9.040058054633787,3.87486702253873
9083.333333333334,8.937086678083345,3.6536289841444476
9100.0,9.040929575141847,3.266180171004343
9116.666666666668,9.101014933333312,3.1862220370370005
9133.333333333334,9.267480412876017,3.214722927805527
9150.0,9.63593216899999,3.166343929916655
9166.666666666668,9.778066245083002,3.101170804092445
9183.333333333334,10.612806623496398,3.0992877265787495
9200.0,11.357116629333339,3.1936769945000094
9216.666666666668,10.097483874069482,2.1913234820412772
9233.333333333334,-7.292456180200978,6.565847101657814
9250.0,-14.180511949150876,8.270326390309691
9266.666666666668,-14.504070505414386,8.207312431690728
9283.333333333334,-13.766211993904994,7.848144533922831
9300.0,-12.700788309645214,7.764017573246736
9316.666666666668,-12.870061496042675,7.487817239380814
9333.333333333334,-12.837208268559195,7.760078280303014
9350.0,-12.933242422372158,7.461717756738292
9366.666666666668,-12.76856805794205,7.502976136951937
9383.333333333334,-12.810308163838885,7.515943248688894
9400.0,-13.0933650824088,7.6900826510078355
9416.666666666668,-13.003691341349988,7.645285387794435
9433.333333333334,-12.963759952577767,7.597104403466663
9450.0,-12.868820558570723,7.469369474446121
9466.666666666668,-12.665207193177354,7.064622280980177
9483.333333333334,-12.097948481573871,7.1477753628706
9500.0,-11.971870137066674,7.396509264533352
9516.666666666668,-12.413451914885744,7.819222385248638
9533.333333333334,-13.168331806371368,7.8867637683760625
9550.0,-12.922891284607713,7.862368109645183
9566.666666666668,-12.51932844264444,7.66591597722222
9583.333333333334,-11.999701013122749,7.523574215688551
9600.0,-11.541206596945013,7.062673328309583
9616.666666666668,-11.731482322755552,6.83812474542777
9633.333333333334,-12.262514801967002,6.90321758101525
9650.0,-12.16036228847243,6.683486528285861
9666.666666666668,-12.053936718962769,6.392259380737411
9683.333333333334,-11.882521991895924,6.257007404791278
9700.0,-11.67321019086667,5.930074572299997
9716.666666666668,-11.696328467094945,5.819193390324446
9733.333333333334,-11.638735417236928,5.6179498659211315
9750.0,-11.757625533333332,5.447040546206894
9766.666666666668,-12.112861186305503,5.408641455900028
9783.333333333334,-12.19132647923477,5.371044968034696
9800.0,-12.38006707467069,5.460601995314328
9816.666666666668,-12.718153046439891,5.3403837126285305
9833.333333333334,-12.607227013849437,5.010198169669685
9850.0,-12.577229547923995,4.622648595831235
9866.666666666668,-12.20455160453333,4.356480009899987
9883.333333333334,-11.70198287484151,4.122945023078638
9900.0,-11.319728005860824,3.9043160034299023
9916.666666666668,-11.182478055555583,3.6563535647343057
9933.333333333334,-11.434101043040299,3.2957393198357106
9950.0,-11.469579655212376,3.0003297189061158
9966.666666666668,-11.359222814675949,2.9598990254428132
9983.333333333334,-11.115673192240564,2.7144711110055035
10000.0,-10.771220402305747,2.633706914807408
10016.666666666668,-10.647512457959843,2.209565185140738
10033.333333333334,-10.851512129995305,1.8750813352340239
10050.0,-11.170588025141546,1.2265647942723887
10066.666666666668,-11.680897276888397,1.1494257518759254
10083.333333333334,-11.845838936666704,1.1939826073333268
10100.0,-12.110497660062878,1.0391948808507399
10116.666666666668,-12.240656229794398,0.6322468966943213
10133.333333333334,-12.164618006711102,0.6418766128444452
10150.0,-12.359860076533307,0.5545982208000284
10166.666666666668,-12.565370560916644,0.4190332554999804
10183.333333333334,-12.91107861125011,0.1581535862931292
10200.0,-12.54736612214452,0.15888004475524167
10216.666666666668,-12.261252498750643,0.052642561569932515
10233.333333333334,-11.85673883326662,-0.3642861238508505
10250.0,-11.608270820139927,-0.45101991497584404
10266.666666666668,-11.428804648655555,-0.7661140147000319
10283.333333333334,-11.438077917119239,-0.8619907274030255
10300.0,-11.705760818409212,-1.136470927213602
10316.666666666668,-11.867702782719078,-1.384812366819676
10333.333333333334,-11.904094710450352,-1.4173727022766303
10350.0,-11.858561461191789,-1.3479763165081011
10366.666666666668,-11.62524034960814,-1.4979267559723988
10383.333333333334,-11.554224589911108,-1.5148953773333358
10400.0,-11.599153941441442,-1.484338527927919
10416.666666666668,-11.614179625853717,-1.4616417487811724
10433.333333333334,-11.527551636224207,-1.677024497671819
10450.0,-11.395715495864573,-1.7035948680506752
10466.666666666668,-11.289433474355548,-1.5442515271333337
10483.333333333334,-11.65752437528889,-1.4253851047555635
10500.0,-11.825756341595739,-1.5767235185778707
10516.666666666668,-11.204211557772199,-1.5268179278444343
10533.333333333334,-11.169538006977787,-1.3522487329110946
10550.0,-11.438064618845642,-1.4001514808050555
10566.666666666668,-11.444998935873542,-1.3134055802178755
10583.333333333334,-11.689351897905544,-1.3505523925166927
10600.0,-11.740546082933331,-1.2508448173333295
10616.666666666668,-11.762795723733372,-1.186557630322275
10633.333333333334,-11.625596589066959,-1.25770194026382
10650.0,-15.575563094533422,-0.33360903230298944
10666.666666666668,-19.187025836132086,0.43245791510605675
10683.333333333334,-19.523082631841902,0.6477288627300728
10700.0,-19.454318667334352,0.5936706037389663
10716.666666666668,-19.61608437217228,0.6000751545121256
10733.333333333334,-19.587777200161,0.3052931970014817
10750.0,-19.59272738258258,0.18298271451452544
10766.666666666668,-19.19589961871109,-0.0690456371444481
10783.333333333334,-19.05447862228889,0.0033678831222290814
10800.0,-18.997142954871066,-0.12491249346921465
10816.666666666668,-19.180312930027764,0.17030074769445183
10833.333333333334,-19.254566290925695,0.19476944693637022
10850.0,-19.38761540754619,0.0816245728635276
10866.666666666668,-19.744422930200002,0.2332267320333356
10883.333333333334,-19.77826037797199,0.24486761790986836
10900.0,-19.812543696865077,0.25483921278971866
10916.666666666668,-19.736155684942453,0.30057958659884654
10933.333333333334,-19.443108751543985,0.21605175457630676
10950.0,-19.509407731113345,0.32282611022202157
10966.666666666668,-19.328215592827757,0.42692561254444933
10983.333333333334,-19.166027213991764,0.5418720691357984
11000.0,-18.505361450166674,0.7448479715000016
11016.666666666668,-18.897067880264352,0.9906200403097266
11033.333333333334,-19.74676113582534,1.9554260151460001
11050.0,-11.44015119960085,25.53435042769709
11066.666666666668,-64.0,-36.0
11083.333333333334,-64.0,-36.0
11100.0,-64.0,-36.0
11116.666666666668,-64.0,-36.0
11133.333333333334,-64.0,-36.0
11150.0,-64.0,-36.0
11166.666666666668,-64.0,-36.0
11183.333333333334,-61.087778307264315,10.48800000000847
11200.0,0.0,1.5307653826757777
11216.666666666668,-9.246316285287419,21.462108163647752
11233.333333333334,-11.33439381400707,17.752588123850877
11250.0,-39.814613960340466,-6.48985788706385
11266.666666666668,-32.450222162127716,-7.729666862299989
11283.333333333334,-31.614575109406413,-4.136663464045707
11300.0,-30.967081042857142,-1.2285174047620822
11316.666666666668,-30.12675510036083,0.052059646232480286
11333.333333333334,-29.640852773831337,0.9752217216720056
11350.0,-29.46406429369369,1.6887885423423388
11366.666666666668,-28.959270872750018,1.8669100775431147
11383.333333333334,-28.8034485877889,1.8051422884333195
11400.0,-28.218877634501172,1.9523914544044296
11416.666666666668,-28.242442354659843,2.2845650366957946
11433.333333333334,-28.558118029427828,2.144118780455525
11450.0,-28.94506905366016,2.186652922094383
11466.666666666668,-29.018870862922217,2.275677852111117
11483.333333333334,-29.116140382399998,2.24536541911111
11500.0,-29.361952416458422,2.1018603083291696
11516.666666666668,-29.911863174818162,2.2101039873396315
11533.333333333334,-30.236242818059047,2.055772111728098
11550.0,-30.06796086386666,1.6983756582666552
11566.666666666668,-29.83043476106107,1.3622274852741811
11583.333333333334,-30.018591654211146,1.522959878566661
11600.0,-30.274383158104726,1.7618450216126407
11616.666666666668,-30.4057176771884,1.9806332133133397
11633.333333333334,-30.971407427483705,2.232990649117549
11650.0,-31.130761306166672,2.1598357721000028
11666.666666666668,-29.930489588082708,2.2720419480129106
11683.333333333334,-10.841803513886191,2.811162506160826
11700.0,1.4544746381688731,3.6245505346839906
11716.666666666668,2.693288010088391,3.3976384349341218
11733.333333333334,3.237661892944441,3.2022425571944426
11750.0,2.6910195565535275,3.1370283697937587
11766.666666666668,1.5116995755954794,3.6951458441779517
11783.333333333334,0.9663244682897062,3.8518135684619983
11800.0,1.576691289703786,3.9896058976257693
11816.666666666668,1.782851096542341,4.264300740054402
11833.333333333334,1.4639467023960813,4.397290895564496
11850.0,1.625219104969131,4.564048741237286
11866.666666666668,1.6465669590239596,4.641167495686749
11883.333333333334,1.6329969464396885,4.678121590310434
11900.0,1.3012476381899611,4.850943560334824
11916.666666666668,1.0803075092581649,4.703448204913094
11933.333333333334,1.0396882932311706,4.465806241507026
11950.0,0.9701609769884819,4.205873252759719
11966.666666666668,0.4050225218508636,3.796066902432817
11983.333333333334,0.3619361823255107,3.5615746951135616
12000.0,0.6380441506920099,3.551565308270763
12016.666666666668,0.2826205708532635,3.5082801231879146
12033.333333333334,-3.3833471272730207,4.827919001731647
12050.0,-9.88386854174577,5.659104889988325
12066.666666666668,-10.852320511133337,5.841941264656575
12083.333333333334,-11.127289928085936,6.105914168909996
12100.0,-10.743393541312676,6.142214280359824
12116.666666666668,-10.404329553348814,6.068903193324435
12133.333333333334,-10.246274375602194,6.3817772002330795
12150.0,-10.152387690492901,6.46605213196323
12166.666666666668,-10.119674564000018,6.7867179644444855
12183.333333333334,-9.812613219359712,6.782883188221919
12200.0,-10.02565751055253,6.746720884851482
12216.666666666668,-10.052071842399977,6.9558993149333626
12233.333333333334,-10.162562021616653,7.18583362669443
12250.0,-3.0745555011969365,28.59529319752182
12266.666666666668,-64.0,-36.0
12283.333333333334,-64.0,-36.0
12300.0,-64.0,-36.0
12316.666666666668,-64.0,-36.0
12333.333333333334,-64.0,-36.0
12350.0,-64.0,-36.0
12366.666666666668,-64.0,-36.0
12383.333333333334,0.0,-36.0
12400.0,-1.0739318482365616,21.796300553704704
12416.666666666668,0.0,36.0
12433.333333333334,0.0,36.0
12450.0,-3.5735805942809513,32.08515045536091
12466.666666666668,-7.648298509303518,21.84300601126094
12483.333333333334,-6.5570919592153345,6.5888095498599135
12500.0,-0.29973993311875136,2.6757622101900083
12516.666666666668,-6.466434483687214,-7.209571423132653
12533.333333333334,-23.960398818997355,-13.609891119499496
12550.0,-13.774204526166676,-8.006018165833726
12566.666666666668,-14.023735783666634,-3.339284407155577
12583.333333333334,-14.05170908282223,-0.45299416265552894
12600.0,-13.716892068065983,1.0241321603698197
12616.666666666668,-13.423966681698106,2.771592362518819
12633.333333333334,-13.25831480412538,4.049441564052622
12650.0,-13.067091343083328,4.7808567455500155
12666.666666666668,-12.879893563657063,4.94767354089628
12683.333333333334,-13.281305176533346,5.214729739911087
12700.0,-13.576667657083256,5.292969265416691
12716.666666666668,-13.372737235620113,5.211225144522306
12733.333333333334,-13.547355643104227,5.110032796146145
12750.0,-13.86677845249038,5.389883970881216
12766.666666666668,-14.250945460755544,5.7076981408278
12783.333333333334,-14.261687309423065,6.1576148030928985
12800.0,-14.401359269651723,6.345068247263657
12816.666666666668,-14.128247839344438,6.275009575366687
12833.333333333334,-13.796452258326422,6.280165810701004
12850.000000000002,-13.917126443155043,6.472451278305823
12866.666666666668,-14.116406254593922,6.623091399849942
12883.333333333334,-13.791320459695834,6.270829481346438
12900.000000000002,-13.594058006100042,6.214003856150027
12916.666666666668,-8.493731697712503,6.911449028771157
12933.333333333334,3.3254645174112176,7.3078548692499785
12950.000000000002,4.837669346550066,6.34083242008328
12966.666666666668,3.7370602985366266,6.4794161626552444
12983.333333333334,3.0407438191818494,6.640426237602146
13000.000000000002,2.379585771802577,6.753541823611781
13016.666666666668,2.8022263404651095,6.47276829368962
13033.333333333334,3.307077818666723,6.070857299611079
13050.000000000002,3.9776184721333823,5.828326494066717
13066.666666666668,4.135446443933065,5.831894839808776
13083.333333333334,4.3073752456388865,5.638218694694445
13100.000000000002,4.184673678209016,5.792722132636806
13116.666666666668,3.8438504730696783,5.804872863154996
13133.333333333334,4.187122550600015,6.320261045377778
13150.000000000002,4.015167366750085,6.366554175279539
13166.666666666668,3.2742149341439695,6.3891708568604475
13183.333333333334,2.9209216401577502,6.301091314620522
13200.000000000002,2.9326984969046035,6.3954625439008055
13216.666666666668,3.2238827809777777,6.434932083422229
13233.333333333334,3.244810137499937,6.512649941111112
13250.000000000002,2.37256787333321,6.661104909166676
13266.666666666668,1.3972863397730715,6.6863818176843
13283.333333333334,1.0475021087345429,6.585537665994778
13300.000000000002,0.9559080842999613,6.544625891600012
13316.666666666668,0.8607089338029764,6.847983463296266
13333.333333333334,1.0568143184981444,6.647325023939757
13350.000000000002,-0.6835988028350197,6.25935083425025
13366.666666666668,-7.2569591869177374,4.077121689128276
13383.333333333334,-9.602465220249995,2.7148929563
13400.000000000002,-9.746362028685201,2.8941023768791445
13416.666666666668,-9.374331005230403,2.8650270819187225
13433.333333333334,-9.304907668593442,3.0212025634349593
13450.000000000002,-9.08129774560007,2.933593884000145
13466.666666666668,-8.880709081873727,2.754407127028566
13483.333333333334,-8.765338451412525,2.9596444665610346
13500.000000000002,-8.318541702701284,3.0642221118279824
13516.666666666668,-8.206361436127777,3.011460359666677
13533.333333333334,-8.002109195245726,3.0356435331997886
13550.000000000002,-8.162144220416664,3.036711950833308
13566.666666666668,-8.255031377344867,3.070354929592655
13583.333333333334,-8.256716009777781,3.124493897333333
13600.000000000002,-8.313873795064186,3.0237014002667935
13616.666666666668,-8.362618536592834,3.070654055350055
13633.333333333334,-8.425087279934425,3.0554207907787365
13650.000000000002,-8.476289357788739,2.9360925405481044
13666.666666666668,-8.696354716630578,2.936642988938905
13683.333333333334,-8.620446955711156,2.744801789100073
13700.000000000002,-8.447986515497671,2.5593894073813868
13716.666666666668,-8.411320591082223,2.3504859688600255
13733.333333333334,-8.267768227055578,2.1313460007499874
13750.000000000002,-8.42201329578345,2.0787595695725942
13766.666666666668,-8.520374446455564,2.209293826199999
13783.333333333334,-8.451411301133906,2.3191503284364496
13800.000000000002,-8.298498784759015,2.6742845949642002
13816.666666666668,-8.1850311259222,2.9752152944888994
13833.333333333334,-7.88616250292276,3.1472812425933543
13850.000000000002,-8.020432821539222,3.378327712377145
13866.666666666668,-7.979180634143667,3.506858331734946
13883.333333333334,-8.050589480101161,3.865963505719521
13900.000000000002,-8.117983442282396,3.7377514661342
13916.666666666668,-10.885212702083399,6.194233082916615
13933.333333333334,-10.779741725757573,6.176814973737351
13950.000000000002,-10.70371648933269,6.596095178698647
13966.666666666668,-10.492027134860363,6.640937501238169
13983.333333333334,-10.667642385355297,6.593123627514256
14000.000000000002,-10.801648240000063,6.4678531466666715
14016.666666666668,-10.543358182411543,6.467601179527213
14033.333333333334,-10.435432361441864,6.49701220002778
14050.000000000002,-10.449611502884887,6.5136166885610045
14066.666666666668,-10.41360942573157,6.58060569752901
14083.333333333334,-10.273375318755551,6.619278086488891
14100.000000000002,-10.13995865488701,6.390464872717976
14116.666666666668,-10.328786912433998,6.481593365838474
14133.333333333334,-10.64209511220501,6.497863480265421
14150.000000000002,-10.747630364266643,6.440890784799983
14166.666666666668,-11.354028102075683,6.355992791208731
14183.333333333334,-11.565455582974824,6.589861129620372
14200.000000000002,-11.2550427288811,6.81671226945137
14216.666666666668,-11.25678293608489,6.751505072589669
14233.333333333334,-11.17862586202222,6.689627585994441
14250.000000000002,-11.125229579606488,6.568281135784528
14266.666666666668,-11.058616981470323,6.568385955116835
14283.333333333334,-11.003386908092999,6.285038906286427
14300.000000000002,-19.005499006423463,7.434500189639596
14316.666666666668,-31.89183334458891,7.634731699411111
14333.333333333334,-35.983817326304084,7.450219532148814
14350.000000000002,-36.198333723899694,7.834108134645448
14366.666666666668,-36.35785177254444,7.947129833511108
14383.333333333334,-36.50477024261757,8.010158696174138
14400.000000000002,-36.498379768317456,7.736211634784036
14416.666666666668,-36.36196462428888,7.805240407911105
14433.333333333334,-36.22804735970215,7.740190239611372
14450.000000000002,-36.14634456120848,7.720904492255026
14466.666666666668,-36.05402866119161,7.409082864895346
14483.333333333334,-36.07022356809231,7.554827503644538
14500.000000000002,-32.99198515121637,8.10369154928261
14516.666666666668,-17.683926548649065,8.000780049433644
14533.333333333334,-13.805534948424185,6.711031868901106
14550.000000000002,-13.970536681933348,7.005262793616659
14566.666666666668,-14.21309002789717,7.007369368982195
14583.333333333334,-13.98602984930555,7.41637553980555
14600.000000000002,-14.410973315015818,7.52027436467125
14616.666666666668,-14.982272075666677,7.959059667855543
14633.333333333334,-15.240763699811126,7.9655858417444465
14650.000000000002,-15.846450311066656,8.126745302966663
14666.666666666668,-15.697538240036732,7.992935007676073
14683.333333333334,-15.98792641720807,8.050967705169635
14700.000000000002,-16.167356223545102,8.020721252226108
14716.666666666668,-16.08181077154193,7.870359634560549
14733.333333333334,-16.22797253438888,8.01212371092779
14750.000000000002,-16.47932078966676,8.06434751625001
14766.666666666668,-16.44455035210167,8.206820820345374
14783.333333333334,-16.423665395174638,8.270533950202658
14800.000000000002,-16.44112066283518,8.396231357437987
14816.666666666668,-16.700402035271264,8.33679910509747
14833.333333333334,-16.8267029702889,8.239370987266708
14850.000000000002,-16.83839558695661,8.274815635265758
14866.666666666668,-16.981420895920756,8.197966581429673
14883.333333333334,-16.89580954684446,8.043230467711123
14900.000000000002,-16.861243453943715,7.88670787301987
14916.666666666668,-13.883922418362125,7.025894625730922
14933.333333333334,-9.898701531355568,7.606842076955556
14950.000000000002,-9.381871050506039,7.401419357242339
14966.666666666668,-9.181748800455551,7.473011612099995
14983.333333333334,-9.454767049505058,7.60892348127018
15000.000000000002,-10.140448800000064,7.62031271282054
15016.666666666668,-10.429158609266695,7.642356184449998
15033.333333333334,-10.785911652431144,7.58248742589245
15050.000000000002,-10.599424798817237,7.4300133812593145
15066.666666666668,-10.385564795466559,7.480238987733321
15083.333333333334,-9.731831817781122,7.617865702751378
15100.000000000002,-9.887281778389225,7.405428663798588
15116.666666666668,-10.133532704507807,7.3287965813073255
15133.333333333334,-9.96788225371113,7.302392046800036
15150.000000000002,-9.881922950162688,7.137629933060216
15166.666666666668,-9.92996412710869,7.14009545905381
15183.333333333334,-10.234406637173743,7.064335159035745
15200.000000000002,-10.223822208649999,6.823653207733363
15216.666666666668,-10.219223488355858,6.751296771775253
15233.333333333334,-10.599451574174175,6.745271362696025
15250.000000000002,-10.696703473781133,6.6625678670148805
15266.666666666668,-10.670512435131798,7.305124903329948
15283.333333333334,1.5990542195349688,6.778364306963237
15300.000000000002,9.66882671456693,6.381569816700054
15316.666666666668,10.837087622943612,5.951304408225084
15333.333333333334,11.056722307407396,5.49921221335443
15350.000000000002,11.054707349791155,5.368236864093513
15366.666666666668,11.230688533372254,5.330958183355596
15383.333333333334,11.379549595108667,5.590417458306958
15400.000000000002,11.163707616708365,5.5647253005669315
15416.666666666668,11.063476238830534,5.311760280668101
15433.333333333334,11.14230329527471,5.102464123715596
15450.000000000002,10.968234747252742,4.977596732367633
15466.666666666668,7.227861620653066,5.956067680444655
15483.333333333334,-4.085510653151434,6.428389595285687
15500.000000000002,-9.787021573693025,7.899994875524605
15516.666666666668,-10.015380401662032,7.880545463993296
15533.333333333334,-9.620374110282906,7.686779282685799
15550.000000000002,-9.143268447276029,7.684853853816827
15566.666666666668,-8.66907280694019,7.558191706361855
15583.333333333334,-8.601088724615469,7.728074873835315
15600.000000000002,-8.330813650849871,7.878770805250018
15616.666666666668,-8.250876712250038,7.982561597555565
15633.333333333334,-7.99801740764062,8.13425398437448
15650.000000000002,-7.8132542178589395,7.973300599483058
15666.666666666668,-7.733467102176688,7.956202330767948
15683.333333333334,-7.7657658245960075,8.060689521787587
15700.000000000002,-7.909156216666685,8.204933386666696
15716.666666666668,-7.995660298734006,8.263359155263762
15733.333333333334,-7.678875890738895,7.96200044989445
15750.000000000002,-7.83945037665502,7.52153452814735
15766.666666666668,-8.024395281525981,7.59423275066733
15783.333333333334,-8.512977583524897,8.111595986462333
15800.000000000002,-8.587490463865235,8.665551651725899
15816.666666666668,-8.737826639625514,8.738642686782304
15833.333333333334,-8.852272961446543,8.752510839454922
15850.000000000002,-8.713233304378052,8.59987860656717
15866.666666666668,-8.877268284419944,8.284167021521812
15883.333333333334,-8.559546254765463,8.047163341311974
15900.000000000002,-8.31382113291596,7.831845531347051
15916.666666666668,-8.399887757488894,7.738015472777776
15933.333333333334,-8.21696832227778,5.381084453444452
15950.000000000002,-9.029511833131618,36.0
15966.666666666668,-64.0,-36.0
15983.333333333334,-64.0,-36.0
16000.000000000002,-64.0,-36.0
16016.666666666668,-64.0,-36.0
16033.333333333334,-64.0,-36.0
16050.000000000002,-64.0,-21.30470699292841
16066.666666666668,-64.0,21.023646830602736
16083.333333333334,0.0,36.0
16100.000000000002,0.0,36.0
16116.666666666668,-6.034713856685282,34.47569285989774
16133.333333333334,-2.5277832579566164,28.627023075065978
16150.000000000002,-27.426583336532822,-1.8910134032383112
16166.666666666668,-4.874769513718178,-2.602169283617375
16183.333333333334,-33.95595520147728,-12.554720384355576
16200.000000000002,7.929252853740252,-3.796477316658179
16216.666666666668,8.777880349386365,-8.382805816460666
16233.333333333334,-8.36698389385738,-7.233659626400742
16250.000000000002,-9.794759039369792,-5.298423671452298
16266.666666666668,-10.331367186565608,-3.192597367366475
16283.333333333334,-10.67578134032634,-0.19169412455322096
16300.000000000002,-11.102687519190388,1.775164748026095
16316.666666666668,-11.285261192640759,3.0697096180423844
16333.333333333334,-11.236765387854538,3.7602703271938815
16350.000000000002,-11.482924188733222,4.638725418933116
16366.666666666668,-11.560920148723111,4.596172764591295
16383.333333333334,-11.749955642822249,4.471016043905715
16400.0,-11.906074819780606,4.913994437898075
16416.666666666668,-12.049802578866661,5.70984329362222
16433.333333333336,-7.674534182504589,6.721516088583131
16450.0,-4.733850122299443,4.557383098560734
16466.666666666668,-4.646351153182074,5.047163004913656
16483.333333333336,-4.375154868109902,5.738930594213087
16500.0,-4.177983011044477,5.973446330634696
16516.666666666668,-4.267257852270553,6.160228266683292
16533.333333333336,-4.08128560169991,5.704668645988874
16550.0,-4.276165529398057,5.3951719027846545
16566.666666666668,-4.327593788533146,5.199377086787835
16583.333333333336,-4.829749981546386,5.325985023478399
16600.0,-5.300327229137526,5.578245626689961
16616.666666666668,-5.8280275653901885,5.869099973093583
16633.333333333336,-5.979851589677403,6.070891991315499
16650.0,-5.773706279414154,6.3040101147611285
16666.666666666668,-5.5538859352444225,6.1576113596889686
16683.333333333336,-5.804226064088971,5.888169777511214
16700.0,-5.880795736793087,5.574982475382527
16716.666666666668,-5.632873177777776,5.557000714222226
16733.333333333336,-5.1996365265200915,5.542766824265622
16750.0,-5.041296946706388,5.593909223104881
16766.666666666668,-4.830167610799913,5.6770213222612576
16783.333333333336,-5.172106742416085,5.699398523252986
16800.0,-5.516352118409166,5.521841346156381
16816.666666666668,-5.792436582619832,5.403016259414781
16833.333333333336,-6.090057486970639,5.234820962944698
16850.0,-6.1591192180757135,5.276688362397867
16866.666666666668,-6.135973642030251,5.296382107375949
16883.333333333336,-6.282599039094666,5.434325954732539
16900.0,-6.460518470109785,5.317686145176311
16916.666666666668,-6.308526576772724,5.276135756832708
16933.333333333336,-5.953303643266653,5.371327295133351
16950.0,-5.747782342020298,5.553707010717265
16966.666666666668,-5.535876001072774,5.484721069428692
16983.333333333336,-5.6204630090768,5.681397748452006
17000.0,-5.553217544327855,5.59891876608362
17016.666666666668,-5.653010164073513,5.519066681065027
17033.333333333336,-6.245661067211543,5.5530023350906665
17050.0,-6.25533603433334,5.96016276723333
17066.666666666668,-5.973999602107628,6.087992838877771
17083.333333333336,-5.9105306724057725,5.98236054779223
17100.0,-5.828687231298995,5.746919223928615
17116.666666666668,-5.7029011927333535,5.73737144277778
17133.333333333336,-5.565661419548097,5.82281330272942
17150.0,-5.674157628881137,6.123678347640451
17166.666666666668,-8.672789494233312,7.588005531655593
17183.333333333336,-8.892986450735618,8.07122096190784
17200.0,-8.939080514700006,8.242636887483322
17216.666666666668,-9.20111856863532,8.279639050861967
17233.333333333336,-9.108106822677996,8.2187807186816
17250.0,-8.681364028442784,8.338876407778315
17266.666666666668,-8.859787466181032,8.264119313054065
17283.333333333336,-9.20959592089357,8.041925757695324
17300.0,-9.056104407172581,7.958443486819773
17316.666666666668,-9.102311495984875,7.655395921243513
17333.333333333336,-9.080953108526574,7.609161972986523
17350.0,-9.083234975049917,7.7612249760479095
17366.666666666668,-8.958881649377679,7.487194486055466
17383.333333333336,-9.150028592078584,7.6316052908874585
17400.0,-9.22169886028015,7.750935783958651
17416.666666666668,-8.873188689811556,7.880496533605755
17433.333333333336,-8.768964419523865,8.097792088412746
17450.0,-8.57479565839586,8.250994155827854
17466.666666666668,-8.647387962263322,8.658361971031143
17483.333333333336,-8.8266133309287,8.274244993897168
17500.0,-8.984187271268949,8.011374246323184
17516.666666666668,-9.193743107181323,7.44503077110339
17533.333333333336,-8.70300953547884,6.967858156950655
17550.0,-8.814460413850012,7.009015033916698
17566.666666666668,-8.71252531695259,7.910829554839309
17583.333333333336,-9.09669538384156,8.516171407324181
17600.0,-9.181777809090915,8.414568733566458
17616.666666666668,-9.032805749574335,8.22620948897732
17633.333333333336,-9.364156451692558,8.510309449360205
17650.0,-9.280305206346828,8.370759082658672
17666.666666666668,-9.350728931022168,8.376238232700057
17683.333333333336,-9.332890081168816,8.50674741572871
17700.0,-9.257346269565218,8.236246723188483
17716.666666666668,-9.149028395685471,8.214326234593814
17733.333333333336,-9.106804894080515,8.056813977683202
17750.0,-9.149870055588952,7.798992203837188
17766.666666666668,-9.121255245011394,7.641982359607583
17783.333333333336,-8.862455185888852,7.3981738336666565
17800.0,-8.73812098627452,7.226414332136931
17816.666666666668,-8.647103379310277,7.282693240957309
17833.333333333336,-8.437783137744345,7.361251601479669
17850.0,-8.43425165791666,7.312689801250004
17866.666666666668,-8.797130367695011,7.286576264887963
17883.333333333336,-8.662369144855573,7.326942295986858
17900.0,-8.572524561547416,7.447508586059742
17916.666666666668,-8.575980294908472,7.58616772439558
17933.333333333336,-8.304556135209923,7.488146633877556
17950.0,-13.703345254622693,7.1706126161918275
17966.666666666668,-20.187802458608516,6.674643878712054
17983.333333333336,-21.476773828320272,6.895827551859121
