0.0,-32.34540176666666,-14.884664833333334
16.666666666666668,-32.493279660908435,-14.511971732078406
33.333333333333336,-32.58349047833333,-14.179966898111111
50.0,-32.90244801208645,-14.075836267996674
66.66666666666667,-32.870630933777775,-13.757983614155556
83.33333333333334,-32.8862482008658,-13.704910871428572
100.0,-32.936207024240915,-13.583952991703999
116.66666666666667,-32.874594132577776,-13.383989628800002
133.33333333333334,-32.94926352082222,-13.173836467733333
150.0,-33.0907986968651,-13.272791852693013
166.66666666666669,-33.153471887827244,-13.120645263904176
183.33333333333334,-9.817157112922146,1.7527047993000426
200.0,-6.457170036481758,5.654737601349324
216.66666666666669,-6.973648626079705,6.862424970952146
233.33333333333334,-7.447480895174852,7.701586131695445
250.00000000000003,-7.743340859573759,8.21979596879787
266.6666666666667,-8.054459907742762,8.60011656122506
283.33333333333337,-8.141332394444447,8.688688166333336
300.0,-7.991663046586743,8.877265498834499
316.6666666666667,-7.969479234355555,9.023049870888887
333.33333333333337,-1.41092232008674,8.7497902142587
350.0,9.64815814137931,9.38520495523904
366.6666666666667,8.909364941044437,9.747971794422225
383.33333333333337,7.1566862421377335,9.504444419365234
400.0,7.1383506307,9.362491216416668
416.6666666666667,7.202369149366032,9.21792320123457
433.33333333333337,7.224041040803737,9.2293324584181
450.00000000000006,7.202439766450103,8.94735680338164
466.6666666666667,7.090131550041649,8.739254404758729
483.33333333333337,6.993899201406257,8.83206059903841
500.00000000000006,6.983573132583708,8.911703759803428
516.6666666666667,6.965394027302545,8.517679274020347
533.3333333333334,6.930864249711115,8.388331836344443
550.0,7.02086025224278,8.459862918242456
566.6666666666667,7.433164062962961,8.324107131876318
583.3333333333334,2.781336290947522,8.802801796049637
600.0,0.4121140254166703,9.169608757083328
616.6666666666667,0.9704925221111107,9.25287042213333
633.3333333333334,1.613275456261108,9.196549971088892
650.0,1.9458167255333323,9.19246762113333
666.6666666666667,1.924694354082596,9.267752925735088
683.3333333333334,1.9905940354215128,9.196654451334885
700.0,2.0129817992162797,9.26258839511423
716.6666666666667,2.056798727639443,9.449361131828248
733.3333333333334,2.0078161984666627,9.434667284155553
750.0,2.1123466529940114,9.423456539520961
766.6666666666667,1.7484377123777737,9.455669502822216
783.3333333333334,1.629476145812472,9.360492136558788
800.0,1.5568763150424767,9.286508975478926
816.6666666666667,1.4966507304736503,9.421405229779557
833.3333333333334,1.7052719506580025,9.085592435260146
850.0000000000001,1.7519964094619354,8.946683406663341
866.6666666666667,1.8545611860708102,9.041406877583238
883.3333333333334,1.4912872776500534,9.060691586079194
900.0000000000001,-2.8050713460936283,5.03227508850573
916.6666666666667,-3.848322230241063,2.3723970223219744
933.3333333333334,-3.145564447374857,2.630944792141188
950.0000000000001,-3.182327746819833,2.878082190209795
966.6666666666667,-3.076210733655242,2.6183960255347802
983.3333333333334,-3.0058384367816093,2.470044281609194
1000.0000000000001,-3.013259848700002,2.660795629583335
1016.6666666666667,-2.788543351028799,2.8110439761316948
1033.3333333333335,-2.810695767477779,2.826086666322223
1050.0,-2.7083355019157067,2.623849358687318
1066.6666666666667,-2.9946576826246485,2.6146532125562776
1083.3333333333335,-3.105635286888892,2.7062505810555444
1100.0,-2.9111598060712462,2.510398744823558
1116.6666666666667,-3.067601437770003,2.5560268275528935
1133.3333333333335,-3.101164512711114,2.330082590577772
1150.0,-1.2323649518518607,2.750974114814813
1166.6666666666667,0.4533470107555583,4.788801510066667
1183.3333333333335,0.8186288800455752,5.270050606725587
1200.0,0.6608379550248777,5.399441712039795
1216.6666666666667,0.7179510225222239,5.375612000333339
1233.3333333333335,0.5604954179965596,5.49829867206952
1250.0,0.494003173920288,5.57829744617309
1266.6666666666667,0.5511809208937853,5.760094713295543
1283.3333333333335,0.638609330714056,5.794243995851408
1300.0,0.5378311466355483,5.848081057020617
1316.6666666666667,0.4790309519815483,5.767926739136236
1333.3333333333335,0.6973813613156371,5.449357527960192
1350.0,0.7828526200000008,5.30086677386667
1366.6666666666667,0.9150199758454078,5.725707443156207
1383.3333333333335,1.9586600376132564,1.8507456036128724
1400.0,5.585866087627194,9.24090764834068
1416.6666666666667,-26.99733333333279,-36.0
1433.3333333333335,-64.0,-36.0
1450.0,-64.0,-36.0
1466.6666666666667,-64.0,-36.0
1483.3333333333335,-64.0,-36.0
1500.0,-9.391217507137682,2.2384887839419907
1516.6666666666667,21.252081293892704,6.8780171818634726
1533.3333333333335,31.385603628404933,-16.51898532521925
1550.0,31.634134296848387,0.13730172489576298
1566.6666666666667,5.4997660717414085,-4.398657988816624
1583.3333333333335,3.2550845401632444,-1.7907217610139017
1600.0,2.284247308633335,-0.3100359397999964
1616.6666666666667,2.1324817112894223,0.0803159841747513
1633.3333333333335,2.153380984541065,0.036310687922711145
1650.0000000000002,1.9269628375666545,0.47339578833334295
1666.6666666666667,1.6404971183127566,0.7220313530030043
1683.3333333333335,1.5415786459058198,0.6576371773834357
1700.0000000000002,1.2243828616858228,0.5214329654172846
1716.6666666666667,1.1831409972806108,-0.22972655359804262
1733.3333333333335,1.0611008589739335,0.14766757932299687
1750.0000000000002,0.9362483413666691,0.21944145991667185
1766.6666666666667,0.9023202118773954,0.15721790231550886
1783.3333333333335,0.9425590092065078,0.09542016038647433
1800.0000000000002,1.0623433293172693,-0.05941051847388785
1816.6666666666667,0.9636589479270279,0.1887064216141471
1833.3333333333335,2.045025157862347,-0.1970270531599143
1850.0000000000002,19.808998589600318,-1.6552210957333682
1866.6666666666667,31.520217496842886,-3.5947947006614394
1883.3333333333335,32.528760609123225,-3.7824618731189994
1900.0000000000002,32.32769820074999,-4.145958170266657
1916.6666666666667,32.41171243631584,-4.111230167767818
1933.3333333333335,32.02325145801111,-4.502045900422222
1950.0000000000002,31.75620516801733,-4.933652904435559
1966.6666666666667,31.983666095479855,-4.810954566867068
1983.3333333333335,32.1958230719582,-4.578032809254629
2000.0000000000002,32.228220135982035,-4.495246652573714
2016.6666666666667,32.386153001468145,-4.563357578422869
2033.3333333333335,32.537229162537464,-4.55483857046287
2050.0,32.99271774058334,-4.24400982988335
2066.666666666667,16.740900549696875,-1.8895732479981953
2083.3333333333335,0.9754349826142061,1.6789195739352634
2100.0,1.656119077500023,2.1572212433333324
2116.666666666667,3.7986924801488215,1.6090327058748317
2133.3333333333335,4.217791810221785,1.499540017064079
2150.0,4.645635814685304,1.6171740137529178
2166.666666666667,4.8287662051722275,1.7442036865000012
2183.3333333333335,4.9469495328891115,1.900678387472933
2200.0,4.989210391733315,1.75488415040001
2216.666666666667,4.79282450906566,2.191623246940148
2233.3333333333335,5.010471788177414,2.2982329883219412
2250.0,5.2217538805125665,1.9558152838409029
2266.666666666667,5.431206951200012,1.8531633017777882
2283.3333333333335,6.062603501878716,1.9130254797009643
2300.0,6.229293546368145,2.114093465472638
2316.666666666667,6.469271970629368,2.024001533954937
2333.3333333333335,6.372689921849786,2.0916532785226525
2350.0,5.038025866666673,2.587687133333331
2366.666666666667,1.6116689534533846,0.5595245474474294
2383.3333333333335,0.278230644571305,-0.2375541742316768
2400.0,0.42322129197931546,-0.43565970585293323
2416.666666666667,0.8358502761205586,-0.3344344531753968
2433.3333333333335,0.8447478274821819,-0.002378458494944856
2450.0,1.0126906671502436,-0.21114200935467867
2466.666666666667,1.082456250464573,-0.2052859900127829
2483.3333333333335,0.8100043310266186,-0.04437306179199764
2500.0,0.8429149367948067,0.09882193280080007
2516.666666666667,1.0453294373858824,0.20772257123692425
2533.3333333333335,1.0135623444444382,0.3980989994949689
2550.0,0.7878135157254696,0.5485166283691434
2566.666666666667,0.7523767918585158,0.5693554163051835
2583.3333333333335,0.546331235902568,0.7286403471137934
2600.0,0.2222992950641927,1.1316102176254756
2616.666666666667,0.06190506587261349,1.147799681847972
2633.3333333333335,-0.04918498861110869,1.1304853717888852
2650.0,-0.2201515253126579,1.0948044550608689
2666.666666666667,-0.4820553928602987,1.052818688224209
2683.3333333333335,-0.7571708253682475,1.1347087418764943
2700.0,-0.7221633989666782,1.1921585967166712
2716.666666666667,-0.6591854651174116,0.8958668755844266
2733.3333333333335,0.2914337175819222,1.0950720265509402
2750.0,-0.19876666249999875,1.3529977719999984
2766.666666666667,-0.38431900107778066,1.3482270348888923
2783.3333333333335,-0.18654725348888898,1.3172077981833372
2800.0,-0.05165901191190862,1.415755738938943
2816.666666666667,-0.15950223486667278,1.3726456313777997
2833.3333333333335,-0.2045777711732753,1.491737905633262
2850.0,-0.08851942623334508,1.570929584799998
2866.666666666667,-0.10904256568939258,1.5441134885945862
2883.3333333333335,-0.5748196270587186,1.61016595350102
2900.0,-0.82781284742371,1.5908636745539357
2916.666666666667,-1.1616770175260611,1.8027945012475086
2933.3333333333335,-1.0161096341995672,1.7100336592092853
2950.0,-1.0901196110499936,1.6787808621833353
2966.666666666667,-1.085108513356674,1.6213409220221235
2983.3333333333335,-1.140140894377779,1.5191519662222206
3000.0,-1.335755564865758,1.9985663336835078
3016.666666666667,-1.3500484037612035,2.2959418395649256
3033.3333333333335,-1.5340253617388908,2.3025958939388906
3050.0,-1.4040096150066406,2.4305640501162005
3066.666666666667,-1.5538001368651597,2.6777342283048142
3083.3333333333335,-1.568921639599291,2.6638877187978722
3100.0,-1.7367053098239353,2.6410582750110976
3116.666666666667,-1.7680910539873185,2.675867415760204
3133.3333333333335,-1.665037207394434,2.6846266003222015
3150.0,-1.6400510335668994,2.749625967434101
3166.666666666667,-1.1924369857388966,2.857345828050005
3183.3333333333335,-0.9282252002000029,2.8702458144888885
3200.0,-0.9752520075075086,2.976332102802799
3216.666666666667,-0.9213551236533678,3.2391564903200045
3233.3333333333335,-1.3044760694222333,3.1208422531777895
3250.0000000000005,-1.4317998911177618,3.2057167841982723
3266.666666666667,-1.2389616016015994,3.168610932165508
3283.3333333333335,-1.1130786621421827,3.3577779142849256
3300.0000000000005,-0.9257237182291661,3.3396247833806725
3316.666666666667,-1.1679776411205547,3.464422264737938
3333.3333333333335,-1.0929491540264484,3.485781991880131
3350.0000000000005,-1.2118641176176177,3.6483078146813486
3366.666666666667,-1.05187991724999,3.695415838611105
3383.3333333333335,-1.073852353333323,3.5732348277777817
3400.0000000000005,-1.0246158190999912,3.6424025371999846
3416.666666666667,-1.2650013960329178,3.7452027660045686
3433.3333333333335,2.0806719283333486,3.2516576004222157
3450.0000000000005,2.402177616558377,3.1266356493753196
3466.666666666667,2.556126401791746,2.897270348776849
3483.3333333333335,2.5373287480703026,3.165990965543319
3500.0000000000005,2.4452351749166215,3.274778208750004
3516.666666666667,2.6955561164917428,3.022866817657841
3533.3333333333335,2.735777968131561,3.085790753554453
3550.0000000000005,3.001183681933366,2.9421233463333185
3566.666666666667,2.8171035765074586,2.85688224897654
3583.3333333333335,2.85103903568771,2.9978644421844662
3600.0000000000005,2.8749603709999954,3.2368906643333335
3616.666666666667,2.940623923682608,3.268018627125327
3633.3333333333335,2.912260599022219,3.2005223025111134
3650.0000000000005,2.8310578569117593,3.238459687993952
3666.666666666667,2.9776329132899777,3.1895744336779486
3683.3333333333335,1.3329624120675125,2.925960221621605
3700.0000000000005,-1.9259708201333883,2.2984257712666465
3716.666666666667,-2.3758091172808458,2.0946521900450192
3733.3333333333335,-2.0777682947052973,2.0682484404040435
3750.0000000000005,-1.8013454482407787,1.959211159846589
3766.666666666667,-1.7519820240888846,1.612983107355544
3783.3333333333335,-1.6134047129648093,1.6795134960823368
3800.0000000000005,-1.6689295400299835,1.673088121855741
3816.666666666667,-1.554471714700005,1.5959901714333369
3833.3333333333335,-1.5259170810738625,1.3560966080818169
3850.0000000000005,-1.4946060523000089,1.511030016066685
3866.666666666667,-1.6011631291812594,2.1658415081985427
3883.3333333333335,-1.512970237140946,2.3518716077488304
3900.0000000000005,-1.5076320656343682,2.3682218972028095
3916.666666666667,-1.4278093146426918,2.4572428104003547
3933.3333333333335,-1.6525346817146964,2.6547827884002437
3950.0000000000005,-1.4402402306666604,2.5910885062833575
3966.666666666667,-1.2729103876999934,2.6190957520000038
3983.3333333333335,-1.3353237882094167,2.578934994864936
4000.0000000000005,-1.6300424271881804,2.8001473854841414
4016.666666666667,-1.4226048049001707,2.643894674630829
4033.3333333333335,-1.5693332270065683,2.7589625697514975
4050.0000000000005,-1.5079540517666676,2.8738921957
4066.666666666667,-1.4771997954343268,2.9114357205816925
4083.3333333333335,-1.3274555522888776,2.8093206159666657
4100.0,-1.5700929554666672,2.8897125727999953
4116.666666666667,-1.2506441749625212,2.9244169750624747
4133.333333333334,1.2721637198210376,3.3177387944194376
4150.0,1.768386556234452,3.532677367113748
4166.666666666667,1.6015541902402375,3.6378917322711604
4183.333333333334,1.687457227425143,3.7341934577211475
4200.0,1.7832139925203978,3.394173584374499
4216.666666666667,1.5843282583569678,3.133632786415438
4233.333333333334,1.7010934844866932,2.945763968734372
4250.0,1.6121591820654118,2.790282007607611
4266.666666666667,1.5594586045431806,2.9699479496311043
4283.333333333334,1.469059104993898,2.9029074396396477
4300.0,1.5792620906786947,2.9486432765549426
4316.666666666667,1.5418157540840685,2.947619514270642
4333.333333333334,1.4435513125896362,2.9004075755599983
4350.0,1.7176346825245885,2.853869454177091
4366.666666666667,1.7992907858237708,2.903781307901608
4383.333333333334,1.7964347461888697,2.795273261027773
4400.0,1.7156857947578787,2.8385891315193867
4416.666666666667,1.6642088930645698,2.7497645493197975
4433.333333333334,1.556742846166683,2.8753225872222075
4450.0,1.6019421872230712,2.940133852806924
4466.666666666667,1.580659285698408,3.0924994388527525
4483.333333333334,1.7700654836582037,3.0388698077905434
4500.0,1.645621568615693,3.311821206596704
4516.666666666667,1.647589039519769,3.6157149308154084
4533.333333333334,1.8119320986394551,3.6266681092970288
4550.0,1.937438371399995,3.626851335183333
4566.666666666667,1.7464318327008854,3.8003769840153745
4583.333333333334,1.786371042205555,3.8360304620833303
4600.0,1.6060926149482768,3.9700836590256956
4616.666666666667,1.4760987403090522,4.315849294741794
4633.333333333334,1.7028723665007286,4.332854166174412
4650.0,1.7848437342647967,4.4703989409846825
4666.666666666667,1.8051918035277943,4.5488198205944546
4683.333333333334,1.7388504616474714,4.714817430231756
4700.0,1.6968738117608,4.652603280359827
4716.666666666667,2.0241279878222227,4.566004426933338
4733.333333333334,1.9356738180444464,4.651838731811095
4750.0,1.746603863481729,4.213410685959603
4766.666666666667,1.367637661305363,1.267137764962801
4783.333333333334,1.3845478923982315,0.5710494781220261
4800.0,1.3139803000000028,0.3519011336946708
4816.666666666667,1.421989794583474,0.32773575114003006
4833.333333333334,1.4907557694291609,0.5269513459174082
4850.0,1.7282631652014755,0.4703497787545654
4866.666666666667,1.9545249957931008,0.3631152753801758
4883.333333333334,2.2031476483853,0.24185841897057841
4900.0,2.077181117764471,0.09836754238190096
4916.666666666667,2.111947607029258,0.17973397431876337
4933.333333333334,2.1940436355599764,0.2870085281488803
4950.0,2.349788403166666,0.32982025599999815
4966.666666666667,2.4227692036388446,0.34888894626385974
4983.333333333334,2.4451444441722,0.39425868233889416
5000.0,2.3723023286380283,0.417410517748923
5016.666666666667,2.3886202655516757,0.2764941268708033
5033.333333333334,2.5753848732888813,0.17514863176668383
5050.0,2.4695393391149896,0.194273354586569
5066.666666666667,2.5119673046333175,0.22736094774445328
5083.333333333334,2.224847428171832,0.22721186933068002
5100.0,2.210926877422039,0.30769417482074485
5116.666666666667,0.16660241707302179,0.11367188590785866
5133.333333333334,-6.469857936392062,0.40646375684571595
5150.0,-7.818899091746053,0.6211868019047734
5166.666666666667,-7.876970193672967,0.5951002648684643
5183.333333333334,-7.491154058329163,0.7683269736201679
5200.0,-7.355621776200013,0.8191800733999942
5216.666666666667,-7.388367447805042,0.9031230951983299
5233.333333333334,-7.364038723345578,0.6573428869647302
5250.0,-7.443219124684595,0.514783254747667
5266.666666666667,-7.343692389377291,0.5697663760461792
5283.333333333334,-7.75231762977094,0.9499361474316479
5300.0,-8.069642262399997,1.20848188826666
5316.666666666667,-8.032792434960303,1.207306371308792
5333.333333333334,-8.037886906299972,0.9910559330110851
5350.0,-8.112924614333338,0.9967400100833361
5366.666666666667,-8.112577448587892,0.9549459654018706
5383.333333333334,-8.149947452177766,1.029527031377783
5400.0,-8.355055335994674,1.2426432200931414
5416.666666666667,-8.294898845749984,1.3379576211666286
5433.333333333334,-8.303778145066666,1.1586593504000018
5450.0,-8.299428239080466,1.1982409494252904
5466.666666666667,-8.266826808251432,1.074242502743084
5483.333333333334,-8.390461259651453,1.2707916313242276
5500.0,-8.391803158216659,1.1097128065166597
5516.666666666667,-8.454565908641976,0.9375187547325132
5533.333333333334,-5.719607311737755,1.3939857541632006
5550.0,1.9576420800100058,2.0180456711144465
5566.666666666667,3.879504270112847,1.656190791345683
5583.333333333334,3.9173649200355345,1.7374216699633722
5600.0,3.5319343271666632,1.879323672133359
5616.666666666667,3.671702316908449,2.0131153130954456
5633.333333333334,3.4295130478538622,2.1156404748403674
5650.0,3.3484115378333277,2.042224419333338
5666.666666666667,3.5404030662835337,1.9706051874840322
5683.333333333334,3.5705331289855287,2.031987171658641
5700.0,3.6742089095404578,2.135869300982348
5716.666666666667,3.5889837280248833,2.1918734770947643
5733.333333333334,3.5028113392821663,2.0567844216161704
5750.0,6.294230589082964,1.691645621583576
5766.666666666667,9.334580823709263,1.2177351515256776
5783.333333333334,10.98832203252817,0.6060823311233391
5800.0,10.894862716991527,0.7725881692487062
5816.666666666667,10.932388129386906,0.6817828173420089
5833.333333333334,11.200702193735761,0.7031586211494542
5850.0,11.355209217124786,0.4778757852074102
5866.666666666667,11.759267468476889,0.4668505168526825
5883.333333333334,11.79826215506643,0.36827762085489163
5900.0,12.104928476955136,0.18377719744873103
5916.666666666667,12.351580928171831,0.3097124506604509
5933.333333333334,11.847043383711236,-0.24605207828912626
5950.0,5.484374793530138,-0.6771603950808819
5966.666666666667,3.825762164001326,-0.9086440092065086
5983.333333333334,3.5651871893773017,-0.8195701579975709
6000.0,4.061326830347016,-0.8968551966466458
6016.666666666667,4.316202633656515,-0.843440353059175
6033.333333333334,4.2191289601499955,-0.9056489993555722
6050.0,4.196653235082468,-1.1267309180909524
6066.666666666667,3.9511099182944545,-0.6913305767444484
6083.333333333334,3.957211901905557,-0.6730024861333359
6100.0,4.071885556166669,-0.22704242550000342
6116.666666666667,4.37132238403336,0.22547102427776305
6133.333333333334,6.637698275172261,2.6885245365559207
6150.0,28.183638909171176,-4.145619895130556
6166.666666666667,-64.0,-36.0
6183.333333333334,-64.0,-36.0
6200.0,-64.0,-36.0
6216.666666666667,-64.0,-36.0
6233.333333333334,-64.0,-36.0
6250.0,-10.29749851154397,0.0
6266.666666666667,-34.37588963123319,-1.9415909284399078
6283.333333333334,-2.5186279923647743,24.359771162285192
6300.0,27.439322045010833,5.324592601083658
6316.666666666667,28.21493767091879,5.950063038596846
6333.333333333334,25.19391801518745,-3.5205919998080253
6350.0,0.3557516601194385,-5.000766925791584
6366.666666666667,-2.07020771560659,-3.834775200144318
6383.333333333334,-3.4607320954222467,-3.080439022688882
6400.0,-3.836135717874386,-2.558131278743987
6416.666666666667,-4.1010792732410595,-1.9313620754709784
6433.333333333334,-4.940257926481276,-1.2935028994391533
6450.000000000001,-5.387813588367442,-1.2686138431519407
6466.666666666667,-5.8075838343207336,-1.1141642284462243
6483.333333333334,-6.138610141796032,-1.0221204528960102
6500.000000000001,-6.360911810256421,-1.110055372033466
6516.666666666667,-6.506665477555553,-1.4712718315555702
6533.333333333334,-0.9005280944444498,-0.7254832625000376
6550.000000000001,1.232950248266718,1.3414922448666817
6566.666666666667,1.6421441627333329,1.9880211653111028
6583.333333333334,1.6188966103618618,1.9959621368686764
6600.000000000001,1.6448166315333395,1.8629395127333188
6616.666666666667,1.7498287490009294,1.4329700521755324
6633.333333333334,1.771723584425564,1.3815024321938651
6650.000000000001,1.5054506160666166,1.145911921166636
6666.666666666667,1.7074535291235515,1.34068595966524
6683.333333333334,1.7365266698412667,1.5454946633477544
6700.000000000001,1.7207801691654028,1.2224174734632391
6716.666666666667,1.4448780514687114,1.3235648622078107
6733.333333333334,1.4427666699300747,1.0225050395493505
6750.000000000001,1.4526046721360566,0.8464327904118839
6766.666666666667,1.5007390418572266,0.8966946025649638
6783.333333333334,1.5514269825857125,1.143755542037693
6800.000000000001,1.5457888888888829,1.1728000252873796
6816.666666666667,1.8589229159802245,1.191468462686882
6833.333333333334,2.0374624646359303,1.4023500475707948
6850.000000000001,2.0504044870629285,1.5130429200466047
6866.666666666667,2.1339413629907122,1.7553617842634157
6883.333333333334,2.690327012685777,3.280451258572022
6900.000000000001,4.272379247740597,5.7976355594798274
6916.666666666667,4.557119753341124,6.7697053042402695
6933.333333333334,4.536447791387098,6.8363897055472
6950.000000000001,4.551949654260461,6.903714085492769
6966.666666666667,4.4074621594176415,6.836835306552856
6983.333333333334,4.420839381570332,7.038481628552396
7000.000000000001,4.419476300733299,7.088070253700007
7016.666666666667,4.442131515999998,7.0910304521777725
7033.333333333334,4.232501934930171,7.323708188621814
7050.000000000001,4.10949036875105,7.160535749391365
7066.666666666667,3.9383561586222138,7.328774406311105
7083.333333333334,4.062182469925468,7.369125316794591
7100.000000000001,4.117163017091495,7.52194203178413
7116.666666666667,4.140006922449884,7.739745819740121
7133.333333333334,4.297722525275814,7.561127351008576
7150.000000000001,4.285606314666664,7.537723913666666
7166.666666666667,4.109587297256928,7.42252596391249
7183.333333333334,4.110448290166044,7.592144746232448
7200.000000000001,4.093087677005177,7.585839054110385
7216.666666666667,4.056043548557003,7.683721792601845
7233.333333333334,4.011629053045709,7.788041526014767
7250.000000000001,4.1124384833333565,7.8466281333333034
7266.666666666667,4.1581979576110975,7.939779443666689
7283.333333333334,-0.46232037633875667,3.5031100164554227
7300.000000000001,-1.8308973196431868,1.8572135601300293
7316.666666666667,-2.5549035791944434,0.9637856176888915
7333.333333333334,-1.9987932928297467,0.7380307624979207
7350.000000000001,-1.79634752183327,0.5346768268332994
7366.666666666667,-1.6813770530555616,0.6433175215444422
7383.333333333334,-1.7444636882006994,0.4388333803862698
7400.000000000001,-2.017671334066293,0.7359330675329288
7416.666666666667,-1.9757867988666642,1.0106272999388866
7433.333333333334,-2.139203659359239,1.2966950880726504
7450.000000000001,-2.28855501830518,1.4120920916583868
7466.666666666667,-2.0584709732401314,1.2864312568258562
7483.333333333334,-1.8333278917748836,1.2889635617271256
7500.000000000001,-1.8434203582999842,1.2346400462999745
7516.666666666667,-5.3775533483627,1.3370907429126386
7533.333333333334,-7.3923689687823,-0.06109586908215763
7550.000000000001,-7.8123004777388685,-0.3004237200767198
7566.666666666667,-7.889149232249443,-0.45918592345062
7583.333333333334,-8.084289615439825,-0.373458879302287
7600.000000000001,-8.501495798400772,-0.16734029228719388
7616.666666666667,-8.48072677482076,-0.02625006732811247
7633.333333333334,-8.528029467355893,-0.03171952643544077
7650.000000000001,-8.51479036373329,-0.33288178186668416
7666.666666666667,-8.16494406461008,-0.5429431326440985
7683.333333333334,-7.891836324563152,-0.8606426348199958
7700.000000000001,-8.05286046421787,-0.9980367980676196
7716.666666666667,-8.352520106771005,-1.0588161567543617
7733.333333333334,-8.61090307080348,-1.0543735461269446
7750.000000000001,-8.509526943733327,-1.1707567028999781
7766.666666666667,-8.181649401010093,-1.3698358727272797
7783.333333333334,-8.23858987518332,-1.5414482150389017
7800.000000000001,-8.386197641750165,-1.5272010770874669
7816.666666666667,-8.335183388666453,-1.2373016230341425
7833.333333333334,-8.52524918847221,-1.3727271316666696
7850.000000000001,-8.526091448489403,-1.5298570966783893
7866.666666666667,-8.425442860811106,-1.7480229234277755
7883.333333333334,-8.632547593263737,-0.49801873266517926
7900.000000000001,-0.7025890027971665,0.9760115053613228
7916.666666666667,0.26640166842957685,1.7831077835557818
7933.333333333334,0.31107900414178585,2.1543561931963846
7950.000000000001,-0.12966033030296942,2.4280424606060795
7966.666666666667,-0.20686747643399728,2.626907826009217
7983.333333333334,-0.23262578675555545,2.689366236622229
8000.000000000001,-0.2105227926739696,2.6875932732600814
8016.666666666667,-0.20880123891665298,2.744405896625606
8033.333333333334,-0.14636715699376013,2.544880554000828
8050.000000000001,-0.32338340641986846,2.821977418709362
8066.666666666667,-0.019536553885282637,2.7783684028870073
8083.333333333334,-0.04798476876006806,2.754330560225443
8100.000000000001,0.07979891246868374,2.7168182849607803
8116.666666666667,-0.13554507866201476,2.795121992492498
8133.333333333334,1.3966123186927843,1.3628926784725368
8150.000000000001,1.9117619381309774,0.9647915941528797
8166.666666666667,2.1704441960705956,0.6510297334887334
8183.333333333334,2.1062656038517105,0.7439495493506498
8200.0,2.1156745604530958,0.6567074661169412
8216.666666666668,2.024864571822221,0.770462054488887
8233.333333333334,1.9573869964795265,0.873137572236099
8250.0,2.009958815165867,0.7775617878883553
8266.666666666668,2.2388422884333647,0.7950337028333123
8283.333333333334,2.4475105154335166,0.6024084225908866
8300.0,2.5335624173913014,0.5037792695485533
8316.666666666668,2.7157424054166603,0.7725665667500351
8333.333333333334,2.812761962920376,0.9518954089711502
8350.0,2.9696507448384954,1.0133015003995958
8366.666666666668,3.1240588843087997,0.8493276965816545
8383.333333333334,3.0171902540903877,0.9668241988011191
8400.0,3.373994568264715,0.7883640153204855
8416.666666666668,3.2966303456443793,1.152894244600051
8433.333333333334,3.4189301024765473,1.626526293458897
8450.0,3.4906988087289674,2.094404589655171
8466.666666666668,3.5061515137777084,2.0361077337332603
8483.333333333334,-4.241195911200395,1.2265407360542264
8500.0,-7.51640932653327,0.5136078062333498
8516.666666666668,-7.965688927288859,0.6598808715554249
8533.333333333334,-8.011826650930082,0.7571629472874569
8550.0,-7.659759710922973,0.7325755322376577
8566.666666666668,-7.531687854095174,0.7837057838136645
8583.333333333334,-7.471191113164195,1.2289527619596057
8600.0,-7.3003584945972975,1.3018275996164572
8616.666666666668,-7.462348244455497,1.5703319878561182
8633.333333333334,-7.435228997222228,1.675265357383339
8650.0,-7.376421175133334,1.4089094063333332
8666.666666666668,-7.43907948252058,1.4729124314852093
8683.333333333334,-7.632930601634156,1.382049392412871
8700.0,-7.80342753716666,1.3592071526666643
8716.666666666668,-8.007089395911109,1.4159158948278165
8733.333333333334,-7.690403190339643,1.2978327580568023
8750.0,-8.178599479896825,1.3097215996671792
8766.666666666668,-8.019048150524775,1.2058024504636646
8783.333333333334,-8.379450063538894,1.2099201505833186
8800.0,-8.394461059750007,1.1057590635333323
8816.666666666668,-8.332357893724678,1.0299850270246083
8833.333333333334,-8.290086712647696,0.8530743734231986
8850.0,-5.27238393614781,1.5465767138527533
8866.666666666668,-1.0552000872721838,2.539243510900064
8883.333333333334,0.12357978101038873,3.0542461605241407
8900.0,-0.03224540640319725,3.219541224045346
8916.666666666668,-0.35059445277778595,3.328117393472229
8933.333333333334,-0.34704100720000164,3.283632312355559
8950.0,-0.3968652185259084,3.4551643631315674
8966.666666666668,-0.3344288248777759,3.50326738165555
8983.333333333334,-0.4290516273333502,3.287740927111118
9000.0,-0.368149603533337,3.3165954046333375
9016.666666666668,-0.22422363931412467,3.1647852351119488
9033.333333333334,-0.16994537443012417,3.1700679141118533
9050.0,-0.10926956229783892,3.130662656328168
9066.666666666668,-0.046431023301062156,3.0626582600489103
9083.333333333334,0.0714492306722136,2.901598905827768
9100.0,-0.010934991379024393,2.7518772888444256
9116.666666666668,0.0628794210270393,2.923175793011214
9133.333333333334,0.029534665800028236,2.8777838300777834
9150.0,0.21849464139651295,2.787643166500419
9166.666666666668,0.16263648116474083,2.8313862106138257
9183.333333333334,0.22872771876283596,2.8323194530679183
9200.0,0.19202638833522961,2.8332913359579077
9216.666666666668,0.08411644158201971,2.7785366359458132
9233.333333333334,0.31622664338940576,2.8206468882447644
9250.0,0.509862751875932,3.3412411825912818
9266.666666666668,0.22370141854422,3.0797997454432187
9283.333333333334,-5.824644803092912,-1.7345810631349736
9300.0,-5.213411703066781,-7.932152189699711
9316.666666666668,-4.319554077638785,-9.22941820262355
9333.333333333334,-0.8209775607611872,-10.631176574229055
9350.0,-0.11260943898050513,-10.458354904147894
9366.666666666668,0.25686985838081017,-10.408916635778896
9383.333333333334,0.28842521133881155,-9.745502826148043
9400.0,0.47459268340851896,-9.570961172030074
9416.666666666668,0.5118646412222503,-9.401186610555563
9433.333333333334,0.6667864443832827,-9.220011552187204
9450.0,0.47129729012346144,-9.07676710432099
9466.666666666668,0.25687875163534807,-9.177581696957132
9483.333333333334,0.21376522984999605,-9.257153803538898
9500.0,-0.04243146765047829,-9.233492954877438
9516.666666666668,0.04425900427434552,-9.297613679511938
9533.333333333334,0.002596420050118204,-9.12711788028405
9550.0,0.016505054994169585,-9.056210968600965
9566.666666666668,0.07249640673769528,-8.881187765223578
9583.333333333334,0.15252263991236342,-8.758085387080481
9600.0,0.4762173361305695,-8.487837473659685
9616.666666666668,0.2869054826919739,-5.302644514287264
9633.333333333334,-1.470911137685502,-1.9751414550886912
9650.0,-1.641883105442181,-0.4056121435208123
9666.666666666668,-1.4567920119773177,-0.3804352118718473
9683.333333333334,-1.2770076509333332,-0.5258844361111077
9700.0,-1.4319182075591945,-0.39064211381950487
9716.666666666668,-1.0065833877555392,-0.3366644329777661
9733.333333333334,-1.250958893029848,-0.4955169121672041
9750.0,-1.1555661266366846,-0.4891503708146012
9766.666666666668,-1.1261400657934046,-0.33022482072325016
9783.333333333334,-1.0086286010999945,-0.27325983965555556
9800.0,-0.8602532063833365,-0.1767090580999962
9816.666666666668,-0.7285790511800034,-0.29881387615638066
9833.333333333334,-0.7916610053198158,-0.27589024744556967
9850.0,-0.6202958397076209,-0.42961699354071525
9866.666666666668,-0.6189827003339833,-0.4193401614562553
9883.333333333334,-0.63999875353333,-0.4981344104222585
9900.0,-0.54575855681666,-0.5449683497166679
9916.666666666668,-0.6428108389999879,-0.6641024100777926
9933.333333333334,-0.7641507333444324,-0.5670972251207823
9950.0,-0.6345906541338624,-0.7495192873195511
9966.666666666668,-0.6619155536647593,-0.7135307581692378
9983.333333333334,-0.7160327331664939,-0.6332424999110143
10000.0,-0.6054208560167089,-0.7353266929166624
10016.666666666668,-0.5425270430277853,-0.9734301880500028
10033.333333333334,-0.31581771991642793,-1.0226921912280844
10050.0,-0.28232773049861465,-0.8690920901951176
10066.666666666668,-0.3185896184610793,-0.9231062088277973
10083.333333333334,-0.30272565587793693,-0.6752551790228406
10100.0,-0.3078746438780523,-0.4901086982509522
10116.666666666668,-0.44786413618746307,-0.28209660119940205
10133.333333333334,-0.344073480090068,-0.10882820262909798
10150.0,-0.4652897191333578,0.04151566653336118
10166.666666666668,-0.39019715418255724,0.10230103164911414
10183.333333333334,-0.19940626989999155,-0.10997781456666884
10200.0,-0.19385698955723835,-0.04971883276523756
10216.666666666668,-0.2951180215160035,-0.07406109586802935
10233.333333333334,-0.33616506059398454,0.0051650049942249115
10250.0,-0.4768732182742041,-0.020583032900209502
10266.666666666668,-0.2868987545605028,-0.1827407524599591
10283.333333333334,-0.19135040253328564,-0.34680273387783267
10300.0,-0.21097017945638805,-0.31555618849425543
10316.666666666668,-0.24644895291367624,-0.2408053253635118
10333.333333333334,-0.2887718949999999,-0.2800983320833312
10350.0,-0.21230861476665955,-0.3869594766999814
10366.666666666668,0.018828921478541524,-0.3410405492396059
10383.333333333334,0.21048176877883518,-0.35843637536546774
10400.0,0.14320710219672006,-0.4422581280080012
10416.666666666668,0.3772301993003594,-0.22401324107945902
10433.333333333334,0.2181813448888857,0.11227635288889407
10450.0,0.198273391291242,0.05038453258259374
10466.666666666668,0.13598857421286323,0.3316095403298596
10483.333333333334,0.060332582660448705,0.4197798876098141
10500.0,0.16794076226884241,0.395857662768625
10516.666666666668,0.1512722191737273,0.14649288203681654
10533.333333333334,0.0909121751212663,0.185034814980158
10550.0,-0.1253027662666689,0.4293983792000021
10566.666666666668,-0.4618256938222021,0.8243221157778334
10583.333333333334,-1.0410564249009462,0.48758677321594457
10600.0,-15.205521129531515,-1.652947354577334
10616.666666666668,-21.04659643342229,-6.05978530556677
10633.333333333334,-19.412040378394085,-6.74177405719918
10650.0,-18.584007271268955,-6.331741988427546
10666.666666666668,-18.653279026159375,-5.978206136959139
10683.333333333334,-18.623209115977023,-5.760669567886982
10700.0,-24.77947393707468,-8.87173953152134
10716.666666666668,-35.624323466861654,-17.25124196028525
10733.333333333334,-37.11785341303529,-20.645773818607477
10750.0,-35.71853991595359,-20.863153996318417
10766.666666666668,-35.75688730111729,-20.56499918049576
10783.333333333334,-35.64106907986773,-20.47989357930076
10800.0,-35.600558116216185,-20.53022250810816
10816.666666666668,-35.844245189278034,-20.502559641265055
10833.333333333334,-36.18313899932778,-20.400643505066665
10850.0,-36.395881493936365,-20.03193710971183
10866.666666666668,-36.77270056553667,-19.896280005733672
10883.333333333334,-36.938285839524596,-19.999808747263682
10900.0,-37.266320034333326,-20.072724918633334
10916.666666666668,-37.0644330590128,-20.214183684853527
10933.333333333334,-37.43683679237779,-20.1162443866
10950.0,-37.890140016982805,-19.883750215627828
10966.666666666668,-37.97617579343776,-19.581047777766535
10983.333333333334,-30.525886323381595,-12.395930771742401
11000.0,-26.58441310439999,-3.9190413507999757
11016.666666666668,-26.901760963485764,-1.4886675602601716
11033.333333333334,-27.567242520144436,-2.300615407488904
11050.0,-27.759535045066688,-2.9853534165333313
11066.666666666668,-28.267034726362528,-2.780089761976872
11083.333333333334,-28.148822712106043,-2.8111746011672625
11100.0,-28.173971121629222,-2.934726181845412
11116.666666666668,-28.492690321362428,-2.7488928365562617
11133.333333333334,-28.841369905211266,-2.8849431675914783
11150.0,-29.099414979089484,-2.8809628904619227
11166.666666666668,-29.145611066800004,-2.823057791377787
11183.333333333334,-29.01390713654766,-2.724209655844736
11200.0,-29.282189789789815,-2.4051637828828794
11216.666666666668,-29.51593905974655,-2.2552387547829538
11233.333333333334,-29.563762553062933,-2.7071785531519423
11250.0,-29.37013822653325,-3.651239645000451
11266.666666666668,-12.296000127379536,-0.8830615685767288
11283.333333333334,0.4204744294890339,1.0345946735444904
11300.0,0.907584437410551,1.5108851847229299
11316.666666666668,0.18430179550780915,1.3604447987450448
11333.333333333334,-0.5892781288466824,1.6227060865567338
11350.0,-0.8539146655299071,1.938669378719476
11366.666666666668,-1.0980512803482598,1.944260087562131
11383.333333333334,-0.9970319641702737,1.8928056267469393
11400.0,-1.0385318341666694,1.8823227438333274
11416.666666666668,-1.0092046859696495,1.9502007042513372
11433.333333333334,-1.0777039560777917,1.9899097193777908
11450.0,1.9841298826081908,0.6008539178582979
11466.666666666668,11.760431939104484,-17.213229717435837
11483.333333333334,14.137215955866388,-22.412570131390854
11500.0,14.510279058874465,-22.738311296137223
11516.666666666668,14.813071311322242,-22.725949624266647
11533.333333333334,15.073633018414766,-22.549112181273973
11550.0,14.763115242921474,-22.59127394537269
11566.666666666668,14.66334964708492,-22.514714442502907
11583.333333333334,14.39962655088889,-22.390176288638887
11600.0,13.86398993507724,-22.245596720777286
11616.666666666668,13.976238559292527,-22.280244928979936
11633.333333333334,13.96445620220109,-22.352854270724247
11650.0,14.195014088833322,-22.288503906233338
11666.666666666668,14.21303883659278,-22.195642289022146
11683.333333333334,14.447760063103981,-22.282291851480746
11700.0,14.541034447928986,-22.234966808152528
11716.666666666668,14.569601620532435,-22.327581923250555
11733.333333333334,14.707438965333317,-22.358875103999996
11750.0,14.817658694933336,-22.5681791027
11766.666666666668,14.947553392824187,-22.62397442614638
11783.333333333334,15.16623903600272,-22.733809873784963
11800.0,15.024439665750384,-22.643551893886407
11816.666666666668,8.470490437231119,-16.61192864924937
11833.333333333334,-3.6927694575419023,-0.49412332131540304
11850.0,-2.8903062161612105,4.526504723785737
11866.666666666668,-2.7184978789672374,5.304423840325719
11883.333333333334,-2.727405288888886,4.96327461055555
11900.0,-2.7952785287810653,4.7700300868600936
11916.666666666668,-3.3173923361917574,4.999340553164266
11933.333333333334,-3.8630700244444154,4.9092105910052775
11950.0,-3.5429423989833366,5.051119020850033
11966.666666666668,-3.4066116752307942,4.5591833542987406
11983.333333333334,-3.1165141667164633,4.525754016378935
12000.0,-3.1226539367316657,4.479827696701632
12016.666666666668,-3.066105866294639,4.447622433588778
12033.333333333334,-3.1451221517275885,4.494157923496357
12050.0,-2.919376771000018,4.358336876366665
12066.666666666668,-2.986970763688888,4.505100255983359
12083.333333333334,-0.12399353333865437,2.6435935559161354
12100.0,1.8880121267699383,-0.03094307849408246
12116.666666666668,3.175280297972255,-2.0927149636721754
12133.333333333334,3.216299119495815,-2.474422206158039
12150.0,2.7925373791666646,-2.2755916833333307
12166.666666666668,2.918450813204599,-2.331001928952204
12183.333333333334,2.902077147474719,-2.459325561616155
12200.0,2.6851085584411676,-2.406574339248306
12216.666666666668,2.7647795023275585,-2.4731515424771158
12233.333333333334,2.582477801694449,-2.17671578844451
12250.0,2.9296430125437056,-2.2431166881059452
12266.666666666668,2.836229920111101,-2.137321806933339
12283.333333333334,2.824339019202547,-2.0639087886720073
12300.0,2.8421564152733807,-2.034608840486801
12316.666666666668,26.08649934324445,-2.7660668506173436
12333.333333333334,38.65183145687157,-3.055231745044146
12350.0,38.705855255944066,-3.288554083316671
12366.666666666668,37.12372373447891,-3.4244500377488567
12383.333333333334,36.66327411237158,-3.1823004938086474
12400.0,36.67019619832824,-3.3475417094490467
12416.666666666668,36.51893372835364,-3.5854788757024627
12433.333333333334,36.56689367991666,-3.639897938555559
12450.0,36.709862195069135,-3.667504334282856
12466.666666666668,36.41612904797248,-3.624853982703705
12483.333333333334,36.62727850521467,-3.6552245028653005
12500.0,36.776477623588214,-3.703038312027345
12516.666666666668,36.880228964,-3.629461212444356
12533.333333333334,37.00711940459451,-3.7086175366833545
12550.0,37.46372872443344,-3.513648103833351
12566.666666666668,37.32493238247433,-3.5350306668563203
12583.333333333334,37.43490412388335,-3.5369575563833284
12600.0,37.87811635888982,-3.4203017994852534
12616.666666666668,38.05414423927482,-3.359665161802436
12633.333333333334,37.78841224765159,-3.1671151577455254
12650.0,37.87348947220001,-3.1472122610666973
12666.666666666668,37.74104670562497,-3.0573336357265806
12683.333333333334,38.193342858299275,-3.4109681134641683
12700.0,38.62753820680677,-4.027335724024022
12716.666666666668,38.96450397285062,-4.111434112823945
12733.333333333334,39.00905724812961,-4.202333098827195
12750.0,38.998353413,-4.0097285426666796
12766.666666666668,38.97495529628881,-3.9358406731000106
12783.333333333334,38.928346437846706,-3.803325490556369
12800.0,39.441157084375504,-3.7304569588460934
12816.666666666668,39.64514531983654,-3.686566296557679
12833.333333333334,39.85847222944444,-3.66253386786667
12850.000000000002,40.06238203350023,-3.8004857048047658
12866.666666666668,40.43168312079933,-3.7626784951809165
12883.333333333334,41.0199721547778,-3.68121718655553
12900.000000000002,41.57440886008338,-3.588559679916683
12916.666666666668,42.0145749176589,-3.6752694892057276
12933.333333333334,42.41017270407484,-3.759223827877976
12950.000000000002,42.697218407753546,-3.8434778772034335
12966.666666666668,43.035874394424965,-4.002842123467279
12983.333333333334,43.38002690883449,-3.906892819851182
13000.000000000002,43.79229873858073,-3.7830189988006278
13016.666666666668,43.96295572674673,-3.687271815768996
13033.333333333334,44.49907121885,-3.5672171188777804
13050.000000000002,44.748999431600026,-3.4533228366666684
13066.666666666668,42.7269125609994,-2.8702067374110354
13083.333333333334,12.974322087844158,-1.207753259559748
13100.000000000002,-7.978269870563001,-0.10639167489157927
13116.666666666668,-7.183706090371448,-0.07601752442668255
13133.333333333334,-5.395985956595482,-0.07743253555221871
13150.000000000002,-3.848305980634607,-0.04969068588894626
13166.666666666668,-3.3262368562725255,-0.019746843193810426
13183.333333333334,-2.8688007435666814,0.046548764011111514
13200.000000000002,-2.8012246580359426,0.12011312461118004
13216.666666666668,-2.4684846844422017,0.032178520654805115
13233.333333333334,-2.190794071941537,0.35796208770496346
13250.000000000002,-2.1363640699333146,0.1909268854666992
13266.666666666668,-2.067166700161193,0.18095103341115268
13283.333333333334,-2.0513385603417755,0.5647785172891285
13300.000000000002,-1.911228144033314,0.642829809733256
13316.666666666668,-1.8654530210037772,0.5088408784955231
13333.333333333334,-1.8454505063127464,0.3959833635879471
13350.000000000002,-1.7498572510588937,0.26061142567954537
13366.666666666668,-1.63141491266667,0.006372328222216854
13383.333333333334,-1.3334448123555578,-0.4616531654221937
13400.000000000002,4.5867730308987404,-12.128984089661671
13416.666666666668,5.83263799243565,-16.531801564001228
13433.333333333334,5.86702880915916,-16.908926987976866
13450.000000000002,5.767128020449962,-16.174311790849938
13466.666666666668,4.964482478539232,-15.719386926096357
13483.333333333334,4.835749185644461,-15.523828550666694
13500.000000000002,4.910034498149139,-15.738847088577618
13516.666666666668,5.307810352554043,-16.008580310160657
13533.333333333334,5.301263761366668,-15.854144105655555
13550.000000000002,4.970378205899926,-16.06644682885003
13566.666666666668,4.889471455776997,-16.04086644118364
13583.333333333334,4.493662655483278,-14.975704824790233
13600.000000000002,15.910616590934103,-6.799449475732157
13616.666666666668,18.934054158479107,2.813135655955919
13633.333333333334,16.408125601410326,4.698495661269304
13650.000000000002,16.039222704488818,3.589334275228522
13666.666666666668,16.295874464323376,3.2507705694929605
13683.333333333334,16.10255265062221,3.307662702577749
13700.000000000002,15.81736086542292,3.5010020894693468
13716.666666666668,15.891367724786303,3.422805229137535
13733.333333333334,16.095648371811134,3.4185614242777707
13750.000000000002,16.37895935700962,3.472319451781579
13766.666666666668,16.7495955786894,3.441451323395038
13783.333333333334,16.743881572647048,3.2717527810483658
13800.000000000002,16.967186490011677,3.3475747431048934
13816.666666666668,17.0619743876929,3.257443794149636
13833.333333333334,17.169442136020876,3.2121370033039085
13850.000000000002,17.085861581485187,3.1386835362304346
13866.666666666668,17.01580077522763,3.132590380266661
13883.333333333334,9.768548166630897,1.11878069042512
13900.000000000002,4.268442558762424,0.5734297452726035
13916.666666666668,3.6614611829936097,0.20581496062808996
13933.333333333334,4.579678671680829,0.08924124694874765
13950.000000000002,4.997524308283357,0.09154613489998732
13966.666666666668,5.049876760244398,0.22247001702219854
13983.333333333334,4.923513872724784,-0.029218650519177648
14000.000000000002,5.147232910244955,-0.10176308995504788
14016.666666666668,5.061592770635288,0.19207293647385834
14033.333333333334,5.024759465622802,0.845554005736036
14050.000000000002,5.035380460493848,0.8687500283283034
14066.666666666668,5.003895230638853,0.6565492461777394
14083.333333333334,5.08608673546003,0.7613515242212319
14100.000000000002,4.999870190762085,0.6182355616807906
14116.666666666668,5.035715457367581,0.7063112361013908
14133.333333333334,4.897062287244444,0.9587184661333065
14150.000000000002,5.060187184007992,0.9607696744128013
14166.666666666668,5.019579942133334,1.080683883466657
14183.333333333334,5.035307624792687,1.1645289941072452
14200.000000000002,5.141987778571429,1.139247129120877
14216.666666666668,5.082632846573536,1.1914553066755305
14233.333333333334,5.054560574786325,1.4252698876068368
14250.000000000002,5.056544927177196,1.6639802157157315
14266.666666666668,5.143391056961879,1.7229755011784047
14283.333333333334,3.0681695352500054,2.278358930872221
14300.000000000002,2.36104401933332,2.1498343247999983
14316.666666666668,2.236486104166695,2.1009635982777666
14333.333333333334,2.5368927860860846,2.243352864920466
14350.000000000002,2.5380770556055245,2.3307836601365226
14366.666666666668,2.559205772319212,2.074568114369657
14383.333333333334,2.4987431642877005,2.370034273903626
14400.000000000002,2.4988764826158487,2.480637141174662
14416.666666666668,2.488842841859768,2.4125757426156746
14433.333333333334,2.5615997257219436,2.2263997884493265
14450.000000000002,2.6576865137735632,1.9394754481573147
14466.666666666668,2.505075948453524,1.9885410333167262
14483.333333333334,2.6246474889835727,2.013176809646336
14500.000000000002,2.4765182428785324,2.110594553423295
14516.666666666668,2.371753839297428,1.9175135591240142
14533.333333333334,2.534999776649434,1.177231156700557
14550.000000000002,5.808806295877257,2.802477591220316
14566.666666666668,6.200523146244448,3.4319589966166726
14583.333333333334,6.138151122299995,3.54523414755
14600.000000000002,5.854624499717087,3.63213088808453
14616.666666666668,5.7845686651056125,3.871498250077722
14633.333333333334,5.764901383838389,3.87061501919192
14650.000000000002,5.941790317042223,3.949963627073945
14666.666666666668,5.987509632935296,4.085531816252104
14683.333333333334,5.92672479376802,3.9812004480372707
14700.000000000002,5.923520089829655,3.906273631930486
14716.666666666668,5.801182565083307,3.6607726969722223
14733.333333333334,5.903473042500001,3.5507815940000054
14750.000000000002,6.024193458962854,3.7393938192263985
14766.666666666668,6.019819611905967,4.079951998560415
14783.333333333334,6.125584285263033,4.3029529541319125
14800.000000000002,6.251537462572519,4.27359049061827
14816.666666666668,6.124814237324273,4.33704508499806
14833.333333333334,6.150180321182799,4.515976027986175
14850.000000000002,6.056758710456154,4.722065216217182
14866.666666666668,10.236341817521831,3.0154287076511888
14883.333333333334,15.408121638306055,2.014141339160891
14900.000000000002,16.75904964977491,1.3574616864265512
14916.666666666668,16.497735248934074,1.3926874917751446
14933.333333333334,14.204588130577307,1.3576861521779096
14950.000000000002,-9.691414419084788,0.13244713583341047
14966.666666666668,-25.352659663166737,-1.4901891447222357
14983.333333333334,-24.86311616985556,-1.95534082048889
15000.000000000002,-23.2812239921293,-2.2348428564782283
15016.666666666668,-22.562465258269608,-1.8041210387282327
15033.333333333334,-22.265112101934044,-1.7468387530894927
15050.000000000002,-22.022516468632354,-1.6815641884723904
15066.666666666668,-21.771993921866898,-1.9444944066522334
15083.333333333334,-21.78423682739405,-1.899468025247482
15100.000000000002,-22.016638693749996,-1.723587152083353
15116.666666666668,-22.07853387779996,-1.661065882852533
15133.333333333334,-22.062090168789574,-1.6800917346368682
15150.000000000002,-21.926578494152906,-1.7989073031983784
15166.666666666668,-22.065529282131237,-1.7236063516519513
15183.333333333334,-22.167976114255598,-1.671318014944457
15200.000000000002,-25.088566427317442,-2.9247325479665944
15216.666666666668,-32.046373885600566,-6.422077902244783
15233.333333333334,-34.50468472606668,-9.178740249566752
15250.000000000002,-33.64197682271665,-9.494828538116655
15266.666666666668,-32.931231113936065,-8.924355543667437
15283.333333333334,-33.1635120573669,-8.812669247719233
15300.000000000002,-33.20028689179588,-8.730531677171898
15316.666666666668,-33.392590921210115,-8.666199198954702
15333.333333333334,-33.44572875588317,-8.733182835665504
15350.000000000002,-33.63331548525735,-9.131081401149467
15366.666666666668,-33.78433861186636,-9.16979846593369
15383.333333333334,-33.99059835312899,-9.027607310394808
15400.000000000002,-34.49738964141267,-8.882741992570372
15416.666666666668,-34.43425483679944,-8.813946827911085
15433.333333333334,-9.108715030321884,-2.623303029911065
15450.000000000002,6.900237933350181,2.861559268855003
15466.666666666668,4.5503576410964355,3.948534221755096
15483.333333333334,1.817851083019278,3.1495406853537857
15500.000000000002,0.9084016260869093,3.014034417391237
15516.666666666668,0.22516475649435258,2.7084837413888927
15533.333333333334,-0.5796204770670323,2.659391841101668
15550.000000000002,-1.0204021598333486,2.5357987501333237
15566.666666666668,-1.2645292921175901,2.538551352104209
15583.333333333334,-1.4743807849738637,2.6491013295017263
15600.000000000002,-1.629625481064493,2.562147858908876
15616.666666666668,-1.4502815851777358,2.244319698038868
15633.333333333334,-1.665084379222225,2.306528547055554
15650.000000000002,-1.4635905962814781,2.5349316410371037
15666.666666666668,-1.1453732041548979,2.389441394857712
15683.333333333334,-1.3161738137513237,2.3239435859096425
15700.000000000002,-1.685920292462895,2.5172115089544738
15716.666666666668,-1.7757051524333327,2.6790105162944458
15733.333333333334,-1.6623516354378265,2.6996629805264054
15750.000000000002,-1.6606101525429078,2.8830236245122904
15766.666666666668,-1.3819408265123767,2.9605815758740497
15783.333333333334,-0.7046702885607443,2.5698614578077716
15800.000000000002,3.161988118840773,-0.24208868115951943
15816.666666666668,6.02025089579926,-2.2040047233238864
15833.333333333334,5.989077639955546,-2.5544427021000016
15850.000000000002,5.482022680992836,-2.418613246226861
15866.666666666668,5.3795817262737025,-2.3176554591408336
15883.333333333334,5.34246244511111,-2.2234779927778052
15900.000000000002,5.525660186142885,-2.1858410376928292
15916.666666666668,5.468746034598725,-2.0870610258629987
15933.333333333334,5.334475043839441,-2.2694541687756824
15950.000000000002,5.236803905666686,-2.381086079833317
15966.666666666668,5.303061700821408,-2.318697224053735
15983.333333333334,5.35479660419447,-1.855315478166594
16000.000000000002,5.475428240942484,-1.0712259056942808
16016.666666666668,5.529427270023976,-0.856591796709505
16033.333333333334,5.481841755033348,-0.9059859246444506
16050.000000000002,8.764028152223045,-2.2972110366121967
16066.666666666668,25.211895370731575,-9.232073074124264
16083.333333333334,30.744098031049987,-13.621408375388848
16100.000000000002,30.226557068300774,-14.619274680440283
16116.666666666668,29.678753979350596,-14.332864098013005
16133.333333333334,29.545887515082523,-14.246866718444672
16150.000000000002,29.542320122883314,-14.262737624566627
16166.666666666668,29.26210208611107,-14.448240386111122
16183.333333333334,29.166664914130788,-14.604695385719044
16200.000000000002,29.17527059848406,-14.439130815758809
16216.666666666668,29.085012001966717,-14.559192361055546
16233.333333333334,29.154156975531073,-14.553035116093882
16250.000000000002,29.231658754666782,-14.698709758666745
16266.666666666668,29.182169837611124,-14.778038992722182
16283.333333333334,29.61602015110783,-14.767599516702756
16300.000000000002,20.181010866663986,-14.982916166666595
16316.666666666668,2.3316240798608097,-16.542831614271936
16333.333333333334,-0.5658036471139947,-16.449546065367965
16350.000000000002,1.7503881737071598,-16.37426203470139
16366.666666666668,2.7882237235617864,-16.373015652220555
16383.333333333334,2.6444873861097475,-16.11193514592519
16400.0,2.854606271202257,-16.16095368869434
16416.666666666668,2.91656246414183,-16.065507008742088
16433.333333333336,3.018678708402698,-16.04846087312692
16450.0,3.1010098621022357,-16.02875589168752
16466.666666666668,3.042373461946118,-16.23659258659541
16483.333333333336,3.160266970216683,-16.410466385455617
16500.0,3.1441258789122415,-16.46669542010345
16516.666666666668,3.201503912889547,-16.59575488140716
16533.333333333336,3.3138622787783123,-16.610480435912496
16550.0,3.215108963463458,-16.84286431941941
16566.666666666668,3.042733193522384,-16.847104687005515
16583.333333333336,17.22532385644541,-16.685324384166602
16600.0,46.431175466529275,-17.749065718985097
16616.666666666668,62.52470334487729,-17.88169052063483
16633.333333333336,61.22190069480247,-17.974401496796197
16650.0,59.543839694433416,-18.424947797850017
16666.666666666668,59.08199284933334,-18.431656876888887
16683.333333333336,59.14446993686085,-18.407251278812677
16700.0,59.220295699049046,-18.49025101813481
16716.666666666668,59.660580117555654,-18.61960280200002
16733.333333333336,59.621966052655516,-18.741305224888936
16750.0,59.63393425516155,-18.719361522094577
16766.666666666668,59.60425986521182,-18.833994430412574
16783.333333333336,59.23437507240293,-18.815721710838666
16800.0,59.84289691935702,-18.815982368782297
16816.666666666668,60.50973255944087,-18.96413223994226
16833.333333333336,60.98940038645677,-19.06574391553666
16850.0,61.3978356229541,-19.31968426946104
16866.666666666668,61.62936398030957,-19.606951338805985
16883.333333333336,61.97926387584366,-19.568796089528174
16900.0,62.736873101401486,-19.95096256936937
16916.666666666668,63.08807467422044,-20.148939635184266
16933.333333333336,63.49353294487208,-20.30141208203674
16950.0,63.80736675217391,-20.397901678260865
16966.666666666668,63.945760560008885,-20.566423946015888
16983.333333333336,64.0,-20.63451536761715
17000.0,64.0,-20.630265836268656
17016.666666666668,64.0,-20.757444162044386
17033.333333333336,44.229461794663315,-18.229743146273282
17050.0,7.262912214648119,-18.965744346946245
17066.666666666668,-21.88787783030288,-16.810025242857165
17083.333333333336,-22.37844792597057,-16.406680686071688
17100.0,-19.305300118666576,-17.492714020000026
17116.666666666668,-18.422494986831282,-17.232901779423834
17133.333333333336,-18.160052959731242,-17.00442942460994
17150.0,-17.8803926654661,-17.0417158367017
17166.666666666668,-17.633291409796797,-17.092840653713797
17183.333333333336,-17.54728895964448,-17.222494254489
17200.0,-17.430962870454877,-17.115851133274834
17216.666666666668,-17.630347177011465,-17.290516072313878
17233.333333333336,-17.67160033297777,-17.288668720222212
17250.0,-17.573810567033135,-17.427853583391645
17266.666666666668,-17.636147693665343,-17.39277594875246
17283.333333333336,-17.150367180475662,-17.365305713157692
17300.0,-24.766358681675598,-18.48023493663146
17316.666666666668,-28.370900949794372,-18.897511307407427
17333.333333333336,-28.188748781225907,-19.034300665894868
17350.0,-27.712050013619717,-18.893315053213456
17366.666666666668,-27.630250370809694,-18.631773331281302
17383.333333333336,-27.45317563037038,-18.699503667983535
17400.0,-27.512555780033335,-18.5793863976
17416.666666666668,-27.429459010009953,-18.630633622489157
17433.333333333336,-26.05182319130941,-17.658884246427682
17450.0,1.5132152334141444,-7.935253379250756
17466.666666666668,12.243419469214052,1.5597535636528543
17483.333333333336,9.180017025907162,2.833992249991662
17500.0,7.243633877133307,1.3837510200666647
17516.666666666668,7.051501596519051,1.1334189795314535
17533.333333333336,6.6427511347062005,1.3967249904674606
17550.0,6.258796171414303,1.582103530334834
17566.666666666668,5.8879392371185295,1.6321619112667436
17583.333333333336,5.798674960782892,1.5662487791123845
17600.0,5.689354975037559,1.6674539163081503
17616.666666666668,5.715975150116091,1.726718204527352
17633.333333333336,5.695559602171195,1.4302886169969666
17650.0,5.499168402750013,1.13695209274999
17666.666666666668,5.566471673866643,1.1256911923554922
17683.333333333336,5.570117908833379,0.9226431889833352
17700.0,5.812163951166665,0.7937626846000045
17716.666666666668,6.026806710243579,0.678074690568305
17733.333333333336,0.8335721556771011,1.3082894631687099
17750.0,-5.128847640666389,2.1164648759999345
17766.666666666668,-5.01468534140618,2.3181562761809817
17783.333333333336,-3.6016306334217965,2.1254889213886674
17800.0,-2.935389676915375,2.2149226550325483
17816.666666666668,-2.82809046463336,2.2817536670666123
17833.333333333336,-2.964209837529838,2.271672854910873
17850.0,-2.9639017434666632,2.4217407105333293
17866.666666666668,-2.867691843277775,2.561539926777775
17883.333333333336,-2.8499426141444486,2.348366941688782
17900.0,-2.915233474783308,2.557191148249987
17916.666666666668,-2.873372856644582,2.6068065064555643
17933.333333333336,-2.8320828773608926,2.721819700589146
17950.0,-2.851932454083382,2.602646996750034
17966.666666666668,-2.836366173470969,2.751250717438116
17983.333333333336,-2.9869851173247417,2.7960884700871795
