0.0,0.1126093666666596,3.806855200000003
16.666666666666668,-0.09293478127458683,4.0343979088113056
33.333333333333336,-2.3437632339719023,4.767837735970906
50.0,-11.897876544666673,7.16764947716667
66.66666666666667,-12.085436109442776,7.811198987687687
83.33333333333334,-12.753098577622223,7.589568705411111
100.0,-13.573134416057423,7.570829611033217
116.66666666666667,-13.823591356967984,7.747233534180793
133.33333333333334,-13.850385239884327,7.594050962028698
150.0,-13.733602521594129,7.593749649257959
166.66666666666669,-13.61103863610833,7.746599461639418
183.33333333333334,-13.577183552648028,7.469958407991516
200.0,-13.353999695481074,7.355033407136903
216.66666666666669,-13.447136579368268,7.0890095208493795
233.33333333333334,-13.658636416885765,6.851023173383755
250.00000000000003,-13.831269865865861,6.810333703403397
266.6666666666667,-13.454616756088885,6.741608387066665
283.33333333333337,-13.483947396805558,6.456865018338886
300.0,-0.5884543434267338,5.6200258979813125
316.6666666666667,4.959126161777779,5.258173575777777
333.33333333333337,4.14767249285005,5.017928004660195
350.0,4.206490719085755,4.905744750150156
366.6666666666667,4.251947756059847,4.861576849703516
383.33333333333337,4.433183197777783,4.896890830266672
400.0,4.638475474358971,5.017263906410258
416.6666666666667,4.773947345332446,5.047083799211901
433.33333333333337,4.828198624653303,4.956418075517985
450.00000000000006,4.7854206766683305,4.82685497939757
466.6666666666667,4.812300641300839,4.623369139932116
483.33333333333337,4.74135544125854,4.365456930686806
500.00000000000006,4.667361983141766,4.446825616858235
516.6666666666667,4.653110070764617,4.480367826075847
533.3333333333334,4.946726556945135,4.412190970974378
550.0,4.997765266733295,4.238711092470428
566.6666666666667,5.288040761136101,4.216541734643786
583.3333333333334,5.514598418603617,4.068840933843931
600.0,5.530283861019486,3.860665779160417
616.6666666666667,5.573036640459121,3.645464804335496
633.3333333333334,5.626092382783877,3.4943340493284536
650.0,5.672112536466657,3.3630504089333315
666.6666666666667,5.732964354065922,3.2737651430548547
683.3333333333334,5.602294311956397,3.2222612271493722
700.0,5.75791010215108,3.2190986841754197
716.6666666666667,5.8350438268222184,3.4264132618888925
733.3333333333334,5.7232330253373265,3.512642761186071
750.0,5.664717884642435,3.5086266917936695
766.6666666666667,5.472331499432768,3.5302490337226113
783.3333333333334,5.846669602513627,3.733344462473582
800.0,6.448792803433341,3.8405999472166674
816.6666666666667,-0.2383091905547528,5.140449518374149
833.3333333333334,-2.254295375483334,5.943017461083337
850.0000000000001,-2.2937699898666724,5.797089221266666
866.6666666666667,-2.5133785626287963,5.994573105747703
883.3333333333334,-2.5202629838025463,6.1697523007218615
900.0000000000001,-2.5667762469901607,6.26812861777555
916.6666666666667,-2.7203031238182085,6.4064820834934855
933.3333333333334,-2.748906681268412,6.524795222733591
950.0000000000001,-2.7687557819257007,6.595297725987003
966.6666666666667,-2.810664091182011,6.627444767630438
983.3333333333334,-2.7706841835748754,6.947368028502415
1000.0000000000001,-34.8050097531433,-12.017621187910468
1016.6666666666667,-64.0,-36.0
1033.3333333333335,-64.0,-36.0
1050.0,-64.0,-36.0
1066.6666666666667,-64.0,-36.0
1083.3333333333335,-64.0,-24.079242969529254
1100.0,2.970203492216679,-1.3051138583333415
1116.6666666666667,1.7952269141323107,4.8765777208201175
1133.3333333333335,0.8456314833194474,3.675213060258761
1150.0,0.7765722980519528,3.5204227383949362
1166.6666666666667,0.6523577420654721,3.6465706296481586
1183.3333333333335,0.46567046583332955,3.821269740644447
1200.0,0.35259434290957925,4.015923336302972
1216.6666666666667,0.3270978210684012,4.015614038076218
1233.3333333333335,0.35388845263759183,3.9899770123142257
1250.0,0.15150228169249164,4.000080160802925
1266.6666666666667,-0.02407972628685673,3.9024638772724787
1283.3333333333335,-0.1932048987580082,3.990718051138962
1300.0,-0.3491860526315765,4.127715385614041
1316.6666666666667,-0.30231564896110513,4.163943175849997
1333.3333333333335,-0.1838177466021578,4.005926495751312
1350.0,-0.17317507060196605,3.9450841951975986
1366.6666666666667,-0.031328093487931696,3.904508182282283
1383.3333333333335,0.008975525094631029,3.7594510405588935
1400.0,-0.04466247796723501,3.8285483045971227
1416.6666666666667,1.2555756139486982,4.366799513581483
1433.3333333333335,1.0922409058497144,4.581446160361863
1450.0,1.1833781866133763,4.69038460765901
1466.6666666666667,1.3116788453059844,4.752188728658769
1483.3333333333335,1.2987394597222257,4.784649097083335
1500.0,1.0268996904999892,5.054144773200003
1516.6666666666667,0.37189901264521286,4.968719271424601
1533.3333333333335,0.45539176803758624,5.053687637119954
1550.0,0.617488806843598,5.114023318143881
1566.6666666666667,1.0841514564838017,5.06759887105775
1583.3333333333335,1.2816832456111154,4.987059754127772
1600.0,1.3582783176490176,4.875426480053277
1616.6666666666667,1.566959574101797,4.891856452339768
1633.3333333333335,1.6535938891774922,4.790702016317015
1650.0000000000002,1.6476080759759735,4.801034289489497
1666.6666666666667,1.4121120195279429,4.755917399053668
1683.3333333333335,1.3659257571388845,4.722739576611111
1700.0000000000002,1.4632888330833334,4.610035365333333
1716.6666666666667,1.3252107769996138,4.574842333161025
1733.3333333333335,1.4552182271827503,4.573096009555791
1750.0000000000002,1.7595084711088926,4.52667885387441
1766.6666666666667,2.059291460063366,4.708423152709694
1783.3333333333335,2.226773770035528,4.70655998856144
1800.0000000000002,2.3810308889555256,4.801632326786607
1816.6666666666667,2.3768777990671275,4.811335513409964
1833.3333333333335,2.543403903738889,4.942194462222215
1850.0000000000002,2.527448541870943,4.932805003401706
1866.6666666666667,2.467189086782573,5.16176582057283
1883.3333333333335,2.299283465433333,5.329450052044437
1900.0000000000002,2.006809666315782,5.480523415087719
1916.6666666666667,1.6504752519664896,5.580295155561101
1933.3333333333335,1.4502826808030287,5.621987714881549
1950.0000000000002,1.521320736600008,5.7721916317333335
1966.6666666666667,1.7918086621578104,5.630171816924869
1983.3333333333335,2.079631405310688,5.609862336145936
2000.0000000000002,2.1117824424212133,5.654991158645985
2016.6666666666667,1.9576405771300445,5.588331658545091
2033.3333333333335,1.771912039197533,5.658825078780864
2050.0,1.4719744878394139,5.544093350258204
2066.666666666667,1.1876247713722226,5.656816859777774
2083.3333333333335,1.0537293553392135,5.648560086115273
2100.0,1.0173601890442832,5.496048509090906
2116.666666666667,0.9184081053724146,5.459110072954803
2133.3333333333335,0.8893475998445984,5.450827540248642
2150.0,0.9060747759064139,5.420797036296293
2166.666666666667,1.082223556677784,5.4192663709777635
2183.3333333333335,1.4411318997329345,5.376565463600962
2200.0,1.996985496031352,5.36947263421711
2216.666666666667,1.9852824089463317,5.450425887442156
2233.3333333333335,1.4265243081192345,5.3558824829829845
2250.0,0.8756469362459515,5.537089052496539
2266.666666666667,0.6514249332666066,5.318203634784783
2283.3333333333335,0.9155407351851905,5.159155910699587
2300.0,0.9380202547607127,5.078001615224275
2316.666666666667,0.8404889719579474,5.088776209964942
2333.3333333333335,1.0811889352018607,4.869127545567789
2350.0,1.8555430813906733,4.889788006203103
2366.666666666667,-6.358435010688063,4.7728703554664795
2383.3333333333335,-9.426456345568914,4.520448934624804
2400.0,-9.624155531666664,4.634447958333328
2416.666666666667,-9.88324791584528,4.350293677261622
2433.3333333333335,-10.079918862204472,4.139170214796311
2450.0,-10.274262379560218,3.7960414985840356
2466.666666666667,-10.24706707643401,3.710285992648126
2483.3333333333335,-10.319251133000838,3.60534278420061
2500.0,-10.361883516833839,3.5357940365763962
2516.666666666667,-10.216885802302102,3.5002564294336262
2533.3333333333335,-10.173144816169698,3.7432474757954357
2550.0,-10.017407348225884,4.124509130118272
2566.666666666667,-9.983692275036145,3.9815864195862516
2583.3333333333335,-10.126691118516662,3.7736034101986324
2600.0,-10.290698211666664,3.727209540166673
2616.666666666667,-10.292590352554049,3.5499956156522785
2633.3333333333335,-10.257158429681128,3.4712208911728877
2650.0,-10.439725828399999,3.4386644204333323
2666.666666666667,-10.629198592055559,3.347582066455546
2683.3333333333335,-10.808500389233505,3.2571757736701694
2700.0,-10.952032047097251,3.26327421325909
2716.666666666667,-7.067646889427437,3.6299833280637506
2733.3333333333335,-5.251365557845589,2.978078530893224
2750.0,-5.93708137393333,3.5350446468333323
2766.666666666667,-6.0063084811777765,3.5461720451333414
2783.3333333333335,-6.061768230231133,3.5308036600946853
2800.0,-6.179131107907912,3.4308246323323313
2816.666666666667,-6.0923579440062205,3.3402538754923015
2833.3333333333335,-6.192118544110946,3.1431725204157646
2850.0,-6.29222135916666,3.2092230413333347
2866.666666666667,-6.430956458316633,3.1796907664885374
2883.3333333333335,-6.558533233038743,3.2100099852037154
2900.0,-6.732867830599999,3.187233057133327
2916.666666666667,-6.90572148206628,3.1521918569200804
2933.3333333333335,-6.745912079666671,3.127170622355555
2950.0,-6.783418307407408,3.1047129259259227
2966.666666666667,-3.4218153084204914,3.7442439218164845
2983.3333333333335,-0.4592296058947771,4.065502549605169
3000.0,-0.4052566320326816,4.104866113956977
3016.666666666667,0.1267549624888974,3.862828549911103
3033.3333333333335,0.17919127383084998,3.6922068242565027
3050.0,-0.1771347352323818,3.8398937942028937
3066.666666666667,-0.2362119581320461,3.713667345893718
3083.3333333333335,0.14285605472222868,3.8084168106388874
3100.0,0.5157933146666679,3.7606680979166685
3116.666666666667,0.6550272370223161,3.7134122156615788
3133.3333333333335,0.7085208901771297,3.5950795017713397
3150.0,0.4638587545985678,3.542210003188118
3166.666666666667,0.4363336415289697,3.4796182303900274
3183.3333333333335,0.6522271109554761,3.416226111905954
3200.0,0.8009788255488979,3.3686077699600796
3216.666666666667,0.8346265053337775,3.0823041642270987
3233.3333333333335,0.194277321344002,3.2482307211327885
3250.0000000000005,-0.22770193442433045,3.1816063067780744
3266.666666666667,-0.4958533737868964,3.2523592673836883
3283.3333333333335,-0.5477602625576111,3.0801811302793016
3300.0000000000005,-0.7333038179179228,3.090833007207213
3316.666666666667,-0.7025599336834984,3.1082449529931644
3333.3333333333335,-0.6887277293983802,3.0935500582251083
3350.0000000000005,-0.7860371980843078,3.170192736615019
3366.666666666667,-0.6540033823424589,3.0961142138276583
3383.3333333333335,-0.5576081540103369,2.953438403557329
3400.0000000000005,-0.4465167025641064,2.9096261595071637
3416.666666666667,-0.3501142722361227,2.7588594949363565
3433.3333333333335,-0.4482539400409912,2.832997819624457
3450.0000000000005,-0.4019875222110873,2.7297086483967865
3466.666666666667,-0.5830521475840533,2.8115534721888262
3483.3333333333335,-0.6964057899394096,2.831243352776384
3500.0000000000005,-0.7843521449999985,3.116648483916671
3516.666666666667,-0.7988765919839695,3.0773834574704955
3533.3333333333335,-0.9433312394363809,3.0711468274581755
3550.0000000000005,-1.0754384418290797,3.1618146502248923
3566.666666666667,-0.97616350488888,3.1549056595555522
3583.3333333333335,-1.1087586942723895,3.106170187323785
3600.0000000000005,-1.0990119226553392,2.9884533133933027
3616.666666666667,-1.0049418700499972,3.005426608716673
3633.3333333333335,-1.013157683346254,2.989327162532298
3650.0000000000005,-0.840170936781605,3.082374393736485
3666.666666666667,-0.6517588527805528,3.0999521244977357
3683.3333333333335,-0.7080459071313474,3.225402577205268
3700.0000000000005,-0.9978612959081936,3.4306688741018037
3716.666666666667,-1.0292965046291604,3.4871776867746056
3733.3333333333335,-0.3322870069098956,3.3616858129076803
3750.0000000000005,-0.2990844552000025,3.5260866629333396
3766.666666666667,-0.5906828171162186,3.312882588278399
3783.3333333333335,-1.0533913423044896,3.230280216480466
3800.0000000000005,-1.2970268209209292,3.4116558624624704
3816.666666666667,-1.1679910437781147,3.4426583878893933
3833.3333333333335,-0.919416515413258,3.3382667556222523
3850.0000000000005,-0.6988221879999923,3.3969560079999996
3866.666666666667,-0.666995513597438,3.179217605696453
3883.3333333333335,-0.9142630352444377,3.1564444821333293
3900.0000000000005,8.189237046027118,-1.981447018590759
3916.666666666667,18.09645358868324,-9.307671395286603
3933.3333333333335,22.12417882997054,-12.183710265794005
3950.0000000000005,21.777780274020333,-12.206422715357684
3966.666666666667,21.64667276620556,-12.367086605372224
3983.3333333333335,21.491282680388895,-12.470417639472222
4000.0000000000005,21.443709085083338,-12.628195873833342
4016.666666666667,21.68816129218108,-12.715882815637869
4033.3333333333335,21.88703918895321,-12.860671980573782
4050.0000000000005,21.961101949258712,-13.02942347023154
4066.666666666667,22.27355548115557,-13.055974430438885
4083.3333333333335,22.29412915542759,-13.075659820886884
4100.0,22.307292884466662,-13.238455165550002
4116.666666666667,22.491250703012614,-13.309293575315436
4133.333333333334,22.608738533711318,-13.3421205227614
4150.0,22.62635351064467,-13.55095455077461
4166.666666666667,22.66077838581916,-13.481661470937603
4183.333333333334,22.758519088949967,-13.553461793294469
4200.0,22.817776568698996,-13.648008329335333
4216.666666666667,22.88837239072405,-13.737369679012348
4233.333333333334,22.805499657745543,-13.653802105663962
4250.0,22.91989309539999,-13.732643385333336
4266.666666666667,23.032920023022236,-13.575707524222215
4283.333333333334,22.9944932501359,-13.611718750883451
4300.0,23.158428627133333,-13.613832356399998
4316.666666666667,23.305856820543095,-13.56917236803547
4333.333333333334,11.636406898753926,-14.214390465776912
4350.0,3.83005946470588,-14.53818249914748
4366.666666666667,3.4719415696055607,-14.42976881669444
4383.333333333334,3.6295090263214824,-14.272680014455217
4400.0,3.8006853796398157,-14.323141757178593
4416.666666666667,3.865363562480515,-14.586187487886884
4433.333333333334,3.91634656608187,-14.869622065029217
4450.0,4.126470365734266,-14.697657028604727
4466.666666666667,4.109137214600001,-14.55616583591111
4483.333333333334,4.119849112734152,-14.738728243232725
4500.0,4.332898007999996,-14.793903381333337
4516.666666666667,4.56874928046667,-14.841887978088897
4533.333333333334,4.780843771924857,-14.827307772680783
4550.0,4.69808726795064,-14.991725972936472
4566.666666666667,4.525640104577126,-14.96559633138207
4583.333333333334,4.3907259388500135,-14.830729858822217
4600.0,4.298156637274545,-14.740115403540413
4616.666666666667,4.267639350130752,-14.847020815133815
4633.333333333334,4.060509161771557,-14.921475697591314
4650.0,3.834773210977643,-14.966238118451782
4666.666666666667,3.732282278723632,-14.994991259233293
4683.333333333334,3.668128917283947,-15.050400063786007
4700.0,3.5304331836081957,-15.09198768254206
4716.666666666667,3.504848052996629,-15.14107733332211
4733.333333333334,3.7487638011444533,-15.100665309477778
4750.0,4.014028282407866,-15.346186815557775
4766.666666666667,4.262197991285734,-15.560829322683794
4783.333333333334,4.2986014847499945,-15.801814041222222
4800.0,4.146728876519703,-16.021791363627255
4816.666666666667,3.9880482474444423,-16.22049108016667
4833.333333333334,3.3986909849340847,-16.245587736579157
4850.0,3.261288130260516,-16.22524725768203
4866.666666666667,3.339847728125181,-16.298312201656376
4883.333333333334,0.12378158196315561,-16.238492799410814
4900.0,-1.3921692031515713,-15.74588823233283
4916.666666666667,-1.0896847778277592,-15.730561373235616
4933.333333333334,-1.2111200666999722,-15.643651806652224
4950.0,-1.0430357061166677,-15.629917917983336
4966.666666666667,-0.8928792115865112,-15.709063298695416
4983.333333333334,-0.7984436807863509,-15.717833174958296
5000.0,-0.9590739355689053,-15.648425549816482
5016.666666666667,-0.9763941808459993,-15.78642409120671
5033.333333333334,-1.059857539506182,-15.932243462518088
5050.0,-1.464737091716666,-16.007327383533333
5066.666666666667,-1.6919966817777798,-16.121655903611114
5083.333333333334,-1.8644647665721377,-16.408250588532972
5100.0,-2.1546513054,-16.602692374666667
5116.666666666667,-2.24331728595965,-16.82900143788561
5133.333333333334,0.8584546327779586,-15.541041890299887
5150.0,2.5387210653493826,-12.086227020527001
5166.666666666667,2.3025381367538458,-12.394021417663383
5183.333333333334,2.5815000620591957,-12.185028454025293
5200.0,2.595568263268364,-12.43730918545727
5216.666666666667,2.658974126507688,-12.642601153532334
5233.333333333334,2.77976128082376,-12.779319984608948
5250.0,3.135328840133335,-12.860552235299998
5266.666666666667,2.872759238567312,-12.93779658243513
5283.333333333334,2.5989839934490298,-12.829884691107766
5300.0,2.717504296272258,-12.919993563671161
5316.666666666667,2.804980114633344,-12.975210366666692
5333.333333333334,2.5045637228047752,-10.916108286140846
5350.0,0.6137513588627028,-2.403308869918167
5366.666666666667,0.625937711016668,2.5116224154666664
5383.333333333334,0.20450211618637218,2.0951350345049793
5400.0,0.4811748486910157,2.3509808351675807
5416.666666666667,0.429103996888894,2.1736689683333323
5433.333333333334,0.48432311189083366,1.8217580937064914
5450.0,0.4076480044843129,1.7220795992526172
5466.666666666667,0.3656160823921355,1.747383018512962
5483.333333333334,0.3749624014478255,1.743795070566378
5500.0,0.406587469001293,1.76249041141375
5516.666666666667,0.4734542914371551,1.7272889405552712
5533.333333333334,0.45195175179812314,1.6824499411038687
5550.0,0.35129186043955607,1.6098938681318704
5566.666666666667,0.3473298563782021,1.4733865124729002
5583.333333333334,0.24719460896450446,1.6083427119842035
5600.0,0.15196521050524883,1.5599968215274291
5616.666666666667,0.15805216973483832,1.5996198542736846
5633.333333333334,0.2344666402312378,1.4935946200822543
5650.0,0.1911369660660645,1.3491629316983709
5666.666666666667,0.14488678985508852,1.3667784567938246
5683.333333333334,0.20766605868888616,1.3717414938888761
5700.0,0.1552429934999981,1.1757484863333318
5716.666666666667,0.07589460135555794,1.2286722974777757
5733.333333333334,-0.1431805194916163,1.2121726722277764
5750.0,10.042833135100924,1.4558567005669538
5766.666666666667,27.230339120677506,1.474131437868967
5783.333333333334,39.53754384815201,2.132772155550021
5800.0,41.893567055205224,2.925333132132123
5816.666666666667,41.02094532162191,3.226572578572625
5833.333333333334,40.91449777854484,3.3694696632538688
5850.0,41.1009340489,3.2625736826000065
5866.666666666667,41.61062709280161,3.5778705295577726
5883.333333333334,41.897247776666674,3.850140766666678
5900.0,41.65870199065998,4.045276519214699
5916.666666666667,41.70977361002059,3.840028733316636
5933.333333333334,41.80029292808183,3.640754115765611
5950.0,42.18026394368965,3.640514224109229
5966.666666666667,42.49562402074075,3.62753062128655
5983.333333333334,42.85252736706072,3.54436274352869
6000.0,43.28312156253127,3.374773936818418
6016.666666666667,43.50758057850629,3.2295163920086636
6033.333333333334,43.75098989357076,3.311078859127962
6050.0,43.87166711382641,3.1807423359486897
6066.666666666667,44.15598691327913,3.2485012906421074
6083.333333333334,44.16764922660777,3.431157583764084
6100.0,44.585575639700004,3.434901600200001
6116.666666666667,44.917491584561134,3.46755578626667
6133.333333333334,45.181718240814774,3.5044735789876924
6150.0,45.60557981612472,3.4251715982324478
6166.666666666667,45.96044763252264,3.2779534172302713
6183.333333333334,46.36707299550439,3.0371259582874286
6200.0,46.732870213283334,2.9343303480500054
6216.666666666667,47.18190497327883,2.9634484572127717
6233.333333333334,47.858309157330275,3.015102484953691
6250.0,48.86172813090243,3.1485082971028957
6266.666666666667,49.393654008259695,3.486460311661384
6283.333333333334,49.60222541047255,3.7773324139929985
6300.0,49.81818177772794,3.8772288948679616
6316.666666666667,50.020516652012894,3.915334015531133
6333.333333333334,50.312786232377306,3.6268494191818235
6350.0,46.278329726799996,3.5819278102666625
6366.666666666667,23.037712016132947,4.573383968226277
6383.333333333334,-6.015766438742423,5.824980676672929
6400.0,-28.395436340536644,6.82289503139903
6416.666666666667,-40.61256376196518,6.097111985528283
6433.333333333334,-39.997324241251604,5.922603877561217
6450.000000000001,-40.34778327644512,5.924076869598542
6466.666666666667,-40.3453946798186,5.9946194033466265
6483.333333333334,-40.53237412779771,5.719002221017668
6500.000000000001,-40.62438387161667,5.869348700950012
6516.666666666667,-40.30712580830001,5.965471587500009
6533.333333333334,-39.81858934779613,6.06304373523428
6550.000000000001,-40.186847042049244,5.713251757351951
6566.666666666667,-40.22523667667888,5.565076271245423
6583.333333333334,-40.14144381894518,5.457267502872818
6600.000000000001,-40.13601202958334,5.523708105449997
6616.666666666667,-40.461709679928845,5.511909942198876
6633.333333333334,-40.12533475732224,5.620410271011106
6650.000000000001,-40.8633352822511,5.4358480177822255
6666.666666666667,-41.35470575138888,5.47949069027778
6683.333333333334,-41.277372229663,5.510053151651648
6700.000000000001,-41.09297285487257,5.3995320882725535
6716.666666666667,-41.18720150542481,5.4887577808379255
6733.333333333334,-41.66955777417208,5.668833424036163
6750.000000000001,-41.93408166080584,5.771791717082916
6766.666666666667,-33.8621306783781,4.183139905166735
6783.333333333334,-14.170486003765761,2.1006805854669266
6800.000000000001,-10.010457812789765,1.6255592784892405
6816.666666666667,-10.046966175800993,1.6910068423621656
6833.333333333334,-10.648212408805573,1.7726168428333433
6850.000000000001,-10.745781619014208,1.6922846840100059
6866.666666666667,-10.655730488600579,1.7505980595697492
6883.333333333334,-9.78174085627294,1.8207941993549082
6900.000000000001,-9.290077928916697,1.9193687084333002
6916.666666666667,-9.438111808697593,1.5197441992881786
6933.333333333334,-9.008490666544322,1.1853164982538047
6950.000000000001,-8.750026826278297,1.1555431383171508
6966.666666666667,-8.684716108495751,1.1649754046421277
6983.333333333334,-8.909350576971834,1.1024400884664516
7000.000000000001,-9.168854672195241,0.9451341946333739
7016.666666666667,-9.386170243910314,0.8846663839926631
7033.333333333334,-6.165524444565027,1.4929077327038924
7050.000000000001,1.6378015049216907,3.3909839884551163
7066.666666666667,1.8148557942528707,3.383173681353764
7083.333333333334,2.1086908524531096,3.2142329129481655
7100.000000000001,2.57512870371854,3.3096798322827663
7116.666666666667,2.77661352707819,3.380360087325102
7133.333333333334,2.6276862318681284,3.561585707137306
7150.000000000001,2.519986534267136,3.7529858982824735
7166.666666666667,2.455998488678822,3.750026131122167
7183.333333333334,2.437356981436993,3.801581505794688
7200.000000000001,2.2829821127794454,3.87114759030698
7216.666666666667,2.2755475518370343,4.082984583269417
7233.333333333334,2.0840699386919677,4.159037631053827
7250.000000000001,1.8376126365999848,3.9466516820666677
7266.666666666667,1.9526060327225288,3.6500138094952543
7283.333333333334,2.055325256121933,3.5874555441390497
7300.000000000001,2.477965630415233,3.80007953623478
7316.666666666667,2.4801692292686877,3.6002328157421117
7333.333333333334,2.5640293165280457,3.404240516594652
7350.000000000001,-0.16505383708514285,6.234162180606987
7366.666666666667,0.21741661885722907,6.17727352678105
7383.333333333334,-0.11561205309630421,6.105372678723629
7400.000000000001,-0.5417292421123066,6.125910641479283
7416.666666666667,-0.9151618200398861,6.319251359986695
7433.333333333334,-1.088328332578157,6.405616672563719
7450.000000000001,-0.8582776366666673,6.52809004
7466.666666666667,-0.802315779577775,6.60185403700555
7483.333333333334,-0.5380342964109407,6.566062338708604
7500.000000000001,-0.43656793544999073,6.5538216620833385
7516.666666666667,-0.4041814371104248,6.488942425820432
7533.333333333334,-0.4945398749360527,6.18839319720831
7550.000000000001,2.9018672155155807,5.9890701333333425
7566.666666666667,2.9381043474938293,6.2013357672807405
7583.333333333334,2.541895860944277,6.027645710827494
7600.000000000001,2.4640908666666532,5.909014627916655
7616.666666666667,2.3085024879999994,5.7454171600444415
7633.333333333334,2.3696116747570724,5.774823013493253
7650.000000000001,2.42470971194028,5.81128577706467
7666.666666666667,2.533023141170239,5.705070467157532
7683.333333333334,2.559595573333336,5.615974880888889
7700.000000000001,2.651094011949997,5.447303408483323
7716.666666666667,2.4562837089322467,5.0817590154355
7733.333333333334,2.411707124250007,4.773024184283321
7750.000000000001,2.28858843362082,4.698346871123096
7766.666666666667,2.198644287349997,4.779467040344445
7783.333333333334,2.4293813576596044,4.635159766070227
7800.000000000001,2.5573729007333443,4.729181018566661
7816.666666666667,2.6537162342124363,4.641880707783893
7833.333333333334,2.8238833454550574,4.609382251790773
7850.000000000001,2.6898760119119167,4.635770429829844
7866.666666666667,2.2267166621032772,4.729103390395199
7883.333333333334,1.5961713826659591,4.835272244444445
7900.000000000001,1.4744655812531642,4.973266157460314
7916.666666666667,1.7786742639305966,5.080307844249813
7933.333333333334,1.8843856838409097,5.020679636589552
7950.000000000001,1.7006418584623058,4.858449598951577
7966.666666666667,2.5223103166666903,4.916860749999997
7983.333333333334,2.597420114807411,4.882835654404981
8000.000000000001,3.0255025716358235,5.157745999366355
8016.666666666667,4.735555447111056,4.353448992355538
8033.333333333334,3.506565294513823,4.493553650430336
8050.000000000001,3.477714233383365,4.600295200783742
8066.666666666667,4.34177379373677,4.385183599933133
8083.333333333334,5.031372096068629,4.137445954744851
8100.000000000001,5.23583419041666,4.1704460300000115
8116.666666666667,5.354450866822069,4.145146552580752
8133.333333333334,5.194267429718605,4.100862403642525
8150.000000000001,5.2532269203398645,4.090253380026666
8166.666666666667,5.626040035551106,4.07713112193319
8183.333333333334,6.048213405666683,4.234877432000004
8200.0,6.424595418281713,4.450504065151499
8216.666666666668,6.404724523516676,4.374451609866668
8233.333333333334,6.189005793129581,4.263559857770009
8250.0,5.94409783174924,4.214444490428574
8266.666666666668,5.758960689474547,4.0603628445494255
8283.333333333334,5.860741444822038,4.037799149158753
8300.0,6.335282064499975,3.8755627202333702
8316.666666666668,6.600302341527774,3.994479186138866
8333.333333333334,6.288005819972213,4.27245286452778
8350.0,6.297344896514923,4.401554422010997
8366.666666666668,6.611190755866375,4.440168904129223
8383.333333333334,7.020946622516522,4.320389843939138
8400.0,7.253421373073065,4.158066154554571
8416.666666666668,7.161073983755501,4.098755155455586
8433.333333333334,6.547158390145073,4.128559351931538
8450.0,6.44668138595967,4.104251255627807
8466.666666666668,6.190277499516648,4.080023835872214
8483.333333333334,5.713521640229886,3.866865943878058
8500.0,5.606388543169678,3.761781226152314
8516.666666666668,5.717179919211142,3.525765960972234
8533.333333333334,5.994854034372063,3.5413032701751415
8550.0,6.374691153743539,3.565471151292314
8566.666666666668,6.818284423711112,3.537913819911095
8583.333333333334,7.149334340051189,3.5578288312868325
8600.0,7.437430068000018,3.6378576874166653
8616.666666666668,10.703182977110785,3.0097817444110015
8633.333333333334,10.62049132222221,2.5508529944444565
8650.0,10.530246710055039,2.6435834775054166
8666.666666666668,10.676069521244445,2.51779438168888
8683.333333333334,10.758045444466667,2.5566744615025834
8700.0,11.291151410638657,2.3975050118726027
8716.666666666668,11.539302717624597,2.5745554303958804
8733.333333333334,11.881156107111154,2.540280550888943
8750.0,12.02923032089552,2.565813053150932
8766.666666666668,12.43369018467014,2.1350731502306584
8783.333333333334,13.126601423280448,1.8222110682539787
8800.0,13.687771609309316,1.916390036636632
8816.666666666668,13.599506940646206,1.756504296696691
8833.333333333334,14.116253778660674,1.5916663967904907
8850.0,14.641801337331316,1.3401453700316566
8866.666666666668,14.782874513714653,1.248560918074389
8883.333333333334,14.913193434881164,1.3436704291044808
8900.0,14.945833592553724,1.2984133401299256
8916.666666666668,15.065033106471304,1.198693143284492
8933.333333333334,14.991133443217274,1.0746597824087976
8950.0,15.072980716800538,0.9466899684163272
8966.666666666668,15.207040556888872,0.9591815257777695
8983.333333333334,15.227909262770561,0.9885418426961863
9000.0,15.199964777877861,1.0244335721722022
9016.666666666668,15.239727553827795,0.876481991188879
9033.333333333334,14.94138611230615,1.0077521460674772
9050.0,14.818989413790234,1.1121532918125734
9066.666666666668,15.084721873236646,1.0863565817575453
9083.333333333334,14.993535174277786,0.8346607980666471
9100.0,15.161998518266664,0.8377096167999958
9116.666666666668,15.254549077770548,0.6528754938722232
9133.333333333334,15.383766357060352,0.5914463713365559
9150.0,15.466736547873943,0.38565651735867257
9166.666666666668,12.897672306022747,0.38088196143022873
9183.333333333334,3.5851960735995623,-0.707132592383334
9200.0,1.783533276333338,-0.5853580811666863
9216.666666666668,1.7914442602023704,-0.7542716329886838
9233.333333333334,1.9597547324551339,-0.7455593833750047
9250.0,1.8890823872333322,-0.7435217346666658
9266.666666666668,2.017782285150036,-0.6068107419315303
9283.333333333334,2.0199405043634937,-0.7019399616433707
9300.0,2.1538970568833378,-0.6493781239500042
9316.666666666668,2.185505722238972,-0.6753257773055705
9333.333333333334,2.1318532878489633,-0.6972822602380145
9350.0,2.1247388705588897,-0.6840899667664534
9366.666666666668,2.1307589889497254,-0.5053301214645192
9383.333333333334,2.3083860485965237,-0.39809426956811766
9400.0,2.4217611403333157,0.062499579966681075
9416.666666666668,2.662229682643055,-0.053593585226012534
9433.333333333334,2.8154882783158635,-0.09644352188938717
9450.0,2.892040884315682,-0.1790531915084907
9466.666666666668,2.8564785551946144,-0.44974574364486913
9483.333333333334,2.5067754059855543,-0.5239890014926906
9500.0,2.32442899176255,-0.532898864082055
9516.666666666668,2.3014384935689782,-0.5786117130509907
9533.333333333334,2.582517594436108,-0.6406696738202491
9550.0,2.992216247747718,-0.6725958500500491
9566.666666666668,3.057709485303348,-0.6994653727514389
9583.333333333334,2.802510672388845,-0.6668835260555397
9600.0,2.4308153013006653,-0.6561401821910985
9616.666666666668,2.143092350835692,-0.612009729401983
9633.333333333334,2.069494474070374,-0.5246497600411248
9650.0,2.120271912377137,-0.5161075208562339
9666.666666666668,2.4206089544889084,-0.4687825214000154
9683.333333333334,2.732466357107239,-0.51607981828207
9700.0,2.7662097722277665,-0.4300989809190829
9716.666666666668,2.6866425099950044,-0.5034458041534713
9733.333333333334,2.633362456920173,-0.3819871912131612
9750.0,2.640974240757419,-0.4472137983316663
9766.666666666668,3.1112539213607326,-0.5799646478795146
9783.333333333334,3.407800934872989,-0.7521778709243463
9800.0,3.5434272959479696,-0.9043907046356581
9816.666666666668,3.376822067341851,-0.9344236427311599
9833.333333333334,3.050804907688873,-0.7637409735555486
9850.0,3.0996387926109845,-0.9480865492876108
9866.666666666668,3.191103011688592,-1.083486144139033
9883.333333333334,3.2381942626373763,-1.0576443860805746
9900.0,3.1580504349841627,-1.269701171569116
9916.666666666668,3.0989489237055423,-1.2552675379110687
9933.333333333334,3.1804318070681608,-1.3147783347903366
9950.0,3.0256805983833286,-1.3581832302333585
9966.666666666668,3.145173465384624,-1.309527470085459
9983.333333333334,3.075235135117942,-1.2638860024918221
10000.0,3.04523914502163,-1.1906905360639186
10016.666666666668,2.8751862192999837,-1.2840134429777825
10033.333333333334,2.7438590095238116,-1.2042426673881617
10050.0,2.6899306459563146,-1.1555595557945804
10066.666666666668,2.6940585646222397,-1.2030818831277914
10083.333333333334,2.6957944583999947,-1.1589489433333373
10100.0,3.0417017009333165,-1.050602794866685
10116.666666666668,3.2272628176967175,-0.9648921282081198
10133.333333333334,3.0195907907175803,-1.1680317279751042
10150.0,2.6117113871230955,-1.438215606829895
10166.666666666668,2.512936691355539,-1.671796555233329
10183.333333333334,2.161275464343277,-1.74306712796396
10200.0,2.087604573116667,-2.0182569377499986
10216.666666666668,2.2377383912178654,-2.108043583080463
10233.333333333334,2.7868035066355934,-2.17183403236159
10250.0,3.0189280759546455,-2.0130445284475664
10266.666666666668,2.965504754854839,-1.8637562078634524
10283.333333333334,2.7251749326277674,-1.8294217411611005
10300.0,2.521960086973181,-1.726980473979689
10316.666666666668,2.3659382689798707,-1.681462377822177
10333.333333333334,2.416040147362303,-1.7093018168857963
10350.0,2.470791455922032,-1.5197422156921596
10366.666666666668,2.338299800444422,-1.3754034480777586
10383.333333333334,2.1370780439671364,-1.310984850604948
10400.0,2.0354034059863264,-1.1133291353510204
10416.666666666668,2.251627707176151,1.163742954490042
10433.333333333334,2.502320274558784,1.0780550401154467
10450.0,2.5699397507666846,1.1729233052333294
10466.666666666668,2.82150246406177,1.0874712325369098
10483.333333333334,2.727867452120484,0.7861649852537362
10500.0,2.6471267858287457,0.685242765097661
10516.666666666668,2.3313749536326633,0.6547768496924321
10533.333333333334,2.0720155078110762,0.6670559050499947
10550.0,1.8476850596728205,0.6662373859789694
10566.666666666668,1.6182578075202514,0.5876936309634849
10583.333333333334,1.5873919151651614,0.5924301588421721
10600.0,1.9069154559999792,0.6239280139333481
10616.666666666668,1.8690915101025494,0.7718093590966869
10633.333333333334,1.9262060897708984,0.6339011972430223
10650.0,2.059527471014478,0.570226660253269
10666.666666666668,2.0607346603364993,0.5932267284357875
10683.333333333334,2.0887180261920655,0.5988313154136371
10700.0,2.1853814730666707,0.5323080955166634
10716.666666666668,2.15942509726666,0.6050432806888861
10733.333333333334,2.2584399239094273,0.525422735397938
10750.0,2.2414566707146775,0.5255281663168487
10766.666666666668,2.2593237970874274,0.4769462098660471
10783.333333333334,2.338343002686198,0.580046201220998
10800.0,2.3901419851648447,0.5178094683982734
10816.666666666668,2.291363822022309,0.460776186084747
10833.333333333334,2.3693440716989578,0.5197486129815134
10850.0,2.424246692700003,0.6532853193333334
10866.666666666668,2.5641200238095196,0.7814042555555513
10883.333333333334,2.6481087789111117,0.6804118657110946
10900.0,2.561416858608608,0.544030222105436
10916.666666666668,2.529006183291574,0.36667727657042276
10933.333333333334,2.497339877348932,0.2629311582456222
10950.0,2.5417922891729368,0.32058226160400294
10966.666666666668,2.463583282911135,0.4657530294221847
10983.333333333334,2.5373620954600993,0.42476825443999455
11000.0,2.4945895909711835,0.42379287742795596
11016.666666666668,2.5345860372036153,0.27674618873344414
11033.333333333334,2.43753697292536,0.27966794322717664
11050.0,2.343481408703604,0.20387597265768898
11066.666666666668,2.4451588341111252,0.31397076210010716
11083.333333333334,-3.8733093832257666,0.07594287579245904
11100.0,-5.552279555666629,0.04060167846664931
11116.666666666668,-5.691644301660299,0.03965215949798434
11133.333333333334,-5.647440940153404,0.10814505189260565
11150.0,-5.601045045958424,0.14227950523481264
11166.666666666668,-5.727417530222204,0.23470297091661632
11183.333333333334,-5.936477382766644,0.14109486443888786
11200.0,-6.159619439105741,0.08902258465132162
11216.666666666668,-6.245466881948621,0.015082580224663706
11233.333333333334,-6.480983283431437,0.01142049122884406
11250.0,-6.5966169350158586,0.06569347519572115
11266.666666666668,-6.549339979063045,0.1472841595003622
11283.333333333334,-6.492693167005722,0.1732857662664724
11300.0,-6.605569185333355,0.21444472600000036
11316.666666666668,-6.473792229088882,0.17605810427221566
11333.333333333334,-6.619409141801317,0.04188579291465826
11350.0,-7.011173496899983,0.0875009332333297
11366.666666666668,-6.921844093162406,0.12133755744813604
11383.333333333334,-6.982384660908439,0.12979704733744368
11400.0,-7.032790648407543,-0.05726843665166755
11416.666666666668,-7.152243529277561,-0.14056269163499557
11433.333333333334,-7.183275219285164,-0.26140631285979077
11450.0,-7.2767054962090825,-0.19823715542752526
11466.666666666668,-7.055155255133284,-0.29221586125001436
11483.333333333334,-6.880280636340374,-0.22582424729031397
11500.0,-7.02658375399365,3.262918804785663
11516.666666666668,-7.019996688421548,4.601489563645464
11533.333333333334,-6.84852501065042,4.520065082806091
11550.0,-6.749557257757762,4.540535859659645
11566.666666666668,-7.207879972260958,4.271363704367048
11583.333333333334,-7.4043496495449155,4.355015163120218
11600.0,-6.9712732427333055,4.452732474766678
11616.666666666668,-6.332960080890464,4.8684891592796316
11633.333333333334,-6.932049435533375,4.617231293677549
11650.0,-6.9607969846725615,4.564081533052867
11666.666666666668,-6.839386093085418,4.803086065688418
11683.333333333334,-6.360249404564381,4.870082833511015
11700.0,-6.205850715929066,4.843530368025857
11716.666666666668,-6.4806743394152555,4.803095959153431
11733.333333333334,-7.195608892750015,4.631264866211105
11750.0,-7.3168806849,4.4084823319999975
11766.666666666668,-7.356440494472224,4.316604088005559
11783.333333333334,-7.423861644766492,4.4911417640068825
11800.0,-6.700964756238351,4.554854400558644
11816.666666666668,-6.503294442253371,4.676750554643529
11833.333333333334,-6.592956997383008,4.627210371856275
11850.0,-6.619206994486087,4.613163971214373
11866.666666666668,-6.840078851916666,4.510358331516683
11883.333333333334,-6.86509855919635,4.391101905255857
11900.0,-2.088373095400627,3.8048059065333453
11916.666666666668,1.47660440236553,3.4945094614859156
11933.333333333334,1.2880278343960279,3.4385361135369723
11950.0,1.3078098131161338,3.3822971030242286
11966.666666666668,1.07951152064442,3.334621605655569
11983.333333333334,1.1505045052424534,3.566137238913825
12000.0,1.338310393493099,3.6504715183558
12016.666666666668,1.716312173845476,3.5802801176955033
12033.333333333334,1.7116440256482792,3.611466304364488
12050.0,1.6258318572838235,3.6603359585214963
12066.666666666668,1.6413324643509217,3.509471256112232
12083.333333333334,1.566772360844451,3.545888271116659
12100.0,1.8046474315157661,3.4971037019676445
12116.666666666668,1.8248307265299404,3.2347571409871465
12133.333333333334,1.9065242670218736,3.1013902569374965
12150.0,1.796205773926065,3.006268504761901
12166.666666666668,1.8560311561374312,2.9543892088944164
12183.333333333334,1.8249541243117817,3.0314789742841346
12200.0,1.695214590849998,3.1862453458000113
12216.666666666668,1.457343522371989,3.198037762606113
12233.333333333334,1.38510699372775,3.230190788727774
12250.0,1.345237025279301,3.3186338259129613
12266.666666666668,1.2630435815481067,3.209583195457862
12283.333333333334,1.2240067985570127,3.447879882084587
12300.0,1.1377930063310129,3.4782750328514505
12316.666666666668,1.063749995844446,3.3116182313333358
12333.333333333334,1.13173035858887,3.408295052711108
12350.0,1.0021207499166929,3.3677286188833375
12366.666666666668,1.0923836134488276,3.3998773971292215
12383.333333333334,1.090675408177776,3.3088706324555557
12400.0,1.2199398987827175,3.1230442850258693
12416.666666666668,1.3367373881840439,3.0039563254578736
12433.333333333334,1.348920095498949,2.8602065308247324
12450.0,1.2440275376000034,2.7525356113333324
12466.666666666668,0.9826895664498816,2.940180786248685
12483.333333333334,0.8496884417902163,2.845464309356432
12500.0,0.9579663565101717,2.8998641691974614
12516.666666666668,0.9750457158333018,2.9305075305555675
12533.333333333334,1.0464600637333379,2.9031387828333206
12550.0,1.0729606927928035,2.824259015915916
12566.666666666668,0.9268005137777896,2.876890587333327
12583.333333333334,0.9510579073815092,2.9818382486791006
12600.0,0.9772535674666777,2.7818559794666737
12616.666666666668,0.9857675196581295,2.619963467032986
12633.333333333334,0.8699518229666647,2.6594893190000017
12650.0,0.9643634342333359,2.685498800850001
12666.666666666668,0.9263529907875488,2.660129160084765
12683.333333333334,0.797772825022221,2.6795563215444393
12700.0,0.8915001889166656,2.664589720166669
12716.666666666668,0.8860902157912105,2.512642742465673
12733.333333333334,0.805231827414063,2.4487932157421186
12750.0,0.7512922993329983,2.3933277493580163
12766.666666666668,0.6654581089533593,2.2801320995217718
12783.333333333334,0.5255710669498493,2.200304059753454
12800.0,0.3275980705804335,2.0849307722056407
12816.666666666668,0.26705749112335603,2.005690713117662
12833.333333333334,0.3760176929142237,1.9868796522701688
12850.000000000002,0.38387658096668154,1.9554061939833973
12866.666666666668,0.5836493883956725,2.025776224128598
12883.333333333334,0.9075063673267861,2.104083690486498
12900.000000000002,0.9791767348421582,2.2808597726405124
12916.666666666668,0.8616560300607686,2.258374105207106
12933.333333333334,0.8049887519111107,2.0602617322666545
12950.000000000002,0.7841366478666888,1.7920279148833316
12966.666666666668,0.5359603211616215,1.7115502018324116
12983.333333333334,0.26769692077777624,1.9662169186222174
13000.000000000002,8.146899132721405,-5.429254783652015
13016.666666666668,-33.24399994675358,-15.60170327147934
13033.333333333334,-64.0,-36.0
13050.000000000002,-64.0,-36.0
13066.666666666668,-64.0,-36.0
13083.333333333334,-64.0,-36.0
13100.000000000002,-64.0,-36.0
13116.666666666668,-6.483916007996981,-3.5777888944557996
13133.333333333334,-64.0,-36.0
13150.000000000002,-64.0,-36.0
13166.666666666668,-64.0,-36.0
13183.333333333334,-64.0,-29.11206204689128
13200.000000000002,-30.974534914378452,-22.821553821034883
13216.666666666668,26.10827015238858,-10.792119955138912
13233.333333333334,6.747006748719991,-8.83537773066249
13250.000000000002,3.734940250866489,-8.22326940893217
13266.666666666668,2.607208586406787,-4.456029781042703
13283.333333333334,1.9054359262248695,-4.897691377069185
13300.000000000002,1.2319177125540264,-5.418246898368236
13316.666666666668,0.7242329629388319,-5.179622675179356
13333.333333333334,0.3842616871111006,-4.762737634088879
13350.000000000002,0.36998046600001466,-4.773015712833319
13366.666666666668,0.2714141487910677,-4.805854660091164
13383.333333333334,0.20834280717743445,-4.796166736232131
13400.000000000002,0.3055352340822122,-5.051029452188409
13416.666666666668,0.4461876309721906,-4.980688067638878
13433.333333333334,0.5304495585460434,-4.94250490243994
13450.000000000002,0.6399929062666473,-5.058741682800128
13466.666666666668,0.8992211477206072,-5.245242356005341
13483.333333333334,0.8877130669996669,-5.1838703700632704
13500.000000000002,0.6992357988029894,-5.06663560686612
13516.666666666668,0.5700202445055204,-5.146169679338866
13533.333333333334,0.22923067873885766,-5.168172737361125
13550.000000000002,3.3330917178254946,-5.481369820310201
13566.666666666668,2.6788717454949684,-5.702860890334058
13583.333333333334,2.9209397286111045,-5.908529586388892
13600.000000000002,3.243406814974162,-5.965765762164431
13616.666666666668,3.2768792045102297,-6.128825439939759
13633.333333333334,3.2368893778888883,-6.128830181727774
13650.000000000002,3.138654900133439,-5.999438575408736
13666.666666666668,3.3671319878600796,-5.891432880942054
13683.333333333334,3.6594565379398363,-5.862838703607503
13700.000000000002,4.016476942528734,-5.6133072973180065
13716.666666666668,4.260443585676157,-5.706381864849089
13733.333333333334,4.07134955684572,-5.814326242920704
13750.000000000002,3.7946782657995684,-5.877443844022029
13766.666666666668,3.253743856389411,-5.926891026369576
13783.333333333334,2.822530855838034,-5.9287348524482
13800.000000000002,2.656594644499978,-5.948243067933292
13816.666666666668,2.7765254124981533,-5.956440247721992
13833.333333333334,2.8108152254817016,-5.935281471397629
13850.000000000002,2.9137026942333066,-6.067215776750019
13866.666666666668,3.0357133829115104,-6.133460230092134
13883.333333333334,2.9782457171641425,-6.410522938652672
13900.000000000002,3.0018969186567417,-6.576209531708154
13916.666666666668,2.873989629777677,-2.597378298804973
13933.333333333334,1.04111716666108,2.692309016791742
13950.000000000002,2.2231697888111492,3.0007120025845504
13966.666666666668,2.4000072715278127,3.3796584715278004
13983.333333333334,2.3934309595848,3.5917929463980363
14000.000000000002,1.5808199223108723,3.7660301158508527
14016.666666666668,0.7435103469443667,3.7485735038166887
14033.333333333334,0.5537365679594325,3.6390616332218784
14050.000000000002,1.3817377213334674,3.2707230226666613
14066.666666666668,1.8335465473541066,3.1470170261591552
14083.333333333334,1.776070899999966,2.9928887650309584
14100.000000000002,1.5210120479187554,3.081341536763252
14116.666666666668,1.1420993477317007,3.084074337020314
14133.333333333334,0.8869236023222803,3.215353610455598
14150.000000000002,1.7853978549441927,3.5533035707020106
14166.666666666668,1.6799324756455105,2.974466444172358
14183.333333333334,1.4255338495802923,2.9220840158859103
14200.000000000002,1.4904289003002762,2.9505492054387528
14216.666666666668,1.609215670044459,2.868450576777781
14233.333333333334,1.569346533083837,3.150083538007327
14250.000000000002,1.2909566199999525,3.2178003695999475
14266.666666666668,0.9468237755621999,3.0362447971236657
14283.333333333334,0.9924515961444376,2.9490318243444453
14300.000000000002,0.8407930893059652,3.0995832892559187
14316.666666666668,4.553387790847455,2.6174959299517364
14333.333333333334,4.9247608319722245,1.795686589749991
14350.000000000002,4.781234581997244,1.7655165077356008
14366.666666666668,5.577908828439607,1.6917146960015734
14383.333333333334,6.188338029515628,1.626092698968345
14400.000000000002,6.563341775919485,1.763277035713091
14416.666666666668,6.439687980182138,1.9303215651951913
14433.333333333334,6.360580576194448,1.9087470838111122
14450.000000000002,6.24784254026664,1.7732927162667045
14466.666666666668,6.175549617346205,1.8395158715205053
14483.333333333334,6.105031149930587,1.783009683263929
14500.000000000002,6.090202536200011,1.8343214259333305
14516.666666666668,6.296208493444899,1.9984086957311868
14533.333333333334,6.355611906579017,2.1443815150718537
14550.000000000002,6.14075371391385,2.108772104721447
14566.666666666668,5.879378133244543,2.0741323909535003
14583.333333333334,5.697223722111322,2.008437907634734
14600.000000000002,5.880116452304611,1.8325189213760948
14616.666666666668,6.037343727838873,1.8781433220668315
14633.333333333334,6.05246289688489,1.8962548828197103
14650.000000000002,6.001951694252878,1.8612683747126932
14666.666666666668,5.784091554145136,1.664027241829021
14683.333333333334,5.801256197180607,1.6484601799922234
14700.000000000002,5.94963965553331,1.4367846220330263
14716.666666666668,6.251425025972281,1.193404303666673
14733.333333333334,6.054187749713743,1.190460193196585
14750.000000000002,5.590496875812091,1.4105754245377298
14766.666666666668,5.642754667922893,1.528942595192069
14783.333333333334,5.955747136453995,1.6884748349603085
14800.000000000002,6.114771201065601,1.6103245350982396
14816.666666666668,6.134424175236335,1.681122891697261
14833.333333333334,6.375384995277776,1.4434209258333315
14850.000000000002,6.155052067683883,1.4138424523261937
14866.666666666668,6.015481235968271,1.2391627769401403
14883.333333333334,5.984680742195596,1.244113006613417
14900.000000000002,6.030977941691622,1.0002570381189977
14916.666666666668,6.1433095196124246,1.0992633019212696
14933.333333333334,3.4653182902229513,2.444385484303233
14950.000000000002,1.3648078267466983,3.987555011672561
14966.666666666668,1.862107475354379,3.870007257545431
14983.333333333334,1.8632727838545278,3.8332379656464624
15000.000000000002,1.9472283707733047,3.62652807297567
15016.666666666668,2.000856989200179,3.714374372525162
15033.333333333334,1.8926849341341327,3.72595852618174
15050.000000000002,2.078211036163793,3.768145031784901
15066.666666666668,2.2178979334110736,3.872765114685347
15083.333333333334,2.1894799425620493,3.8528658120272996
15100.000000000002,2.050464721677468,3.7130969382358034
15116.666666666668,2.192341027253056,3.5768889473540733
15133.333333333334,2.1308030396603432,3.4400671400710063
15150.000000000002,2.1563766511378284,3.4074158971887973
15166.666666666668,2.120846365671945,3.52292984646775
15183.333333333334,2.151604687291283,3.581687173223498
15200.000000000002,1.8516765871768932,3.7775625997332067
15216.666666666668,1.8560649276138046,3.7682307623033786
15233.333333333334,1.8448624035795835,3.658926475015279
15250.000000000002,1.8806982615000005,3.6227226677166717
15266.666666666668,1.7831676566900458,3.585174392014218
15283.333333333334,1.8669262330502843,3.5029426165001674
15300.000000000002,1.8791225865467895,3.49238833836164
15316.666666666668,1.8675114799634034,3.3859866077993686
15333.333333333334,2.004292308551776,3.348257706406085
15350.000000000002,2.0322452125604,3.3786089958354424
15366.666666666668,2.2965007967778104,3.7349291413333687
15383.333333333334,2.2138547255633276,3.7239793070596052
15400.000000000002,2.1454644247628623,3.689094106873035
15416.666666666668,2.16891283692794,3.7464754632939545
15433.333333333334,2.002327271947365,3.762156041851297
15450.000000000002,1.722295589966633,4.087552244433363
15466.666666666668,1.5071165522033623,4.071104268709056
15483.333333333334,1.6122944560970232,3.8277883234930066
15500.000000000002,1.7186357002666557,3.574564836933281
15516.666666666668,1.6945509862555552,3.3835839097888742
15533.333333333334,1.4914721559331428,3.367943950463652
15550.000000000002,1.3122586575421835,3.4543725214135237
15566.666666666668,1.1795028307110942,3.5744822843000206
15583.333333333334,1.0269816616833305,3.6434298163722203
15600.000000000002,0.8826492038627568,3.794140256476852
15616.666666666668,0.8078823090537076,3.867376214175095
15633.333333333334,0.7436269489112225,3.9373509508096025
15650.000000000002,0.6670321307896161,4.046420979218646
15666.666666666668,0.7208695955522259,4.010806612465986
15683.333333333334,1.2938488772008658,3.5535681499861265
15700.000000000002,1.4345600968817513,3.528906446856749
15716.666666666668,1.585339595229408,3.13845381671932
15733.333333333334,1.524306838713997,3.009895052645908
15750.000000000002,1.7435635658495983,2.9415996687010564
15766.666666666668,1.8340016898985192,2.820309440433786
15783.333333333334,1.9824579649610958,2.77296503486108
15800.000000000002,1.7601279065633266,2.928359107946032
15816.666666666668,1.27605125415548,2.905131513177733
15833.333333333334,1.1965896778000182,2.771494268317517
15850.000000000002,1.183668770616727,2.7797259194273174
15866.666666666668,1.1768971303090656,2.730030325822534
15883.333333333334,1.0901576695054296,2.787034177356392
15900.000000000002,1.0666480524858057,2.869497873657043
15916.666666666668,1.086642307822232,2.727437254988885
15933.333333333334,1.1082826370444636,2.7407703116555613
15950.000000000002,1.1328278505338412,2.9895103866533135
15966.666666666668,1.1825261938098635,3.1253703201625527
15983.333333333334,1.396335230498156,3.1581412679506946
16000.000000000002,1.530907387822752,3.1418301285024315
16016.666666666668,1.2947416257525135,3.0295284004039438
16033.333333333334,1.0972204010272584,2.9351698468432503
16050.000000000002,0.9491399279999624,2.825761456733317
16066.666666666668,0.900238803237974,2.9545058793302257
16083.333333333334,0.794209190787935,3.1378338367649503
16100.000000000002,0.948380067164189,3.2440156341625204
16116.666666666668,1.0019796808333457,3.100846573555545
16133.333333333334,1.1011114350427365,2.979635804639803
16150.000000000002,1.0433199630630552,2.909203299282647
16166.666666666668,0.9929331217105992,2.9684953581414706
16183.333333333334,1.0698605237381305,2.919774754356156
16200.000000000002,1.1155647365119232,2.930477389865222
16216.666666666668,1.1465050829999999,2.9287008418333444
16233.333333333334,1.0500402866766705,3.0163369050136253
16250.000000000002,0.9167568994661331,3.1730098620620453
16266.666666666668,1.1112873122789373,3.1665284860193896
16283.333333333334,1.159979740444,3.103656931497249
16300.000000000002,1.3325747157912764,3.1347622218109437
16316.666666666668,3.2827608111618343,3.547206205297612
16333.333333333334,7.155789578355844,3.237515634078124
16350.000000000002,6.541069728266649,3.266952616533266
16366.666666666668,6.419542007629522,3.1801843906102305
16383.333333333334,6.261670389060855,3.262632578044006
16400.0,6.250099299398524,3.2080293176942694
16416.666666666668,6.293284549055593,3.170639675555565
16433.333333333336,6.3110851775331955,3.0533326746984746
16450.0,6.402077511527582,3.1893140439113927
16466.666666666668,6.274558541265077,3.2700748040131136
16483.333333333336,6.287015432766665,3.14425868105084
16500.0,6.286153125623133,3.172621638251914
16516.666666666668,6.247161445255554,3.3215475739666798
16533.333333333336,6.218168778923295,3.266212680575057
16550.0,6.245031240824592,3.20114521720966
16566.666666666668,6.194444442766665,3.3265363642000025
16583.333333333336,6.40455469912659,3.362337629530121
16600.0,6.517201857825489,3.4255412578588085
16616.666666666668,6.796530854546495,3.1714883704590267
16633.333333333336,6.835480467399736,3.079499758120983
16650.0,6.950087660897756,3.307116598320862
16666.666666666668,6.692795149390108,3.446602945486793
16683.333333333336,7.007485962451423,3.335293801545955
16700.0,6.873350821499974,3.3389648913333376
16716.666666666668,6.8550416326036485,3.170118269762321
16733.333333333336,6.924344700666661,3.2007112497555754
16750.0,2.5032586664332857,3.032388557733343
16766.666666666668,2.8132709465868357,3.128574993051391
16783.333333333336,2.870874153603882,3.0380300708804646
16800.0,2.739739593103488,3.0636935101449696
16816.666666666668,2.745132058229095,3.044352335373256
16833.333333333336,2.6391804811666915,3.068346534755532
16850.0,2.696761240466671,3.0341726505333186
16866.666666666668,2.4523118536009987,2.9934787981120548
16883.333333333336,2.466382304822004,3.243946038183056
16900.0,2.2766749285976355,3.2167740439886594
16916.666666666668,2.2904354675653122,3.2972321182060402
16933.333333333336,2.181066939418666,3.2953763842902606
16950.0,2.2382875634968395,3.202181163029783
16966.666666666668,2.2572098120717503,3.0810599931423193
16983.333333333336,2.3152613122517853,3.0213505183108547
17000.0,2.3558964054666687,3.019791683533337
17016.666666666668,2.300530910899666,3.1158702271630054
17033.333333333336,2.081715328872203,3.1145152222055716
17050.0,1.9737404969879018,3.2066520388084476
17066.666666666668,1.842828653693551,3.231158092334464
17083.333333333336,1.7090865852370984,3.2229469274781373
17100.0,1.6917791748359308,3.2672347490826357
17116.666666666668,1.4526766851592836,3.3509805969308517
17133.333333333336,1.1346517052715686,3.308800662074121
17150.0,0.8243704812739121,3.2514913144905853
17166.666666666668,0.964643086037442,3.2284947621755684
17183.333333333336,1.1309886737631984,3.0845040467599203
17200.0,1.2353060189812375,2.962458747204257
17216.666666666668,1.1388614502193326,2.881489868177025
17233.333333333336,0.8143101418290655,3.024379077489073
17250.0,0.6999588507746218,3.0378261377311198
17266.666666666668,0.8700272300683576,3.081796932472681
17283.333333333336,1.6220892699051677,3.138256170192792
17300.0,3.485430623854742,3.614493417991025
17316.666666666668,3.4505831548218566,3.5776871013340203
17333.333333333336,3.5867255433722245,3.4626925821166674
17350.0,3.5709459071071104,3.508930953720424
17366.666666666668,3.3372399597666695,3.549021403849952
17383.333333333336,3.3845362083541963,3.4728889775170417
17400.0,3.48122926926018,3.4528096579717236
17416.666666666668,3.684902446513183,3.5100466743187204
17433.333333333336,3.8911880694847323,3.4671883937635477
17450.0,3.9387112894965695,3.431387750108706
17466.666666666668,3.860377149430255,3.3690171831804956
17483.333333333336,4.063101336487334,3.3926335927980893
17500.0,4.113753492316667,3.585139856883328
17516.666666666668,4.203506022077783,3.6751045118222314
17533.333333333336,4.184625654700843,3.704743173931639
17550.0,4.0387930913753,3.845195588694645
17566.666666666668,4.180218670909197,3.740396351724156
17583.333333333336,23.0395429196425,4.361240386212126
17600.0,44.312406277055885,6.351222713852691
17616.666666666668,49.399095559706964,6.932674652380957
17633.333333333336,49.495765202028814,7.035935004474481
17650.0,49.89434090693333,6.775013228266666
17666.666666666668,50.23670214733335,6.676454964888878
17683.333333333336,50.33357057381273,6.565385569273183
17700.0,50.174117948536825,6.483987151324622
17716.666666666668,50.08654978888335,6.670659133877492
17733.333333333336,50.15820283853043,6.713288500622469
17750.0,50.52549563290952,6.781588707344629
17766.666666666668,50.92528982827181,6.69786218369417
17783.333333333336,51.2137114251945,6.575812772345205
17800.0,51.324120765215916,6.38013698786064
17816.666666666668,51.629927952302964,6.468398893466983
17833.333333333336,52.301060354817274,6.742358712988233
17850.0,49.474817404518156,6.38665438075696
17866.666666666668,37.427628928394256,5.0849741476833445
17883.333333333336,35.007588268052004,5.1076833221722024
17900.0,35.32134364339998,5.292930727033356
17916.666666666668,35.566232347388954,5.264200025166655
17933.333333333336,36.120492751826085,5.2678955341670894
17950.0,36.34518652197805,5.180237264502152
17966.666666666668,36.49326829255369,5.108237097325151
17983.333333333336,36.86285751641625,5.090397394767394
