0.0,3.970446933333331,-3.1356579666666677
16.666666666666668,4.134521081320445,-3.357654275662168
33.333333333333336,4.316174186466672,-3.312378524744444
50.0,-0.021036850141450958,1.2593863970544164
66.66666666666667,1.0373005255833325,2.9507819169944423
83.33333333333334,0.4125089503349406,2.7322058572773082
100.0,0.570632708566193,3.0058694571190943
116.66666666666667,0.7080856037629877,3.4947402426657765
133.33333333333334,0.5690972136482462,3.3087531380515225
150.0,0.026585196464899583,2.9082400399032804
166.66666666666669,-0.08306874750459226,2.713782841612417
183.33333333333334,0.12744290586666301,2.883671367644446
200.0,0.26110916619977076,2.7201031356678325
216.66666666666669,0.25230859615470225,2.5104994301335095
233.33333333333334,-0.00021063126459591047,2.351944309398289
250.00000000000003,-0.12331624159587465,2.270100341029492
266.6666666666667,0.20161709264444017,2.513136123655556
283.33333333333337,0.33321522901141304,2.1272198087050977
300.0,0.4802198479739849,2.20628812586293
316.6666666666667,-0.08939833570754713,2.4808525604593172
333.33333333333337,0.2623912168618914,2.8400835622601472
350.0,0.2798754744737231,2.275113688811533
366.6666666666667,-0.19672557361111523,3.1157035807500013
383.33333333333337,-0.31783077061111004,3.1567680983
400.0,-0.2154781169164166,3.0760746739260747
416.6666666666667,0.18727900726900532,3.084893124785477
433.33333333333337,0.38594909945609823,2.878660377344878
450.00000000000006,0.3937384491983174,2.6643699180168747
466.6666666666667,-0.21811564988345364,2.9753156377233916
483.33333333333337,-0.45974676252777413,3.0044333556166647
500.00000000000006,-0.17005755071594708,2.9036356876456892
516.6666666666667,-0.11976289751542381,2.8710403123172714
533.3333333333334,0.06130050913889132,3.168657331722221
550.0,-0.08340621849257907,3.046303111322324
566.6666666666667,0.1685316174666703,2.882284632311112
583.3333333333334,-0.2167410037462519,2.9244088208347234
600.0,1.244014672530383,3.2126150911044475
616.6666666666667,4.139839949325341,3.707796499067135
633.3333333333334,3.7176888624687643,3.7523945140596418
650.0,3.7144559235715473,3.573795170964524
666.6666666666667,3.717112463515094,3.807224362164419
683.3333333333334,3.7408351587777817,4.079387515127783
700.0,4.07387998184092,4.167047729731528
716.6666666666667,4.244233276500631,4.261424260569711
733.3333333333334,4.293622110354797,4.372773318518514
750.0,4.278526839974022,4.434299637132653
766.6666666666667,4.217192083702959,4.643834364409976
783.3333333333334,4.095232930369623,4.532154867177265
800.0,4.0281447764497536,4.5218588043086925
816.6666666666667,3.8638782281176898,4.497133712715923
833.3333333333334,3.7658429949690757,4.264221597669539
850.0000000000001,3.733914795399989,4.423732035933336
866.6666666666667,3.8348472171252292,4.647690247334774
883.3333333333334,4.299506598693794,4.808425300450222
900.0000000000001,4.22660013256628,4.5637161336668335
916.6666666666667,4.105757015251417,4.839125140903539
933.3333333333334,3.663268760285691,4.804845074553944
950.0000000000001,4.23179102745881,4.871960049991679
966.6666666666667,3.9462462672216536,5.094230063913864
983.3333333333334,0.9800767821744217,0.6258853824078614
1000.0000000000001,1.1950351486333242,1.6754876060000072
1016.6666666666667,1.9760818153041966,1.0955355850517128
1033.3333333333335,1.503234423949136,0.6354184279582422
1050.0,1.5170799081126114,1.017103562552052
1066.6666666666667,1.326228792902468,1.367605587074151
1083.3333333333335,1.4675785654136113,1.7038226842980697
1100.0,1.612647148357505,1.5377055890778772
1116.6666666666667,1.814685706494452,1.2840931916833318
1133.3333333333335,1.8591512404888886,1.1825474482888776
1150.0,1.8444906612666616,1.0201754822999962
1166.6666666666667,1.5401483757236647,0.8786327869795152
1183.3333333333335,1.222996237157422,0.6589605846186403
1200.0,1.5841513629652813,0.2611640059263858
1216.6666666666667,2.248650859355556,0.26919591753333383
1233.3333333333335,1.1429716850627205,0.24042719378050478
1250.0,1.6588273399800029,0.12154386171914383
1266.6666666666667,1.4341098149425255,0.352542554955852
1283.3333333333335,1.0628792140324517,0.4247261822601307
1300.0,0.8504636552723619,0.8717362077961062
1316.6666666666667,1.6513134034536072,1.1227578107911262
1333.3333333333335,1.9583453501195114,0.9954564103496252
1350.0,2.1404390710333274,0.9006633948000015
1366.6666666666667,2.262817403962698,0.8166858092907142
1383.3333333333335,2.316224818633339,0.8172245601333336
1400.0,2.204337537131433,1.1282123447276344
1416.6666666666667,1.5744361587960654,0.857892100455782
1433.3333333333335,1.919582971888892,0.7537594758777758
1450.0,2.255025178325861,0.7593412630792254
1466.6666666666667,2.3492059862264516,1.1293832967428152
1483.3333333333335,2.068959411921812,1.0671389086345646
1500.0,1.636739381449998,0.8953517003166631
1516.6666666666667,1.816146326783042,0.8820699096591802
1533.3333333333335,2.39157210522223,0.6510466939444405
1550.0,2.1228969757530365,0.4651596378598741
1566.6666666666667,2.011807500955554,0.737486784672223
1583.3333333333335,1.9487726702128805,0.6165116835473282
1600.0,2.0902252854166607,0.6890144409166612
1616.6666666666667,2.0998338987568,0.6949982354312321
1633.3333333333335,1.8863706773386635,0.5749291444222107
1650.0000000000002,1.8491163108333255,0.5857392518560657
1666.6666666666667,2.23319933986928,0.6253787385620917
1683.3333333333335,2.411048402555553,0.37993733428889165
1700.0000000000002,1.6352424349007824,0.8048432776888472
1716.6666666666667,2.553786173077774,0.9553359042111039
1733.3333333333335,2.0038191488021635,1.3526248994219365
1750.0000000000002,1.723114432048071,1.3416435684526806
1766.6666666666667,1.751281239252965,1.272416234684009
1783.3333333333335,1.4813571339002798,1.1110329126785679
1800.0000000000002,1.41876177646667,1.0555006582000142
1816.6666666666667,1.4602334194885327,1.0708400493165797
1833.3333333333335,-0.3754193120653585,0.7007728215842743
1850.0000000000002,-2.530402694652033,0.41995231184188536
1866.6666666666667,-1.9903954612136328,0.40082746265447017
1883.3333333333335,-2.019364946598921,0.39318824219557064
1900.0000000000002,-2.479792578210894,0.6698044498250824
1916.6666666666667,-3.319741063416668,0.574764342594442
1933.3333333333335,-3.298983958726209,0.5677587086985437
1950.0000000000002,-2.9005022418079056,0.6878302579096067
1966.6666666666667,-2.6163079776258376,0.471219524551804
1983.3333333333335,-2.588661281470382,0.3773531308623473
2000.0000000000002,-2.6910111288866747,0.5744839549983164
2016.6666666666667,-2.6232075862777773,0.7506372321333344
2033.3333333333335,-2.718247506865858,0.7498527984977512
2050.0,-2.944814251452908,0.7596420197561831
2066.666666666667,-2.948823133394475,0.9138487431326754
2083.3333333333335,-2.975965356250001,1.1514140187499997
2100.0,-3.1042868577455427,1.116830823311661
2116.666666666667,-3.072118540355553,1.0075827401888902
2133.3333333333335,-2.740715086865483,0.7666207086641985
2150.0,3.626445076988001,-0.27515065338368117
2166.666666666667,2.4874952553444603,0.10957030077221568
2183.3333333333335,2.829213541344446,-0.12341104900555311
2200.0,3.2148327035184305,-0.22051215822911274
2216.666666666667,3.0076544472847515,-0.0015120313656815639
2233.3333333333335,3.1925233487833236,0.09981265746666526
2250.0,2.991499518657343,0.4826111553889695
2266.666666666667,2.9559812474666836,0.6246201276111032
2283.3333333333335,3.3516136972000004,0.8073021025722198
2300.0,3.558282228230782,0.7084152871935963
2316.666666666667,3.439088316738961,0.7223954720386987
2333.3333333333335,2.9608628563218375,0.8671524330779093
2350.0,3.3763990462833346,0.8907865093500039
2366.666666666667,3.5268486515404294,0.8776974853965218
2383.3333333333335,3.2526133173160123,0.9137849047952061
2400.0,3.2210010727044676,0.7899508616491173
2416.666666666667,3.261870033222832,0.7199891592463732
2433.3333333333335,3.2140109205508285,0.6130554256927062
2450.0,2.833083906873028,0.9065162950241354
2466.666666666667,2.7127267865111224,1.3273165528333544
2483.3333333333335,3.2291948650380746,1.4840863287143566
2500.0,3.185535662391449,1.5154502546092223
2516.666666666667,2.8736374750208316,1.7322601508587554
2533.3333333333335,2.7310204838975105,1.6916339730698668
2550.0,2.943594811166408,1.7171546580886023
2566.666666666667,3.2932226563111193,1.7836734580055529
2583.3333333333335,3.46154768757778,1.880158730127778
2600.0,3.249769132083332,1.9593036520666707
2616.666666666667,3.3821160499500427,1.96561322171163
2633.3333333333335,3.3449311362255427,2.0211549658669075
2650.0,3.2132533377465746,1.7816807774991696
2666.666666666667,3.0485535125785157,1.559986162547948
2683.3333333333335,3.1344074172722216,1.5730787393277708
2700.0,3.1220223185740466,1.6027398040979495
2716.666666666667,3.1833947995111145,1.4064499815555689
2733.3333333333335,3.20063778137043,1.6812212898606211
2750.0,3.2347798151938685,1.7158959956065942
2766.666666666667,2.968878517208062,1.844794464895329
2783.3333333333335,2.7500161280695923,2.108783676082488
2800.0,2.6214573924075992,2.1601669331335334
2816.666666666667,2.488415379079146,2.2126700955546994
2833.3333333333335,2.6887610204584793,2.308814009291217
2850.0,2.968936286416667,2.1789516936666695
2866.666666666667,3.1575522955955946,2.283641056395287
2883.3333333333335,3.2107460755910706,2.426428550493957
2900.0,3.181045570164912,2.3828074966350163
2916.666666666667,2.962065444912046,2.593839395056772
2933.3333333333335,2.6197174845345352,2.5703927099099095
2950.0,2.455522922049483,2.6420514240387813
2966.666666666667,2.407100525522219,2.5626263413333272
2983.3333333333335,2.828597116561004,2.4014257317484162
3000.0,3.1760316217608864,2.1614937150075075
3016.666666666667,3.242865750362623,2.177752833222612
3033.3333333333335,3.3711070259112055,2.240250850784182
3050.0,3.373376104745252,2.3334277670496135
3066.666666666667,3.431824567289196,2.147765940053357
3083.3333333333335,3.287889892068248,2.0778370525874004
3100.0,2.975862435485486,2.2289893753586902
3116.666666666667,2.8610565215666734,2.4856392282444566
3133.3333333333335,2.8872714771444437,2.511096167472219
3150.0,2.9517828020843755,2.447506468667667
3166.666666666667,3.1189466059362956,2.350102809371354
3183.3333333333335,3.3197544615726837,2.469321860721835
3200.0,3.167218134931732,2.5377599239760276
3216.666666666667,3.128409188022222,2.450419365711107
3233.3333333333335,3.1251819887774857,2.7457651369534943
3250.0000000000005,2.5650867685490657,-0.713694742379076
3266.666666666667,2.744472381301782,-4.0126540257184
3283.3333333333335,2.5638020416181746,-3.2654826842338567
3300.0000000000005,2.477627340809521,-3.7567905172938585
3316.666666666667,2.706293986867672,-3.7572531812538132
3333.3333333333335,2.4276255433783085,-3.719236965106332
3350.0000000000005,2.4436826509901786,-3.49743160274588
3366.666666666667,2.57875959217778,-3.533691767655561
3383.3333333333335,2.673009027677776,-3.3825897044000106
3400.0000000000005,2.822505090061694,-3.3775930178922686
3416.666666666667,2.922463124638888,-3.332829104322222
3433.3333333333335,2.9437859684824312,-3.3187482205952556
3450.0000000000005,2.943437882616676,-3.1884617616833277
3466.666666666667,2.912168362124502,-3.144679613382198
3483.3333333333335,2.8194695173753446,-3.06230510872102
3500.0000000000005,2.5946218414292788,-3.097059193403315
3516.666666666667,2.461665029655445,-3.1734194946241936
3533.3333333333335,2.323053595656765,-3.5301792023134246
3550.0000000000005,2.3098993024178642,-3.355109675554432
3566.666666666667,2.3650304228993204,-3.0490366649461618
3583.3333333333335,2.7303776924999994,-2.9759907461111084
3600.0000000000005,2.8870591832666723,-3.1788005720000023
3616.666666666667,2.6517925199988714,-2.547966505013505
3633.3333333333335,0.7107906672005647,3.7256404921477038
3650.0000000000005,0.8898458539303432,2.7341948012271966
3666.666666666667,0.9893605479444483,3.4221485696666796
3683.3333333333335,0.879477729846186,3.4947079791493136
3700.0000000000005,0.4344650433283478,3.9110688349825207
3716.666666666667,1.0092139884739633,4.173953152205323
3733.3333333333335,1.265959273884999,4.008324691235682
3750.0000000000005,1.1278399448666605,3.8691237386333475
3766.666666666667,1.065646906784269,4.163741847290175
3783.3333333333335,1.0844023468690926,4.414818556033812
3800.0000000000005,1.032929709295351,4.719515121855737
3816.666666666667,1.0776201427730576,4.635462679715676
3833.3333333333335,1.1540310529013214,4.651028077633404
3850.0000000000005,1.0076320569763542,4.465339535697641
3866.666666666667,0.9048741994216329,4.186068179201431
3883.3333333333335,1.1516907903625864,4.222823621382492
3900.0000000000005,1.082828420741855,4.0922588251497
3916.666666666667,1.098225335035045,4.1723190109998995
3933.3333333333335,1.0268950992607404,4.519006745984104
3950.0000000000005,1.4216316233333313,4.365463982650001
3966.666666666667,3.3751360127539214,1.521294951814832
3983.3333333333335,3.159722392759429,1.4790504535257654
4000.0000000000005,3.1651171612112394,1.417490028445114
4016.666666666667,3.5843868108832253,1.112218317002942
4033.3333333333335,3.768563334200871,0.9975057674229778
4050.0000000000005,3.4444062237333184,1.5252472583999979
4066.666666666667,3.4039961335833295,1.669603040833338
4083.3333333333335,3.282283652763875,1.7804964456567651
4100.0,3.1239202736166827,1.5950847079333623
4116.666666666667,3.116629980818183,1.5777930807014653
4133.333333333334,3.4947735523643595,1.5462427371163097
4150.0,3.4387233279360316,1.3466045267366338
4166.666666666667,3.516446379238603,1.3910721811863684
4183.333333333334,3.5903066687277847,1.4716745051222364
4200.0,3.605692108287297,1.535413750460404
4216.666666666667,3.7546805763763755,1.6424581554053956
4233.333333333334,3.654657664113607,1.8145453884659013
4250.0,3.8022908475376793,1.5753914493132364
4266.666666666667,3.8234721088457904,1.6214803141499512
4283.333333333334,3.628844966544575,1.795780421012333
4300.0,3.366251703233334,1.9642883935499962
4316.666666666667,3.092971759111094,1.9329529280888522
4333.333333333334,3.143669318910538,2.2382067968214314
4350.0,3.270545280672689,2.0758551805220895
4366.666666666667,3.5747297049506095,2.053513866566765
4383.333333333334,4.0560922091050955,2.01244239255545
4400.0,4.157351047392974,1.8237242182242273
4416.666666666667,3.761623910734263,1.9117862002604684
4433.333333333334,3.111243816122204,2.167979165500008
4450.0,3.2624121150499943,2.269390221083339
4466.666666666667,3.2043541900205463,2.3944190897709112
4483.333333333334,3.008766693197841,2.4424305580487378
4500.0,3.5585678334334383,2.540315951351351
4516.666666666667,3.592223530423398,2.5318004579035267
4533.333333333334,3.513846062559055,2.5659594958979444
4550.0,3.08105846791792,2.5917710122789397
4566.666666666667,3.0967096547829485,2.591886471496848
4583.333333333334,3.516501859782008,2.524789714709148
4600.0,3.491603926733344,2.6882976588666465
4616.666666666667,3.2058582136666707,2.8167864863333425
4633.333333333334,3.9501878330780573,2.852918247691216
4650.0,3.9188629269666566,2.5665746826999927
4666.666666666667,3.3532236978155785,2.4893821842309984
4683.333333333334,3.4079077703499654,2.7114402309853713
4700.0,3.3554754126999953,2.7282998162666803
4716.666666666667,3.1049686383888906,2.776847012083327
4733.333333333334,3.103171696934855,2.7588489672386007
4750.0,0.35895067081467846,2.4648250144350383
4766.666666666667,1.3309354209124191,2.681942724531024
4783.333333333334,1.2478300780555438,2.776915431838873
4800.0,1.300603528926726,2.7442090851944667
4816.666666666667,1.2764924373575655,2.679069080901557
4833.333333333334,1.269681790944439,2.8135559476111154
4850.0,1.1312478534899186,2.969778464284524
4866.666666666667,0.9675086244266716,3.062278417685605
4883.333333333334,0.882484935229396,3.2633582175754094
4900.0,0.83579360916666,3.3179540325000043
4916.666666666667,0.9225198047047017,3.2533150088644165
4933.333333333334,1.102093572313741,3.2355164344150276
4950.0,1.0352691516533052,3.2262048424348664
4966.666666666667,1.0980731608026277,3.1812253906397645
4983.333333333334,1.0350004306695562,3.11501676583805
5000.0,0.8598846655833273,3.3007353098500007
5016.666666666667,0.947483607346144,3.426241419754937
5033.333333333334,1.0280330413959617,3.2006008371425487
5050.0,1.0222029460794018,3.0437196227227226
5066.666666666667,1.0641196576160397,2.901996647601625
5083.333333333334,1.2054952142833593,2.771162862805525
5100.0,1.489537679726117,2.752251023496993
5116.666666666667,1.0506070212671348,2.9264381985618426
5133.333333333334,0.9218689272889092,3.083403282044432
5150.0,1.1105197804611378,2.9973211720930193
5166.666666666667,0.9523294160308776,3.004844597490131
5183.333333333334,0.9364421255170665,3.1301509250376265
5200.0,0.7154787229885055,3.347055738314175
5216.666666666667,0.7210274189316896,3.360382135023068
5233.333333333334,1.102587210890657,3.5684587415784867
5250.0,1.1910639923076942,3.3253324020678234
5266.666666666667,1.1781593510711486,3.473187862026862
5283.333333333334,1.127631113124242,3.4662377000222397
5300.0,1.0503439955522245,3.4388902696151944
5316.666666666667,0.8231065114883074,3.303228398174965
5333.333333333334,0.14893011534285633,3.163732939603408
5350.0,0.3320448611305663,3.6070243452559754
5366.666666666667,0.9116143392091751,3.772565396112231
5383.333333333334,0.5055981916902417,3.9026777449159704
5400.0,0.6433938285142616,3.972278059279643
5416.666666666667,0.8881663155644395,4.127357193358878
5433.333333333334,0.2465269609883116,4.237000989502452
5450.0,-0.3056271772999979,4.447212085200001
5466.666666666667,-0.1583921300388827,4.116717106144426
5483.333333333334,10.182368520145522,1.6477395497806426
5500.0,9.403955105630743,1.8871285123141157
5516.666666666667,9.656131826669986,1.7371063514576073
5533.333333333334,9.660524630107162,1.7946131545838269
5550.0,9.463555499466137,1.8747101963630297
5566.666666666667,9.368367760825128,1.7470177368982034
5583.333333333334,9.499455210910709,1.6976221571810342
5600.0,9.58060923833334,1.5468235633333172
5616.666666666667,9.670372384346708,1.449623054078514
5633.333333333334,9.791409172244485,1.4296424424000076
5650.0,9.966124088050002,1.3185575305333235
5666.666666666667,10.011678581777772,1.3099131462222158
5683.333333333334,10.083381842431317,1.4123555404404635
5700.0,10.077371335551101,1.5171228945472737
5716.666666666667,9.822197403998,1.6007686659503522
5733.333333333334,9.760469315681052,1.7655160383641515
5750.0,10.009636684583326,1.6807946306499932
5766.666666666667,10.323807492238354,1.6099227283480733
5783.333333333334,10.654915659479757,1.4053969722249946
5800.0,10.812035858133331,1.1283275984000032
5816.666666666667,9.854026534401065,-0.8534162562729382
5833.333333333334,10.401826038363595,0.09986977214160978
5850.0,9.975042872139303,-0.18209013402984472
5866.666666666667,9.993945649347543,-0.08536060877894663
5883.333333333334,10.337719164542355,-0.03122845938716715
5900.0,10.609373368333333,-0.04309586856666836
5916.666666666667,11.018373496796805,-0.06706403767656491
5933.333333333334,10.981180262150005,-0.2891992032888827
5950.0,10.906463757854398,-0.05744308620689437
5966.666666666667,10.88046324592704,-0.08382723514909111
5983.333333333334,11.077305398467464,-0.19004430963407626
6000.0,11.623417990101819,0.14569213234852849
6016.666666666667,11.201581754220884,0.040556418668665634
6033.333333333334,5.028178649205869,-0.04768598819872204
6050.0,-4.805912275179254,0.9718785523404895
6066.666666666667,-3.787979091028895,1.214144656255898
6083.333333333334,-4.240181598677773,1.5170041033777815
6100.0,-4.212446972349616,1.4547781455633126
6116.666666666667,-4.45049330591112,1.5808473799999931
6133.333333333334,-4.4693186813391215,1.4533890896211155
6150.0,-4.5650113652986155,1.4702917575909258
6166.666666666667,-4.771550496518403,1.43549874471653
6183.333333333334,-4.851741288487467,1.2485115586887314
6200.0,-4.587795157904379,1.1197538179743471
6216.666666666667,-4.5137822465267305,1.0315393633683114
6233.333333333334,-4.546675043661493,1.0876131252318084
6250.0,-4.701123274666662,1.107548459200012
6266.666666666667,-5.172152588144818,1.0366330001887964
6283.333333333334,-5.240288766538987,1.4069818417624438
6300.0,-5.534929973083331,1.4840723261333315
6316.666666666667,-5.68276797247247,1.5924140425703435
6333.333333333334,-5.704134996594786,1.5344859176119596
6350.0,-1.6577196336166742,0.9788881707979387
6366.666666666667,-0.840395030676022,1.7091655426617998
6383.333333333334,-0.7463513601346262,1.554470322355742
6400.0,-0.5757857773892734,1.659982565934064
6416.666666666667,-0.37053715139444054,1.5058176949999935
6433.333333333334,-0.36112144372294064,1.3735481692973586
6450.000000000001,-0.3713168733233119,1.4244273630630415
6466.666666666667,-0.4120472488833592,1.4449566751962464
6483.333333333334,-0.5044390366183388,1.5106397746317506
6500.000000000001,-0.41198027154267597,1.464555606273935
6516.666666666667,-0.44936929197567443,1.4224370368761998
6533.333333333334,-0.46060695030584003,1.3679155669614156
6550.000000000001,-0.55657734913248,1.6034276567734567
6566.666666666667,-0.8198239752205052,1.6749198321850527
6583.333333333334,-1.242418503298378,1.717871546471194
6600.000000000001,-1.471707327927928,1.7723988777777462
6616.666666666667,-1.0994319367919814,1.6929695703648018
6633.333333333334,-0.5922417790888775,1.6159374537111122
6650.000000000001,-0.36399220051522657,1.543789904482231
6666.666666666667,-0.4532188884337908,1.6604890884393368
6683.333333333334,3.1265434728272363,1.4683511983683228
6700.000000000001,2.0451219351981185,1.5650234795537707
6716.666666666667,2.0350980212116165,1.462893093580988
6733.333333333334,2.1426267242404,1.5122442975160868
6750.000000000001,1.623537830999977,1.7754321917333555
6766.666666666667,1.5620199616808408,1.9650672890000505
6783.333333333334,1.8394177992429477,1.8708677181029036
6800.000000000001,2.1891121985000037,2.0314657256666595
6816.666666666667,2.432110130998831,2.091001549018954
6833.333333333334,2.4473220049691613,1.9920327820632457
6850.000000000001,2.4247625330168394,1.9080958132267114
6866.666666666667,2.4136879223165297,1.9449724717423895
6883.333333333334,2.3020198093073687,2.074093804367793
6900.000000000001,2.258110832716367,2.0104660414707594
6916.666666666667,2.2647963570261482,1.985998163398693
6933.333333333334,2.2688992565046187,2.0505218482128926
6950.000000000001,2.37209961978453,2.1958220737675522
6966.666666666667,2.4224764211155736,2.2893220656823456
6983.333333333334,2.5806026823398875,2.306912188394945
7000.000000000001,2.5983985952048028,2.57683373053612
7016.666666666667,2.7544956718722453,2.7194998896388887
7033.333333333334,2.549079829501928,2.762251447970457
7050.000000000001,2.2359025426046393,2.7372092465399573
7066.666666666667,1.78067712179487,2.6704725039682553
7083.333333333334,1.7785270645576716,2.7218570679098724
7100.000000000001,1.8880117752833485,2.8912917930833175
7116.666666666667,2.041161793595294,2.843428120457317
7133.333333333334,1.9669260888888993,2.9488362425287438
7150.000000000001,1.7766915829167045,3.268642210583316
7166.666666666667,1.7279913092878918,3.1590409425602743
7183.333333333334,2.137186576507339,3.1297221529421324
7200.000000000001,2.737949490252071,2.99961685206142
7216.666666666667,2.5788293223223238,2.8039315384940506
7233.333333333334,2.6659716501576276,2.777806549952987
7250.000000000001,2.542970763279928,2.7834748462128833
7266.666666666667,2.5466580909819734,2.8096602801380652
7283.333333333334,2.488633019676509,2.834217413890291
7300.000000000001,2.35823945202601,2.6205225951975755
7316.666666666667,2.3704496809960567,2.456154453882503
7333.333333333334,2.5804490484313516,2.9553942603587644
7350.000000000001,2.60169469015459,16.39380055847219
7366.666666666667,-31.088003757614263,-0.6761427408644973
7383.333333333334,-64.0,-36.0
7400.000000000001,-64.0,-36.0
7416.666666666667,-42.015577191217915,0.0
7433.333333333334,-41.1182698054834,0.0
7450.000000000001,3.2962348631855587,35.61343517752756
7466.666666666667,0.22959710255599552,29.341535163495223
7483.333333333334,-6.271740456309875,20.544708136539455
7500.000000000001,-5.563940721175652,11.672887802003777
7516.666666666667,-5.272786293311117,5.502280555544328
7533.333333333334,-5.430427183030713,1.2748014803930359
7550.000000000001,-5.060405950691349,0.344895924937507
7566.666666666667,-5.260872169687913,0.03441043421867976
7583.333333333334,-5.635035626262638,-0.00013087280497320504
7600.000000000001,-5.953830733833074,-0.03959719956689495
7616.666666666667,-6.214299076507462,-0.15202611932655874
7633.333333333334,-6.341728758977365,-0.2429240058253954
7650.000000000001,-6.264473471106692,-0.07687441408780969
7666.666666666667,-6.472889364781448,-0.14985454334334464
7683.333333333334,-6.648796583833333,-0.24314683327776507
7700.000000000001,-6.72274659333334,-0.1424841399999816
7716.666666666667,-6.877810555922039,-0.19355427369648137
7733.333333333334,-3.5463052636041623,-0.7387368772684629
7750.000000000001,3.6838476401535454,2.815108704513617
7766.666666666667,2.2520427940188275,2.2585642903320355
7783.333333333334,2.832720831913834,2.652312806618784
7800.000000000001,2.9008887939363563,2.769812315508901
7816.666666666667,2.876341721016666,2.725578016288891
7833.333333333334,2.818137398693783,2.8670285734200185
7850.000000000001,2.611270637766658,2.8428290583000067
7866.666666666667,2.540969392933332,3.030803954099998
7883.333333333334,3.2509431895781327,2.977264646506585
7900.000000000001,3.3027537324658005,2.927010354554537
7916.666666666667,3.290893824339165,2.9931171653366593
7933.333333333334,3.359846667767765,2.968194738382823
7950.000000000001,3.0404570805611293,2.934208133466962
7966.666666666667,2.938922594036317,3.0286410441057283
7983.333333333334,2.608162036129175,3.2641996503529707
8000.000000000001,2.862720340616707,3.442041974533357
8016.666666666667,5.898849896085358,1.2382977415291565
8033.333333333334,5.211691219086472,0.9335503510495401
8050.000000000001,5.76536700366319,0.9672602514337948
8066.666666666667,6.042941679574176,0.6557421372421819
8083.333333333334,6.1096742257222205,0.5084695571333375
8100.000000000001,6.135224543682164,0.2987504688866729
8116.666666666667,5.918661711055559,0.26042248516666666
8133.333333333334,6.031707497437596,0.3551676491356786
8150.000000000001,6.257684591578981,0.281652769122819
8166.666666666667,6.460011076360413,0.22459099055083323
8183.333333333334,6.4635312138985626,0.27316552287483264
8200.0,6.685619702232213,0.3384868505414204
8216.666666666668,6.7009314441220855,0.2323406899115657
8233.333333333334,6.769558128697683,0.2256811674615091
8250.0,6.713787301967649,0.3491721233115994
8266.666666666668,6.891306906544451,0.432726402199993
8283.333333333334,7.00883313796204,0.6240221596625769
8300.0,7.033180487806084,0.6300007258870602
8316.666666666668,7.135653119634615,0.7313768642401014
8333.333333333334,5.325881433139473,0.9681255206206612
8350.0,-1.9899076840392653,4.2765729854675225
8366.666666666668,-0.37147378508358064,3.873305920247418
8383.333333333334,-0.33594754383488823,4.275090682671107
8400.0,-0.30147566404868364,4.3036860451392425
8416.666666666668,-0.10672810389637245,4.401765732405096
8433.333333333334,-0.02167787884494734,4.1731288025957785
8450.0,-0.0849848841754125,4.172863641003838
8466.666666666668,0.022490438235783863,4.289047629220204
8483.333333333334,-0.10909277896173716,4.390561165121456
8500.0,-0.201952798299997,4.332058430749999
8516.666666666668,-0.39402593836166167,4.486680825369055
8533.333333333334,-0.29659400103385897,4.661807482574629
8550.0,-0.7033313237118818,4.66795220902118
8566.666666666668,-1.159727470868844,4.827187511550212
8583.333333333334,-1.4417893365889245,4.916223737033366
8600.0,-1.472013409881494,4.95575990672676
8616.666666666668,-1.565137999223015,5.012513110411803
8633.333333333334,-1.5247321843822879,5.021891964901764
8650.0,-1.1910551435897432,5.047110243689627
8666.666666666668,-1.068755539134775,5.036558798381107
8683.333333333334,-0.9418635304333333,4.941019042644444
8700.0,-1.0434616237022194,5.038445701635797
8716.666666666668,5.461972105041595,4.7713818422099825
8733.333333333334,4.278467219828971,4.801811419229272
8750.0,4.8729509730532,4.648653911589113
8766.666666666668,4.950090480965117,4.69275570133734
8783.333333333334,4.358870212133279,4.627778514066727
8800.0,4.209279985930742,4.816966048484858
8816.666666666668,4.711997679049391,4.853363886590065
8833.333333333334,4.643535202181713,4.5864272217251125
8850.0,4.638338764698029,4.71628133790457
8866.666666666668,4.5594372103677925,4.948763432074092
8883.333333333334,4.387143255900173,4.818099709510285
8900.0,4.424543928228215,4.687850995095096
8916.666666666668,4.418366178777775,4.731419181444435
8933.333333333334,4.294713607847708,4.822885567599091
8950.0,4.309318051951953,4.677314647113791
8966.666666666668,4.313261941601404,4.645178986623346
8983.333333333334,4.277888817897837,4.659175956683901
9000.0,4.309120844166244,4.478774811817727
9016.666666666668,4.372700076982535,4.621921699505092
9033.333333333334,4.402688847387429,4.734086689574146
9050.0,4.358141634266681,4.736015761900028
9066.666666666668,4.285867240829573,4.695507017313573
9083.333333333334,4.2851840285579454,4.980612125803796
9100.0,4.224100132901073,5.031092778354119
9116.666666666668,4.304151219269611,5.0120202416472495
9133.333333333334,4.388473810377054,4.951474300122301
9150.0,4.498771947950874,5.1050781172059185
9166.666666666668,4.725679064673212,4.951214920889533
9183.333333333334,5.020010343733332,4.884854030933332
9200.0,5.047368907512911,5.036566558354164
9216.666666666668,4.9324928710465,5.094837105843184
9233.333333333334,5.03649644598542,5.1359293004510285
9250.0,4.987447914666669,4.925832547999985
9266.666666666668,4.8584737750263205,5.175746769113016
9283.333333333334,4.802749773775564,5.385457432736335
9300.0,4.8805716002833375,5.304685501049996
9316.666666666668,5.000320557050061,5.358766215033321
9333.333333333334,5.0388522213709335,5.298336478109438
9350.0,4.8581079314166695,5.320063409583322
9366.666666666668,4.953122244516677,5.086043772564005
9383.333333333334,4.79937647526739,5.271012594131331
9400.0,4.916668448760191,5.343730649176256
9416.666666666668,4.914679299750006,5.39302958451125
9433.333333333334,4.877656189027845,5.450260502562389
9450.0,4.911933063675748,5.407345915915558
9466.666666666668,5.168684693134681,5.357416387534207
9483.333333333334,10.114516430888893,-1.0432524594500152
9500.0,9.435444279487148,-0.8445523493839862
9516.666666666668,10.288710732710488,-0.8000814640751991
9533.333333333334,10.635840734608376,-0.7844549922172522
9550.0,10.711377643702951,-0.6362195926074584
9566.666666666668,10.842235407800002,-0.5303755558333265
9583.333333333334,10.901239033916085,-0.4091799996891954
9600.0,10.938023190674004,-0.28174855485486466
9616.666666666668,10.916515183982671,-0.24194355690976424
9633.333333333334,10.940389284839403,-0.09109261394019624
9650.0,10.979589035034186,-0.14445299049523547
9666.666666666668,10.839581984399974,-0.148555022633325
9683.333333333334,10.718452627555559,-0.14205409999999336
9700.0,10.634140694710574,-0.13977014168330054
9716.666666666668,10.562863108771586,-0.05980573176435301
9733.333333333334,10.575769996090578,-0.3214913841563831
9750.0,10.721376711022176,-0.5173450333833612
9766.666666666668,10.943828544472025,-0.6057432282026285
9783.333333333334,11.006130724566674,-0.6277398538222223
9800.0,10.813172325095689,-0.5496018739058073
9816.666666666668,10.909041062025398,-0.5897529907731464
9833.333333333334,11.05548064276363,-0.5376799505686101
9850.0,11.019969593060402,-0.5475990903145074
9866.666666666668,11.004063133255702,-0.5751027541743091
9883.333333333334,11.071166416636123,-0.3970263062857475
9900.0,11.173799651363097,-0.2360284631376449
9916.666666666668,11.218471677605484,-0.2678114869045372
9933.333333333334,11.239062553325542,-0.17316781510399376
9950.0,11.308436786933305,-0.012029997333366243
9966.666666666668,11.35889139737349,0.2889701976400979
9983.333333333334,1.0656118786670872,0.040513417397588354
10000.0,0.5331714434166405,-0.5794304413333375
10016.666666666668,0.27757357500003677,-0.11608840844436744
10033.333333333334,0.3323153409853895,-0.11728349650903301
10050.0,0.49263482217770066,-0.058229806012035396
10066.666666666668,0.47758723705363104,0.08815824678569618
10083.333333333334,0.29773679838727046,0.06143440671780484
10100.0,0.2812035483333318,0.06093456634999675
10116.666666666668,0.22152670728520876,0.23247564903658338
10133.333333333334,0.18671671587931482,0.472397200493476
10150.0,-0.04274180536398405,0.5217848398467493
10166.666666666668,-0.23816104002671454,0.5955255902854119
10183.333333333334,-0.5120074893777672,0.7280356453555562
10200.0,-0.5194756313813855,0.684190546846848
10216.666666666668,-0.398870949688899,0.8134080290667135
10233.333333333334,-0.3806639133344586,0.9802317924473476
10250.0,-0.38601786331675,1.0594555208291856
10266.666666666668,-0.21350642091730493,1.0707905241490232
10283.333333333334,-0.017375972455562088,1.2059451043333207
10300.0,0.01794467726213426,0.9815422067198868
10316.666666666668,0.30210336356266354,0.8386602998445237
10333.333333333334,0.24137462353464506,0.83745592108219
10350.0,0.251285159173767,0.7269570523331649
10366.666666666668,0.15049996115555533,0.836890173666662
10383.333333333334,0.2367438790878964,0.7758520750635731
10400.0,0.09245663715708011,0.9170457209476385
10416.666666666668,0.2487801785936543,0.8464760537684565
10433.333333333334,0.38780074434708556,0.7914009758549206
10450.0,0.5594123055833286,0.7177652302500002
10466.666666666668,0.58320450567484,0.8614228894213568
10483.333333333334,0.7504197696192758,0.7773226926739961
10500.0,0.9147944653660164,0.9516168431048795
10516.666666666668,0.8527039091787297,0.9353086881781391
10533.333333333334,0.7567966705797402,0.952868708882215
10550.0,0.6748215217100808,0.9509485493654045
10566.666666666668,0.569462002887726,1.1062991617815519
10583.333333333334,0.6869145901099036,1.1342953090354437
10600.0,0.8543259459477479,1.2143935328340656
10616.666666666668,0.9087182070757577,1.3990935247179093
10633.333333333334,1.1247970569847618,1.3698775956734628
10650.0,1.1252115551160018,1.4697656467200824
10666.666666666668,0.9514756541667357,1.452630637055602
10683.333333333334,0.9589065192207239,1.5256281903396138
10700.0,0.9591319748625884,1.6293308465267204
10716.666666666668,0.9998581682110987,1.6541665108999761
10733.333333333334,0.9455779853515243,1.745998354601905
10750.0,1.0972173833916714,1.857087119693153
10766.666666666668,1.0438364698872808,1.9130494154367441
10783.333333333334,1.2693970740963172,1.9604798022578152
10800.0,1.1671305748748801,1.986619471571549
10816.666666666668,1.0933966014237135,2.0758340766555428
10833.333333333334,1.3023099154976574,2.0530503398574886
10850.0,1.3215638645161354,2.159980574999998
10866.666666666668,1.4101412055002664,2.2915055645660325
10883.333333333334,1.0206215828807836,2.0540729076628264
10900.0,0.6777282515333323,2.1984590226999985
10916.666666666668,0.5766678485576142,2.339626663053763
10933.333333333334,0.5588732804404526,2.2441999870083733
10950.0,0.6819774218298393,2.135143469512742
10966.666666666668,1.2208159392889202,1.9456079036888698
10983.333333333334,1.4673261640751623,2.0642478177677974
11000.0,1.5426179267993263,2.1792106030348206
11016.666666666668,1.4415020936198433,2.1120806580321974
11033.333333333334,1.6177721146964172,2.193725305028293
11050.0,1.6160612829829815,2.066424520620622
11066.666666666668,1.5671190823242347,2.089235977312054
11083.333333333334,1.3963550131111044,2.0454816915500036
11100.0,1.3378949670833302,1.9258159993333361
11116.666666666668,1.30969355040855,2.1100792363293257
11133.333333333334,1.4014631063649194,2.240372079993728
11150.0,1.2637463313864559,2.361631325833748
11166.666666666668,1.2126564745294142,2.524420406946514
11183.333333333334,1.2971839900514968,2.547870392769757
11200.0,1.2080253546227009,2.6568240005497255
11216.666666666668,1.189837144561103,2.7721326411833367
11233.333333333334,1.1907144249055543,2.8362061210666676
11250.0,1.2500352543438449,2.816253069734879
11266.666666666668,1.4151922014340426,2.776405950586415
11283.333333333334,1.1883469441111054,2.7772862252333383
11300.0,0.9922224042666802,2.75721339999999
11316.666666666668,1.0226684524651426,2.7104400252903926
11333.333333333334,1.1636037862291086,2.620309656532843
11350.0,1.3200514128205039,2.9234174798534607
11366.666666666668,1.3675734207451775,2.9948410218279657
11383.333333333334,1.3624050368944547,3.024599744238882
11400.0,1.3911529168081203,3.1861194082875635
11416.666666666668,1.5024876512777967,3.190262491722211
11433.333333333334,1.6180158900055546,3.044731221966657
11450.0,1.5265705506593186,3.0676370484893773
11466.666666666668,1.560851487422233,3.1465716355110405
11483.333333333334,1.476933666843542,3.010091081868402
11500.0,1.468488726916654,2.780010028916676
11516.666666666668,1.4675261786114868,2.9509903481296655
11533.333333333334,1.1886887687448,2.9333937260737084
11550.0,1.2894405910031725,3.0372896178100546
11566.666666666668,1.3459374334776457,3.05611032473086
11583.333333333334,1.3881093401658195,3.2190991915261975
11600.0,1.3794117373611194,3.3786147005555596
11616.666666666668,1.347260707179742,3.4128007959464735
11633.333333333334,1.3538053150869063,3.618566475134651
11650.0,1.305523141725892,3.3576638204399725
11666.666666666668,1.227718809613342,3.490208885832299
11683.333333333334,1.2043863742888916,3.3153764070111107
11700.0,1.2042010271776908,3.2072621523809546
11716.666666666668,1.2326103898904046,3.2628597298336275
11733.333333333334,1.0675363777777653,3.2580160986110918
11750.0,1.181437471002173,3.2223384734533997
11766.666666666668,1.1473987213828596,3.0888457399408233
11783.333333333334,1.1578603482758563,3.076415179854521
11800.0,1.0770409429688763,3.0220895181228133
11816.666666666668,0.8719817327999594,3.0570758470888912
11833.333333333334,0.7151702796092627,3.241708140415159
11850.0,0.7623118715715792,3.2598169747747567
11866.666666666668,0.8257264534868523,3.3822485331609187
11883.333333333334,0.9578799035295392,3.5832896313489875
11900.0,0.7612775877272068,3.3767203227447107
11916.666666666668,0.6629120336720149,3.5019781179354794
11933.333333333334,0.38139538610413815,3.2126667475737998
11950.0,0.25735771492412346,3.31849363560114
11966.666666666668,0.21303759721254006,3.506711424003101
11983.333333333334,0.21202306527777312,3.6812556891666324
12000.0,0.24113701812719024,3.777874837840096
12016.666666666668,0.20955247962031037,4.027891610643532
12033.333333333334,0.09633321047807361,4.107593342101235
12050.0,0.166913930651335,4.280306709961686
12066.666666666668,0.19967317493333617,4.102550509244453
12083.333333333334,0.17419478115000284,4.084629178505555
12100.0,0.22066531850379972,4.071334682125125
12116.666666666668,0.2104660866666681,4.142099559999999
12133.333333333334,0.18609260453763993,4.064890893226833
12150.0,0.2564333234216125,4.181061757138106
12166.666666666668,1.6976225425125222,3.6547570687211235
12183.333333333334,10.690186531057627,0.7576484765259105
12200.0,8.885570344144144,1.9249535342342403
12216.666666666668,9.36712013682603,1.7739523849796963
12233.333333333334,9.478198535107323,1.6515448189967648
12250.0,9.491687456800001,1.594492249333338
12266.666666666668,9.467325984293018,1.4840826424709423
12283.333333333334,9.317978292072219,1.6350516227722105
12300.0,9.146259922500409,1.733963265648476
12316.666666666668,9.186335678028648,1.751739761180806
12333.333333333334,9.041687701311123,1.7446001346110804
12350.0,8.997743753823073,1.7648672331667443
12366.666666666668,9.05465217405001,1.9230407514888852
12383.333333333334,9.157312227827848,1.8928316344010645
12400.0,9.079449993003497,1.8886566923038077
12416.666666666668,9.01003400103937,1.7615085980268175
12433.333333333334,9.171000285629416,1.8190577676217514
12450.0,9.030533797810095,1.8654585356736888
12466.666666666668,9.027698198727778,2.0601065078666667
12483.333333333334,9.017239444466668,2.103634086621073
12500.0,4.961834416525314,1.2937600048691338
12516.666666666668,2.1998289465567558,2.573196113084297
12533.333333333334,2.1117608060869015,2.1130797434930164
12550.0,2.1097155906546687,2.2072215434782776
12566.666666666668,2.1978885014432143,2.1708308005182326
12583.333333333334,2.232898186677752,2.1961299982044897
12600.0,2.1015596848864377,2.227124711589847
12616.666666666668,2.003648502648691,2.210351386406803
12633.333333333334,2.0757112393611044,2.1645990348333233
12650.0,1.999763417916665,2.278585334416668
12666.666666666668,1.8455335055833424,2.479639212055565
12683.333333333334,1.8883281279695274,2.557860704541163
12700.0,1.8929670480852536,2.596158806893107
12716.666666666668,1.8332867212379012,2.554362002074297
12733.333333333334,1.8899907018731013,2.5769913021945126
12750.0,1.830590242680653,2.850905134885657
12766.666666666668,22.91156262234008,4.486830715492676
12783.333333333334,23.87951585824972,2.9190790774883317
12800.0,24.820149293313218,2.949797458495961
12816.666666666668,25.0560939318,3.0709147931222267
12833.333333333334,24.961386535868552,3.2387461307060885
12850.000000000002,24.848490353283477,3.3444009901910934
12866.666666666668,24.692074230348517,3.3707739378522614
12883.333333333334,24.592778280163497,3.389051934929371
12900.000000000002,24.463908878447118,3.4844593481928086
12916.666666666668,24.42738371708375,3.4611742656434177
12933.333333333334,24.390796248320544,3.704134882209985
12950.000000000002,24.453643772414402,3.5186602611027533
12966.666666666668,24.47453597449114,3.455045969741975
12983.333333333334,23.547921470942338,3.7411561205619455
13000.000000000002,11.456642089527895,-14.233848614975017
13016.666666666668,3.1519013510510185,-21.65020945308648
13033.333333333334,4.221135193506481,-20.9193705282107
13050.000000000002,3.681150908112197,-22.008276163695538
13066.666666666668,4.401324815042734,-22.246942481709457
13083.333333333334,4.224834098299185,-22.395040990639718
13100.000000000002,4.067219883333325,-22.316115754166695
13116.666666666668,3.817916557155581,-22.318641603911118
13133.333333333334,4.328911821989022,-22.541495881725805
13150.000000000002,4.580817415343902,-22.567040233084327
13166.666666666668,4.591907806088881,-22.505486447677782
13183.333333333334,4.345803708340246,-22.417186984857583
13200.000000000002,3.807703926141797,-22.552647163029377
13216.666666666668,3.571976312155667,-22.436102148743114
13233.333333333334,3.5415172265333124,-22.66003050491111
13250.000000000002,3.472492942617492,-22.68411501253944
13266.666666666668,3.3153303350350227,-22.57742084493937
13283.333333333334,3.3888832493900876,-22.434438079485492
13300.000000000002,4.884031147057079,-11.096963401096943
13316.666666666668,4.729287100981868,1.5505594069173758
13333.333333333334,5.3864444395555475,-2.2262004930667305
13350.000000000002,5.530256156015955,0.21809386996181399
13366.666666666668,5.844645198247955,0.5229140394212208
13383.333333333334,5.77447853730357,0.8535117698539647
13400.000000000002,5.550953638467761,1.09032014893238
13416.666666666668,5.321501253722214,1.4130905380556726
13433.333333333334,5.431092050052809,1.6775050015007487
13450.000000000002,5.493477808716638,1.6402381067499785
13466.666666666668,5.175639421249507,1.2269499967761626
13483.333333333334,5.127481551452046,1.1334815108445748
13500.000000000002,5.303115427169752,1.065213975678828
13516.666666666668,5.572410144827223,1.3515596400898542
13533.333333333334,5.398825670322225,1.6876205910444924
13550.000000000002,5.365033975129178,2.117721214626116
13566.666666666668,5.448381395407833,2.310915720928453
13583.333333333334,5.170900292720309,2.14699412222222
13600.000000000002,5.008062732432398,2.2285069149649246
13616.666666666668,5.100433296407508,2.0860567288176863
13633.333333333334,5.063914922177772,2.0650635280444707
13650.000000000002,5.078900363933308,2.0394970321999994
13666.666666666668,5.130387168437988,2.273330080998394
13683.333333333334,5.385373091540958,2.4270355297474917
13700.000000000002,5.884309899099112,2.199681098198189
13716.666666666668,6.270520248922233,2.14192306812222
13733.333333333334,6.213527286986975,2.3683349324324636
13750.000000000002,5.848583799766289,2.4786635720220636
13766.666666666668,5.511933771180386,2.4803000889112363
13783.333333333334,5.606582958845477,2.5805571037630797
13800.000000000002,6.153397481342714,2.348132663518197
13816.666666666668,5.924741973692932,1.9606161314906982
13833.333333333334,5.281821569301316,1.8783166831860478
13850.000000000002,5.769727695123545,2.035944681830333
13866.666666666668,5.694153753698146,2.063994597931332
13883.333333333334,5.76126898660327,2.267270393137575
13900.000000000002,5.734914675249538,2.1638730164670257
13916.666666666668,5.731151586760078,2.145859155644526
13933.333333333334,5.662230453899156,2.3048845640876237
13950.000000000002,5.497983706416608,2.274382075499988
13966.666666666668,5.645178545523318,2.0176037861528124
13983.333333333334,5.599013017523719,1.7057963940921965
14000.000000000002,5.096380057599977,1.5253256517332927
14016.666666666668,4.935130587624229,1.6264726105342366
14033.333333333334,5.991806614029985,4.87524354436016
14050.000000000002,11.258906885671557,32.886746876455014
14066.666666666668,-64.0,-36.0
14083.333333333334,-64.0,-36.0
14100.000000000002,-64.0,-36.0
14116.666666666668,-35.45137438206466,1.9910044977638375
14133.333333333334,2.098796312995975,36.0
14150.000000000002,5.084859362200989,22.935978802666902
14166.666666666668,6.949636042929894,11.190897747019477
14183.333333333334,7.561023758372227,2.749494245188744
14200.000000000002,7.764789546376818,0.42703046521733146
14216.666666666668,7.575844249160263,0.48879745945945924
14233.333333333334,7.6917622598661675,0.8878708211980487
14250.000000000002,7.7138279426973195,1.2865493628609375
14266.666666666668,7.829258401066686,1.0070886778666688
14283.333333333334,8.057431082530965,0.886697887273048
14300.000000000002,7.803855291185238,1.0174725276062802
14316.666666666668,7.3776547654561195,1.0607831839080584
14333.333333333334,7.022754668133336,1.1095362850222263
14350.000000000002,6.858117306440283,1.026823995822987
14366.666666666668,6.67618904300144,1.0118309216339507
14383.333333333334,6.692254541265068,1.0250581466788995
14400.000000000002,6.64240174871791,0.8610840794871311
14416.666666666668,6.602618782503195,0.7898598409961634
14433.333333333334,6.378719806400027,0.8064456952000312
14450.000000000002,6.666817397746616,1.0155026156067257
14466.666666666668,6.595895250430781,1.2301353585236268
14483.333333333334,6.677391189588196,1.2681511194249997
14500.000000000002,6.794438708817612,0.5406658065130538
14516.666666666668,6.8435607681514785,0.5319368721888567
14533.333333333334,6.200498063111044,1.0529419244444045
14550.000000000002,6.351394469881744,0.8367002750124652
14566.666666666668,6.6415251726752045,0.8626787266966733
14583.333333333334,6.539388651805582,0.9324592117056002
14600.000000000002,6.593188657521237,1.088481984407799
14616.666666666668,6.764422286441415,1.307374013547369
14633.333333333334,6.724688918394821,1.4452100723329997
14650.000000000002,6.6868605738666975,1.1870500012333614
14666.666666666668,6.5449776129,1.3367935000499784
14683.333333333334,6.571934161076782,1.2445003408872373
14700.000000000002,6.840667802833368,1.1966130359832812
14716.666666666668,6.505207424426673,1.0769178518074376
14733.333333333334,6.4142108121338355,1.2305354242009827
14750.000000000002,6.184586469221621,1.187183284886456
14766.666666666668,6.307251953964287,1.1579473149057031
14783.333333333334,6.356922348928646,1.2857585327479646
14800.000000000002,6.511849404869082,1.0807933656494204
14816.666666666668,6.763896673271178,0.7809420968919986
14833.333333333334,6.762462695756057,0.7511936286271185
14850.000000000002,6.854578942045616,0.7119722298017918
14866.666666666668,6.750457807537099,0.614611975287629
14883.333333333334,6.833302641961698,1.0887210157036298
14900.000000000002,6.109426792853542,1.360520008545777
14916.666666666668,6.340759845665563,1.4271200033703273
14933.333333333334,6.942425833094445,1.2083232149722238
14950.000000000002,6.897306050333643,1.4151693312812588
14966.666666666668,6.7427881516889245,1.3799508758667092
14983.333333333334,6.898020488438664,1.5093550860763778
15000.000000000002,6.456545270213066,1.6683011845987927
15016.666666666668,6.8055295225449655,1.2870977964947221
15033.333333333334,6.444506642268837,1.2687170613109127
15050.000000000002,6.40873360567764,1.45291337399273
15066.666666666668,6.257343609556324,1.7823778728857926
15083.333333333334,6.392025229425823,1.655409828247458
15100.000000000002,6.510517747466707,1.3386584781833546
15116.666666666668,6.527697283544229,1.1212183612110043
15133.333333333334,6.617310660371309,1.0950131265447391
15150.000000000002,6.603849982660717,1.0968881810165383
15166.666666666668,6.825501210317843,1.2374198207300158
15183.333333333334,6.560147290799096,-0.09182109048262696
15200.000000000002,7.228616283666981,0.04458319336009596
15216.666666666668,7.130896876979651,0.03524558767600604
15233.333333333334,7.213294137681152,0.016982069520797876
15250.000000000002,6.987482288327447,0.3448673050525384
15266.666666666668,6.858891495784657,0.33654773093087725
15283.333333333334,6.998331029703749,0.18179886475460263
15300.000000000002,6.867548070964514,0.286453147076393
15316.666666666668,6.8136846710988666,0.21213448164826987
15333.333333333334,6.762359467089097,0.3297420411038648
15350.000000000002,6.710015469783407,0.21043018654998766
15366.666666666668,6.8143488918628785,0.10969027163072101
15383.333333333334,6.946326351104439,0.3776387535358617
15400.000000000002,7.221210711360263,0.3443497973093441
15416.666666666668,7.625164882546827,0.21388692261129555
15433.333333333334,7.8120095890109935,0.15585098449328055
15450.000000000002,7.93134961133333,0.07840141026668238
15466.666666666668,7.907444808755572,0.258564336188898
15483.333333333334,7.861190321614176,0.34909761641706377
15500.000000000002,7.63552139960019,0.447047104297866
15516.666666666668,7.550103970767264,0.5908534361820764
15533.333333333334,7.532109387687678,0.41821344474475075
15550.000000000002,3.2176065700370184,4.036301884851663
15566.666666666668,4.360440526590067,3.240876249916742
15583.333333333334,4.180228081835361,3.683080457417587
15600.000000000002,4.053054153786005,3.897220176768323
15616.666666666668,4.28155705833329,4.114261178888864
15633.333333333334,4.133390462959262,4.640260044033138
15650.000000000002,3.9407072449223812,4.536529379522966
15666.666666666668,4.148054106950051,4.1649722679332974
15683.333333333334,4.505171097099982,4.1184017949000165
15700.000000000002,4.592656274216637,4.241209723650024
15716.666666666668,4.6221514628555544,4.460027753255577
15733.333333333334,4.639297069251298,4.456924113095438
15750.000000000002,4.601260662658608,4.370634757648655
15766.666666666668,4.701310757927775,4.521354277438887
15783.333333333334,4.632661743316425,4.499479437958267
15800.000000000002,4.7808680673333415,4.763804484366687
15816.666666666668,4.809934121955559,4.873384439111111
15833.333333333334,4.729826310367409,4.914177290664901
15850.000000000002,4.665467029166618,4.925921346083303
15866.666666666668,4.438801967709012,5.0380078537314485
15883.333333333334,4.252997007121943,5.287132413122269
15900.000000000002,4.133185065805332,5.257064542764865
15916.666666666668,4.053808333689435,5.222373397613074
15933.333333333334,4.063285141145663,5.373325289490691
15950.000000000002,4.3555766107936575,5.496545470476225
15966.666666666668,4.376253089394712,5.497383509904942
15983.333333333334,4.364730119777785,5.536522379688899
16000.000000000002,4.466596709817692,5.666044770078575
16016.666666666668,4.452575938947019,5.647791003537624
16033.333333333334,4.522434990534984,5.730673142386831
16050.000000000002,4.531766215297265,5.699192527621838
16066.666666666668,4.318079165791059,5.618939737301173
16083.333333333334,4.177672870498104,5.3989110775612135
16100.000000000002,3.8304399016333224,5.602948175966692
16116.666666666668,3.405413383377629,1.2630618034664098
16133.333333333334,3.219989763346089,2.2861331366539357
16150.000000000002,2.9111072907787303,2.002075350058308
16166.666666666668,2.7886377485257197,2.012221585857059
16183.333333333334,3.275336280495813,2.060126496398188
16200.000000000002,3.6265177650691096,1.8930751704276731
16216.666666666668,3.688122284056296,2.1438580086197643
16233.333333333334,3.647280904994456,2.369604937299999
16250.000000000002,3.4133578251458943,2.549043326113086
16266.666666666668,3.347086256712279,2.5584472144144135
16283.333333333334,3.1876342941806906,2.711253935865409
16300.000000000002,3.3013484694875626,2.423903073476856
16316.666666666668,3.1811153362792353,2.335807227899777
16333.333333333334,3.297146237490967,2.548449012489588
16350.000000000002,3.22511182859998,2.614141239733349
16366.666666666668,3.2598300931534165,2.8120990480537555
16383.333333333334,3.2960493271894924,3.0050316614052237
16400.0,3.2687576114557304,3.0499673011172224
16416.666666666668,3.252217157752258,2.920066333627338
16433.333333333336,2.9653786871713086,3.1836532522150107
16450.0,2.8671663632683746,3.2830818225887057
16466.666666666668,2.8365511474707445,3.156531066028105
16483.333333333336,2.741624434639528,3.357591730203946
16500.0,5.571505360281239,2.386375997761397
16516.666666666668,6.937750005010259,0.9068570655489756
16533.333333333336,6.898538188888937,0.970102616666697
16550.0,6.795491917154634,0.9237775624879634
16566.666666666668,6.602380638863915,0.9651031939474681
16583.333333333336,6.490268836385796,1.0316393552891505
16600.0,6.23411024117452,1.108176326643326
16616.666666666668,5.916515328697585,0.7968047072703306
16633.333333333336,5.27006195622877,0.7808208470539278
16650.0,5.149154255605603,0.9869458929262565
16666.666666666668,4.914812632567433,1.0158031441114446
16683.333333333336,5.155956714368359,1.2085444499361644
16700.0,5.426356483666668,1.3817864338333552
16716.666666666668,5.238035231145587,1.6809464861569234
16733.333333333336,4.987572091046669,1.8815188329885335
16750.0,5.011920899132076,1.7347857888139622
16766.666666666668,4.931958534194857,1.7217736888166497
16783.333333333336,4.9818675431005195,1.7400774821367135
16800.0,4.852132580930935,1.7752905221054374
16816.666666666668,4.747102915493285,1.6239468116561002
16833.333333333336,5.57984642265721,1.899768383694726
16850.0,11.823621810777444,2.9779535730397177
16866.666666666668,10.558093858363732,3.36020351325594
16883.333333333336,10.708317631090024,3.561596244050224
16900.0,11.127622860354,3.742404066098879
16916.666666666668,11.387748157856702,3.559170761853162
16933.333333333336,11.444416505880769,3.532117485364974
16950.0,11.508258551333366,3.6309764260000885
16966.666666666668,11.58882876617248,3.6613913576433963
16983.333333333336,11.648638949784667,3.560791874166175
17000.0,11.517063788589033,3.6050692109945066
17016.666666666668,11.100038409692978,3.5709993529029185
17033.333333333336,11.282712142559205,3.7136544046046063
17050.0,11.465853500983807,3.4777300180923953
17066.666666666668,19.07480843288867,5.511603619197037
17083.333333333336,37.41256911592942,9.200806808098001
17100.0,35.734050214751925,9.045119414185804
17116.666666666668,37.336508282498485,9.293842600399412
17133.333333333336,37.608435164666695,9.324247828133354
17150.0,37.7844439445311,9.455455473129064
17166.666666666668,38.076679337284936,9.490474819685874
17183.333333333336,38.22275304900463,9.473827364964857
17200.0,38.47007825269304,9.435105019209626
17216.666666666668,38.55088701848889,9.583207407444444
17233.333333333336,38.74217894457036,9.72361730088133
17250.0,39.08786555459399,9.677292942671341
17266.666666666668,39.32038668562397,9.737628401360427
17283.333333333336,39.580234563083174,9.673963879003736
17300.0,39.76240313099998,9.965322519499978
17316.666666666668,39.98381162964997,10.23837599276641
17333.333333333336,40.25346480573371,10.260165854709413
17350.0,40.55531122454267,10.022383674161599
17366.666666666668,35.850533776768344,10.931755995959596
17383.333333333336,7.517626554918244,6.247827127512368
17400.0,-4.586133554622675,3.3784352319341013
17416.666666666668,-3.116169552601317,3.1504464087964905
17433.333333333336,-4.81250393188406,2.9093499038647295
17450.0,-4.608201886111124,3.0557497697916802
17466.666666666668,-4.152038559552657,3.1421158899629056
17483.333333333336,-3.9014408730977745,3.3289010893335256
17500.0,-4.481420088221571,3.4322898933934436
17516.666666666668,-4.326561362442332,3.6798634807403676
17533.333333333336,-4.409856909749358,3.7116273319492787
17550.0,-4.546287610233334,3.2482878768166796
17566.666666666668,-4.6785593893886,3.360040847326407
17583.333333333336,-4.5572580646721,3.4701480465832915
17600.0,-4.171548629686695,3.292791965605838
17616.666666666668,-4.095567286227554,5.337862127300904
17633.333333333336,-3.154776229549818,36.0
17650.0,-64.0,-36.0
17666.666666666668,-64.0,-36.0
17683.333333333336,-64.0,-36.0
17700.0,-64.0,-36.0
17716.666666666668,-64.0,-36.0
17733.333333333336,4.619741480908606,36.0
17750.0,-4.539186513943321,30.380895460069
17766.666666666668,-1.254321285583587,18.983233823446906
17783.333333333336,0.8008527383391021,10.831441146938081
17800.0,2.0152822065264497,4.7787462869971
17816.666666666668,2.382294614933358,2.5447437221332616
17833.333333333336,2.7803056052059203,1.7601033822843768
17850.0,2.9240432874437157,2.3535974655994085
17866.666666666668,2.999784572308226,2.75775819100793
17883.333333333336,2.9499425880346593,2.656590771404057
17900.0,3.02390636291291,2.4045561463964082
17916.666666666668,2.776537652676566,2.3647704084095538
17933.333333333336,2.8056484026902426,2.413205461436271
17950.0,2.955392842912061,2.3434081317452553
17966.666666666668,3.2474156278471544,2.378157226415941
17983.333333333336,3.348938624248562,2.5885911099643737
