0.0,-0.3766497666666661,3.133906033333339
16.666666666666668,-1.4814773983222183,3.232212545249999
33.333333333333336,-1.540725058855554,3.152854514244445
50.0,-1.4513739922372089,3.3018550190071587
66.66666666666667,-1.6296373716944463,3.1304784136388837
83.33333333333334,-1.804690835610837,2.9385831039690427
100.0,-1.5771398350815828,3.0299037481851454
116.66666666666667,-1.4819914629888844,2.7396811898555526
133.33333333333334,-1.3417138294666617,2.36927872635556
150.0,-4.411420434865901,4.306580873563223
166.66666666666669,-6.965013796573933,9.403921229474154
183.33333333333334,-7.420992244361072,9.467134619670944
200.0,-7.6257130855,9.262314138666662
216.66666666666669,-7.6274118887611735,9.052362959386972
233.33333333333334,-7.767297570688887,8.371021612444444
250.00000000000003,-8.011131282392133,7.740515219323667
266.6666666666667,-8.238930406011107,7.298805079366671
283.33333333333337,-8.442747080798487,7.228641056793824
300.0,-8.599448897801102,7.05543507516242
316.6666666666667,-8.702625579722229,6.7566682814555525
333.33333333333337,-8.7973255356,6.202440073844441
350.0,-9.13471096124729,5.807321656561612
366.6666666666667,-9.33425753814129,5.663008163503971
383.33333333333337,-9.089850040222219,5.755485165444444
400.0,-8.827768324658676,5.71488931373626
416.6666666666667,-8.937031775668418,5.3478122183595325
433.33333333333337,-9.549638217000801,5.057070548221171
450.00000000000006,-6.968417013043474,5.639887532700335
466.6666666666667,-2.727898366345085,7.109400099223771
483.33333333333337,-1.8001101946041795,7.032119243797169
500.00000000000006,-2.322114284625655,6.7805875614974145
516.6666666666667,-2.6379120587000062,6.270997929622221
533.3333333333334,-2.9575313745666647,6.0012105403999945
550.0,-3.1552851003334963,5.820126609588124
566.6666666666667,-3.4240431583096247,5.695062654120333
583.3333333333334,-3.690338497834414,5.630237605608306
600.0,-3.8524829030499985,5.71790181885
616.6666666666667,-3.7551994433777773,5.551363785677781
633.3333333333334,-3.9396901986340196,5.655177576617249
650.0,-3.8794727589205413,5.54792244177911
666.6666666666667,-3.9223633299755787,5.473317501465203
683.3333333333334,-3.905475320412014,6.001328814714865
700.0,8.61344490708137,24.00234207394701
716.6666666666667,-64.0,-36.0
733.3333333333334,-64.0,-36.0
750.0,-64.0,-36.0
766.6666666666667,-64.0,-36.0
783.3333333333334,-64.0,-36.0
800.0,-64.0,-36.0
816.6666666666667,-50.27988789668163,0.0
833.3333333333334,24.26857723961078,36.0
850.0000000000001,23.166589756961876,28.030404009554708
866.6666666666667,18.822832697599814,13.09433769031108
883.3333333333334,0.7006340427983468,4.049758352941811
900.0000000000001,-1.3235009670164992,-0.2235006439280434
916.6666666666667,-2.7436410070762607,1.091053377716731
933.3333333333334,-3.4895130511111176,3.102720313777784
950.0000000000001,-3.5747401982333304,4.889431001583351
966.6666666666667,-3.805977562306759,5.969901583461233
983.3333333333334,-4.245890447866663,5.909721905055555
1000.0000000000001,-4.6693829175999975,5.906842740333334
1016.6666666666667,-4.783916146467686,5.995862618675999
1033.3333333333335,-4.70069274843062,6.190307248073817
1050.0,-4.785768973423428,6.202718300900897
1066.6666666666667,-5.2143186853389,6.398113769111115
1083.3333333333335,-3.302127988400721,5.6222764744937805
1100.0,-2.13238246414919,5.50852284149184
1116.6666666666667,-2.0776492866199487,5.631348516193974
1133.3333333333335,-2.029803026875595,5.721226968138646
1150.0,-2.043428528900002,5.742658717399988
1166.6666666666667,-2.2160920090600835,5.975432956405968
1183.3333333333335,-2.6412467859812074,6.0162475473410755
1200.0,-3.0400318895833465,6.178699782583337
1216.6666666666667,-3.268796762547941,6.400936792496251
1233.3333333333335,-3.647756405386026,6.542313544416658
1250.0,-3.681029314592705,6.574738443178414
1266.6666666666667,-3.6364374890555546,6.269018491944446
1283.3333333333335,-3.6237237545606105,6.00106462454561
1300.0,-3.5488140495658045,5.793957282965935
1316.6666666666667,-3.6274762632500015,5.601381851233337
1333.3333333333335,-3.5118569205038384,5.653959340312537
1350.0,-3.5774934037333344,5.629127576000004
1366.6666666666667,-3.6525470259388815,5.47947708101667
1383.3333333333335,-3.633933175763126,5.374398409251859
1400.0,-3.461387493399995,5.297524947399997
1416.6666666666667,-3.32411230512821,5.36736542337662
1433.3333333333335,-3.3922502455055543,5.4371385577055635
1450.0,-3.614793135066663,5.455615219999994
1466.6666666666667,-3.699630314583337,5.015529797638889
1483.3333333333335,-3.767398446063649,5.111964869123391
1500.0,-3.5500818177244766,4.904372504364482
1516.6666666666667,-3.6533053883333335,4.7425575808111144
1533.3333333333335,-3.7738393116224724,4.5768382419153895
1550.0,-3.8235459114833277,4.519592006449999
1566.6666666666667,-3.9875467365833352,4.475896617777782
1583.3333333333335,-4.04514960869493,4.6605591175838255
1600.0,-4.38493864416667,4.62408235875
1616.6666666666667,-4.585420620383334,4.619978065099995
1633.3333333333335,-4.691544867776662,4.660865839704741
1650.0000000000002,-4.880535039916687,4.563912880416667
1666.6666666666667,-4.7694553883253255,4.52647902536052
1683.3333333333335,-4.738700223200002,4.6290340593777834
1700.0000000000002,-5.014311900333338,4.542021434566671
1716.6666666666667,-4.887364143111105,4.30065175435555
1733.3333333333335,-4.942832889710227,4.291743946596096
1750.0000000000002,-5.013652673463281,4.328546263085122
1766.6666666666667,-4.640550251143305,4.576723238206241
1783.3333333333335,-4.620391752384919,4.675133662907438
1800.0000000000002,-4.4905659301374365,4.7214870943202545
1816.6666666666667,-4.754730002399998,4.698757866666672
1833.3333333333335,-4.957490355799632,4.608958889476896
1850.0000000000002,-5.162731790383331,4.480084525099992
1866.6666666666667,-5.390524187810035,4.603481926281838
1883.3333333333335,-5.54374185457826,4.793506907968235
1900.0000000000002,-5.760111209266666,4.91033857603334
1916.6666666666667,-6.0531476954166665,4.865115585416667
1933.3333333333335,-2.982193680823675,5.280197522122178
1950.0000000000002,0.011528336600000216,6.11097852133334
1966.6666666666667,0.11002346125839897,6.173143190234006
1983.3333333333335,0.4420384280888879,6.17575092972222
2000.0000000000002,0.5585706145927051,6.365759059836749
2016.6666666666667,0.6717852457888978,6.505926579261109
2033.3333333333335,0.22266111710254413,6.521995509200958
2050.0,-1.0125087478260932,6.843336937681162
2066.666666666667,-0.41978651594371624,6.818320036430881
2083.3333333333335,-0.1886799624444478,6.576271782266665
2100.0,-0.12718647233333413,6.60127328183333
2116.666666666667,-0.4100379616070681,6.59948322822912
2133.3333333333335,-0.6563542474444465,6.660403006194427
2150.0,-0.7314712004166563,6.673712463199999
2166.666666666667,-0.8604286851574311,6.6307475656227455
2183.3333333333335,-0.8100660174444486,6.943604463688884
2200.0,-0.7511998526333344,6.982982938900008
2216.666666666667,-0.583194014918565,7.1123145854093694
2233.3333333333335,-0.47672997421845104,7.088604666055862
2250.0,-0.4099627045666698,7.07541526086667
2266.666666666667,0.07179100015557568,7.030965827577769
2283.3333333333335,0.37634203778550673,6.913390532514789
2300.0,-0.5625816863901404,7.059985803898049
2316.666666666667,-0.009491269569567667,6.6899704998998795
2333.3333333333335,12.287670629245317,35.510186523955625
2350.0,-64.0,-36.0
2366.666666666667,-64.0,-36.0
2383.3333333333335,-64.0,-36.0
2400.0,-64.0,-36.0
2416.666666666667,-64.0,-36.0
2433.3333333333335,-64.0,-36.0
2450.0,-64.0,-7.498501498500172
2466.666666666667,13.586524026116678,36.0
2483.3333333333335,17.37274595006661,36.0
2500.0,7.644910453099824,23.936338747866575
2516.666666666667,17.468066884230595,10.989066387304542
2533.3333333333335,3.2252310766494396,4.485507543477291
2550.0,1.285048271533346,0.6191863845166917
2566.666666666667,0.43543163284345543,2.906266154453376
2583.3333333333335,-0.08382838787374744,5.031406721068399
2600.0,-0.7406788653013628,5.037571560839151
2616.666666666667,-1.2655647951357636,5.073080954017442
2633.3333333333335,-1.8048330241601402,5.191120562696427
2650.0,-1.9154527695152417,5.33336155322339
2666.666666666667,-2.01159280493086,5.197059555866508
2683.3333333333335,-1.948489737925483,4.746618173657613
2700.0,-2.187510099734259,4.8183588785251565
2716.666666666667,-2.266629433122224,4.903578570133335
2733.3333333333335,-1.9821906692307707,4.786284821678325
2750.0,-1.9697246798565977,4.556303091479078
2766.666666666667,-2.0035766749585355,4.6560635559425005
2783.3333333333335,-1.9681096372591504,4.869683409983901
2800.0,-1.909480793999991,5.281586146599997
2816.666666666667,-1.7957354911777912,5.667292645855554
2833.3333333333335,-1.7929810161474877,5.738107993697582
2850.0,-1.9633519932499977,5.752232505416665
2866.666666666667,-1.9155962237841369,5.836383908826674
2883.3333333333335,-2.076915057192814,5.663355702586289
2900.0,-2.1584707274099886,5.34386326489133
2916.666666666667,-2.4107554139471654,4.812561256371416
2933.3333333333335,-2.7890219065977435,4.742988003040402
2950.0,-2.8797887124602792,4.674340460545244
2966.666666666667,-2.9209694219554243,4.817371779222949
2983.3333333333335,-3.179333835175011,4.591054215143951
3000.0,-3.3136916347808607,4.3915677362685965
3016.666666666667,-3.3254105382382364,4.264489189406065
3033.3333333333335,-3.1225756808484713,4.169721121144979
3050.0,-3.276804999600007,3.9084006723333333
3066.666666666667,-2.790854204733335,3.6224504349833375
3083.3333333333335,-2.8706791948918937,3.6444849323439525
3100.0,-3.168827512939803,3.599052182491251
3116.666666666667,-2.683903583428436,3.7523291431918335
3133.3333333333335,-2.4811256618888815,4.382692215999998
3150.0,-2.5291880423089754,4.453766705839173
3166.666666666667,-2.539046211416669,4.527446833083339
3183.3333333333335,-2.5563282142960135,4.715026937548472
3200.0,-2.6674308446666704,4.719750775500003
3216.666666666667,-2.808029443888337,4.560880505394286
3233.3333333333335,-3.1254025703888826,4.1875013836111155
3250.0000000000005,-3.0472926752128213,4.182805795426481
3266.666666666667,-2.9561012024103848,4.7480504976731215
3283.3333333333335,-3.5272411587872727,4.7276994662335525
3300.0000000000005,-3.649755203133327,4.630772412533342
3316.666666666667,-3.504699011706451,4.766548569815839
3333.3333333333335,-3.46979012291597,5.012769288983248
3350.0000000000005,1.6198530079287345,5.384440228275666
3366.666666666667,4.348221664665679,4.968007149169026
3383.3333333333335,5.093087751923606,4.959989676922236
3400.0000000000005,5.475229975671175,4.699606521610805
3416.666666666667,5.271857844744602,4.557568128808856
3433.3333333333335,5.157074919208099,4.3405138541930794
3450.0000000000005,4.9449766226333445,3.9055483689166826
3466.666666666667,4.934519333766662,3.8647176993888745
3483.3333333333335,4.966302300721503,3.546693246536801
3500.0000000000005,5.065506758212437,3.6454333688510894
3516.666666666667,5.367762195014766,3.882704981505605
3533.3333333333335,2.53720384143177,4.129434699271846
3550.0000000000005,-1.0954912124896024,5.324027966149756
3566.666666666667,-0.7983507126715371,5.347092687820943
3583.3333333333335,-1.1845844548003812,5.260587225104115
3600.0000000000005,-0.8554677430284782,5.1419976443278355
3616.666666666667,-0.7850210440442322,4.983220857028519
3633.3333333333335,-0.7782699354465634,5.190055935557775
3650.0000000000005,-0.6735832025512656,4.862637939869964
3666.666666666667,-0.34139626833972503,4.704279902267798
3683.3333333333335,-0.10761493419531332,4.8025872746746785
3700.0000000000005,0.04652051735871064,4.75646769077874
3716.666666666667,-0.03364808256666773,4.661017257872233
3733.3333333333335,-0.6427850412000029,4.6112617326222205
3750.0000000000005,-0.8366674203897908,4.740001135715483
3766.666666666667,-1.0253918969666584,4.7290646898333275
3783.3333333333335,-0.7447901376888917,4.848235322755552
3800.0000000000005,-0.4370017199532868,5.0620037675508875
3816.666666666667,-0.20088935273881267,5.224117767056339
3833.3333333333335,-0.07640152725105064,5.542657716467069
3850.0000000000005,-0.18371416266666485,5.558363523633337
3866.666666666667,-0.20423362191834157,5.665551205530695
3883.3333333333335,0.21036382493198,5.382892426803251
3900.0000000000005,0.09436591283331205,5.175367538899956
3916.666666666667,-0.03521134818515935,4.753481992718378
3933.3333333333335,-0.1708705012506255,4.775216873364451
3950.0000000000005,-0.050597616033311255,4.455382920833333
3966.666666666667,0.01897384805916913,4.323904748726501
3983.3333333333335,-0.16747945434564948,4.252741038261735
4000.0000000000005,-0.47116182267597545,4.1739495035358285
4016.666666666667,-0.9955188876450678,4.018877044872006
4033.3333333333335,-1.118100733000002,3.9103862736444444
4050.0000000000005,-0.8886542097236009,3.929887510522824
4066.666666666667,-0.453975976776786,4.342082324624626
4083.3333333333335,-4.808591048868891,6.210396924995834
4100.0,-4.760935110205113,6.513143135834559
4116.666666666667,-4.833295404253432,6.922612661302669
4133.333333333334,-4.807927596888875,7.168136803611139
4150.0,-4.657907642788055,7.172985702184431
4166.666666666667,-4.531515228855558,7.348401988622228
4183.333333333334,-4.378097808488881,7.746651774111115
4200.0,-4.015229752490422,8.189068532800265
4216.666666666667,-3.7770523504580904,8.620257362618709
4233.333333333334,-3.8791458243888934,8.163790996055551
4250.0,-4.515968373616667,7.739154451233338
4266.666666666667,-4.588651054858965,7.533483657805184
4283.333333333334,-4.761474675167972,7.386354593764208
4300.0,-4.922185495566661,7.667676227066663
4316.666666666667,-5.24302972487089,7.816318145249597
4333.333333333334,-5.494426248253681,7.437733670986732
4350.0,-5.416067801632484,7.287981109095432
4366.666666666667,-0.1471589661221873,5.13682209585555
4383.333333333334,1.1586588384888914,4.1104585552000055
4400.0,1.539087894640264,4.0753157873016
4416.666666666667,1.5649222758444516,4.109392880200001
4433.333333333334,1.2763282754309935,4.253524049649659
4450.0,1.1863196451666695,4.438898387583345
4466.666666666667,1.3607993352601675,4.63266698261426
4483.333333333334,1.6340522504367208,5.125501422918738
4500.0,1.8987349545500003,5.303046154883334
4516.666666666667,1.6827246665220779,4.902415212328999
4533.333333333334,1.997901446916726,5.140238979888948
4550.0,1.8463164293000023,5.347698797700003
4566.666666666667,1.518027166194441,5.55066170778333
4583.333333333334,1.2756706935277629,5.514100543622277
4600.0,1.022066877121896,5.414947359029521
4616.666666666667,0.9399542016583705,5.188692854179103
4633.333333333334,1.223297612876904,5.120555628863358
4650.0,1.2242419461628202,4.840877098832179
4666.666666666667,0.38472578679780645,4.516065313474619
4683.333333333334,-3.8888490050762483,3.3640944552618226
4700.0,-4.504741158137578,2.9878544429951606
4716.666666666667,-5.318793561953204,2.716401906959024
4733.333333333334,-5.434063893004125,2.7772465757813456
4750.0,-5.148440912166674,2.792617174400007
4766.666666666667,-4.731791565038888,3.0412914624500034
4783.333333333334,-4.065110522776638,3.1663792258482792
4800.0,-3.470308231300004,3.0533385205333308
4816.666666666667,-3.8259814377577754,2.917860101456277
4833.333333333334,-4.189860372437583,2.951220150919815
4850.0,-5.117335035364635,2.3483351140526167
4866.666666666667,-5.753092091494101,1.6805336741482912
4883.333333333334,-5.20490178501473,1.7144462408593257
4900.0,-5.193047179750003,1.9585972339999889
4916.666666666667,-5.280761928542696,1.9441220037584048
4933.333333333334,-5.549367670349921,1.7466434790055192
4950.0,-4.898783020573117,1.7040562439613391
4966.666666666667,-1.5258475963888904,5.705286603055554
4983.333333333334,-2.222121577071884,6.319584775999128
5000.0,-2.6839077519333063,6.767575639866668
5016.666666666667,-3.411285452611917,6.876278449807661
5033.333333333334,-3.4019572188850193,6.890696757626741
5050.0,-2.648039680490247,6.532791430965485
5066.666666666667,-2.2311462018537043,6.6438032732267684
5083.333333333334,-1.6198572813666274,7.006912945155229
5100.0,-1.5120113624501998,6.964909435175967
5116.666666666667,-1.3523824337333281,7.213368439533337
5133.333333333334,-1.383682184821679,7.280247002598268
5150.0,-2.0468415020489625,6.695181567366344
5166.666666666667,-2.845910231643594,6.589937517703289
5183.333333333334,-3.3400837311999947,6.91678125777778
5200.0,-3.3411528966183606,7.046023790338166
5216.666666666667,-3.163572200411108,7.114081432299999
5233.333333333334,-2.831714896800726,7.02147643775663
5250.0,-2.476491604166668,6.789304498583327
5266.666666666667,-2.3818558761675,6.73822093751459
5283.333333333334,-2.8646829486153105,6.703626873462355
5300.0,-3.014320189999994,6.776401377466663
5316.666666666667,-2.8867185635387136,6.694729637108993
5333.333333333334,-2.6539762188888876,6.740650133333305
5350.0,-2.2984178744050534,6.753365770011653
5366.666666666667,-2.3127314706424547,6.809784781786882
5383.333333333334,-2.0316251635564067,6.855598883658816
5400.0,-1.5676843229333324,6.773025247200002
5416.666666666667,-1.1210091409927192,7.121492485737313
5433.333333333334,-1.3957633648566017,7.496440211668062
5450.0,-1.9995191529999827,7.78526606958333
5466.666666666667,-2.2731544496363214,7.623543957848859
5483.333333333334,-2.3589463933822876,7.577663234111889
5500.0,-3.04877318505925,7.604185599049529
5516.666666666667,1.8189387259758272,8.169831366899533
5533.333333333334,1.4046940612666647,8.039396013222222
5550.0,0.9660320980823771,7.759725965682839
5566.666666666667,0.4652184904007391,7.535301101178357
5583.333333333334,0.2789844271064706,7.423328199867392
5600.0,0.3538392875270952,7.192467222928139
5616.666666666667,0.5302853582444428,7.153540773349989
5633.333333333334,0.42976187501026375,6.988490291026172
5650.0,0.10095769750001074,6.729750671666682
5666.666666666667,-0.03352994318395725,6.696639579432502
5683.333333333334,-0.25640740158974545,6.794282590167304
5700.0,-0.46883365154088574,6.76740642358821
5716.666666666667,-3.521306316128824,6.695575984502733
5733.333333333334,-3.418359396190782,7.08546363534899
5750.0,-3.392744068416684,6.999391969716636
5766.666666666667,-3.2973258338275326,6.918808627330783
5783.333333333334,-3.129571675255552,6.8426174570666705
5800.0,-3.1757133184298008,6.7010475785761825
5816.666666666667,-3.6532299069111094,6.767354395444453
5833.333333333334,-4.083836527511127,6.8995020560666624
5850.0,-4.609592646249995,6.96351712600002
5866.666666666667,-4.947260141498857,6.827403156681644
5883.333333333334,-5.0263271207659646,6.640100383091543
5900.0,-5.102641406196891,6.639706696001991
5916.666666666667,-5.07146063515739,6.6263885458347245
5933.333333333334,-4.846934129788885,6.712993973433346
5950.0,-4.639870067416666,6.794298444083331
5966.666666666667,-3.6870980312187576,7.156521131640593
5983.333333333334,-3.031186030720903,7.428659070307297
6000.0,-3.4396219330158404,7.081828239548885
6016.666666666667,-4.485926090523847,7.012425009264818
6033.333333333334,-2.40722757878465,6.614451713030622
6050.0,5.284939597595164,6.089981941967273
6066.666666666667,7.6648994937586785,6.110147096051973
6083.333333333334,7.831288862208901,6.29239788119615
6100.0,8.203479967865475,6.142509390509487
6116.666666666667,8.516122157844459,6.350456187000007
6133.333333333334,8.808308376950015,6.456969854027776
6150.0,9.010129009349393,6.543864489379498
6166.666666666667,8.867185236537283,6.836330655033599
6183.333333333334,8.95690010528887,6.904931846666662
6200.0,8.789472538640124,6.892537472288557
6216.666666666667,8.895461340040042,6.806942626704483
6233.333333333334,7.343823129196606,6.806137926458205
6250.0,-2.1587952752999873,7.2091118349333065
6266.666666666667,-6.177643087284135,7.037741892353829
6283.333333333334,-6.305165777916739,7.040576234588868
6300.0,-6.84718315146666,6.887498123733331
6316.666666666667,-6.5637347589088755,6.527953858496143
6333.333333333334,-6.1926075612251585,6.897020445779804
6350.0,-5.683362682558725,7.150784806513396
6366.666666666667,-5.560224086565504,7.229605698971703
6383.333333333334,-5.528438916071631,7.0527730628962235
6400.0,-5.768598363218383,6.742296451724146
6416.666666666667,-6.332785648188915,6.593841637477766
6433.333333333334,-6.791443303979328,6.435474456265004
6450.000000000001,-6.912165539530221,6.29801611254375
6466.666666666667,-7.079746730663561,6.196276068023709
6483.333333333334,-7.061300864052878,6.282465974518989
6500.000000000001,-1.692540602033333,6.0711772247832485
6516.666666666667,-1.7640465341786118,5.7409444775108405
6533.333333333334,-1.380138851208911,5.674195349302412
6550.000000000001,-1.2192014416250918,5.871193642357655
6566.666666666667,-1.4443974482074298,6.024531561336223
6583.333333333334,-1.5567900579011853,6.163804622816944
6600.000000000001,-1.8147672680840612,6.167820656161417
6616.666666666667,-2.0213645074296127,5.8955890525626105
6633.333333333334,-2.1038647634033936,5.630714774951809
6650.000000000001,-1.992107265833343,5.488322780000006
6666.666666666667,-1.8853755841666693,5.449153719166666
6683.333333333334,-2.201939988579358,5.184221312747354
6700.000000000001,-3.2612418913376926,4.918450610228239
6716.666666666667,-3.5213737642506957,4.824082229737255
6733.333333333334,-3.95743772052224,4.958536094322225
6750.000000000001,-4.079339432450878,5.144394863986044
6766.666666666667,-4.126131318000012,5.24392877126667
6783.333333333334,-3.460958815735162,5.071460011161189
6800.000000000001,2.0800152111804397,5.787958179043236
6816.666666666667,1.8083030454676245,5.879028304065046
6833.333333333334,1.7745689849647,6.135100971018848
6850.000000000001,1.439708142811909,5.944904166649994
6866.666666666667,1.1966186583166705,6.1007528660500006
6883.333333333334,0.9236676640692442,6.049272369408364
6900.000000000001,0.5127500346999451,5.8431143484666155
6916.666666666667,0.141421370190305,5.668888736467569
6933.333333333334,-0.18568217800002387,5.61169660658333
6950.000000000001,-0.31740506118039247,5.517717974231083
6966.666666666667,-0.3299912177444464,5.707041108127779
6983.333333333334,0.3939400830149372,4.298837959424577
7000.000000000001,-58.166990426976454,-14.205794205807015
7016.666666666667,-64.0,-36.0
7033.333333333334,-64.0,-36.0
7050.000000000001,-64.0,-36.0
7066.666666666667,-64.0,-36.0
7083.333333333334,-64.0,-36.0
7100.000000000001,-64.0,-36.0
7116.666666666667,6.262058037745668,36.0
7133.333333333334,21.10370070785923,36.0
7150.000000000001,-12.869156969720645,11.173366802884889
7166.666666666667,22.842791092386843,20.03163255704593
7183.333333333334,23.24150797425741,10.408305291626144
7200.000000000001,19.759593648660086,4.837278962667402
7216.666666666667,9.147243527777707,2.0558416319444017
7233.333333333334,6.37753499836251,0.9713708189524153
7250.000000000001,4.886193757487867,3.749028105314208
7266.666666666667,4.4409428502497335,6.127978228127474
7283.333333333334,4.00678649951692,7.035328929790638
7300.000000000001,3.185803749418916,6.183093225132597
7316.666666666667,2.308545333227968,5.944878873624985
7333.333333333334,2.221104872880228,6.334254073529938
7350.000000000001,1.9621735456846057,6.547231059158714
7366.666666666667,2.1439476188888875,6.73291768011111
7383.333333333334,2.684413095528893,6.766216703592494
7400.000000000001,2.9521473102831273,6.950907198975131
7416.666666666667,2.8750733576222194,7.308761600044447
7433.333333333334,2.7903340898565268,7.4965852959848736
7450.000000000001,3.1196308661833085,7.471801862116655
7466.666666666667,3.2576109990819684,7.56910029687309
7483.333333333334,2.7508144211715484,7.4088247677672125
7500.000000000001,-2.225481971833418,7.23387683111665
7516.666666666667,-4.6297228668222274,6.025355730661109
7533.333333333334,-4.538469760103283,6.134974360852904
7550.000000000001,-4.461921504208428,5.970212379492339
7566.666666666667,-4.344269230511117,6.061244336466667
7583.333333333334,-4.5210191827894395,5.831579529098681
7600.000000000001,-4.228258645233326,6.1217695308499565
7616.666666666667,-4.365740448624312,5.997589161180587
7633.333333333334,-4.585778028097696,5.8401347822010665
7650.000000000001,-4.983516259439228,6.01039814348188
7666.666666666667,-5.483206070952568,5.714835595237287
7683.333333333334,-5.812334596826195,5.8158787608137406
7700.000000000001,-5.2343200175228555,5.9691173077472985
7716.666666666667,-5.155430379522207,5.825393490788895
7733.333333333334,-5.016693439817574,5.833013086364137
7750.000000000001,-4.908829063398375,5.778591596314805
7766.666666666667,-5.290775022760853,5.674304361902374
7783.333333333334,-8.172437616522341,3.395734590705517
7800.000000000001,-8.628654547533323,2.3652797561333334
7816.666666666667,-8.799003098445992,2.216389509945617
7833.333333333334,-9.163329575444463,2.0318366756278126
7850.000000000001,-9.497031095829174,2.1701447000667917
7866.666666666667,-9.661539077389074,2.1589613252595905
7883.333333333334,-9.767714740374277,2.1584750434560473
7900.000000000001,-10.124483086850015,1.996176094449994
7916.666666666667,-10.344077411022626,2.033828052922957
7933.333333333334,-10.666402423842847,1.8086004792651398
7950.000000000001,-11.020144742999996,1.6354719898333703
7966.666666666667,-11.089291462966688,1.228471627222212
7983.333333333334,-11.026818300455165,1.0657203359029834
8000.000000000001,-11.682362858354168,0.9848181693819699
8016.666666666667,-11.99621963067089,1.0561436272080593
8033.333333333334,-12.44264739347147,0.6757427372965008
8050.000000000001,-12.932428693439915,0.35525541212120737
8066.666666666667,-12.845421473663167,0.44709535460603084
8083.333333333334,-12.28672109789337,0.12916749201822345
8100.000000000001,-12.75223332390942,-0.32438275357978147
8116.666666666667,-13.231837472047312,-0.20433965501692908
8133.333333333334,-13.853320648888886,-0.508134535555555
8150.000000000001,-14.302303675754535,-0.6185453527430412
8166.666666666667,-14.906367459457528,-0.8976132508698842
8183.333333333334,-15.825405868857743,-1.3234416159604023
8200.0,-16.551189595685468,-1.2142317126770186
8216.666666666668,-16.950304224485595,-1.0726406843398981
8233.333333333334,-17.198467634825032,-1.165084182616185
8250.0,-17.158729291237723,-1.0965238154422499
8266.666666666668,-17.23892484030223,-0.9279710314509545
8283.333333333334,-6.134199914959536,3.1466275619465014
8300.0,-0.18587155222616192,6.246089954760675
8316.666666666668,0.13827698587838405,6.702351657229777
8333.333333333334,0.8704687837999984,6.978468567311076
8350.0,0.9509122387026853,7.199957457228633
8366.666666666668,0.8197032637888763,7.5686140612555555
8383.333333333334,0.42726042230555333,7.542281001888875
8400.0,0.39208569192772985,7.495730196088188
8416.666666666668,0.0331518994455092,7.3088098399256864
8433.333333333334,0.20628361417628516,7.140986386717733
8450.0,1.2526218935897504,7.396420324358963
8466.666666666668,1.0919230723194637,7.456821910594161
8483.333333333334,1.0299345159635465,7.466855512150522
8500.0,1.1851950076000333,7.4027679938500155
8516.666666666668,1.1288936932845004,7.189697671006808
8533.333333333334,1.0728261341901641,6.996500697672756
8550.0,1.0623871513639203,7.198450726047856
8566.666666666668,0.9436094849206502,7.47122879126987
8583.333333333334,1.2033794609222301,7.452299287400002
8600.0,0.9082006577411046,7.159070580547213
8616.666666666668,0.054425126005517944,7.060404664027828
8633.333333333334,0.08950585794324789,7.002575839130436
8650.0,0.24867612644022813,6.962138861771569
8666.666666666668,0.4266266963018433,7.014295275828775
8683.333333333334,0.35042091666666986,6.833757947222219
8700.0,0.20714012111221125,6.906729340093232
8716.666666666668,2.381810015745248,6.184775274455398
8733.333333333334,7.342187944333432,4.699048146977714
8750.0,8.111542934583953,4.147794735867935
8766.666666666668,8.24091165128896,3.644843448755524
8783.333333333334,8.256389420216108,3.4427902112496427
8800.0,8.161135068733303,3.180303762933343
8816.666666666668,8.363851100666372,3.1483073571602884
8833.333333333334,8.887286475121508,2.938100123016212
8850.0,9.078706368801079,2.7624159367683983
8866.666666666668,9.150679726116943,2.5629341801479772
8883.333333333334,9.400215777305778,2.5483051238880625
8900.0,9.611467852585871,2.4540898949616676
8916.666666666668,9.806806032380528,1.904574415398197
8933.333333333334,12.618673110566695,1.6239016831388704
8950.0,14.964737826362436,0.5794700689067013
8966.666666666668,15.319743528083347,0.3544305038333097
8983.333333333334,15.750249494874751,0.1432834912666878
9000.0,16.56669617515001,-0.13564826594999319
9016.666666666668,17.059549312775736,0.20866005719268682
9033.333333333334,16.88453287827243,0.28678140370185273
9050.0,17.52923734690002,0.2980491217166795
9066.666666666668,18.31392984944451,0.057906917833306024
9083.333333333334,18.806287951150022,-0.16797172866665241
9100.0,18.940330748125707,-0.1924926661169115
9116.666666666668,10.456669665820431,-2.1898696782220513
9133.333333333334,4.951562384773463,-2.920686455555609
9150.0,4.741699994118624,-3.1147326691060995
9166.666666666668,4.6333975872247,-3.0294993158872923
9183.333333333334,4.758328733655548,-3.158081975311108
9200.0,4.675659449991675,-3.1795438597701278
9216.666666666668,5.064256846888917,-3.096374639111127
9233.333333333334,5.403467005128213,-3.2126386905983084
9250.0,5.732751247718938,-3.0553045741258735
9266.666666666668,5.90400786771112,-3.1042626427222455
9283.333333333334,6.034504990813045,-3.283077881058809
9300.0,6.0254900554556325,-3.463439034049637
9316.666666666668,6.214730834096758,-3.577487914834867
9333.333333333334,6.246709769420781,-3.8122704141990957
9350.0,6.404286464768565,-3.622969093306691
9366.666666666668,6.46011259098676,-3.7752238081585032
9383.333333333334,6.596755517511129,-3.9193235120166214
9400.0,6.490591139278557,-4.098942623780892
9416.666666666668,6.518451412183895,-4.013519873125454
9433.333333333334,6.621677140599879,-4.3460435672645
9450.0,6.933534633200006,-4.459502342466656
9466.666666666668,6.98406231772446,-4.486515312582582
9483.333333333334,6.909511101310453,-4.377598847809425
9500.0,6.8281336951053655,-4.240256884453323
9516.666666666668,6.574232840636914,-4.313637212812037
9533.333333333334,6.11001632811112,-4.372675623977792
9550.0,6.417471028359217,-4.14994730963113
9566.666666666668,6.499798451892581,-4.301177087606742
9583.333333333334,6.655720850519686,-4.338403915724522
9600.0,6.739604658145733,-4.605604442521263
9616.666666666668,5.779345525557323,-0.8128582288527322
9633.333333333334,6.144642866821156,-0.30338471018425367
9650.0,6.263987187362069,0.05083266696760873
9666.666666666668,6.28024380056641,-0.04815836770502889
9683.333333333334,6.315641185833332,-0.0882246773500314
9700.0,6.359673952273918,-0.2522385881558962
9716.666666666668,6.591250458583384,-0.4186565123722183
9733.333333333334,7.604301642950794,-0.3572731714031795
9750.0,7.356590721777552,-0.516352901033864
9766.666666666668,7.1738063693486795,-0.43284550472537936
9783.333333333334,7.341812557004833,-0.8431896723027388
9800.0,7.510432364531207,-1.032380391558224
9816.666666666668,7.6207412071555485,-0.8600442739333373
9833.333333333334,7.104834683008829,-1.554100982099217
9850.0,7.313205175999989,-1.9333017861333273
9866.666666666668,7.391356271207868,-2.0840058114446047
9883.333333333334,7.535059970488888,-2.294015156711123
9900.0,7.379766868133326,-2.518487381633329
9916.666666666668,7.0035488979869145,-2.724283705972744
9933.333333333334,7.372010421078328,-2.9446915559053664
9950.0,7.274921871964014,-2.6629257771614
9966.666666666668,7.467275107716686,-2.6101961270721366
9983.333333333334,7.452005059999919,-2.629273995111165
10000.0,7.404987458441772,-2.843780060110105
10016.666666666668,7.458349246844457,-2.8568647651555437
10033.333333333334,7.3464273596014635,-2.8940793111722267
10050.0,7.34528235893336,-2.944717011866684
10066.666666666668,7.324337470888864,-3.1041342667111533
10083.333333333334,7.387797561236173,-3.3103871071647015
10100.0,7.508424677137608,-3.203366667919175
10116.666666666668,-27.486945304149387,-12.091436342116015
10133.333333333334,-64.0,-36.0
10150.0,-64.0,-36.0
10166.666666666668,-64.0,-36.0
10183.333333333334,-64.0,-36.0
10200.0,-57.554211902544345,-31.646176911541268
10216.666666666668,4.188702166405557,26.195567546908343
10233.333333333334,-29.094074524122323,-17.97406265470042
10250.0,4.596062090400045,-7.417064008800066
10266.666666666668,4.504673564722186,-10.262887859722428
10283.333333333334,4.418804000705568,-7.220772289366731
10300.0,3.968278651966658,-5.873537328833328
10316.666666666668,4.076731747927791,-5.601417473933306
10333.333333333334,4.31337681078349,-5.41966994203453
10350.0,4.395421227469589,-5.441728903131781
10366.666666666668,4.276666838014884,-5.459809292646414
10383.333333333334,4.273902873372217,-5.434960627766667
10400.0,3.882246756961819,-5.42482761599137
10416.666666666668,3.6377916431388777,-5.338781371888913
10433.333333333334,4.035440826075861,-5.298635695879856
10450.0,4.474197000233439,-5.31149929348007
10466.666666666668,4.686368573935082,-5.8622946124160675
10483.333333333334,2.378057625088791,-5.285514444688861
10500.0,-6.5389947645999955,-3.7442416389499624
10516.666666666668,-7.045624344056026,-3.066487374913982
10533.333333333334,-7.222001857360221,-2.8774907115275825
10550.0,-7.282780788444213,-2.806687426096385
10566.666666666668,-7.222918901896331,-3.0205575673173275
10583.333333333334,-6.9709316444332705,-3.340517322122072
10600.0,-6.771470781245869,-3.78022810291586
10616.666666666668,-6.557734201791757,-4.099343701059528
10633.333333333334,-6.7531042133700705,-4.345052142641732
10650.0,-6.776051290299977,-4.547366897599903
10666.666666666668,-7.271787273907511,-4.676947608190441
10683.333333333334,-7.517252522444676,-4.240525200867523
10700.0,-7.466709245495497,-3.9311836220387106
10716.666666666668,-7.266429782780849,-3.9187819371870054
10733.333333333334,-7.239213550251402,-4.151407395535648
10750.0,-7.177751616016015,-4.3008929081081035
10766.666666666668,-7.042837615288798,-4.472985867200091
10783.333333333334,-6.98460853749098,-4.573062073069876
10800.0,-7.003940485192597,-4.3600614520093375
10816.666666666668,-7.367447740123759,-4.502441060699609
10833.333333333334,-2.2628851281703124,-0.16487747859077007
10850.0,2.0321307013492764,1.428336270064937
10866.666666666668,2.152517988988862,1.6574789740222573
10883.333333333334,2.045805069173843,1.6202380705323771
10900.0,1.8768845751291428,1.9264209285024227
10916.666666666668,1.7031598913542656,1.892332094280618
10933.333333333334,1.5097389524475324,2.0594518364191337
10950.0,1.6403688821154347,1.9735687063730534
10966.666666666668,1.701101355655298,2.183991982432819
10983.333333333334,1.9670843859503322,2.2909113213461842
11000.0,2.3182745239094076,2.2289291502164175
11016.666666666668,2.303590598944987,2.082110821294896
11033.333333333334,2.364746048214977,2.0721446397103667
11050.0,1.1667049771218923,2.3265675541771054
11066.666666666668,1.113886027127165,2.3132175080413946
11083.333333333334,1.4174948638555545,2.5563492888777946
11100.0,1.5953263690690689,2.659835609776442
11116.666666666668,1.6351938258906367,2.536212842668645
11133.333333333334,1.4339277811589768,2.2500024638304468
11150.0,1.3211384465566156,2.0745010155577805
11166.666666666668,1.2764157704889267,2.110811628166735
11183.333333333334,1.4303311074073968,2.3208446624338825
11200.0,1.1824156692692298,2.3969745947947536
11216.666666666668,1.351589365843002,2.7326701651686225
11233.333333333334,1.5837557669222422,3.207983329733314
11250.0,2.0394095889999595,3.6396124743333016
11266.666666666668,2.7341639913988023,3.9896802265366857
11283.333333333334,3.024648239197384,3.797758120137839
11300.0,3.1891815256372205,3.7802333564217827
11316.666666666668,2.734730951088864,3.961667018977714
11333.333333333334,1.9598947235173036,4.15054530463565
11350.0,1.7033613153999898,4.203701483166664
11366.666666666668,1.9105186188308587,4.293352687866731
11383.333333333334,2.1440119916597524,4.186198046626718
11400.0,2.1195366876456716,4.122549995337981
11416.666666666668,1.795907917855509,3.5121274838333476
11433.333333333334,2.218869333355623,3.606757663118677
11450.0,2.470823401196421,3.1446976845463754
11466.666666666668,2.614489001522235,3.116414427822228
11483.333333333334,2.570497969977782,3.20192689540006
11500.0,2.6961464553336723,3.421923496971191
11516.666666666668,2.5359473257759855,3.684670590260416
11533.333333333334,2.4336678169111092,4.035620829422218
11550.0,2.550125255155772,4.4891537435448905
11566.666666666668,2.7693590178799448,4.76955924914209
11583.333333333334,2.659950390309695,4.825110465123764
11600.0,2.2789139790395163,4.586045923294974
11616.666666666668,2.2655717307512835,4.581433014481669
11633.333333333334,2.280620225131881,4.711653468227002
11650.0,2.3822521413873674,4.835470870135067
11666.666666666668,2.3782852686934013,4.93717962901883
11683.333333333334,5.805246216565414,3.9558550433801463
11700.0,9.274124336066672,4.383419138416671
11716.666666666668,8.8798855577544,4.289987747043197
11733.333333333334,9.241913646931504,4.559646728275749
11750.0,9.54562095141667,5.039957674333338
11766.666666666668,9.525442457593881,5.024958912174876
11783.333333333334,9.091603731493525,4.834232706731153
11800.0,8.887949322923669,5.017794630423129
11816.666666666668,8.724292062046782,4.831219990410353
11833.333333333334,8.675115867931927,4.616377435803073
11850.0,8.642578626783347,4.343496822900045
11866.666666666668,8.523944143805531,4.122507530522221
11883.333333333334,8.1254666287899,3.960415148626407
11900.0,7.8574608674666795,3.7254333957333357
11916.666666666668,7.865247919036491,3.5382125336052943
11933.333333333334,7.784674919743203,3.441112823050394
11950.0,7.576221945333336,3.227154158666668
11966.666666666668,7.541177417742205,3.075262794563901
11983.333333333334,7.743013557421289,3.275009956721636
12000.0,7.615909179148727,3.1779662069504275
12016.666666666668,7.3945287235555694,3.2733719102222607
12033.333333333334,7.90989942481021,4.194637814003903
12050.0,8.247786572854288,4.853714676679972
12066.666666666668,8.645671420271299,5.19958356991278
12083.333333333334,8.783632172859205,5.2541437549739625
12100.0,8.475411531584207,5.272396680759625
12116.666666666668,7.973187285487227,5.076943934228216
12133.333333333334,7.766313891955555,4.733602397022223
12150.0,7.557381638763962,4.251928791854056
12166.666666666668,7.456198078633752,4.213058931515764
12183.333333333334,7.619454666144445,4.344920853477782
12200.0,7.854955448569545,4.588334652029249
12216.666666666668,7.866428125783116,4.925573815267362
12233.333333333334,5.9875382634776475,5.01454262264443
12250.0,3.3341061489255526,5.295650561619159
12266.666666666668,2.7892956730754386,5.488016086226448
12283.333333333334,2.2322115865134866,5.872592001187716
12300.0,2.068352772763621,6.040247878827248
12316.666666666668,1.854068141923266,6.033304616923275
12333.333333333334,1.8844803155020897,5.667285418962417
12350.0,1.859266182151187,5.349909016783217
12366.666666666668,1.8214492905554884,5.307117063333348
12383.333333333334,2.119874028180345,5.571360284585486
12400.0,2.5110977371685497,5.748953315441053
12416.666666666668,2.5981270254889917,5.643898799377765
12433.333333333334,3.022992492634445,5.406886301178767
12450.0,2.734076105668824,4.9638360760318765
12466.666666666668,2.8244086255016083,4.617735181829796
12483.333333333334,2.6936413397000005,4.286021507966658
12500.0,2.7878194259666658,4.163369972233335
12516.666666666668,2.8113668075055402,4.409119526533327
12533.333333333334,2.8913046835835905,4.487076771905243
12550.0,2.534300172848786,4.647050216374266
12566.666666666668,2.583245359240714,4.777520049519247
12583.333333333334,2.4808369865713034,5.050241624539806
12600.0,2.4115866878666705,5.223483030366666
12616.666666666668,2.3358905774111,5.077557873588891
12633.333333333334,2.268084936634366,4.933079045925184
12650.0,2.3317846941029496,5.114523006646687
12666.666666666668,2.6515811381840604,5.210609902353197
12683.333333333334,3.0909989390417274,5.429695818375848
12700.0,3.152374928116671,5.704835466550018
12716.666666666668,3.2707445961478303,4.789868423201937
12733.333333333334,2.793320955422244,4.375930257266661
12750.0,16.286771261796964,14.14310227697004
12766.666666666668,-58.22366605427739,-8.232348522791504
12783.333333333334,-64.0,-36.0
12800.0,-64.0,-36.0
12816.666666666668,-64.0,-36.0
12833.333333333334,-64.0,-36.0
12850.000000000002,-64.0,-36.0
12866.666666666668,-64.0,-36.0
12883.333333333334,13.706547735433762,36.0
12900.000000000002,22.48757222941984,31.8060000000296
12916.666666666668,33.75578617630707,24.954271732183216
12933.333333333334,35.82127531413068,8.866262526286663
12950.000000000002,35.18745255552767,0.37598990029917856
12966.666666666668,18.52900838376907,-1.0918242160863825
12983.333333333334,15.84644981420969,2.7207933812308385
13000.000000000002,14.276770421599856,3.9993548310667646
13016.666666666668,13.08999522464878,4.200126501660317
13033.333333333334,12.42073038004771,4.579927223204559
13050.000000000002,11.742365985899943,4.510849988766632
13066.666666666668,11.010243374185123,4.06257224031872
13083.333333333334,11.004208815631324,3.3843232336561524
13100.000000000002,11.498110794733394,3.216965438766697
13116.666666666668,11.566046154124875,3.5123316983913004
13133.333333333334,11.504213486415408,3.764325150325152
13150.000000000002,11.012611418290845,4.0011966944028705
13166.666666666668,10.991558375174796,4.179087063403234
13183.333333333334,10.640402888154778,4.254898915637859
13200.000000000002,9.846834614204786,4.285136218130392
13216.666666666668,9.278686712472185,4.127545704194356
13233.333333333334,8.71963082910423,3.7481464162393108
13250.000000000002,8.236190744522265,4.088612149883957
13266.666666666668,15.812147746133588,2.456358247955666
13283.333333333334,17.098983129314625,2.613775339002849
13300.000000000002,16.898072755194313,2.479204321727504
13316.666666666668,16.89519339468066,2.3763076811627957
13333.333333333334,16.795883210777774,2.128438570144442
13350.000000000002,16.76559527260002,2.0341714640000013
13366.666666666668,16.574434358109837,1.8832246852518097
13383.333333333334,16.355350946677735,1.7257905781047311
13400.000000000002,16.038536578787866,1.5213080373293042
13416.666666666668,15.45846299959132,1.5020374794676186
13433.333333333334,14.817947633804382,1.3270735032141885
13450.000000000002,14.392098713918113,1.2456288360233703
13466.666666666668,14.020897615879353,1.300351175496603
13483.333333333334,13.33212485732776,0.9404080816833126
13500.000000000002,13.241365612454306,0.24498786007320664
13516.666666666668,12.654605193874634,0.35710729262969454
13533.333333333334,11.9745653937778,1.0024319891555906
13550.000000000002,11.89103587467261,0.8897562695342139
13566.666666666668,11.58601965462826,0.9750917756121861
13583.333333333334,11.57144168244445,0.7957625239555505
13600.000000000002,11.52329877288646,0.6396189994997074
13616.666666666668,11.483662907929363,0.5907102435504578
13633.333333333334,11.259481699377178,0.7959320671004275
13650.000000000002,10.896320425985298,1.0212476564462383
13666.666666666668,10.944786292985398,1.0289307066422075
13683.333333333334,11.025379731506469,1.016822295441171
13700.000000000002,11.02917624087788,1.1650176959939758
13716.666666666668,5.0900580879059545,3.765134845949272
13733.333333333334,5.159696460060048,5.227440143259937
13750.000000000002,5.049094897501202,5.782427700049963
13766.666666666668,4.783380872916713,5.976842576388847
13783.333333333334,5.17668423070426,6.083921508860002
13800.000000000002,5.188102305597225,6.387880233933022
13816.666666666668,5.292326395842371,6.496691655583328
13833.333333333334,5.226780601366675,6.535238782833395
13850.000000000002,5.177268500932453,6.509450810955647
13866.666666666668,5.124679712409827,6.568868728282846
13883.333333333334,5.589192021704786,6.726451817036665
13900.000000000002,5.984596609838215,6.933023832166051
13916.666666666668,5.079926221921956,6.700144380446986
13933.333333333334,5.012005163980469,6.202643480563882
13950.000000000002,4.791028312093886,6.193055033599984
13966.666666666668,4.896207817027779,6.325741100111109
13983.333333333334,4.871218454001546,6.256967770718168
14000.000000000002,4.901725789766637,6.370282982349933
14016.666666666668,5.354318221444456,6.440327840555571
14033.333333333334,5.695602628775074,6.606978848218135
14050.000000000002,5.716917713863947,6.566406093543582
14066.666666666668,5.7340409277030435,6.382489208553297
14083.333333333334,5.689565417474588,6.034247874973604
14100.000000000002,5.701965354961656,5.567204333116704
14116.666666666668,5.578718700749987,5.356527831888763
14133.333333333334,5.558302591366677,5.534465596855618
14150.000000000002,5.332083865618751,5.588658593113728
14166.666666666668,5.380190843722227,5.633771850699933
14183.333333333334,5.394260205116218,5.304188338849948
14200.000000000002,5.538862867866689,4.995665235799991
14216.666666666668,5.260105186330778,4.66466858584137
14233.333333333334,5.086892218111109,4.276284839666698
14250.000000000002,4.531042928183328,3.9660744631666316
14266.666666666668,4.084816851911083,3.8411160064222196
14283.333333333334,3.4147939729246524,4.048225593358873
14300.000000000002,3.225040476238112,3.641707270618631
14316.666666666668,3.26097468092371,3.6239889792447952
14333.333333333334,3.07926881618839,3.5582711788733574
14350.000000000002,3.147434066666724,3.832287935066586
14366.666666666668,3.896433209311159,3.784002105866634
14383.333333333334,4.924026478966684,3.857666462866672
14400.000000000002,4.6331820221444335,3.830487890542727
14416.666666666668,6.312205122316959,3.56152944294445
14433.333333333334,7.040345343966166,3.724897356473143
14450.000000000002,6.584559816841635,3.5665606698650936
14466.666666666668,7.151950665988539,3.6140304296926513
14483.333333333334,7.416051463991773,3.7596496113168736
14500.000000000002,7.700999805930382,3.8400608599533386
14516.666666666668,7.492625752530282,3.5070172959957926
14533.333333333334,6.703824527713901,3.90413228263091
14550.000000000002,7.459566721866685,4.463307472533416
14566.666666666668,7.049053227713929,4.143638661941262
14583.333333333334,7.3095333648407195,4.176701251282054
14600.000000000002,7.635134502998458,4.173029755322239
14616.666666666668,7.679395103020735,4.46741394628241
14633.333333333334,7.70266233499749,5.016132816957901
14650.000000000002,7.303031599900457,5.208649822487533
14666.666666666668,6.580179722811979,5.211955122533774
14683.333333333334,6.223382090166643,5.1642244801111445
14700.000000000002,6.191352982332197,5.323849645945991
14716.666666666668,5.994804189866741,5.461150393511097
14733.333333333334,6.036478381309329,5.4909135522794115
14750.000000000002,5.73999850993329,5.398037169566605
14766.666666666668,5.992482618385247,5.469672623243933
14783.333333333334,6.133621985088742,5.398078802192166
14800.000000000002,6.343057276264425,5.628131813620423
14816.666666666668,6.402210942191141,5.598038952097917
14833.333333333334,6.44717999370238,5.646257870068358
14850.000000000002,5.404640790044819,5.460764481707366
14866.666666666668,5.390971021588547,6.092443067861704
14883.333333333334,5.297199301826861,6.352931196951526
14900.000000000002,5.293369176666718,6.411958697400006
14916.666666666668,5.409446000250123,6.378993901928727
14933.333333333334,5.2893737206158535,6.183892034578402
14950.000000000002,5.1837414002998266,6.08956466056973
14966.666666666668,4.9572087100555455,5.990816182166629
14983.333333333334,4.636673249263533,5.8159119887777155
15000.000000000002,4.318171958258366,5.595653034082506
15016.666666666668,4.077305214824077,5.540365043599625
15033.333333333334,4.037937057346605,5.677524460011066
15050.000000000002,4.187548116041983,5.904374267866078
15066.666666666668,4.3566463481592965,5.875863604867718
15083.333333333334,4.381842999650013,5.867874647261104
15100.000000000002,4.520090162500021,5.6061023577666855
15116.666666666668,4.538685879470884,5.286514220846517
15133.333333333334,4.67598771138751,4.9003185730237675
15150.000000000002,5.021894051724142,4.640578457471237
15166.666666666668,4.5929990362584805,4.943710163863861
15183.333333333334,4.1572865400641525,5.2610441077595285
15200.000000000002,4.406634339733415,5.572696132933319
15216.666666666668,17.392615131490835,32.10567319145886
15233.333333333334,-64.0,-36.0
15250.000000000002,-64.0,-36.0
15266.666666666668,-64.0,-36.0
15283.333333333334,-64.0,-36.0
15300.000000000002,-64.0,-36.0
15316.666666666668,-64.0,-36.0
15333.333333333334,-64.0,-36.0
15350.000000000002,18.395268262916534,36.0
15366.666666666668,28.841645873586657,35.82608695651889
15383.333333333334,30.035706963091037,22.31244949301347
15400.000000000002,29.75197040126735,10.09932906863379
15416.666666666668,29.019830779705384,2.9832505988168023
15433.333333333334,14.471481422222157,-0.3343301000000395
15450.000000000002,11.753790309340609,-0.20604834636953662
15466.666666666668,10.554241245194063,3.3133413033650227
15483.333333333334,8.926634019194385,3.6810118952166575
15500.000000000002,7.517881418110371,3.970841632799316
15516.666666666668,6.720488553235648,4.328869207253924
15533.333333333334,6.539715885716649,4.271892353066674
15550.000000000002,6.384238142528733,4.2185683919539585
15566.666666666668,6.308860975147036,4.332335888100829
15583.333333333334,6.059294635872222,4.419315570483324
15600.000000000002,5.857820073890493,4.448630070387054
15616.666666666668,5.748864064835141,4.436497757387095
15633.333333333334,5.843458078260873,4.504137132711436
15650.000000000002,6.140494408162569,4.846305535615315
15666.666666666668,6.070231165761547,5.002645605652674
15683.333333333334,6.825643574452294,4.892722867144885
15700.000000000002,7.574271457338008,4.496223882542068
15716.666666666668,7.587868995937416,4.419831348235053
15733.333333333334,4.0105595245310806,5.858135813708531
15750.000000000002,2.866916800996012,5.386621160159363
15766.666666666668,2.8292976485777652,5.721486490000002
15783.333333333334,2.718779870733332,5.501370087444448
15800.000000000002,3.141222040442946,5.489424214102532
15816.666666666668,3.2841439073092142,5.316071757184141
15833.333333333334,3.3892994100122182,5.289851692674018
15850.000000000002,3.3630224692973614,5.068727186962969
15866.666666666668,3.4311129506951676,5.251054667445238
15883.333333333334,3.2683039272889083,5.213121304366672
15900.000000000002,3.139814388972286,5.158325329279227
15916.666666666668,2.7638839281698964,5.283242334831257
15933.333333333334,2.80891723300003,5.316207170816667
15950.000000000002,2.940938985309303,5.266716296731662
15966.666666666668,3.207210161710493,5.310183436585572
15983.333333333334,3.4452357138764174,5.337213179218624
16000.000000000002,3.72945777790672,5.3769978843296435
16016.666666666668,3.674097629388877,5.259442788499984
16033.333333333334,3.7391861740481427,5.280218158935026
16050.000000000002,3.7488502075000087,5.520445952833288
16066.666666666668,3.897215598284198,5.60449784806486
16083.333333333334,3.0535993677950057,5.624167528230795
16100.000000000002,3.392445818409208,5.7979679066033025
16116.666666666668,3.7429339244789155,5.65661427320879
16133.333333333334,3.9874688755288954,5.417758702204455
16150.000000000002,3.903966522161117,5.33520326529934
16166.666666666668,3.8911160569173706,5.540789523189345
16183.333333333334,3.6152504736159194,5.443674650653772
16200.000000000002,3.4537508470901446,5.527012971552386
16216.666666666668,3.084728955766607,5.485279489066714
16233.333333333334,2.9121259181717662,5.658839285613116
16250.000000000002,2.644954788966602,5.851254502816715
16266.666666666668,2.312572438157974,6.109975327786125
16283.333333333334,3.3515568371180557,6.00498464696275
16300.000000000002,3.6567012532968164,6.483153062464632
16316.666666666668,3.5433652689865425,6.415065429975575
16333.333333333334,8.284490916877992,5.579806481609377
16350.000000000002,7.972845371619148,5.591447546940072
16366.666666666668,8.502029672164156,5.499153605679993
16383.333333333334,8.716931205055555,5.592753394622214
16400.0,7.463597740979512,5.758580613343337
16416.666666666668,7.069947207814379,6.3090136827783585
16433.333333333336,6.916979436288927,6.49985087369995
16450.0,6.7823050093333315,6.378059840666672
16466.666666666668,6.437820842237809,6.228900360591415
16483.333333333336,6.303616395220641,6.325224000918057
16500.0,6.487403173299991,6.361434698666671
16516.666666666668,6.417212563881904,6.397408446795642
16533.333333333336,6.4043151607273545,6.49943266058275
16550.0,6.205844459622774,6.407032550826263
16566.666666666668,6.149896212027319,6.072751983441615
16583.333333333336,6.119071495381005,6.023841821243978
16600.0,5.8709362244178,6.049217410197052
16616.666666666668,5.729294734765914,6.02179643042366
16633.333333333336,5.490086731648187,6.066664511433084
16650.0,5.396874309376059,5.944626294327668
16666.666666666668,5.351914173341101,5.895402679493574
16683.333333333336,5.767255214115773,5.787424964917762
16700.0,6.5570496290666975,5.491384447983321
16716.666666666668,6.26681314630925,5.3698818717172125
16733.333333333336,6.10596947495414,5.328360745617242
16750.0,5.971372874462755,5.541323843778095
16766.666666666668,5.922608951152157,5.6634742582875415
16783.333333333336,5.742458310544416,5.523164602227796
16800.0,5.609111279496176,5.5197516720887
16816.666666666668,5.375302726001781,5.575982350882468
16833.333333333336,5.446975370837552,5.705964292792789
16850.0,5.441345062253204,5.811507988734034
16866.666666666668,5.519742164734311,5.940569536553943
16883.333333333336,5.618151979343636,6.163177744836041
16900.0,5.632749609788245,6.144451673286653
16916.666666666668,5.696141760344363,6.373669760289087
16933.333333333336,5.912770305377699,6.433100996372072
16950.0,5.877757239384821,6.669347422099634
16966.666666666668,5.594872753561124,6.716823580566673
16983.333333333336,4.328785756889484,7.1752026194875835
17000.0,4.201391194666644,7.447024465000067
17016.666666666668,3.987945585772263,7.398460048422244
17033.333333333336,4.104393613450328,7.520419372598148
17050.0,4.045383655422279,7.487658162818587
17066.666666666668,3.930097176143604,7.407298497871147
17083.333333333336,5.706213833444701,9.236948607889023
17100.0,6.414800496931855,11.103734450758747
17116.666666666668,6.497236697795559,11.313266769526367
17133.333333333336,6.410512518872233,11.586704331599966
17150.0,6.588677156914649,11.784452541371273
17166.666666666668,6.398628659222217,12.158764764111112
17183.333333333336,6.565773864889804,12.016177912982384
17200.0,6.775487838359109,12.097471292993845
17216.666666666668,7.226241766305873,11.782467704381125
17233.333333333336,6.487336541322251,11.071919413311052
17250.0,6.476963741366637,10.939880104366638
17266.666666666668,3.955002028299872,8.971436485222133
17283.333333333336,2.8225997841246437,7.600713133960664
17300.0,2.6978525411793775,7.602836613743161
17316.666666666668,2.395660388359814,8.06820852738526
17333.333333333336,2.1746702606965296,8.523857937258152
17350.0,1.8669719890327765,8.636816865403762
17366.666666666668,1.8348658527541892,8.384321681007144
17383.333333333336,1.8708647187593836,8.40520565183149
17400.0,2.0029496860165636,8.553241707066592
17416.666666666668,2.063206483612635,8.714086974724864
17433.333333333336,1.9367576721222186,8.68665888855551
17450.0,1.8946963933333363,8.381642776933338
17466.666666666668,2.0868840379192277,8.165182572412842
17483.333333333336,2.5955270954166734,7.837712863333358
17500.0,2.665722666800074,7.457554154727361
17516.666666666668,2.611984876020579,7.415439066789176
17533.333333333336,2.530688956872134,7.381693354083423
17550.0,2.305888326166703,7.348594333000068
17566.666666666668,2.2191289890998758,7.457055361447079
17583.333333333336,1.9922822155121187,7.4779798470705865
17600.0,1.8213786423532947,7.609475692600928
17616.666666666668,1.7738563258175053,7.657970778020226
17633.333333333336,2.230954525475719,7.791047964225366
17650.0,2.8853206313292947,7.615262718537055
17666.666666666668,2.7113405669783948,7.558376062469309
17683.333333333336,2.3616527478316542,7.190559636181752
17700.0,2.324629012833275,6.528439748966766
17716.666666666668,2.850270366921803,6.4415261031230875
17733.333333333336,2.8268167893221317,6.338742731678017
17750.0,2.3979157937062903,6.272485663869463
17766.666666666668,3.003555551072648,6.06884022644432
17783.333333333336,-2.4046762180539636,6.936404712317174
17800.0,-4.215759758245957,6.176503554152076
17816.666666666668,-4.920161331733365,6.621128143000007
17833.333333333336,-5.133036392259396,6.763953897617885
17850.0,-4.48242720289713,7.018510114485506
17866.666666666668,-4.324855260635947,7.18836511658608
17883.333333333336,-4.916314077627735,7.291342851411083
17900.0,-4.735393600766685,7.459285123333321
17916.666666666668,-4.279244549188904,7.3380485763333585
17933.333333333336,-4.4720455621356,7.318121201249386
17950.0,-4.605280033117602,7.402476412211706
17966.666666666668,-4.992637312865815,7.125376184302304
17983.333333333336,-4.2172128895502405,7.03380233801904
